CIC_OEM_VERS = 2.0
CREATION_DATE = 2025-05-14T14:57:44.375264
ORIGINATOR = ISAE-SUPAERO


META_START
OBJECT_NAME = BLUE1
OBJECT_ID = BLUE1
CENTER_NAME = Earth
REF_FRAME = EME2000
TIME_SYSTEM = UTC
START_TIME = 2025-05-14T14:49:53.000
USEABLE_START_TIME = 2025-05-14T14:49:53.000
USEABLE_STOP_TIME = 2025-05-14T21:59:53.000
STOP_TIME = 2025-05-14T21:59:53.000
INTERPOLATION = lagrange
INTERPOLATION_DEGREE = 5
META_STOP


60809 53393.0 -14095.385 -3627.6696 -3627.6696 1.7630918999999998 -3.4252646 -3.4252646
60809 53513.0 -13871.727 -4035.4576 -4035.4557000000004 1.9613337 -3.3709909 -3.3709584
60809 53633.0 -13624.618 -4436.4258 -4436.4178 2.1562465000000004 -3.3109423000000002 -3.3108739999999997
60809 53753.0 -13354.355 -4829.853400000001 -4829.835 2.3474897 -3.2452579999999998 -3.2451506
60809 53873.0 -13061.380000000001 -5215.0668 -5215.033 2.5347361999999998 -3.1740557 -3.1739061000000004
60809 53993.0 -12746.191 -5591.410900000001 -5591.356400000001 2.7176677000000002 -3.0974568 -3.0972622000000003
60809 54113.0 -12409.325 -5958.2458 -5958.1651 2.8959733 -3.0155919 -3.0153494999999997
60809 54233.0 -12051.355 -6314.9479 -6314.835099999999 3.0693499 -2.9286003999999997 -2.9283077
60809 54353.0 -11672.89 -6660.9107 -6660.7597000000005 3.2375030000000002 -2.8366305 -2.8362849000000003
60809 54473.0 -11274.575 -6995.5463 -6995.3506 3.4001466999999996 -2.7398387 -2.7394382
60809 54593.0 -10857.086 -7318.2858 -7318.038500000001 3.557005 -2.63839 -2.6379323
60809 54713.0 -10421.135 -7628.5805 -7628.2748 3.7078114 -2.5324568 -2.5319401
60809 54833.0 -9967.463800000001 -7925.903200000001 -7925.531900000001 3.8523098 -2.4222194 -2.4216421
60809 54953.0 -9496.8432 -8209.7485 -8209.3042 3.9902549 -2.3078654000000003 -2.307226
60809 55073.0 -9010.0742 -8479.634 -8479.109199999999 4.121412500000001 -2.1895891 -2.1888866
60809 55193.0 -8507.9846 -8735.101 -8734.4881 4.2455601 -2.0675918 -2.0668249999999997
60809 55313.0 -7991.4286 -8975.7155 -8975.0066 4.3624869 -1.9420808999999999 -1.941249
60809 55433.0 -7461.2846 -9201.0684 -9200.2558 4.4719945 -1.8132695 -1.8123721000000002
60809 55553.0 -6918.4541 -9410.7769 -9409.8526 4.573897 -1.6813766 -1.6804134
60809 55673.0 -6363.8604000000005 -9604.4845 -9603.4407 4.668021700000001 -1.5466264 -1.5455972999999998
60809 55793.0 -5798.446400000001 -9781.8621 -9780.690900000001 4.754208800000001 -1.4092476999999999 -1.4081529000000002
60809 55913.0 -5223.1737 -9942.6081 -9941.3016 4.8323119 -1.2694738 -1.2683137999999998
60809 56033.0 -4639.0202 -10086.449 -10085.0 4.9021987 -1.1275420999999999 -1.1263176000000001
60809 56153.0 -4046.9794 -10213.142 -10211.541000000001 4.963750500000001 -0.98369369 -0.98240563
60809 56273.0 -3448.0577000000003 -10322.469000000001 -10320.710000000001 5.0168627 -0.8381727600000001 -0.83682236
60809 56393.0 -2843.2736 -10414.246000000001 -10412.322 5.061445300000001 -0.6912264 -0.6898151299999999
60809 56513.0 -2233.6551 -10488.316 -10486.219000000001 5.0974224 -0.54310409 -0.54163365
60809 56633.0 -1620.2388999999998 -10544.554 -10542.277 5.1247328 -0.3940573 -0.39252966
60809 56753.0 -1004.0678 -10582.863 -10580.399 5.1433301 -0.24433906 -0.24275643
60809 56873.0 -386.18947 -10603.179 -10600.522 5.1531823999999995 -0.094203559 -0.092568385
60809 56993.0 232.34550000000002 -10605.466 -10602.609 5.1542729 0.056094315000000006 0.057779333
60809 57113.0 850.4854300000001 -10589.72 -10586.659 5.1465993 0.20629937 0.20803131
60809 57233.0 1467.1793 -10555.968 -10552.696 5.1301744 0.35615658 0.35793226
60809 57353.0 2081.3783000000003 -10504.266 -10500.779 5.105025800000001 0.50541144 0.50722749
60809 57473.0 2692.0382000000004 -10434.703 -10430.996000000001 5.0711956 0.65381048 0.65566328
60809 57593.0 3298.1203 -10347.396 -10343.464 5.028741 0.80110163 0.80298738
60809 57713.0 3898.5939 -10242.493 -10238.333 4.9777336 0.94703468 0.94894934
60809 57833.0 4492.437599999999 -10120.172 -10115.781 4.9182594 1.0913617 1.0933009999999999
60809 57953.0 5078.6415 -9980.640300000001 -9976.0152 4.8504191 1.2338373 1.2357969
60809 58073.0 5656.2081 -9824.134800000002 -9819.2735 4.7743272 1.3742193999999999 1.3761948
60809 58193.0 6224.1551 -9650.921 -9645.822 4.690112600000001 1.5122693999999999 1.5142556999999999
60809 58313.0 6781.5159 -9461.292800000001 -9455.9551 4.5979177 1.6477524000000001 1.6497447
60809 58433.0 7327.3423 -9255.572300000002 -9249.9953 4.497898500000001 1.7804379 1.7824312
60809 58553.0 7860.705400000001 -9034.108699999999 -9028.2927 4.3902246 1.9101004000000001 1.9120894000000002
60809 58673.0 8380.6973 -8797.278 -8791.223800000002 4.2750782 2.0365189 2.0384984
60809 58793.0 8886.433 -8545.4825 -8539.1917 4.1526547 2.1594785 2.1614430000000002
60809 58913.0 9377.0516 -8279.1499 -8272.6245 4.0231615000000005 2.2787695 2.2807136
60809 59033.0 9851.7178 -7998.7327000000005 -7991.9755000000005 3.8868182000000004 2.394189 2.3961069000000004
60809 59153.0 10309.623 -7704.7073 -7697.7218 3.7438564000000003 2.5055401 2.5074262
60809 59273.0 10749.988 -7397.5734 -7390.3638 3.5945185000000004 2.6126331 2.6144816
60809 59393.0 11172.063 -7077.853 -7070.4241 3.4390581000000005 2.7152853 2.7170905
60809 59513.0 11575.128 -6746.0895 -6738.446900000001 3.2777394 2.8133218 2.8150779000000004
60809 59633.0 11958.497 -6402.8471 -6394.997 3.1108363 2.9065752000000002 2.9082763000000003
60809 59753.0 12321.517 -6048.7092 -6040.6586 2.9386326 2.9948864 2.9965266
60809 59873.0 12663.568000000001 -5684.2780999999995 -5676.0346 2.7614211 3.0781046 3.0796782
60809 59993.0 12984.069 -5310.1735 -5301.745400000001 2.5795030000000003 3.1560877 3.1575889000000004
60809 60113.0 13282.473 -4927.0318 -4918.4282 2.3931879 3.2287024 3.2301254
60809 60233.0 13558.271 -4535.504599999999 -4526.7353 2.2027929 3.2958247000000003 3.2971639
60809 60353.0 13810.993 -4136.2581 -4127.3334 2.0086419 3.3573398 3.3585895
60809 60473.0 14040.208 -3729.9716000000003 -3720.9025 1.8110655999999998 3.4131425 3.4142973000000003
60809 60593.0 14245.525 -3317.3363 -3308.1346000000003 1.6104003 3.4631374 3.4641918
60809 60713.0 14426.594000000001 -2899.0543 -2889.7324 1.4069880000000001 3.5072389 3.5081876000000003
60809 60833.0 14583.106 -2475.8377 -2466.4085 1.2011749999999999 3.5453715000000003 3.5462094000000004
60809 60953.0 14714.794 -2048.4066000000003 -2038.8838 0.99331216 3.5774698 3.578192
60809 61073.0 14821.434000000001 -1617.4885 -1607.8862 0.7837536700000001 3.603479 3.6040805000000002
60809 61193.0 14902.842 -1183.817 -1174.15 0.57285671 3.6233543 3.6238305
60809 61313.0 14958.880000000001 -748.13021 -738.4138100000001 0.3609808 3.6370617000000003 3.6374082
60809 61433.0 14989.452000000001 -311.16985 -301.41987 0.14848715 3.6445776000000003 3.6447901000000003
60809 61553.0 14994.507 126.32021 136.08746 -0.06426195800000001 3.6458889 3.6459634000000003
60809 61673.0 14974.034 563.5952 573.36292 -0.27690376 3.6409933999999997 3.6409262
60809 61793.0 14928.069 999.9106800000001 1009.6616 -0.48907568 3.6298993 3.6296867
60809 61913.0 14856.689 1434.5238000000002 1444.2404 -0.70041593 3.6126253999999998 3.6122642000000003
60809 62033.0 14760.016 1866.6947 1876.3589 -0.9105641600000001 3.5892011000000004 3.5886883
60809 62153.0 14638.216 2295.6877000000004 2305.281 -1.119162 3.5596664000000002 3.5589992
60809 62273.0 14491.494 2720.7723 2730.2762000000002 -1.3258539 3.5240716 3.5232476000000004
60809 62393.0 14320.101 3141.2249 3150.6204 -1.5302874 3.4824775 3.4814946
60809 62513.0 14124.329 3556.3297000000002 3565.5977000000003 -1.7321140000000002 3.4349551000000003 3.4338115
60809 62633.0 13904.512 3965.3802 3974.5012 -1.9309897 3.3815855999999997 3.3802797
60809 62753.0 13661.023000000001 4367.68 4376.6345 -2.1265756000000002 3.3224598999999997 3.3209907
60809 62873.0 13394.278 4762.544400000001 4771.3127 -2.3185383 3.2576791 3.2560457
60809 62993.0 13104.732 5149.3012 5157.8637 -2.5065509 3.1873538 3.1855558
60809 63113.0 12792.877 5527.2923 5535.6291 -2.690293 3.1116039 3.1096410999999997
60809 63233.0 12459.245 5895.8742999999995 5903.965700000001 -2.8694517 3.0305589 3.0284316
60809 63353.0 12104.404 6254.420099999999 6262.246400000001 -3.0437220000000003 2.944357 2.9420657
60809 63473.0 11728.959 6602.3196 6609.8611 -3.2128072000000003 2.8531452 2.8506911
60809 63593.0 11333.549 6938.9808 6946.2181 -3.3764194000000005 2.7570793 2.7544635
60809 63713.0 10918.849 7263.831 7270.7448 -3.5342805 2.6563231000000003 2.6535474
60809 63833.0 10485.563 7576.317599999999 7582.888900000001 -3.6861217 2.5510485 2.5481149999999997
60809 63953.0 10034.43 7875.9091 7882.119000000001 -3.8316848 2.4414348 2.438346
60809 64073.0 9566.2196 8162.0959 8167.9259 -3.9707225 2.3276691 2.3244278
60809 64193.0 9081.7276 8434.391300000001 8439.823400000001 -4.1029983 2.2099452 2.2065546
60809 64313.0 8581.7795 8692.332400000001 8697.3489 -4.2282876 2.0884638 2.0849275
60809 64433.0 8067.2265 8935.480599999999 8940.0641 -4.346377400000001 1.9634317000000001 1.9597537
60809 64553.0 7538.9449 9163.4225 9167.556400000001 -4.4570674 1.8350621 1.8312466
60809 64673.0 6997.8339000000005 9375.7707 9379.438699999999 -4.5601693999999995 1.7035734 1.6996252
60809 64793.0 6444.8148 9572.1643 9575.3508 -4.6555087 1.5691897 1.5651138000000002
60809 64913.0 5880.8288 9752.2696 9754.9596 -4.7429234 1.4321395000000001 1.4279413
60809 65033.0 5306.8360999999995 9915.7805 9917.9597 -4.8222654 1.2926563000000002 1.2883416
60809 65153.0 4723.813400000001 10062.419 10064.074 -4.8934 1.1509773 1.1465521
60809 65273.0 4132.7532 10191.937 10193.054 -4.956206900000001 1.0073437 1.0028144
60809 65393.0 3534.6612000000005 10304.113 10304.681 -5.0105794999999995 0.86199961 0.85737302
60809 65513.0 2930.5552000000002 10398.758 10398.766 -5.056425900000001 0.71519239 0.71047552
60809 65633.0 2321.4631 10475.711 10475.147 -5.0936686 0.56717166 0.5623718400000001
60809 65753.0 1708.4214 10534.841 10533.697 -5.1222445 0.4181891 0.41331397
60809 65873.0 1092.4731000000002 10576.048 10574.314 -5.1421054 0.26849799 0.26355545999999996
60809 65993.0 474.66607 10599.262 10596.932 -5.153218 0.11835282 0.11335105000000001
60809 66113.0 -143.94854 10604.445 10601.511 -5.155563600000001 -0.0319912 -0.037043793
60809 66233.0 -762.31834 10591.587 10588.044 -5.1491385 -0.18227853 -0.18737329
60809 66353.0 -1379.3914 10560.710000000001 10556.554 -5.133953900000001 -0.33225375 -0.33738179
60809 66473.0 -1994.1179 10511.868 10507.096 -5.1100357999999995 -0.48166195 -0.48681420000000003
60809 66593.0 -2605.4522 10445.144 10439.752 -5.0774251 -0.63024923 -0.63541642
60809 66713.0 -3212.3544 10360.652 10354.639000000001 -5.0361773 -0.7777630600000001 -0.78293575
60809 66833.0 -3813.7921 10258.534 10251.901 -4.9863627 -0.9239527500000001 -0.92912134
60809 66953.0 -4408.742200000001 10138.966 10131.713 -4.928066 -1.0685698 -1.0737246
60809 67073.0 -4996.192599999999 10002.15 9994.2802 -4.8613865 -1.2113686000000001 -1.2164996000000001
60809 67193.0 -5575.1440999999995 9848.319800000001 9839.8361 -4.7864376 -1.3521062 -1.3572036
60809 67313.0 -6144.611900000001 9677.7367 9668.643699999999 -4.7033466 -1.4905435 -1.4955972
60809 67433.0 -6703.6273 9490.6908 9480.9946 -4.6122548 -1.6264452000000003 -1.6314450999999999
60809 67553.0 -7251.2392 9287.5005 9277.208 -4.5133171 -1.7595802 -1.7645162
60809 67673.0 -7786.5162 9068.5113 9057.6308 -4.406701699999999 -1.8897222 -1.8945841
60809 67793.0 -8308.547700000001 8834.095800000001 8822.6368 -4.2925898 -2.0166499 -2.0214276
60809 67913.0 -8816.4457 8584.6525 8572.625800000002 -4.1711754 -2.1401475 -2.1448308000000003
60809 68033.0 -9309.346 8320.606 8308.0234 -4.0426649 -2.2600048999999998 -2.2645837
60809 68153.0 -9786.4101 8042.4051 8029.2799 -3.9072768 -2.3760184 -2.3804825999999997
60809 68273.0 -10246.827 7750.5232000000005 7736.8696 -3.7652412 -2.4879904 -2.4923301
60809 68393.0 -10689.812 7445.456700000001 7431.2903 -3.6167998 -2.5957307000000003 -2.599936
60809 68513.0 -11114.612000000001 7127.7245 7113.062 -3.4622049 -2.6990558 -2.7031169
60809 68633.0 -11520.505000000001 6797.867 6782.7263 -3.3017194 -2.7977899 -2.8016973
60809 68753.0 -11906.800000000001 6456.4453 6440.8454 -3.1356163 -2.8917651 -2.8955093
60809 68873.0 -12272.84 6104.0401 6088.001200000001 -2.9641782 -2.9808213 -2.9843930999999997
60809 68993.0 -12618.001 5741.251 5724.7943 -2.7876967 -3.064807 -3.0681973
60809 69113.0 -12941.697 5368.695 5351.8428 -2.606472 -3.1435793 -3.1467792
60809 69233.0 -13243.377 4987.0059 4969.7815 -2.4208127 -3.2170039999999998 -3.2200051
60809 69353.0 -13522.528 4596.8329 4579.2608 -2.2310346 -3.2849562000000003 -3.28775
60809 69473.0 -13778.674 4198.839900000001 4180.9454 -2.0374606 -3.3473201 -3.3498987000000002
60809 69593.0 -14011.379 3793.7039 3775.5132000000003 -1.8404203000000001 -3.4039897000000003 -3.4063453
60809 69713.0 -14220.249 3382.1141000000002 3363.6544 -1.6402491000000001 -3.4548683000000002 -3.4569937
60809 69833.0 -14404.928 2964.7706000000003 2946.0701000000004 -1.4372878 -3.4998695 -3.5017575
60809 69953.0 -14565.101 2542.3835 2523.4711 -1.2318817 -3.5389167 -3.5405606
60809 70073.0 -14700.495 2115.6714 2096.5766000000003 -1.0243807 -3.5719434000000003 -3.5733368999999997
60809 70193.0 -14810.882 1685.3602 1666.1135 -0.81513808 -3.5988934 -3.6000305
60809 70313.0 -14896.073 1252.1819 1232.8144 -0.60450997 -3.6197209 -3.6205962
60809 70433.0 -14955.924 816.87354 797.41697 -0.39285505000000004 -3.6343905 -3.634999
60809 70553.0 -14990.332 380.17554 360.66221 -0.18053366 -3.6428773999999997 -3.6432143000000003
60809 70673.0 -14999.239 -57.16915 -76.706402 0.032092715 -3.6451673 -3.6452284
60809 70793.0 -14982.632 -494.41656 -513.94441 0.24466208 -3.6412563000000002 -3.641038
60809 70913.0 -14940.537 -930.82289 -950.30761 0.45681256000000003 -3.6311513 -3.6306502000000003
60809 71033.0 -14873.028 -1365.6458 -1385.0533 0.6681830200000001 -3.6148696 -3.6140830999999998
60809 71153.0 -14780.219000000001 -1798.1456 -1817.4415000000001 0.8784136600000001 -3.5924392 -3.5913649999999997
60809 71273.0 -14662.269 -2227.5868 -2246.7364 1.0871467000000001 -3.5638984000000002 -3.5625348
60809 71393.0 -14519.378 -2653.2388 -2672.2073 1.2940269000000002 -3.529296 -3.5276417
60809 71513.0 -14351.79 -3074.3777000000005 -3093.1303 1.4987021 -3.4886911 -3.4867455
60809 71633.0 -14159.791000000001 -3490.2873 -3508.7889 1.7008243 -3.442153 -3.439916
60809 71753.0 -13943.709 -3900.2603 -3918.476 1.9000493 -3.3897612 -3.3872331
60809 71873.0 -13703.912 -4303.5995 -4321.4944000000005 2.0960414000000003 -3.3316037 -3.3287854
60809 71993.0 -13440.802 -4699.6181 -4717.1575 2.2884618 -3.2677831000000004 -3.2646762
60809 72113.0 -13154.834 -5087.6444 -5104.7937 2.4769856 -3.1984055 -3.1950121
60809 72233.0 -12846.494 -5467.0178 -5483.7429 2.6612926000000003 -3.1235899 -3.1199124
60809 72353.0 -12516.305 -5837.0935 -5853.3604000000005 2.8410693 -3.0434636999999998 -3.0395054
60809 72473.0 -12164.831 -6197.242200000001 -6213.017400000001 3.0160104000000003 -2.9581634 -2.9539281
60809 72593.0 -11792.668 -6546.8516 -6562.1021 3.1858185 -2.8678344000000004 -2.8633262
60809 72713.0 -11400.451000000001 -6885.3274 -6900.0208 3.3502051 -2.7726304 -2.7678542000000004
60809 72833.0 -10988.847 -7212.0943 -7226.1988 3.5088911 -2.6727135 -2.6676747
60809 72953.0 -10558.556 -7526.5969000000005 -7540.0813 3.6616067 -2.5682538 -2.5629583
60809 73073.0 -10110.31 -7828.3006 -7841.134400000001 3.8080929 -2.459429 -2.4538832000000004
60809 73193.0 -9644.872800000001 -8116.6927000000005 -8128.8463 3.9481008 -2.3464242 -2.3406352000000004
60809 73313.0 -9163.0349 -8391.2829 -8402.7277 4.0813927 -2.2294317 -2.2234069
60809 73433.0 -8665.616300000002 -8651.6047 -8662.312699999999 4.2077424 -2.1086503 -2.1023978000000003
60809 73553.0 -8153.463 -8897.2156 -8907.1601 4.326935499999999 -1.9842854 -1.9778137999999998
60809 73673.0 -7627.4461 -9127.698300000002 -9136.853500000001 4.4387698 -1.8565483999999999 -1.8498667
60809 73793.0 -7088.4602 -9342.6611 -9351.0023 4.5430553 -1.7256563 -1.718774
60809 73913.0 -6537.4219 -9541.7385 -9549.242400000001 4.639615300000001 -1.5918316000000001 -1.5847587
60809 74033.0 -5975.2682 -9724.592400000001 -9731.2366 4.728285700000001 -1.4553017 -1.4480485
60809 74153.0 -5402.954900000001 -9890.912 -9896.6755 4.8089163 -1.3162983 -1.3088759
60809 74273.0 -4821.4553 -10040.415 -10045.278 4.8813701 -1.1750576000000001 -1.1674772
60809 74393.0 -4231.7581 -10172.846 -10176.791000000001 4.9455243 -1.0318194 -1.0240928
60809 74513.0 -3634.8659 -10287.981 -10290.99 5.0012698 -0.88682706 -0.87896633
60809 74633.0 -3031.7935 -10385.624 -10387.683 5.048512 -0.74032664 -0.73234425
60809 74753.0 -2423.5664 -10465.609 -10466.703 5.0871708 -0.5925669 -0.58447569
60809 74873.0 -1811.2185 -10527.800000000001 -10527.917 5.1171803 -0.4437987 -0.43561183000000003
60809 74993.0 -1195.7911000000001 -10572.09 -10571.22 5.1384894999999995 -0.29427461 -0.28600556
60809 75113.0 -578.3305300000001 -10598.406 -10596.539 5.151062 -0.14424847 -0.13591101
60809 75233.0 40.113403 -10606.7 -10603.83 5.1548761999999995 0.0060250017 0.014416847000000002
60809 75353.0 658.48914 -10596.960000000001 -10593.08 5.1499255 0.15629067000000002 0.16472263
60809 75473.0 1275.7452 -10569.201000000001 -10564.307 5.1362179 0.30629339 0.31475097
60809 75593.0 1890.8321 -10523.47 -10517.561 5.1137763000000005 0.45577845000000006 0.46424696
60809 75713.0 2502.7037 -10459.845 -10452.919 5.0826386 0.60449198 0.61295657
60809 75833.0 3110.3195 -10378.433 -10370.493 5.042857 0.75218139 0.76062708
60809 75953.0 3712.6463 -10279.372 -10270.421 4.994498800000001 0.89859581 0.90700747
60809 76073.0 4308.6594000000005 -10162.831 -10152.873 4.9376454999999995 1.0434865 1.0518489
60809 76193.0 4897.345200000001 -10029.007 -10018.048 4.8723932 1.1866071999999999 1.1949051
60809 76313.0 5477.702200000001 -9878.125900000001 -9866.1764 4.7988523 1.3277146 1.3359328000000001
60809 76433.0 6048.7432 -9710.445099999999 -9697.5151 4.717147 1.466569 1.4746920000000001
60809 76553.0 6609.4965 -9526.2489 -9512.3505 4.627415699999999 1.6029341 1.6109468
60809 76673.0 7159.008 -9325.849800000002 -9310.9973 4.5298102 1.7365781 1.7444652
60809 76793.0 7696.3425 -9109.588099999999 -9093.7975 4.4244958 1.8672735 1.8750198
60809 76913.0 8220.5857 -8877.831 -8861.12 4.3116509 1.994798 2.0023885
60809 77033.0 8730.8452 -8630.972099999999 -8613.3603 4.191466800000001 2.1189345 2.1263543
60809 77153.0 9226.2523 -8369.4307 -8350.9395 4.0641471000000005 2.2394717 2.2467059
60809 77273.0 9705.9637 -8093.6511 -8074.3037 3.9299078 2.3562041 2.3632383
60809 77393.0 10169.163 -7804.101900000001 -7783.9231 3.7889767 2.4689329 2.4757528000000004
60809 77513.0 10615.06 -7501.275000000001 -7480.291400000001 3.6415929 2.577466 2.5840574000000003
60809 77633.0 11042.897 -7185.6853 -7163.9250999999995 3.4880065 2.6816184 2.6879675
60809 77753.0 11451.944 -6857.869000000001 -6835.362099999999 3.3284786 2.7812124 2.7873057
60809 77873.0 11841.505000000001 -6518.383400000001 -6495.161400000001 3.1632800000000003 2.8760781000000004 2.8819025000000003
60809 77993.0 12210.915 -6167.8059 -6143.9016 2.9926915 2.9660536000000004 2.9715962
60809 78113.0 12559.547 -5806.7323 -5782.1805 2.8170032000000003 3.0509853 3.0562338000000002
60809 78233.0 12886.804 -5435.777 -5410.6136 2.6365137 3.1307281 3.1356705000000002
60809 78353.0 13192.130000000001 -5055.5706 -5029.8331 2.4515301 3.205146 3.2097705000000003
60809 78473.0 13475.004 -4666.76 -4640.4872000000005 2.2623671 3.2741115 3.2784073
60809 78593.0 13734.944 -4270.0067 -4243.2386 2.0693466 3.337507 3.3414632
60809 78713.0 13971.506 -3865.9855000000002 -3838.7636 1.8727974 3.3952239 3.3988305999999997
60809 78833.0 14184.288 -3455.384 -3427.7507 1.673054 3.4471636 3.4504110999999997
60809 78953.0 14372.925000000001 -3038.9009 -3010.8999 1.4704567 3.4932371 3.4961165000000003
60809 79073.0 14537.097 -2617.2449 -2588.9209 1.2653506 3.5333656 3.5358685000000003
60809 79193.0 14676.523000000001 -2191.1337000000003 -2162.5324 1.0580852 3.5674803 3.5695989

