CIC_AEM_VERS = 1.0
CREATION_DATE = 2025-03-13T18:04:14.170Z
ORIGINATOR = CS Group

META_START
OBJECT_NAME = BLUE1
OBJECT_ID = BLUE1
CENTER_NAME = null
REF_FRAME_A = EME2000
REF_FRAME_B = SC_BODY_1
ATTITUDE_DIR = A2B
TIME_SYSTEM = UTC
START_TIME = 2025-03-13T21:55:01.268832
STOP_TIME = 2025-03-14T00:00:00.0
ATTITUDE_TYPE = QUATERNION
QUATERNION_TYPE = LAST
META_STOP

60747 78901.268832 -0.3768696143560052 0.06645226242861912 -0.1604299532055484 -0.9098437342245862
60747 78991.268832 -0.3763820241549951 0.06915927950321736 -0.1669651492269231 -0.9086672685285939
60747 79081.268832 -0.37587497911277135 0.07186273113269982 -0.17349173325733866 -0.9074438640723114
60747 79171.268832 -0.37534850791417224 0.07456247065152168 -0.18000935050929484 -0.9061735867405136
60747 79261.268832 -0.37480263782551815 0.07725835893951896 -0.18651766495307948 -0.9048565020562414
60747 79351.268832 -0.3742373971297637 0.07995025682929177 -0.19301634046493707 -0.9034926780754747
60747 79441.268832 -0.3736528151123577 0.08263802536611686 -0.19950504143726047 -0.902082185259922
60747 79531.268832 -0.3730489220591775 0.08532152581145526 -0.2059834327875833 -0.9006250964750727
60747 79621.268832 -0.37242574925379 0.08800061964695323 -0.21245117996930654 -0.8991214869883573
60747 79711.268832 -0.37178332897588734 0.09067516858125137 -0.21890794898823368 -0.8975714344653208
60747 79801.268832 -0.37112169449989324 0.09334503455666915 -0.2253534064186761 -0.8959750189657305
60747 79891.268832 -0.37044088009303555 0.0960100797564608 -0.23178721942114974 -0.8943323229393351
60747 79981.268832 -0.36974092101356 0.09867016661167233 -0.2382090557590494 -0.8926434312217008
60747 80071.268832 -0.3690218535088422 0.10132515780836751 -0.2446185838161797 -0.8909084310296849
60747 80161.268832 -0.368283714813624 0.10397491629449006 -0.2510154726133389 -0.889127411956989
60747 80251.268832 -0.3675265431478356 0.10661930528698292 -0.25739939182573096 -0.8873004659694861
60747 80341.268832 -0.36675037771464986 0.10925818827872776 -0.263770011799774 -0.8854276874004782
60747 80431.268832 -0.365955258698443 0.11189142904555087 -0.270127003570076 -0.8835091729457891
60747 80521.268832 -0.36514122726263737 0.11451889165316793 -0.2764700388763237 -0.8815450216587858
60747 80611.268832 -0.3643083255475253 0.11714044046414072 -0.282798790180165 -0.8795353349452542
60747 80701.268832 -0.36345659666800384 0.11975594014479701 -0.28911293068204497 -0.877480216558178
60747 80791.268832 -0.36258608471142173 0.12236525567223065 -0.2954121343380647 -0.8753797725922964
60747 80881.268832 -0.3616968347351109 0.1249682523411223 -0.30169607587667174 -0.8732341114787173
60747 80971.268832 -0.3607888927641089 0.1275647957706667 -0.307964430815372 -0.8710433439792766
60747 81061.268832 -0.3598623057886767 0.13015475191142958 -0.31421687547741367 -0.868807583180846
60747 81151.268832 -0.3589171217618918 0.1327379870522153 -0.32045308700837777 -0.866526944489487
60747 81241.268832 -0.3579533895970449 0.13531436782692755 -0.32667274339287644 -0.8642015456244898
60747 81331.268832 -0.35697115916510735 0.13788376122136795 -0.33287552347100513 -0.8618315066123265
60747 81421.268832 -0.3559704812921214 0.14044603458004615 -0.3390611069548355 -0.8594169497804646
60747 81511.268832 -0.35495140775649586 0.14300105561294824 -0.34522917444485657 -0.8569579997510888
60747 81601.268832 -0.35391399128632134 0.14554869240235108 -0.3513794074464349 -0.8544547834346436
60747 81691.268832 -0.352858285556586 0.14808881340954164 -0.3575114883861189 -0.8519074300233346
60747 81781.268832 -0.35178434518635593 0.15062128748154352 -0.36362510062793785 -0.8493160709844899
60747 81871.268832 -0.35069222573593367 0.15314598385784592 -0.3697199284896657 -0.8466808400537866
60747 81961.268832 -0.3495819837039085 0.15566277217709026 -0.3757956572590532 -0.8440018732283832
60747 82051.268832 -0.34845367652424436 0.15817152248374028 -0.38185197320992526 -0.8412793087599382
60747 82141.268832 -0.3473073625632223 0.16067210523473283 -0.38788856361833196 -0.8385132871475113
60747 82231.268832 -0.34614310111643815 0.16316439130613983 -0.3939051167785997 -0.835703951130321
60747 82321.268832 -0.34496095240566993 0.16564825199973285 -0.39990132201926776 -0.8328514456804695
60747 82411.268832 -0.34376097757572 0.16812355904960805 -0.4058768697191085 -0.8299559179954656
60747 82501.268832 -0.3425432386912756 0.17059018462873646 -0.41183145132291504 -0.827017517490704
60747 82591.268832 -0.34130779873359063 0.17304800135552062 -0.41776475935743507 -0.8240363957917847
60747 82681.268832 -0.34005472159726413 0.1754968823003334 -0.423676487447096 -0.8210127067267357
60747 82771.268832 -0.3387840720868837 0.17793670099198666 -0.4295663303296839 -0.817946606318167
60747 82861.268832 -0.3374959159136241 0.1803673314242573 -0.4354339838721097 -0.8148382527752237
60747 82951.268832 -0.3361903196918517 0.18278864806229647 -0.44127914508589045 -0.8116878064855442
60747 83041.268832 -0.3348673509356507 0.18520052584911145 -0.44710151214277577 -0.808495430006995
60747 83131.268832 -0.33352707805529896 0.18760284021195126 -0.4529007843901951 -0.8052612880593787
60747 83221.268832 -0.33216957035369565 0.1899954670686843 -0.458676662366675 -0.8019855475160141
60747 83311.268832 -0.3307948980227856 0.19237828283420236 -0.46442884781723226 -0.7986683773951594
60747 83401.268832 -0.32940313213988454 0.19475116442671717 -0.47015704370862627 -0.7953099488514126
60747 83491.268832 -0.3279943446639932 0.19711398927410148 -0.47586095424462954 -0.7919104351669307
60747 83581.268832 -0.3265686084320606 0.19946663532017117 -0.48154028488118067 -0.7884700117425828
60747 83671.268832 -0.32512599715519375 0.20180898103094896 -0.4871947423415012 -0.7849888560889826
60747 83761.268832 -0.3236665854148313 0.20414090540090934 -0.49282403463114377 -0.7814671478174127
60747 83851.268832 -0.3221904486588775 0.20646228795918933 -0.4984278710529607 -0.7779050686306531
60747 83941.268832 -0.320697663197791 0.2087730087757708 -0.5040059622220027 -0.7743028023137081
60747 84031.268832 -0.3191883062006238 0.21107294846766306 -0.5095580200804001 -0.7706605347243926
60747 84121.268832 -0.3176624556910184 0.21336198820501945 -0.5150837579121144 -0.7669784537838643
60747 84211.268832 -0.31612019054315815 0.21564000971723954 -0.5205828903576473 -0.7632567494670349
60747 84301.268832 -0.3145615904777054 0.2179068952990684 -0.5260551334286773 -0.7594956137928603
60747 84391.268832 -0.3129867360576483 0.22016252781665047 -0.5315002045226642 -0.7556952408145288
60747 84481.268832 -0.3113957086841386 0.222406790713541 -0.5369178224373167 -0.751855826609581
60747 84571.268832 -0.3097885905922868 0.22463956801671278 -0.5423077073850257 -0.747977569269899
60747 84661.268832 -0.30816546484690727 0.22686074434252532 -0.5476695810072244 -0.7440606688916007
60747 84751.268832 -0.3065264153382188 0.229070204902671 -0.5530031663886856 -0.7401053275648255
60747 84841.268832 -0.3048715267775057 0.2312678355100745 -0.5583081880717224 -0.7361117493634428
60747 84931.268832 -0.30320088469275325 0.23345352258479374 -0.563584372070334 -0.7320801403346291
60747 85021.268832 -0.30151457542420845 0.2356271531598643 -0.5688314458842878 -0.7280107084883626
60747 85111.268832 -0.2998126861199453 0.23778861488712807 -0.5740491385130838 -0.7239036637868264
60747 85201.268832 -0.2980953047313526 0.23993779604301674 -0.5792371804698746 -0.7197592181337116
60747 85291.268832 -0.2963625200085941 0.24207458553433805 -0.5843953037953353 -0.7155775853633844
60747 85381.268832 -0.29461442149603684 0.24419887290398828 -0.5895232420713902 -0.7113589812300216
60747 85471.268832 -0.29285109952762556 0.24631054833667476 -0.5946207304349327 -0.7071036233965814
60747 85561.268832 -0.2910726452222416 0.24840950266457096 -0.5996875055913893 -0.702811731423747
60747 85651.268832 -0.28927915047897645 0.2504956273729702 -0.6047233058283071 -0.6984835267586971
60747 85741.268832 -0.2874707079724254 0.2525688146058965 -0.6097278710287657 -0.6941192327238409
60747 85831.268832 -0.2856474111478882 0.2546289571716663 -0.6147009426847629 -0.6897190745054416
60747 85921.268832 -0.28380935421658504 0.2566759485484536 -0.6196422639104895 -0.6852832791421368
60747 86011.268832 -0.2819566321507714 0.25870968288979657 -0.6245515794555795 -0.6808120755133509
60747 86101.268832 -0.2800893406788707 0.26073005503007335 -0.6294286357182006 -0.6763056943276576
60747 86191.268832 -0.27820757628055304 0.2627369604899601 -0.6342731807581073 -0.6717643681110145
60747 86281.268832 -0.2763114361817477 0.26473029548183713 -0.6390849643096255 -0.6671883311949062
60747 86371.268832 -0.27440101834965946 0.26670995691517263 -0.6438637377945111 -0.662577819704416
