CIC_AEM_VERS = 1.0
CREATION_DATE = 2025-05-13T09:56:05.584Z
ORIGINATOR = CS Group

META_START
OBJECT_NAME = PLEIADES-NEO4
OBJECT_ID = PLEIADES-NEO4
CENTER_NAME = null
REF_FRAME_A = EME2000
REF_FRAME_B = SC_BODY_1
ATTITUDE_DIR = A2B
TIME_SYSTEM = UTC
START_TIME = 2025-05-13T05:23:22.35984
STOP_TIME = 2025-05-13T23:59:60.0
ATTITUDE_TYPE = QUATERNION
QUATERNION_TYPE = LAST
META_STOP

60808 19402.35984 0.1862782200992807 -0.7307313057601705 -0.6360612646427495 0.16357949480221007
60808 19822.35984 0.01752887983328454 -0.7539075462263978 -0.5831094934981387 0.3021580194319297
60808 20242.35984 -0.15212296879239282 -0.7386345957505133 -0.5003702727161128 0.42533178403249794
60808 20662.35984 0.31400535417188113 0.6856781534456602 0.39207409837699625 -0.5268054753138075
60808 21082.35984 0.45987883878271174 0.5977157733247098 0.26374578768560797 -0.6014029160527964
60808 21502.35984 0.5823093874490867 0.47920444630089065 0.12192134458669884 -0.6453015277126638
60808 21922.35984 0.6750617600930092 0.33611805734913863 -0.02621346992717308 -0.6562233808531565
60808 22342.35984 0.7333113559792644 0.17585687180039117 -0.17298480130387867 -0.6335653670698005
60808 22762.35984 0.7540875809592261 0.006647963881051154 -0.31087550065815966 -0.5785016403691845
60808 23182.35984 0.7363164733827064 -0.16300417257723793 -0.43295320890905414 -0.49378052780867837
60808 23602.35984 -0.6809043462143093 0.32423891252129383 0.5328391900974557 0.3838239132854546
60808 24022.35984 -0.5907544610617406 0.4687929465760207 0.6054394972676262 0.2543331577371472
60808 24442.35984 -0.4705174879046891 0.589352533820094 0.6471044714315421 0.11194948641686557
60808 24862.35984 0.32634632455089585 -0.6798402160255642 -0.6557548239070196 0.036068934682207135
60808 25282.35984 0.16558754279206708 -0.7356987119004917 -0.6309755644644508 0.18220320531980264
60808 25702.35984 -0.0036203266597478545 -0.754110169074406 -0.5740213403607766 0.31906777797807323
60808 26122.35984 -0.1725974217577328 -0.7341293197943359 -0.48782146564178447 0.4396526918830252
60808 26542.35984 0.3327809071622877 0.6767722093741855 0.37676048754772384 -0.5378547940381586
60808 26962.35984 0.47606408108636267 0.5849113238116928 0.24646027615557073 -0.6086863447240868
60808 27382.35984 0.5951616525067303 0.463150026228779 0.1035101268637588 -0.648506217569568
60808 27802.35984 0.6839364326205671 0.3176823433180684 -0.04477722192382455 -0.6552128549372166
60808 28222.35984 0.7377666442765451 0.1561507289574066 -0.1906303622114382 -0.6284722694297117
60808 28642.35984 0.7540072468637694 -0.013431226552699342 -0.3268330307185658 -0.5696251783949913
60808 29062.35984 0.731714447476325 -0.18259557971288554 -0.4465382976184698 -0.4815146626881996
60808 29482.35984 -0.6718345018356204 0.3426534245742736 0.5435199854984802 0.36852823247960026
60808 29902.35984 -0.5775613591916616 0.4849611595934423 0.6125217803769055 0.2367543423432189
60808 30322.35984 -0.45377681852751234 0.6023407101168994 0.6501008303702605 0.09295793809469084
60808 30742.35984 0.3069056193453811 -0.6888404074012315 -0.6543954985417789 0.05544696054600195
60808 31162.35984 0.14453032265075563 -0.7401321159852139 -0.6252765498911922 0.20085983390883716
60808 31582.35984 -0.02501366356359369 -0.7537146697032119 -0.5643337938594128 0.3358807562477307
60808 32002.35984 0.19315789688312987 0.729000535819065 0.47473166525111304 -0.45373791075367237
60808 32422.35984 0.35144347562648176 0.6672805277444619 0.36102937954768427 -0.5485270894277374
60808 32842.35984 0.49193547390124076 0.5716341524088885 0.22893862047515462 -0.6154843567242522
60808 33262.35984 0.6075357424803965 0.4468010648041813 0.08507590019820427 -0.6511767972709932
60808 33682.35984 0.6923214551279415 0.2989780798730342 -0.0633325469545932 -0.6536758363449022
60808 34102.35984 0.7418098424011825 0.13568358354713014 -0.20866783487190257 -0.6227084852179341
60808 34522.35984 0.7533358693898767 -0.034698736713864295 -0.3434258485968978 -0.559767587554479
60808 34942.35984 0.7262292670019026 -0.20334622363081895 -0.4606077711248108 -0.46806179748447524
60808 35362.35984 -0.6618325140315431 0.36160556310039443 0.5541852807363786 0.3522751974247906
60808 35782.35984 -0.5634166696005408 0.5013277225371955 0.619316739938121 0.21835509305789447
60808 36202.35984 0.4363131328378918 -0.6151100340998042 -0.6525852496126873 -0.07350502058273657
60808 36622.35984 0.28707901050788515 -0.6973400518284665 -0.6524509566364178 0.07490155556401029
60808 37042.35984 0.12320675250203972 -0.7439861538212391 -0.618984676163854 0.21945995018342038
60808 37462.35984 -0.04691117597464317 -0.7526779958580991 -0.5539116800544882 0.3527846748640391
60808 37882.35984 0.21464114089905123 0.7229758117258032 0.460542249297896 -0.46811963524787575
60808 38302.35984 0.3714327486119783 0.6563707151278186 0.34363715797144345 -0.5595790393165705
60808 38722.35984 0.5092961570638714 0.5562264221372921 0.20915162799209489 -0.6224830826814297
60808 39142.35984 0.6211863957788787 0.4276217741415516 0.06394164550726682 -0.6535889732462606
60808 39562.35984 0.7013550006198658 0.27713148270708676 -0.08455090589840057 -0.6512683384825639
60808 39982.35984 0.745687970092086 0.11246387689382356 -0.22871961630676305 -0.6156205525893708
60808 40402.35984 0.7519129227414973 -0.05792326115637862 -0.36117130951762605 -0.5484771076468663
60808 40822.35984 0.7196208783113475 -0.2256382807779013 -0.4753492632670733 -0.45307420546467686
60808 41242.35984 -0.6503944954618281 0.38180056582454786 0.5651575003553726 0.3343835043794417
60808 41662.35984 -0.5478573090860067 0.5182852904255945 0.6259261761220946 0.19861809750037812
60808 42082.35984 0.4172701897872013 -0.6281822900548284 -0.6545939564118178 -0.05271955429959076
60808 42502.35984 0.2654086742397128 -0.7058711548849523 -0.6497171045283024 0.09576968425895883
60808 42922.35984 0.10013304340697493 -0.7474438792245913 -0.6116186711345795 0.23921459434433057
60808 43342.35984 -0.0700326924024257 -0.7508854073169686 -0.5423625005077016 0.3702829257693778
60808 43762.35984 0.2364724100169084 0.7161377710472266 0.4455570532338889 -0.4823965220581906
60808 44182.35984 0.39081039339117096 0.6450233350855725 0.3261478803450793 -0.5699470973335466
60808 44602.35984 0.5253118599680621 0.5411250604267072 0.19015093717228562 -0.6285489160340578
60808 45022.35984 0.6331961562533324 0.40962406505189286 0.044393207527812346 -0.6552098871062315
60808 45442.35984 0.7089500959554779 0.25707476824822356 -0.10379780952584426 -0.6484815646666275
60808 45862.35984 0.7485833721011441 0.0912206769087236 -0.24684200193208972 -0.6085809306905308
60808 46282.35984 0.7499476472179245 -0.0794338763685974 -0.37736525273308513 -0.5374609304377878
60808 46702.35984 -0.7128898110612222 0.2460836747338599 0.48860762075030345 0.4387408520519859
60808 47122.35984 -0.6392992656276563 0.40009863330676176 0.5747976663199544 0.31752980236055817
60808 47542.35984 -0.5329643576701872 0.533582526056606 0.6315158592157251 0.1800733208981289
60808 47962.35984 0.39939467060874756 -0.6396904388301169 -0.6558654465152496 -0.03347470128342874
60808 48382.35984 0.24550509246411226 -0.7130332387473491 -0.6466463504542519 0.11471419903329427
60808 48802.35984 0.07923086198369526 -0.7499440498564135 -0.6044060920106847 0.25690400645893685
60808 49222.35984 -0.09090556894798875 -0.7486402632134618 -0.5313968394523367 0.385864396971253
60808 49642.35984 0.25628549307520443 0.7092805718101036 0.43139801351541146 -0.49511066482846927
60808 50062.35984 0.40859903853572055 0.6338920756482592 0.30948567238609453 -0.5791772446546508
60808 50482.35984 0.5401962618647066 0.5262473816903134 0.1717920380855483 -0.633828989224933
60808 50902.35984 0.6444123179263654 0.3917113269166521 0.02523997679714652 -0.6562453386053452
60808 51322.35984 0.7158861755179784 0.2370298245014875 -0.12275728373190817 -0.6451778787976228
60808 51742.35984 0.7508518755098562 0.07004884409859248 -0.26463816276934626 -0.6010667710744351
60808 52162.35984 0.7473943542672847 -0.10061719804417849 -0.3930484882581732 -0.5261090614550296
60808 52582.35984 -0.7056382570247359 0.26614418963028313 0.5013344432891796 0.4241529164358779
60808 53002.35984 -0.6277307965321078 0.41799644211382925 0.583910269670467 0.3004693302796611
60808 53422.35984 -0.5176853467359985 0.5484015530987358 0.6365525750435655 0.16142626037646196
60808 53842.35984 0.3812056937664908 -0.6506795458956636 -0.6565793727079172 -0.014208269687031127
60808 54262.35984 0.2253505530232458 -0.7196459707417842 -0.643019920396217 0.1336120766281069
60808 54682.35984 0.058145310362114004 -0.7518624812032286 -0.5966450098452775 0.274475252925554
60808 55102.35984 -0.11187566127737383 -0.7457853057177438 -0.5198954395677349 0.4012441228303705
60808 55522.35984 0.2760779253121198 0.7018028306469973 0.41674192748192823 -0.5075233314142957
60808 55942.35984 0.42621319824869003 0.6221699411228269 0.2924190395107156 -0.5879948803633169
60808 56362.35984 0.5547384362556487 0.510871774716972 0.15317991630709205 -0.6386009789988749
60808 56782.35984 0.6551420774880545 0.37345991947913043 0.006031529687425304 -0.6567192455660997
60808 57202.35984 0.7222447486526217 0.21685044620441674 -0.1415639046801096 -0.6413252434735262
60808 57622.35984 0.7525107973129651 0.04898140035724333 -0.2820779978441075 -0.593093858911647
60808 58042.35984 0.7442762018211854 -0.12149384603022383 -0.40823317129001957 -0.5144296440116063
60808 58462.35984 -0.6979108392113192 0.2857651362189467 0.5134939123036372 0.409368720666618
60808 58882.35984 -0.6157916018514794 0.4353693105691852 0.5924314689160435 0.2833358804346537
60808 59302.35984 -0.5021466789226763 0.5626428986185693 0.6410020544862226 0.14282173372936777
60808 59722.35984 0.36285803123360777 -0.6610706455680385 -0.6567308763522757 0.00492003893265647
60808 60142.35984 0.20512829912388353 -0.7256585981406873 -0.6388658094481909 0.15229070017943622
60808 60562.35984 0.03708267064470813 -0.7531892903399338 -0.588398029204211 0.2917507972288739
60808 60982.35984 -0.13271293817480612 -0.7423579449786712 -0.507970295452758 0.41624288162765277
60808 61402.35984 0.29562615799093933 0.6937917028045036 0.4017469508063546 -0.5194782337585858
60808 61822.35984 0.44347478933968626 0.6099789010351001 0.2751209162050679 -0.5962921540475076
60808 62242.35984 0.5688323113548194 0.4951197773328742 0.13446598217648856 -0.6428103198377351
60808 62662.35984 0.665344413619443 0.3549526063146848 -0.013139728384510425 -0.6566222704674227
60808 63082.35984 0.7280253884361088 0.1965525824584368 -0.16019870241238754 -0.6369320936071283
60808 63502.35984 0.7535839155315441 0.027947807991329683 -0.29921446426497317 -0.584637414689867
60808 63922.35984 0.7406017264677712 -0.14218848394741634 -0.4230030307132085 -0.5023544105441219
60808 64342.35984 -0.6896860125186263 0.3050786264656652 0.5251582641760278 0.3942956167364808
60808 64762.35984 -0.6034340089548825 0.4523353173721038 0.6004078643986481 0.26602735547828793
60808 65182.35984 -0.4862857108998685 0.576398853502786 0.6448833927122303 0.12416110042701359
60808 65602.35984 0.34429424632927536 -0.6709201410646304 -0.6563171402831969 0.023988489507662542
60808 66022.35984 0.18480196902803722 -0.7310998845922421 -0.6341683814560052 0.17079711635165712
60808 66442.35984 0.016029042987000454 -0.7539388901506758 -0.5796487654095778 0.30874994487196317
60808 66862.35984 -0.15343127773350718 -0.7383640815309586 -0.4956071523212661 0.43087222779614476
60808 67282.35984 0.31494786110766704 0.6852457836496665 0.38639740119511296 -0.5309831533332513
60808 67702.35984 0.460406174769486 0.5973089274809292 0.2575699937266314 -0.6040744140562274
60808 68122.35984 0.5825003644008635 0.478970934782572 0.11561657277969388 -0.6464618915334824
60808 68542.35984 0.6750403978189667 0.33615737517034716 -0.032317065479114664 -0.6559529615070064
60808 68962.35984 0.7332526643643746 0.1760909208450763 -0.17870738075883622 -0.6319779979246074
60808 69382.35984 0.7540829188318268 0.006885018404114349 -0.31609864870363175 -0.5756676057721033
60808 69802.35984 0.7363653866503455 -0.16277155470976643 -0.43740555118169816 -0.4898446918321026
60808 70222.35984 -0.6809450343197322 0.3241464189496097 0.5363617621386677 0.37889183078148564
60808 70642.35984 -0.5906352045433904 0.4689377992200485 0.6078578867936608 0.2485079175386368
60808 71062.35984 -0.4700790272639062 0.5896985170937907 0.648204537090323 0.10541463446563719
60808 71482.35984 0.32549399345324065 -0.6802466064763512 -0.6553378803967367 0.04301717238943511
60808 71902.35984 0.16435486865863058 -0.7359747559527554 -0.6289296399938799 0.18914582650868894
60808 72322.35984 -0.00502828503790705 -0.7541021949458346 -0.5704073253886076 0.3254843760773583
60808 72742.35984 -0.1740384477237566 -0.7337898706374197 -0.4828154999528204 0.44514294049117764
60808 73162.35984 0.33404505919783933 0.6761498765926012 0.37069974130521405 -0.5420488396865818
60808 73582.35984 0.47700439232606967 0.5841446680579421 0.23977005682632113 -0.6113527102504874
60808 74002.35984 0.5957338629792561 0.46241236363962684 0.09663224598173557 -0.6495676866112967
60808 74422.35984 0.68422147448455 0.31706427023148726 -0.05149872442095158 -0.6547206303300498
60808 74842.35984 0.7379099894303969 0.1554622326254784 -0.19708914096128016 -0.6264792193210224
60808 75262.35984 0.7539920457266407 -0.014199577441051952 -0.3327288884041058 -0.566203014653595
60808 75682.35984 0.7315557309276426 -0.18322988915179542 -0.45144231862775813 -0.476920174893385
60808 76102.35984 -0.6716822076653277 0.3429512429324563 0.5471102684898216 0.3631773822664487
60808 76522.35984 -0.5773963169033484 0.4851566017981791 0.6147912507504577 0.23079922651252288
60808 76942.35984 -0.45352370633796085 0.6025301373613521 0.6509801770771975 0.08659382433713123
60808 77362.35984 0.3064479607521062 -0.689042971485478 -0.6538078746106328 0.062005595670595194
60808 77782.35984 0.1437738791741958 -0.7402793195664373 -0.6231571580892991 0.20734212551125414
60808 78202.35984 -0.026100515335667665 -0.753678027621174 -0.5606712992890985 0.3419588980180857
60808 78622.35984 0.19453834484553287 0.728634043759726 0.4695914053912817 -0.45905465321871103
60808 79042.35984 0.35291324698179294 0.6665047903627999 0.35465594249103655 -0.5526687678745769
60808 79462.35984 0.49325561589857436 0.5704947420480024 0.2217307124261312 -0.6181182231960982
60808 79882.35984 0.6085157540192551 0.44546286862042006 0.07753339417365157 -0.6521196075711548
60808 80302.35984 0.6928686166908037 0.2977026957861376 -0.0706598175637004 -0.6529267762226505
60808 80722.35984 0.7419868825373985 0.13470150584319326 -0.21531835835544588 -0.6204425638373988
60808 81142.35984 0.7533086286814572 -0.03527718283192974 -0.3490874433794692 -0.5562549660005661
60808 81562.35984 0.726173543951187 -0.2035457881854541 -0.46510571218111163 -0.4635922482892013
60808 81982.35984 -0.6618975632420788 0.3614866649363457 0.557404685523908 0.3471584989646512
60808 82402.35984 -0.5637124175287337 0.5009946070921811 0.6212136867190753 0.21289966984792702
60808 82822.35984 0.4366681118085572 -0.6148573900125102 -0.6532079463987656 -0.06775491744560519
60808 83242.35984 0.287238248409601 -0.6972721543673472 -0.6517401792862128 0.08087317292203841
60808 83662.35984 0.12316108149302774 -0.7439901985497326 -0.6168874845129967 0.22529927633843985
60808 84082.35984 -0.047093339379097814 -0.7526624310764454 -0.5504931181949155 0.35810446667454315
60808 84502.35984 0.2148940262647213 0.7228955544081402 0.455966065348656 -0.4725859944424401
60808 84922.35984 0.3715858251959114 0.6562774232416279 0.33824175913529225 -0.5628644869183574
60808 85342.35984 0.5092428455390139 0.5562663287120049 0.20335759629087335 -0.6244078665739197
60808 85762.35984 0.6209432853195591 0.4279624305498875 0.058168408445103556 -0.6541360949476408
60808 86182.35984 0.7010582195864681 0.27786481347271413 -0.08997683398146698 -0.6505479901826589
