CIC_OEM_VERS = 2.0
CREATION_DATE = 2025-03-13T14:00:43.088247
ORIGINATOR = ISAE-SUPAERO


META_START
OBJECT_NAME = PLEIADES-NEO3
OBJECT_ID = PLEIADES-NEO3
CENTER_NAME = Earth
REF_FRAME = EME2000
TIME_SYSTEM = UTC
START_TIME = 2025-03-13T05:00:57.096
USEABLE_START_TIME = 2025-03-13T05:00:57.096
USEABLE_STOP_TIME = 2025-03-13T23:54:57.096
STOP_TIME = 2025-03-13T23:54:57.096
INTERPOLATION = lagrange
INTERPOLATION_DEGREE = 5
META_STOP



60747 18057.096 -5975.019 3651.2719 14.690998 0.5543354500000001 0.87565085 7.4731689
60747 18477.096 -5144.849 3636.8526 3046.0973 3.3174661000000003 -0.9347752500000001 6.7142462
60747 18897.096 -3278.8053 2890.1775000000002 5462.6089 5.410018600000001 -2.555848 4.5968925
60747 19317.096 -753.45879 1562.2392 6777.1146 6.4092473000000005 -3.6590495 1.5562492
60747 19737.096 1923.3842 -79.678796 6726.205599999999 6.1197545 -4.0259431 -1.7943227
60747 20157.096 4213.717 -1705.5344 5320.4502 4.5998224 -3.5837738 -4.7856144
60747 20577.096 5656.206700000001 -2988.1809 2841.6328 2.1506282999999997 -2.4190137 -6.8162343000000005
60747 20997.096 5958.0869 -3668.2527999999998 -211.73401 -0.73613642 -0.7646430000000001 -7.4721509
60747 21417.096 5058.598900000001 -3608.6099 -3221.8441000000003 -3.4741018 1.04383 -6.6165485
60747 21837.096 3139.1091 -2821.4575 -5581.295 -5.5082718 2.6392636000000005 -4.4268266
60747 22257.096 588.12545 -1466.7522 -6815.2107000000005 -6.4312952 3.7011289 -1.3489436000000001
60747 22677.096 -2081.0519 182.62953000000002 -6676.3786 -6.0617993 4.0188298 1.998885
60747 23097.096 -4331.8453 1795.1953999999998 -5192.2479 -4.472495100000001 3.5285798 4.9479992
60747 23517.096 -5710.0835 3046.2427000000002 -2658.9247 -1.9778309 2.3259198000000003 6.9042855
60747 23937.096 -5936.1066 3682.4532999999997 411.46171999999996 0.92040938 0.6514178100000001 7.4650162
60747 24357.096 -4963.6598 3575.2428 3398.8307000000004 3.6308671 -1.1533689999999999 6.5147995000000005
60747 24777.096 -2983.8722000000002 2742.8235 5696.8338 5.6110935 -2.7259634999999998 4.2523288
60747 25197.096 -406.27936 1360.3374 6847.0163 6.4524208 -3.7440518000000003 1.1318488
60747 25617.096 2253.1801 -295.88398 6616.206099999999 5.9951004999999995 -4.0077582000000005 -2.211518
60747 26037.096 4459.729200000001 -1892.633 5052.0938 4.332481899999999 -3.4657586 -5.1091885
60747 26457.096 5769.267900000001 -3108.7064 2469.3147999999997 1.7962441 -2.2257403 -6.979026300000001
60747 26877.096 5917.3276 -3698.9576 -611.90125 -1.1033158 -0.53675156 -7.4411224
60747 27297.096 4873.9493 -3544.474 -3569.7482000000005 -3.77863 1.2589141 -6.402049
60747 27717.096 2850.7186 -2677.4303 -5808.1415 -5.6904696999999995 2.798773 -4.0750768
60747 28137.096 255.21923 -1272.9424 -6877.777 -6.4580197 3.7750111000000004 -0.9315532200000001
60747 28557.096 -2391.4195 386.86389 -6564.0479000000005 -5.9296894 3.9939214 2.4007845000000003
60747 28977.096 -4557.3083 1968.7427 -4928.1227 -4.2070079 3.4098313 5.2571243
60747 29397.096 -5808.0527 3155.2791 -2299.9807 -1.635838 2.1381957000000003 7.051229
60747 29817.096 -5885.7891 3704.5357000000004 793.6529499999999 1.27214 0.43234903 7.426834700000001
60747 30237.096 -4773.768099999999 3504.8652 3725.7956000000004 3.9213057 -1.3586861 6.3045165
60747 30657.096 -2694.658 2595.4829 5903.0565 5.7864066 -2.8801028 3.9057919
60747 31077.096 -71.77192 1162.3387 6885.938400000001 6.479744 -3.8185331000000002 0.7126149
60747 31497.096 2564.3391 -503.86445000000003 6480.165400000001 5.8558303 -3.9808242000000003 -2.6262151
60747 31917.096 4683.3649000000005 -2068.7063000000003 4762.928400000001 4.0472924 -3.3374543 -5.4302022
60747 32337.096 5858.9057 -3216.5801 2085.1055 1.4274382 -2.0224804 -7.126998899999999
60747 32757.096 5847.5951 -3713.0508 -1017.2792 -1.480941 -0.3008845 -7.392878
60747 33177.096 4657.1685 -3460.8536000000004 -3914.1594 -4.0901129 1.480937 -6.1648236
60747 33597.096 2528.5129 -2511.4665 -6020.630099999999 -5.8722122 2.9620812 -3.6945108
60747 34017.096 -108.79111 -1056.904 -6913.0716 -6.4714846 3.8458173 -0.48269292
60747 34437.096 -2724.1908 610.0764399999999 -6412.273099999999 -5.7696228000000005 3.9563935000000003 2.8270489
60747 34857.096 -4791.299 2154.1942999999997 -4617.8694000000005 -3.9041646 3.2701788 5.5719784
60747 35277.096 -5892.3912 3263.8746 -1890.6822 -1.2468018 1.9224360999999999 7.194400300000001
60747 35697.096 -5803.0328 3714.2011 1219.7204 1.6650032000000001 0.18513454999999998 7.3619145
60747 36117.096 -4541.115400000001 3414.0305 4082.9416 4.2379204 -1.5876922 6.0405107
60747 36537.096 -2356.951 2420.663 6115.7264000000005 5.9609753 -3.0425076 3.5022305
60747 36957.096 301.62378 940.1013800000001 6914.5283 6.475486 -3.8816859 0.24465421
60747 37377.096 2900.2263 -730.96072 6312.8635 5.678117599999999 -3.9338261 -3.058435
60747 37797.096 4911.2309000000005 -2253.3282000000004 4432.6322 3.7330532 -3.1907402000000005 -5.741206
60747 38217.096 5929.2843 -3320.1082 1653.9751 1.0313977 -1.80176 -7.2622625
60747 38637.096 5748.5332 -3715.6432000000004 -1460.1013 -1.8764055000000002 -0.049885107 -7.3109178
60747 39057.096 4407.8056 -3361.4262000000003 -4278.8904 -4.397541100000001 1.7068141000000001 -5.88293
60747 39477.096 2180.3388999999997 -2331.1171 -6235.5381 -6.0267227000000005 3.1143761 -3.2767487
60747 39897.096 -484.09559 -833.71222 -6939.8013 -6.4449365 3.8944850000000004 -0.020699119
60747 40317.096 -3051.7356 830.43608 -6252.5498 -5.5737842 3.8952166000000004 3.238002
60747 40737.096 -5008.3387 2328.2352 -4310.5253 -3.5834522000000004 3.1151392 5.8530535
60747 41157.096 -5959.2667 3358.4954 -1500.8379 -0.86535813 1.7057384 7.296791000000001
60747 41577.096 -5709.6901 3712.1077000000005 1611.4806 2.034464 -0.0513655 7.2689337
60747 41997.096 -4307.8141 3316.5641 4397.6263 4.5266299 -1.79994 5.7697918
60747 42417.096 -2036.2522 2251.4787 6293.6769 6.1043761000000005 -3.1846713 3.103657
60747 42837.096 646.23211 732.06111 6916.4546 6.4498928 -3.9263243 -0.18902697000000002
60747 43257.096 3198.9736000000003 -935.5885400000001 6139.2638 5.4912263 -3.8751929 -3.4503103999999998
60747 43677.096 5103.8687 -2413.3384 4118.1869 3.4224978000000004 -3.0405999 -6.0118649
60747 44097.096 5975.9102 -3402.7412000000004 1261.3071000000002 0.6583608900000001 -1.5895965 -7.3575484
60747 44517.096 5638.322400000001 -3703.37 -1851.6499 -2.237375 0.18214577 -7.2101965
60747 44937.096 4161.4818 -3255.7063 -4589.5265 -4.6732526 1.9118341 -5.6054947
60747 45357.096 1846.3076 -2152.3588 -6401.5830000000005 -6.1609836 3.2508525 -2.8776684
60747 45777.096 -839.3016 -617.2621700000001 -6926.4799 -6.4096138 3.9343125 0.41962577
60747 46197.096 -3356.9677 1041.4272 -6061.331400000001 -5.3751128 3.8297392 3.6300395
60747 46617.096 -5202.2865 2491.4895 -3979.2792000000004 -3.2613872 2.9571958 6.1160214
60747 47037.096 -6003.3898 3441.4152000000004 -1096.5263 -0.48647337 1.4879069 7.376062
60747 47457.096 -5596.4602 3698.7749 2007.0976 2.3917873 -0.28381709 7.1493053
60747 47877.096 -4062.0123 3210.9325 4705.2372000000005 4.7898684000000005 -1.9994467 5.4780838
60747 48297.096 -1709.1102 2076.1071 6452.844700000001 6.222309 -3.3118114000000003 2.7008533000000003
60747 48717.096 988.07564 523.0352 6897.0453 6.401220500000001 -3.9570332 -0.62242987
60747 49137.096 3486.3449 -1135.3685 5948.8432 5.287273 -3.8036603 -3.8237443
60747 49557.096 5283.1717 -2565.2707 3800.8644 3.0985058 -2.8782113 -6.253034899999999
60747 49977.096 6009.9085000000005 -3475.3431 882.32209 0.29226612 -1.3765555 -7.416561300000001
60747 50397.096 5521.7965 -3683.0686 -2216.1096000000002 -2.5770356000000003 0.40458236000000003 -7.0837326
60747 50817.096 3919.3408 -3147.5223 -4866.063099999999 -4.9231924 2.1019726999999997 -5.3190163
60747 51237.096 1526.8082 -1977.6014 -6533.209400000001 -6.273943 3.3730133 -2.484719
60747 51657.096 -1172.8318000000002 -409.94581 -6883.1497 -6.3615961 3.9642712 0.8465538699999999
60747 52077.096 -3636.6635 1240.0882 -5845.9176 -5.1700666 3.7585965999999997 4.0084365
60747 52497.096 -5368.620900000001 2640.5289 -3629.2885 -2.9349524000000002 2.7953514 6.3662795
60747 52917.096 -6018.0562 3508.4864 -679.0970500000001 -0.10407001 1.2665443 7.440335699999999
60747 53337.096 -5453.6818 3668.8143 2408.7096 2.7469776 -0.51737817 7.0087909
60747 53757.096 -3783.244 3084.9784 5006.3741 5.0460861999999995 -2.1967849999999998 5.168745
60747 54177.096 -1349.2131000000002 1878.4669 6590.969599999999 6.3314292 -3.437152 2.2731325
60747 54597.096 1355.9775 293.65712 6842.6997 6.3322395 -3.9797363 -1.0825007
60747 55017.096 3787.7832000000003 -1349.9349 5713.666200000001 5.0491728 -3.7150427 -4.2161857000000005
60747 55437.096 5453.7365 -2720.8988 3424.1785 2.7471331 -2.7009337 -6.4985021
60747 55857.096 6016.8689 -3541.649 440.48859000000004 -0.11141682 -1.1403131000000002 -7.4643818
60747 56277.096 5363.9636 -3646.6564 -2632.7041 -2.9429523 0.64809494 -6.9178391
60747 56697.096 3629.8542 -3016.6602000000003 -5174.2122 -5.1725399 2.2999357000000002 -4.9775107
60747 57117.096 1166.4803000000002 -1780.6874 -6674.112700000001 -6.357029000000001 3.4845659 -2.0444273
60747 57537.096 -1530.5334 -188.18177 -6834.6292 -6.267382 3.9696997 1.2926501000000001
60747 57957.096 -3921.3309 1441.9401 -5624.492200000001 -4.9230984 3.6605239000000003 4.372550400000001
60747 58377.096 -5526.095200000001 2782.9685 -3284.4255000000003 -2.5867834 2.6156651 6.581130600000001
60747 58797.096 -6019.4529 3564.2127 -282.50645000000003 0.27812327 1.0406043 7.4685529
60747 59217.096 -5299.286099999999 3626.8464 2776.3545 3.0928768 -0.74778842 6.8465457
60747 59637.096 -3509.3481 2957.3042 5273.246 5.2841552 -2.3856926 4.8386125
60747 60057.096 -1011.0729 1690.8825 6703.1147 6.4079644 -3.5412095 1.8532604
60747 60477.096 1691.1235 83.322397 6776.7267 6.2393818 -3.9824452000000004 -1.5065443
60747 60897.096 4054.1384 -1541.4185 5484.5217 4.8056127 -3.6165578999999997 -4.5625863
60747 61317.096 5595.2363 -2853.4498 3078.7621000000004 2.4060974 -2.5236359000000004 -6.6974757
60747 61737.096 6006.3678 -3589.2128 49.643054 -0.48208852 -0.9197261999999999 -7.4784312
60747 62157.096 5204.5519 -3600.2052000000003 -2989.8846000000003 -3.2706997 0.86860539 -6.7449412
60747 62577.096 3345.512 -2879.8446000000004 -5420.3251 -5.4059251999999995 2.4850686 -4.6502166
60747 62997.096 815.13571 -1581.4944 -6759.6338 -6.438771399999999 3.5927806 -1.6171714
60747 63417.096 -1879.8298 35.706001 -6733.5365 -6.174744899999999 3.9763008 1.7389086
60747 63837.096 -4196.331099999999 1645.7333999999998 -5348.2519 -4.6670825 3.5591227 4.7447621
60747 64257.096 -5667.2717 2924.1392 -2882.6342000000004 -2.2168901 2.4239587 6.7947785000000005
60747 64677.096 -5995.3183 3612.8633 165.80987 0.68150675 0.7994270299999999 7.4717859
60747 65097.096 -5114.750400000001 3573.2701 3180.6797 3.4390697 -0.98409906 6.6392455
60747 65517.096 -3204.4942 2814.4498 5554.2577 5.4994504 -2.5659004 4.4710067
60747 65937.096 -651.0703199999999 1490.7952 6810.282700000001 6.4520044 -3.6293888 1.4086033
60747 66357.096 2032.8902 -131.64636 6697.853 6.1107944 -3.9648251 -1.9351557000000001
60747 66777.096 4309.0082999999995 -1727.5734 5238.7853 4.5420506 -3.504841 -4.8951897
60747 67197.096 5719.051 -2976.2922000000003 2723.8993 2.0532818 -2.3372420000000003 -6.8756354
60747 67617.096 5975.535900000001 -3624.5349 -340.98582 -0.8552992400000001 -0.69543747 -7.469301499999999
60747 68037.096 5024.8935 -3540.5978999999998 -3336.9187 -3.5938633 1.0883341 -6.551155
60747 68457.096 3059.4437000000003 -2741.6357000000003 -5657.2910999999995 -5.604286 2.650576 -4.308547
60747 68877.096 477.11293 -1389.8808999999999 -6834.032700000001 -6.4821847 3.6761462000000003 -1.1995152
60747 69297.096 -2201.4435 241.84089000000003 -6631.0554 -6.054537900000001 3.9609526 2.1493838999999997
60747 69717.096 -4436.687900000001 1824.8528999999999 -5089.3649000000005 -4.4067539 3.4479232000000004 5.0664671
60747 70137.096 -5777.4762 3039.9425 -2519.1295 -1.8679137000000001 2.2387170000000003 6.9626163
60747 70557.096 -5952.4411 3641.6165 560.75536 1.0489076 0.5772852799999999 7.450965
60747 70977.096 -4926.7716 3508.7605 3527.1432000000004 3.7502676000000004 -1.1980591 6.433690400000001
60747 71397.096 -2908.8791 2669.4189 5782.1857 5.6916038 -2.7284977 4.1221924
60747 71817.096 -307.06766 1294.2668 6873.596500000001 6.4863249 -3.7078243000000004 0.9869634
60747 72237.096 2356.3387000000002 -340.33886 6583.5436 5.9802192 -3.9433002000000004 -2.3448529
60747 72657.096 4546.9558 -1906.5824 4969.5927 4.2723623 -3.3873629000000003 -5.2102686
60747 73077.096 5823.5908 -3089.5995000000003 2354.0701000000004 1.6990292 -2.1474911000000003 -7.0315088
60747 73497.096 5926.068700000001 -3649.5976 -736.67409 -1.2216653 -0.47222328 -7.434092400000001
60747 73917.096 4832.2205 -3472.8558 -3678.3849 -3.8976616 1.2993739 -6.3328952
60747 74337.096 2763.3793 -2595.4296 -5876.0743 -5.7846357 2.8068669 -3.9529904
60747 74757.096 137.71412 -1195.0785 -6886.932900000001 -6.5043241 3.7471129999999997 -0.7786514200000001
60747 75177.096 -2515.7158 445.82173 -6508.0702 -5.9146567999999995 3.9329047 2.5519804
60747 75597.096 -4662.5435 1996.9176000000002 -4815.3238 -4.1323316000000005 3.3263164 5.3708803
60747 76017.096 -5868.9672 3145.1947999999998 -2149.1192 -1.513244 2.0475003 7.1073788
60747 76437.096 -5890.4283 3658.4572000000003 952.12674 1.4125864 0.35474717 7.4060828
60747 76857.096 -4722.2366 3432.8335 3860.4315 4.0501158 -1.4073301 6.2084834
60747 77277.096 -2601.8537 2515.2298 5989.5585 5.8678360000000005 -2.8830431 3.7601455
60747 77697.096 40.89442700000001 1092.5698 6912.419 6.5014672000000004 -3.7755166 0.56010612
60747 78117.096 2675.4839 -549.3661500000001 6444.5087 5.830015 -3.9097659 -2.7502338
60747 78537.096 4772.874400000001 -2080.946 4679.6102 3.9862957000000003 -3.2586333 -5.510945800000001
60747 78957.096 5909.457200000001 -3193.5052 1970.942 1.3356673000000001 -1.9499815 -7.1662879
60747 79377.096 5856.621700000001 -3663.2663 -1135.2701000000002 -1.5845369 -0.24816570999999998 -7.3738912
60747 79797.096 4618.3598 -3391.2158 -4008.9222000000004 -4.190019100000001 1.5050935 -6.0994636
60747 80217.096 2449.8563 -2436.4602999999997 -6075.1156 -5.9533479 2.9580951 -3.5820214000000004
60747 80637.096 -212.44663 -990.8038 -6914.727 -6.5088583 3.8090145000000004 -0.34793579
60747 81057.096 -2832.3405000000002 654.67462 -6357.6452 -5.7532065 3.8924317000000004 2.9551786000000004
60747 81477.096 -4881.55 2168.2239 -4516.2434 -3.8373544 3.1912871000000003 5.6631146
60747 81897.096 -5946.3139 3244.4937000000004 -1761.7572 -1.1457466 1.8457671 7.2279465
60747 82317.096 -5811.5339 3666.2707000000005 1349.1888000000001 1.7761333 0.12842428 7.3308916
60747 82737.096 -4505.9886 3349.4559 4187.6328 4.3349178 -1.6115327 5.9538849
60747 83157.096 -2294.2353 2359.1257 6182.3228 6.0164892000000005 -3.0230699 3.3831986
60747 83577.096 377.58025000000004 895.77471 6934.398700000001 6.4895043 -3.8263861 0.13732598
60747 83997.096 2973.6787000000004 -747.01003 6293.5613 5.6618314000000005 -3.8630099 -3.1377032
60747 84417.096 4972.7649 -2239.7165 4386.5395 3.6939029000000003 -3.1232645000000003 -5.789223
60747 84837.096 5969.1603 -3280.7277000000004 1593.2801000000002 0.97458349 -1.7515799 -7.2809892000000005
60747 85257.096 5761.0071 -3659.6876 -1522.1859 -1.9493286 -0.021592605 -7.298648
60747 85677.096 4387.442099999999 -3298.3325 -4328.9714 -4.4785618000000005 1.7125164 -5.8364368
60747 86097.096 2126.8154 -2270.1111 -6258.2255000000005 -6.1001273000000005 3.0984587 -3.1949927
