CIC_OEM_VERS = 2.0
CREATION_DATE = 2025-02-05T13:42:28.474088
ORIGINATOR = ISAE-SUPAERO


META_START
OBJECT_NAME = PLEIADES-NEO4
OBJECT_ID = PLEIADES-NEO4
CENTER_NAME = Earth
REF_FRAME = EME2000
TIME_SYSTEM = UTC
START_TIME = 2025-02-05T04:19:47.370
USEABLE_START_TIME = 2025-02-05T04:19:47.370
USEABLE_STOP_TIME = 2025-02-05T23:55:47.370
STOP_TIME = 2025-02-05T23:55:47.370
INTERPOLATION = lagrange
INTERPOLATION_DEGREE = 5
META_STOP



60711 15587.369999999999 -2742.3056 6442.8443 14.6809 0.9599214500000001 0.39068041 7.4733564
60711 16007.369999999999 -2076.1797 5951.5923 3045.7338 2.1567044 -2.6876095 6.7117024
60711 16427.37 -991.91832 4261.6828 5461.7026 2.9177534 -5.2208813 4.5960586999999995
60711 16847.37 291.91031 1714.5336000000002 6776.4126 3.0911368 -6.700698500000001 1.5577228
60711 17267.37 1517.1066 -1177.1152 6726.1361 2.6433474 -6.833651700000001 -1.7933134
60711 17687.37 2437.2541 -3831.9576 5320.2346 1.6630666 -5.5918012 -4.7874348
60711 18107.37 2867.7276 -5717.0475 2842.2307 0.34478925 -3.2175496 -6.8175065
60711 18527.37 2719.0289 -6446.749 -209.18346 -1.0432017 -0.19508215 -7.4723607
60711 18947.37 2021.4315000000001 -5875.579900000001 -3219.8777000000005 -2.2216813 2.8682108 -6.6176494
60711 19367.37 916.1624499999999 -4119.5585 -5579.7368 -2.9510275000000004 5.3495444 -4.4275172000000005
60711 19787.37 -373.5987 -1534.1985 -6813.6315 -3.0855505 6.7506524 -1.3481086
60711 20207.37 -1588.2796 1359.6426000000001 -6674.0792 -2.5996863 6.7938209 2.0013617
60711 20627.37 -2483.4902 3979.8942 -5188.7503 -1.5899735000000002 5.469607 4.9509744
60711 21047.37 -2878.2197 5798.103099999999 -2654.9671000000003 -0.25743589 3.0395306 6.9058299
60711 21467.37 -2692.059 6445.9888 415.68227 1.1287823000000001 -0.0075462974000000006 7.4645729
60711 21887.37 -1962.2872 5792.240400000001 3402.237 2.2862691 -3.0510137 6.5127885
60711 22307.37 -835.94571 3968.2022 5700.304400000001 2.9821072 -5.4764636 4.2479423
60711 22727.37 458.36062 1346.6265 6849.368 3.0757465 -6.7931792 1.1308809000000002
60711 23147.37 1660.6056 -1545.6073000000001 6618.6099 2.5513928000000003 -6.7439688 -2.2107796
60711 23567.37 2529.1587000000004 -4127.2080000000005 5054.6439 1.5136352 -5.3388867 -5.109647
60711 23987.37 2888.7846 -5878.282700000001 2471.1259 0.16907057 -2.8558521999999997 -6.9820964000000005
60711 24407.37 2665.8091 -6443.8240000000005 -611.8501200000001 -1.2114669 0.20630336 -7.4460942
60711 24827.37 1905.2588 -5710.036700000001 -3571.3097000000002 -2.3473245 3.2261819999999997 -6.4043564
60711 25247.37 760.77612 -3825.7083 -5809.5014 -3.0087165000000002 5.5915547 -4.0716055
60711 25667.37 -536.7250200000001 -1172.0116 -6876.479700000001 -3.064213 6.8287693 -0.92282317
60711 26087.37 -1726.4361000000001 1717.1058 -6558.6547 -2.5042141 6.693795000000001 2.4106158
60711 26507.37 -2569.1171 4260.9418 -4919.280400000001 -1.4396016999999999 5.2120912 5.262876500000001
60711 26927.37 -2893.8982 5945.9963 -2285.1531 -0.081870152 2.6757225 7.0593475
60711 27347.37 -2634.834 6431.1535 810.36728 1.2944379 -0.40537110000000004 7.4274216
60711 27767.37 -1843.3074 5616.6097 3741.4264 2.4085175 -3.4019503 6.2935818
60711 28187.37 -680.1126899999999 3670.0036 5917.2302 3.0350348 -5.7074188999999995 3.889539
60711 28607.37 619.98096 984.86051 6899.3602 3.0500160999999997 -6.8599501 0.70815669
60711 29027.37 1795.6136000000001 -1898.1388000000002 6492.460900000001 2.4526274 -6.634145900000001 -2.6125011
60711 29447.37 2610.6335 -4399.9043 4778.5247 1.3618344 -5.0750726 -5.409954300000001
60711 29867.37 2900.5797000000002 -6016.696900000001 2101.2106000000003 -0.0052069561 -2.4912979 -7.1208274000000005
60711 30287.37 2606.1677000000004 -6421.4558 -1000.7125 -1.3719849 0.59565577 -7.3950539
60711 30707.37 1784.3478 -5524.9655999999995 -3894.5488 -2.4657351 3.5672527 -6.184798600000001
60711 31127.37 603.19083 -3517.8614 -6007.7714000000005 -3.0610213 5.8198806 -3.7150179
60711 31547.37 -700.13307 -799.61575 -6904.9003 -3.0377066 6.8967754999999995 -0.49128858000000003
60711 31967.37 -1861.941 2079.1926000000003 -6405.68 -2.4011264999999997 6.579159300000001 2.8260045000000003
60711 32387.37 -2648.3899 4539.055200000001 -4611.0279 -1.2793688 4.9330967 5.5733683
60711 32807.37 -2900.0373 6082.317099999999 -1882.8551000000002 0.10167498999999999 2.2894331 7.1941582
60711 33227.37 -2565.9954 6397.2631 1226.6933000000001 1.4613266 -0.81470352 7.3580177
60711 33647.37 -1714.6232 5422.4902999999995 4088.3432000000003 2.5232514999999998 -3.7467867999999998 6.036196100000001
60711 34067.37 -518.37837 3357.4072 6126.509900000001 3.0753890000000004 -5.9173209 3.5047917
60711 34487.37 781.79506 619.54697 6934.1677 3.0105066000000003 -6.8978722 0.27636753
60711 34907.37 1925.5461 -2242.2746 6350.892400000001 2.3430701 -6.4977814 -3.0071435
60711 35327.37 2683.4885 -4654.7276 4492.232 1.2039577 -4.7931187 -5.6937347
60711 35747.37 2902.0401 -6131.5545999999995 1728.3686000000002 -0.18179594000000002 -2.1170234999999997 -7.2408969
60711 36167.37 2535.4053 -6371.8018 -1384.3558 -1.5345669 0.9936999 -7.3264545
60711 36587.37 1656.5632 -5324.7806 -4216.5958 -2.5784645 3.9064877 -5.9277989
60711 37007.37 443.01025 -3201.9213 -6194.786700000001 -3.1009105 6.028225000000001 -3.3301127000000004
60711 37427.37 -860.02916 -432.79088 -6919.8293 -2.9970488 6.931317 -0.061132229
60711 37847.37 -1989.3296 2423.0459 -6245.3472 -2.2889652000000003 6.436577100000001 3.2190571
60711 38267.37 -2717.4053 4790.3411 -4307.4565 -1.118263 4.6423586 5.8508916
60711 38687.37 -2896.6586 6190.1555 -1497.3587 0.27939089 1.9087855 7.299984800000001
60711 39107.37 -2490.806 6339.6795 1616.1161000000002 1.6196702 -1.2082087 7.2705393
60711 39527.37 -1582.8089 5211.1735 4402.983 2.6302297 -4.0736111 5.7733563000000006
60711 39947.37 -356.39303 3034.7044 6302.8191 3.1097463 -6.1121287 3.1202051
60711 40367.37 941.50833 250.03322 6936.571 2.9655051 -6.9222118 -0.15318790000000002
60711 40787.37 2050.955 -2584.6702 6178.388 2.2274131 -6.3463311000000004 -3.3963422999999997
60711 41207.37 2749.2416000000003 -4901.1165 4178.7665 1.0403343 -4.4950111 -5.9641090000000005
60711 41627.37 2894.5079 -6231.6534 1336.4913999999999 -0.36054559 -1.7316511 -7.3368192
60711 42047.37 2456.0272000000004 -6305.2451 -1775.5378 -1.691906 1.3879874 -7.2270735
60711 42467.37 1521.4098000000001 -5105.0834 -4527.892 -2.6821176 4.2287725 -5.6534421
60711 42887.37 279.5 -2873.8386 -6363.4899000000005 -3.1300279 6.2132492 -2.9373628
60711 43307.37 -1018.8784 -62.898643 -6912.7415 -2.9460713000000003 6.9421483 0.36959564
60711 43727.37 -2111.6482 2760.3718 -6064.4333 -2.1685234 6.272105400000001 3.6013278
60711 44147.37 -2778.6023999999998 5027.0334 -3989.945 -0.9526875800000001 4.3359067 6.107856300000001
60711 44567.37 -2884.6317000000004 6278.8458 -1107.8868 0.4564975 1.5226494000000002 7.3798851999999995
60711 44987.37 -2408.2819 6263.0886 1998.6033 1.7725247 -1.595645 7.157985399999999
60711 45407.37 -1446.6399 4985.3471 4701.470200000001 2.7284275 -4.384892700000001 5.4919478
60711 45827.37 -194.10271 2705.4030000000002 6457.2338 3.1339935000000003 -6.2856587 2.7271308
60711 46247.37 1097.3854 -116.77108 6915.8150000000005 2.911207 -6.9242516 -0.5803571200000001
60711 46667.37 2169.0796 -2915.4990000000003 5985.8145 2.1048495 -6.175598 -3.7735537
60711 47087.37 2805.4979 -5129.017 3851.8651 0.87325171 -4.1837522 -6.2153716
60711 47507.37 2876.7681000000002 -6309.1406 940.3836200000001 -0.5385735899999999 -1.3419038 -7.4099248
60711 47927.37 2367.5933999999997 -6216.1856 -2161.2145 -1.8446143 1.7774668999999998 -7.1049307
60711 48347.37 1379.8756 -4866.8233 -4824.8876 -2.7778091 4.5372933 -5.3605844
60711 48767.37 113.47591 -2534.6048 -6511.7047 -3.1491366 6.377606300000001 -2.534341
60711 49187.37 -1175.7359 308.53542 -6882.1103 -2.8854173999999997 6.930369600000001 0.7999655299999999
60711 49607.37 -2228.1766000000002 3089.7611 -5862.4254 -2.040291 6.0866508999999995 3.9726365
60711 50027.37 -2831.445 5248.1089 -3657.9083 -0.78293525 4.0145542999999995 6.3449472
60711 50447.37 -2863.4473 6347.563400000001 -713.4301800000001 0.6331577700000001 1.131071 7.4350264
60711 50867.37 -2317.7538 6166.4213 2375.5418 1.9203119 -1.9777644 7.021234300000001
60711 51287.37 -1305.1263000000001 4743.106400000001 4985.166 2.8180812 -4.6811228 5.193015099999999
60711 51707.37 -30.455365 2367.4195 6591.309200000001 3.1480749 -6.4378722 2.3256916000000003
60711 52127.37 1250.3675 -482.68557000000004 6873.5391 2.8471923 -6.9028149999999995 -1.0045646000000001
60711 52547.37 2280.7088 -3236.0 5775.4002 1.9752112 -5.984279000000001 -4.1364245
60711 52967.37 2853.1772 -5339.461200000001 3515.1072000000004 0.70350946 -3.8597848 -6.4436729
60711 53387.37 2850.8712 -6367.045099999999 545.4193100000001 -0.71415176 -0.95034945 -7.455737600000001
60711 53807.37 2273.0569 -6109.3615 -2534.7629 -1.9902077999999999 2.1567480999999997 -6.9588795
60711 54227.37 1235.8711 -4617.041200000001 -5101.428900000001 -2.8637181999999997 4.8270054 -5.0527684
60711 54647.37 -50.785029 -2192.7243 -6635.6625 -3.1582105 6.5194856 -2.1276508
60711 55067.37 -1327.1853 673.61695 -6828.7173 -2.8161438 6.8966494 1.2236494
60711 55487.37 -2336.2529 3404.3774 -5642.5043 -1.9065067 5.8840997 4.3284569
60711 55907.37 -2874.2822 5448.733200000001 -3315.7653 -0.61135954 3.6835273 6.5610922
60711 56327.37 -2832.3011 6393.5441 -318.17271999999997 0.80778747 0.73839329 7.4673904
60711 56747.37 -2218.8954 6048.3917 2743.914 2.0624651 -2.3521994 6.8635766
60711 57167.37 -1158.4560000000001 4484.8679 5252.4332 2.8993927 -4.9620128999999995 4.8779659
60711 57587.37 134.50698000000003 2021.1315 6703.919400000001 3.1524349000000003 -6.569255500000001 1.9168547
60711 58007.37 1400.5858 -847.6278100000001 6808.8953 2.7738015999999996 -6.8587418 -1.4254618000000001
60711 58427.37 2386.0572 -3546.4499 5546.3267000000005 1.8385239999999998 -5.7731942 -4.4851268
60711 58847.37 2892.4115 -5532.9953 3167.5091 0.5307201 -3.5235312 -6.6495472
60711 59267.37 2816.2059 -6404.936900000001 149.667 -0.88790251 -0.55680988 -7.4759317
60711 59687.37 2171.5235000000002 -5984.0299 -2898.6573 -2.129382 2.5269871 -6.7897184
60711 60107.37 1088.2398 -4354.4853 -5360.0612 -2.9403469 5.0990451000000006 -4.7295509000000004
60711 60527.37 -214.60078000000001 -1846.4075 -6737.285900000001 -3.1573385 6.6394227 -1.7162598
60711 60947.37 -1474.2019 1033.7802 -6753.3507 -2.7381404000000003 6.8411272 1.6411283
60711 61367.37 -2436.7737 3705.6875 -5405.2741 -1.7668099 5.6640611 4.6687329
60711 61787.37 -2907.875 5630.2052 -2964.2933 -0.43776303 3.3425702999999998 6.755419799999999
60711 62207.37 -2791.9512999999997 6418.152099999999 76.636792 0.98020367 0.34529109 7.4757635
60711 62627.37 -2112.5944 5910.903200000001 3102.1425 2.1986535 -2.7174628 6.6844661
60711 63047.37 -1007.5206999999999 4212.849 5501.789900000001 2.9719799 -5.225972700000001 4.5479664
60711 63467.37 299.77270000000004 1669.2671 6794.278 3.1469535 -6.6791122 1.5026585000000001
60711 63887.37 1547.0710000000001 -1208.8499 6722.0061 2.691349 -6.7926656 -1.8409329
60711 64307.37 2484.3492 -3844.6205 5299.4263 1.6953525 -5.5440401 -4.8185617
60711 64727.37 2922.6834 -5708.1495 2810.0883 0.35550324 -3.1767501000000005 -6.8331604
60711 65147.37 2772.4678 -6421.996700000001 -246.04193 -1.0594583 -0.16282509 -7.4715454
60711 65567.37 2062.7155000000002 -5839.818200000001 -3252.5878 -2.2623358 2.8876673 -6.5987348
60711 65987.37 936.58259 -4078.8359 -5600.9354 -3.0080135 5.3536036000000005 -4.3916908999999995
60711 66407.37 -378.42323 -1495.3678 -6817.026 -3.1465884 6.737626000000001 -1.3001288
60711 66827.37 -1617.2188999999998 1389.3926999999999 -6656.3205 -2.6512673 6.7638898 2.0526778
60711 67247.37 -2530.0902 3994.0750000000003 -5150.9321 -1.6209641 5.4264771000000005 4.9935806000000005
60711 67667.37 -2932.483 5792.885 -2603.6902000000005 -0.26198143 2.9916747 6.9278213
60711 68087.37 -2742.6162999999997 6421.7585 470.76243 1.150453 -0.048227561 7.4601477
60711 68507.37 -1999.0448999999999 5754.2159 3449.9734 2.3288008000000002 -3.0736687000000003 6.4839364999999995
60711 68927.37 -852.45496 3927.044 5732.984 3.0358532 -5.4732383 4.2032261
60711 69347.37 465.21871999999996 1311.7103 6862.1907 3.1316756 -6.7677212 1.0831503
60711 69767.37 1689.7188 -1566.5717 6612.6595 2.5998812 -6.7047815 -2.2511036
60711 70187.37 2575.51 -4130.7537999999995 5034.4148 1.5457989 -5.2967224 -5.1368681
60711 70607.37 2943.939 -5865.0736 2442.5433 0.17795060000000001 -2.8194487 -6.9945132999999995
60711 71027.37 2719.6361 -6418.3697 -641.87926 -1.2287807 0.2316155 -7.442521200000001
60711 71447.37 1946.6612 -5676.897900000001 -3596.6898 -2.3888826 3.2386204 -6.3858617
60711 71867.37 781.01525 -3790.3637000000003 -5824.205900000001 -3.0664835 5.590387 -4.0393177
60711 72287.37 -542.03242 -1140.0484 -6875.181500000001 -3.125788 6.8137821999999995 -0.8797159000000001
60711 72707.37 -1755.9457 1739.8577 -6538.1405 -2.5555684000000003 6.664917900000001 2.4575481
60711 73127.37 -2615.9539 4269.0273 -4880.128900000001 -1.4692454000000001 5.1718108 5.302371600000001
60711 73547.37 -2947.986 5936.51 -2234.8136 -0.08434281900000001 2.6315686 7.0779382
60711 73967.37 -2684.3286000000003 6404.452200000001 863.2578900000001 1.3181117999999998 -0.44123216000000004 7.4204717
60711 74387.37 -1878.5027 5578.8836 3786.5364 2.4523789000000003 -3.4197833 6.2624075999999995
60711 74807.37 -693.7634499999999 3628.4956 5945.425700000001 3.0905293 -5.7028658 3.8446634
60711 75227.37 630.18728 949.83395 6907.563 3.1063754 -6.8345123 0.6597458900000001
60711 75647.37 1827.8549 -1919.314 6481.4168 2.4995658 -6.5951752 -2.6543365
60711 76067.37 2659.0192 -4403.5628 4752.535900000001 1.3904157000000001 -5.0321196 -5.4385237
60711 76487.37 2955.9597000000003 -6003.0208 2066.6093 -0.001151172 -2.4530159 -7.1328477999999995
60711 76907.37 2657.8625 -6393.9344 -1035.993 -1.3949615 0.62503962 -7.3890121
60711 77327.37 1823.8457 -5495.703 -3929.3744 -2.5083779 3.5787413000000003 -6.1521219
60711 77747.37 622.2123399999999 -3489.8366 -6028.8157 -3.1155074 5.808914700000001 -3.6738456000000004
60711 78167.37 -704.7339300000001 -781.27556 -6911.2739 -3.095064 6.8680361 -0.45634756
60711 78587.37 -1889.813 2084.5096000000003 -6398.9005 -2.4513909 6.544678299999999 2.8547185
60711 79007.37 -2693.9543 4529.669400000001 -4594.5127999999995 -1.3122546 4.9007283 5.593649
60711 79427.37 -2954.3054 6060.6338 -1859.8096 0.09421163900000001 2.2635762 7.205018600000001
60711 79847.37 -2617.4156000000003 6366.3910000000005 1251.8677 1.4822744 -0.83225419 7.3569932
60711 80267.37 -1751.5777 5385.6221 4109.9859 2.5689458 -3.7548723 6.020805999999999
60711 80687.37 -531.8644300000001 3317.4010000000003 6137.352 3.1364011 -5.9155526 3.4733505
60711 81107.37 794.45683 583.40489 6928.8723 3.0715268 -6.880687200000001 0.23245471
60711 81527.37 1961.4076000000002 -2267.7424 6326.5187000000005 2.3905787000000003 -6.464540100000001 -3.0516582
60711 81947.37 2734.7796000000003 -4663.7937 4451.5329 1.2289394 -4.7499172 -5.7246987
60711 82367.37 2958.5172000000002 -6122.4641 1679.7137 -0.18222671000000001 -2.0763350000000003 -7.2483632
60711 82787.37 2586.0672999999997 -6347.1138 -1430.7184 -1.5591441 1.0198184000000001 -7.3116119
60711 83207.37 1692.7362 -5293.5783 -4252.8647 -2.6217599000000003 3.9106904 -5.8963195
60711 83627.37 458.37814000000003 -3173.6281000000004 -6216.1235 -3.1553548 6.010979900000001 -3.2924946
60711 84047.37 -868.25458 -415.01332 -6925.3059 -3.0538066 6.9003836000000005 -0.026682389
60711 84467.37 -2020.1706000000001 2427.0339 -6237.398700000001 -2.3374341 6.4012897 3.2467077
60711 84887.37 -2765.1042 4779.631 -4291.0207 -1.1484391 4.6102432 5.8686693
60711 85307.37 -2951.8889 6167.6245 -1475.6349 0.27480194999999996 1.8848151 7.3079389
60711 85727.37 -2542.0405 6309.023400000001 1638.8438999999998 1.6431406 -1.2226869 7.2672966
60711 86147.37 -1617.837 5173.4635 4419.7902 2.6789196000000004 -4.080153 5.759526200000001
