CIC_AEM_VERS = 1.0
CREATION_DATE = 2025-02-12T09:04:53.295Z
ORIGINATOR = CS Group

META_START
OBJECT_NAME = PLEIADES-NEO3
OBJECT_ID = PLEIADES-NEO3
CENTER_NAME = null
REF_FRAME_A = EME2000
REF_FRAME_B = SC_BODY_1
ATTITUDE_DIR = A2B
TIME_SYSTEM = UTC
START_TIME = 2025-02-12T04:04:50.426112
STOP_TIME = 2025-02-12T23:59:60.0
ATTITUDE_TYPE = QUATERNION
QUATERNION_TYPE = LAST
META_STOP

60718 14690.426112 -0.37793319303186373 -0.6525545210427545 -0.5690240578963948 -0.3279492646836117
60718 15110.426112 -0.5147259214524783 -0.5511219137386508 -0.6280902525101882 -0.19189709920588174
60718 15530.426112000001 -0.6252812687471788 -0.4215929492084987 -0.6551060368206348 -0.04603043181156822
60718 15950.426112000001 -0.7039526315161987 -0.27055170848864185 -0.6486940797899186 0.10221769152552188
60718 16370.426112000001 -0.746713817401892 -0.10566342997906328 -0.6091673958960105 0.24529329025357902
60718 16790.426112 -0.7513516144783552 0.06469066540338779 -0.5385092225419623 0.3758905245782172
60718 17210.426112 0.7176068212176664 -0.23176717706670125 0.44032629185446726 -0.487275263560652
60718 17630.426112 0.6473032207497068 -0.3868538445088492 0.31977741163659396 -0.573659350488406
60718 18050.426112 0.5439338429425253 -0.5223142379667179 0.18280783088108904 -0.6307972006022015
60718 18470.426112 0.4125986573060119 -0.6312517860228333 0.03626385656139931 -0.6557198055111295
60718 18890.426112 0.26003101872426015 -0.7079052187490457 -0.11225740789349734 -0.6470334959970173
60718 19310.426112 0.09401979436659873 -0.7482662335487562 -0.2551171664990809 -0.6051224284023035
60718 19730.426112 -0.07659649874979944 -0.7502272351462613 -0.3847048402514416 -0.5322539411889601
60718 20150.426112 -0.24319726749444634 -0.7138103590696366 -0.4945060196506846 -0.43219631754255833
60718 20570.426112 -0.39729643601322423 -0.6409468755572519 -0.5789516575274408 -0.3100929262186022
60718 20990.426112 -0.5311792279696609 -0.5352813537067307 -0.6338163113026625 -0.17204471417085526
60718 21410.426112 -0.6379184594986969 -0.4022143005715077 -0.6562406335858222 -0.025138143874614206
60718 21830.426112 -0.7120080897933342 -0.2485721130685237 -0.6450657388433951 0.1230714314693758
60718 22250.426112 -0.7496512077598834 -0.08222330211700264 -0.6008768454612613 0.2649705868236092
60718 22670.426112 -0.7489378858632587 0.08829810383047063 -0.525959661669921 0.39327080018058563
60718 23090.426112 0.709947924380543 -0.25425227088325175 0.424181114166102 -0.5013981549659637
60718 23510.426112 0.6347392946432879 -0.40714810745560115 0.30078475650417086 -0.5838364297350674
60718 23930.426112 0.5272377794148136 -0.5391735138463419 0.1621303583290128 -0.6364165246380948
60718 24350.426112 0.39294449743780374 -0.6436781987904722 0.015262315306446032 -0.6565364118361539
60718 24770.426112 0.238705445224191 -0.7153821688755977 -0.13234648120469963 -0.643220391302935
60718 25190.426112 0.07230971993682109 -0.7506760824919744 -0.27323337425373984 -0.597160151693896
60718 25610.426112 -0.09785696358357333 -0.7477509262416527 -0.4002591656834364 -0.5206583978669249
60718 26030.426112 -0.26319560509193096 -0.7066822839778951 -0.5069561373286854 -0.4175208950422205
60718 26450.426112 -0.4151575546880205 -0.629530688673787 -0.5877704286669303 -0.2930208866071901
60718 26870.426112 -0.5459884997334883 -0.5201814062414241 -0.6385586505580398 -0.15346241415071138
60718 27290.426112 -0.6489302993671011 -0.3842155075797302 -0.6566824746578656 -0.006003147157654975
60718 27710.426112 -0.7186814147077255 -0.22858835846948097 -0.6412017264844544 0.14179115797286287
60718 28130.426112 -0.7516595919763315 -0.06126481305620383 -0.5929116591700658 0.2823300283203382
60718 28550.426112 -0.7461840513305424 0.10918198201841708 -0.5142948157184832 0.40839870086419194
60718 28970.426112 0.7025659689908893 -0.2740092753434193 0.4094002080189549 -0.5135284275633661
60718 29390.426112 0.6230910806230094 -0.42477511878887286 0.2836282880630594 -0.592350063658617
60718 29810.426112 0.5119117873777103 -0.55376060941541 0.1434717482090462 -0.6408676672055408
60718 30230.426112 0.37471009315975434 -0.6544733093381758 -0.003950745030999214 -0.6566897479493986
60718 30650.426112 0.21847812505944675 -0.7218250651609984 -0.15113982438314083 -0.6390560520496323
60718 31070.426112 0.05111496639696642 -0.7524216335347308 -0.2906434584084117 -0.5888763246077754
60718 31490.426112 -0.1189317956747599 -0.7446937821792583 -0.41538366966451196 -0.5086676771106774
60718 31910.426112 -0.2830767267568238 -0.6989629448427082 -0.5190141330593473 -0.4024210459085185
60718 32330.426112 -0.4328063770947596 -0.6175413763547742 -0.5961297734852578 -0.2755913307787008
60718 32750.426112 -0.5604790107077435 -0.5045507773906769 -0.6427832418745092 -0.13461610437027485
60718 33170.426112 -0.6595163086834197 -0.36576674406311216 -0.6565643012497782 0.01327576146428321
60718 33590.426112 -0.7248347622243876 -0.20828119585925822 -0.636765706554509 0.16050839815626358
60718 34010.426112 -0.7530874720054741 -0.04014466717765605 -0.5844047054474779 0.29953097578789084
60718 34430.426112 -0.74283534017343 0.13004472146780513 -0.5021637533496427 0.4232205011924455
60718 34850.426112 0.694626147213386 -0.2935645630976732 0.39426746375311217 -0.5252309300930859
60718 35270.426112 0.6109687646965373 -0.4420440660538494 0.2662585710584601 -0.6003503856662993
60718 35690.426112 0.496114833843907 -0.5679659806460534 0.12462263783499218 -0.6447898220411422
60718 36110.426112 0.3557166444102635 -0.6649955664263815 -0.023612359548252373 -0.6562690164858633
60718 36530.426112 0.1968709950138148 -0.7280196073639335 -0.17085263185650126 -0.6340651707858124
60718 36950.426112 0.027999211163513824 -0.7536373649610303 -0.30924851332828823 -0.5793203978051
60718 37370.426112 -0.14224833172618903 -0.7405944010462426 -0.4317123682570514 -0.4948835987926466
60718 37790.426112 -0.3048751029297474 -0.6897374430308205 -0.5318236702462806 -0.38532715328751105
60718 38210.426112 -0.45193077496833217 -0.6036955126636515 -0.6047488581298905 -0.2561037313607267
60718 38630.426112 -0.5759565881700898 -0.4868225709593019 -0.6467907937052798 -0.11375175658485195
60718 39050.426112 -0.6705326523536222 -0.34517585201868567 -0.6557890949182639 0.03435485842024304
60718 39470.426112 -0.7308798369526264 -0.18598370617679558 -0.6313354101195494 0.18066633582941263
60718 39890.426112 -0.7539606335745622 -0.017324629747631506 -0.5746981276404467 0.31775034588575507
60718 40310.426112 -0.7386055406529196 0.15225268417905846 -0.4887480084006156 0.4386414934334325
60718 40730.426112 0.6855785460553052 -0.31412153395733944 0.3778368615503471 -0.5371675950266971
60718 41150.426112 0.5975711835811262 -0.46000169966840543 0.24761085573248148 -0.608272949405987
60718 41570.426112 0.47901410143324646 -0.5824687784712445 0.10465329746114042 -0.6483234532737697
60718 41990.426112 0.33575761724777015 -0.675298264013824 -0.04390255526633765 -0.655218774701322
60718 42410.426112 0.17507435074886993 -0.7335685003314326 -0.19041206308580952 -0.6284659682614169
60718 42830.426112 0.005522535991005168 -0.7541365788959359 -0.32703507348485406 -0.5694695625563478
60718 43250.426112 -0.16410963223615616 -0.7360574039723441 -0.4467244686435301 -0.48137799677588383
60718 43670.426112 -0.32510211848792636 -0.6804363565243098 -0.5433872738172582 -0.3688431210257728
60718 44090.426112 -0.46945417359623887 -0.5901743625149737 -0.612272872609185 -0.23754774296973158
60718 44510.426112 -0.5900478189838361 -0.4696517478916321 -0.6499633446460514 -0.0939066431690072
60718 44930.426112 -0.6805793109937817 -0.3249263063724326 -0.6543983394016356 0.05474952294567705
60718 45350.426112 -0.7362105364968105 -0.16361428992196256 -0.625301482944682 0.20055539262655597
60718 45770.426112 -0.7541324791408925 0.00604231856018318 -0.5641918691045795 0.3360583716075371
60718 46190.426112 0.7334665783665523 -0.17532536219574285 0.4742408344198761 -0.45429442739145875
60718 46610.426112 0.6753414934402338 -0.33555672146117443 0.3601032332069679 -0.5492187317945653
60718 47030.426112 0.5828154232753118 -0.47855745615049144 0.2276608824320936 -0.6160190469177313
60718 47450.426112 0.4606743006542775 -0.5970811379927459 0.08369024488195888 -0.651359536877735
60718 47870.426112 0.3151869322811242 -0.6851414253275105 -0.06445698864256436 -0.6535164279760177
60718 48290.426112 0.15371138354230499 -0.7383376809051679 -0.20929870484479257 -0.6224341986711377
60718 48710.426112 -0.015631308279884872 -0.7539899306772035 -0.34353112374719263 -0.55967956337161
60718 49130.426112 -0.1843078065983722 -0.7312557713227817 -0.4603503471678073 -0.4683729146700305
60718 49550.426112 -0.34375894709305227 -0.6711984102909355 -0.5537722809299779 -0.3530704479137369
60718 49970.426112 -0.485827481581851 -0.5767647980506756 -0.618955368105585 -0.21956383619047884
60718 50390.426112 -0.6030878811156475 -0.4527736607171543 -0.6524531407583691 -0.07473900539052884
60718 50810.426112 -0.6894539076550531 -0.3056219475135562 -0.652522007463773 0.07391592651551043
60718 51230.426112 -0.740505949401978 -0.14285784877720878 -0.6191784554461962 0.21877068874574182
60718 51650.426112 -0.7536516234878786 0.027171365659080196 -0.5541599065557575 0.3523886281769314
60718 52070.426112 0.7282639104779084 -0.1957501756728641 0.4608327971964949 -0.4679173842117023
60718 52490.426112 0.6657091909273306 -0.3542536817068985 0.3440117547129241 -0.5594564457858372
60718 52910.426112 0.5692544794856925 -0.49459877590096146 0.20970117210606257 -0.6223719200607362
60718 53330.426112 0.4438283539477418 -0.6096982569731118 0.06472325399620818 -0.6535253079017904
60718 53750.426112 0.29588865063587444 -0.6936841725051817 -0.08347936300664456 -0.6513703794253217
60718 54170.426112 0.13292876350973332 -0.7423486650521632 -0.2274068038197438 -0.6160637539277353
60718 54590.426112 -0.03683765246627998 -0.7532377783301989 -0.35978677447542307 -0.5493899467314003
60718 55010.426112 -0.20483680129981888 -0.725759564974396 -0.47389769711616414 -0.4546822091850861
60718 55430.426112 -0.36251250180387196 -0.6612454485894389 -0.563887642507166 -0.33670442435964504
60718 55850.426112 -0.50184195081386 -0.5628716249531787 -0.6251251503138971 -0.20136716880101135
60718 56270.426112 -0.6155298801518262 -0.43569337488444465 -0.6543657226078327 -0.055675405683392985
60718 56690.426112 -0.6977118992338456 -0.2862436871481157 -0.6501059221879223 0.09287059368574554
60718 57110.426112 -0.7441857758805247 -0.12217372717617328 -0.6125809543991244 0.23665520419471306
60718 57530.426112 -0.7525910463845548 0.04810346653390497 -0.5437384309351424 0.36829511554378735
60718 57950.426112 0.7225412295999367 -0.215877061113178 0.4471296503653087 -0.48104713051586256
60718 58370.426112 0.6556258072931473 -0.37256671498561056 0.32772561577089 -0.569161457289257
60718 58790.426112 0.5553180161991774 -0.5101842229964919 0.19164989912812258 -0.6281753542238476
60718 59210.426112 0.4266995919794145 -0.6217962815246708 0.0457724158961358 -0.6551348933080307
60718 59630.426112 0.27641734928499057 -0.70165963937412 -0.10237315611478184 -0.6486809203258085
60718 60050.426112 0.11210098385139892 -0.7457651383478944 -0.2452698461736029 -0.6091883373821855
60718 60470.426112 -0.05794713355539895 -0.7518941092839238 -0.3756828917568314 -0.5386647779260052
60718 60890.426112 -0.22512353592898598 -0.7197126490553335 -0.48698538663380364 -0.4406567026220181
60718 61310.426112 -0.38088581681341194 -0.6508274524738878 -0.5734660015383948 -0.3201349195828145
60718 61730.426112 -0.5172080221021982 -0.5487836984368051 -0.630662865927986 -0.18329392718432524
60718 62150.426112 -0.6272107222946245 -0.418705279555578 -0.6556848779596505 -0.037012694119438576
60718 62570.426112 -0.7051618357554434 -0.2673653015251131 -0.6472427427899635 0.11108290975718789
60718 62990.426112 -0.7471507320643777 -0.10247187702332895 -0.605824227898585 0.25346065352646663
60718 63410.426112 -0.751084717734094 0.06763266332774438 -0.533553832746679 0.38290713913274227
60718 63830.426112 0.7167624456645952 -0.2343424865658653 0.4340817668020882 -0.49285719554959595
60718 64250.426112 0.6458902811051976 -0.38919801577466256 0.31241873465815007 -0.5777068318148183
60718 64670.426112 0.5420478379589407 -0.5242646750878899 0.1747477552344468 -0.6330828649233441
60718 65090.426112 0.41054528409497615 -0.6325824906815294 0.028128764560968477 -0.6561255480430568
60718 65510.426112 0.2581478682812246 -0.7085865827240054 -0.1198911714071575 -0.64567084486137
60718 65930.426112 0.09262633176858726 -0.7484324067769833 -0.2617623011721624 -0.6022871348735268
60718 66350.426112 -0.07762151779919016 -0.7501155256304101 -0.3902750515737034 -0.5281921831132174
60718 66770.426112 -0.24395008910979116 -0.7135487422427205 -0.4988845231841044 -0.4271425745515487
60718 67190.426112 -0.39783406122327447 -0.6406111142151933 -0.5820144577630878 -0.3043100902522016
60718 67610.426112 -0.5314282706253524 -0.5350365933952156 -0.6354351121692732 -0.16595799206610387
60718 68030.426112 -0.6379521197884324 -0.4021677903151856 -0.6564401022274214 -0.019093283586092257
60718 68450.426112 -0.7119512522855201 -0.2487457770834487 -0.6439414624098252 0.12880351603014029
60718 68870.426112 -0.7496177004088592 -0.08255657822797484 -0.5985462354131733 0.27018534138206
60718 69290.426112 -0.7489828537489066 0.08793902210296861 -0.5225310764139722 0.3978098633309298
60718 69710.426112 0.7100582342068146 -0.25394960365074243 0.41979384788641383 -0.5050742798019411
60718 70130.426112 0.6348221856189207 -0.40702085872399196 0.2955519456358204 -0.5865013730934328
60718 70550.426112 0.5271489492466535 -0.5392626443444325 0.15619741395351228 -0.6378966637293492
60718 70970.426112 0.3924278534429307 -0.6439955234007896 0.008728904256279757 -0.6566536011569581
60718 71390.426112 0.2374334311761542 -0.7158068135595337 -0.13936524235148312 -0.6417346029675959
60718 71810.426112 0.0700925704828781 -0.7508872891206366 -0.28043446936913635 -0.5938112654621963
60718 72230.426112 -0.10072038041275723 -0.7473715600954599 -0.4069755060347434 -0.5154241880410275
60718 72650.426112 -0.26613850135778366 -0.7055817325261675 -0.5124613212535677 -0.4107409293453144
60718 73070.426112 -0.41768926498085646 -0.627858304124731 -0.5915700729558742 -0.28526211918926503
60718 73490.426112 -0.5477229941370702 -0.5183599122529622 -0.6404182119622229 -0.14548895782750612
60718 73910.426112 -0.6498031882291686 -0.3827448080874311 -0.656703908195966 0.0014850621089581093
60718 74330.426112 -0.7189167212937732 -0.22785871824372433 -0.6397249122500629 0.1482942649301977
60718 74750.426112 -0.7516521995193269 -0.06139105740661669 -0.5903516125516599 0.2876370674755086
60718 75170.426112 -0.7462999105973932 0.10840220573346858 -0.51096955344517 0.4125475980859484
60718 75590.426112 0.7029553445310548 -0.2730128096414622 0.40542067273831445 -0.5166738502027302
60718 76010.426112 0.6236159601541003 -0.4240056059508215 0.2789351786682697 -0.5945734155381123
60718 76430.426112 0.5121795952945264 -0.5535154786532664 0.13791399707425447 -0.6420844231611472
60718 76850.426112 0.374312018856652 -0.6547045992184906 -0.010360226025464995 -0.6566163765992395
60718 77270.426112 0.21716025628270832 -0.7222257123080023 -0.15814737752825067 -0.6373545720816349
60718 77690.426112 0.04891866613924109 -0.7525699545714469 -0.2977296776591988 -0.5853225321311638
60718 78110.426112 -0.12175625490826154 -0.7442390011473454 -0.42193207723610476 -0.5032465059601923
60718 78530.426112 -0.2859926709529792 -0.6977765046437465 -0.5243288530963125 -0.39546857718286815
60718 78950.426112 -0.43535862164424355 -0.6157479946620541 -0.5997360060324342 -0.267645288951529
60718 79370.426112 -0.5622922228209772 -0.5025338798407599 -0.6444436517901305 -0.12641018722649688
60718 79790.426112 -0.6605017145234163 -0.3639911713707705 -0.6563570978303975 0.02105403532389559
60718 80210.426112 -0.7251668624099158 -0.2071319299849385 -0.6350015940135897 0.16733905952727524
60718 80630.426112 -0.7531095112775534 -0.03976630879609089 -0.5814815351201936 0.3051621356300312
60718 81050.426112 -0.7428808250935015 0.12979176970782366 -0.4984106461983925 0.42763185566630857
60718 81470.426112 0.6948465918771388 -0.29304388668870396 0.38983556676183717 -0.52852788490162
60718 81890.426112 0.611262807414169 -0.441638901905658 0.2611474744483892 -0.6025901237034514
60718 82310.426112 0.4962468018915264 -0.5678536131920526 0.1188570653367899 -0.6458748978066023
60718 82730.426112 0.3556354130906495 -0.6650419715006698 -0.029708346243260134 -0.6560183254009266
60718 83150.426112 0.19669321437916226 -0.7280702378685527 -0.17681521914949125 -0.6324253998886661
60718 83570.426112 0.027758339891091565 -0.7536482358248452 -0.3147326985200143 -0.5763567815918357
60718 83990.426112 -0.14231612464492505 -0.7405830974253241 -0.43627653043689696 -0.49086208395424713
60718 84410.426112 -0.30508409209694615 -0.6896451292993218 -0.5354510789102475 -0.38027021245024695
60718 84830.426112 -0.45193860010754566 -0.6036877568511405 -0.6070779082550151 -0.2505374368624088
60718 85250.426112 -0.5757620186275583 -0.48704829729389554 -0.6477674330878453 -0.1080713034982932
60718 85670.426112 -0.670271618586176 -0.34567344114846316 -0.6554812024075659 0.03987759637665571
60718 86090.426112 -0.7306955842547589 -0.1866866046509719 -0.6298380633351455 0.18583887851771344
