CIC_AEM_VERS = 1.0
CREATION_DATE = 2024-12-08T21:18:59.628Z
ORIGINATOR = CS Group

META_START
OBJECT_NAME = PLEIADES1B
OBJECT_ID = PLEIADES1B
CENTER_NAME = null
REF_FRAME_A = EME2000
REF_FRAME_B = SC_BODY_1
ATTITUDE_DIR = A2B
TIME_SYSTEM = UTC
START_TIME = 2024-12-08T13:03:08.638272
STOP_TIME = 2024-12-10T22:59:60.0
ATTITUDE_TYPE = QUATERNION
QUATERNION_TYPE = LAST
META_STOP

60652 46988.638272 -0.6691707661386721 -0.351225155702015 -0.305557250973551 -0.5792116557226419
60652 47588.638272 -0.7454925140173985 -0.1241858787742861 -0.47145882448137844 -0.45447261289951696
60652 48188.638272 -0.7469447146885589 0.11534259496222282 -0.5900070565725588 -0.28400942269719365
60652 48788.638272 -0.6733058694399201 0.3433464501312393 -0.6492782981648935 -0.08491238362058365
60652 49388.638272 -0.5318801592125578 0.536913228492474 -0.6432313140318628 0.12280536614763903
60652 49988.638272 0.33705880345679895 -0.6764113270331201 0.5724699514988826 -0.3180208079739932
60652 50588.638272 0.10831079555512312 -0.7479626871033118 0.4440629808107027 -0.48127815173860017
60652 51188.638272 -0.13126044958232383 -0.7443111124641368 0.2709889940371895 -0.596101188850146
60652 51788.638272 -0.3574915276774898 -0.6658988157810014 0.07078759186179896 -0.6509744170231897
60652 52388.638272 -0.5478011322206735 -0.5206546332720502 -0.1364632194484284 -0.640476745969645
60652 52988.638272 -0.683186511420295 -0.3231005820473926 -0.3300353098168013 -0.565631416001738
60652 53588.638272 -0.7500119295072086 -0.09302629632874303 -0.49049433638333356 -0.4338703951229031
60652 54188.638272 -0.7414898758252229 0.14632136445051563 -0.6016313101132764 -0.2585006557930125
60652 54788.638272 -0.6584579292135617 0.370996065226859 -0.6523297169641848 -0.05710530104467337
60652 55388.638272 -0.5091792348178172 0.5584662452616748 -0.6374357882320204 0.1500918905693843
60652 55988.638272 0.308918662931976 -0.6897091510260567 0.5584988861636996 -0.34197886021966795
60652 56588.638272 0.07739660863840751 -0.7517840692220213 0.42327134119116433 -0.49967174220830746
60652 57188.638272 -0.16246639278838895 -0.7381178158805027 0.24494404608525003 -0.6072801457165482
60652 57788.638272 -0.3857216761555262 -0.6499357131372474 0.042022516039484516 -0.65348027168252
60652 58388.638272 -0.56985349440847 -0.4963993883978625 -0.1648494726019117 -0.6337817396324664
60652 58988.638272 -0.6967624452538062 -0.2926537774698158 -0.35529845802603643 -0.5501262283702761
60652 59588.638272 -0.7534155719446228 -0.059439065010662887 -0.5098648818182185 -0.4109376787184512
60652 60188.638272 -0.7341324582418446 0.17961066058529523 -0.6129579169146776 -0.23037390575219083
60652 60788.638272 -0.640944238658473 0.4004737780950256 -0.6542930710270354 -0.02667982748852112
60652 61388.638272 -0.4833390641417275 0.5809635982668795 -0.6297788831863139 0.17956392971863233
60652 61988.638272 0.27725951711930935 -0.7030293627553248 0.5419617447738192 -0.3676334349216987
60652 62588.638272 0.04316418291021959 -0.7545246550629856 0.3995236211018381 -0.5188547719713587
60652 63188.638272 -0.19583567083618594 -0.7299704424459351 0.2163613286929711 -0.6180447545523214
60652 63788.638272 -0.4152407488186129 -0.6314737173785164 0.01110418871485108 -0.6547463339139061
60652 64388.638272 -0.5925029954214011 -0.46912061829950014 -0.195125704682819 -0.6251335899429779
60652 64988.638272 -0.709688698076433 -0.25975919777995476 -0.3812447757657878 -0.5324655218345937
60652 65588.638272 -0.7553572731845241 -0.02492537898942516 -0.5285694576846377 -0.38655975441378
60652 66188.638272 -0.7254775635359998 0.21190563060250076 -0.6227818759291706 -0.20228950427288425
60652 66788.638272 -0.6232493500939742 0.4274962464391414 -0.6548304362570802 0.002075244382199773
60652 67388.638272 -0.458608854815445 0.6006817799396191 -0.621470334630057 0.20647987966928433
60652 67988.638272 0.24761427808590955 -0.7140216612061095 0.5256469933557788 -0.3905835057865237
60652 68588.638272 0.011192334649076681 -0.7556892524353066 0.37656597367243355 -0.5357299253084549
60652 69188.638272 -0.22667909442429623 -0.7209987565412982 0.1891537131152468 -0.6268957281969607
60652 69788.638272 -0.4416274581705871 -0.61331479753959 -0.017425748342053266 -0.6546040716368005
60652 70388.638272 -0.6117256277734016 -0.44377083732298694 -0.22198304133219185 -0.6161028563704305
60652 70988.638272 -0.7201529569626722 -0.22918954874887476 -0.4042532993629524 -0.5152000963474037
60652 71588.638272 -0.755734695231253 0.008314885052788462 -0.5454772619337743 -0.36228509467478315
60652 72188.638272 -0.7150985958191154 0.24467465954115505 -0.6315367988279318 -0.17300167907311687
60652 72788.638272 -0.6026772970116379 0.4560434709009475 -0.6539829059682641 0.03332847156212424
60652 73388.638272 0.43001469435206013 -0.6214797203997172 0.6108516228290612 -0.23603096123241138
60652 73988.638272 0.2144520407747281 -0.7246868255716603 0.5065939684206732 -0.41497214148689343
60652 74588.638272 -0.022643463020069424 -0.7554489624224088 0.3515437245498671 -0.5524501321268482
60652 75188.638272 -0.2577418145007107 -0.7104984376640018 0.1610202843431799 -0.634691732390564
60652 75788.638272 -0.4673090444596724 -0.5939869597269041 -0.04602133702830225 -0.6532103682418892
60652 76388.638272 -0.6299603900722595 -0.4174961180502817 -0.24856034334351956 -0.605858608975645
60652 76988.638272 -0.7291615100729186 -0.19872712472338303 -0.4261230900642728 -0.4972425306039636
60652 77588.638272 -0.7547319357842374 0.040054873657509274 -0.5606061170281247 -0.3383727142579724
60652 78188.638272 -0.7040751174782861 0.27481171837677365 -0.638477220411341 -0.14527073830111306
60652 78788.638272 -0.5824546249875554 0.4816087968159575 -0.651860381795162 0.06227053320758814
60652 79388.638272 0.4023153185555257 -0.6397655454223329 0.5995851447751482 -0.26332505674735074
60652 79988.638272 0.18198271181832068 -0.7335261703635146 0.48709369413100634 -0.4376772590949818
60652 80588.638272 -0.05644824961689473 -0.7536891726452433 0.32576670953741904 -0.5680160887771406
60652 81188.638272 -0.28909177032789335 -0.698336366780823 0.13185322742509267 -0.6413789781226316
60652 81788.638272 -0.4928683289959126 -0.5729589509154818 -0.07535269281062977 -0.6504773804866655
60652 82388.638272 -0.6473749088315253 -0.3899556773244763 -0.27514418879608527 -0.5942524484674232
60652 82988.638272 -0.7370010705096356 -0.16736439405473155 -0.4475583640529058 -0.4780272925645881
60652 83588.638272 -0.7523490978328135 0.07215082790103838 -0.5748734053150002 -0.3135054399605882
60652 84188.638272 -0.6918323277886651 0.30432179706394924 -0.6441869000683008 -0.11738616544839757
60652 84788.638272 -0.561593232514346 0.5057754471879887 -0.6485458270307606 0.09051269776591833
60652 85388.638272 0.37489374286138 -0.6562124836801047 0.5875704136054106 -0.2891381449780375
60652 85988.638272 0.15067529229521798 -0.7405975343692693 0.4675274086194721 -0.458508855495148
60653 188.638272 -0.08871863662763478 -0.7505794368003664 0.30041189540054364 -0.5818180176560632
60653 788.638272 -0.31904282680153606 -0.6851691443459286 0.10319721523225046 -0.6466105884309826
60653 1388.638272 -0.5173179013466179 -0.5509776603937866 -0.10433625297845749 -0.6464671321944647
60653 1988.638272 -0.6637189909094182 -0.3614351319378235 -0.30140491141913833 -0.5813749443170846
60653 2588.638272 -0.7435150078045727 -0.13553507156775607 -0.46822611902526057 -0.4577990596397419
60653 3188.638272 -0.7486074245472222 0.1040133730034622 -0.5880030075662059 -0.28813296451866455
60653 3788.638272 -0.6784026185141527 0.3331684184679843 -0.6486725264442862 -0.0894015971058116
60653 4388.638272 -0.5398689015746946 0.5288872620847923 -0.6440508911096384 0.11839882929263153
60653 4988.638272 0.3470188571689104 -0.6713629639566889 0.5745616356958689 -0.31421109175673706
60653 5588.638272 0.11926085408669018 -0.7462967093505065 0.44719197953276935 -0.47836952634619406
60653 6188.638272 -0.12059281689121412 -0.7461166559171186 0.2746678139460067 -0.5944113897457046
60653 6788.638272 -0.34880097904263685 -0.670496445610715 0.07394908202759853 -0.6506181112677166
60653 7388.638272 -0.5413755400665565 -0.5273395836581963 -0.13382528845310532 -0.6410275191403936
60653 7988.638272 -0.6791277571461412 -0.3315676824541726 -0.32761012731419775 -0.5670273061385988
60653 8588.638272 -0.748700768045085 -0.10312853642169421 -0.48816646585435314 -0.43646897543753294
60653 9188.638272 -0.7435825574044107 0.1353450722718177 -0.5998895683340459 -0.2624865663984438
60653 9788.638272 -0.6642817274602599 0.3604909180219362 -0.6518525000311114 -0.06216432087061281
60653 10388.638272 -0.5182418658239631 0.5500838424657113 -0.6386307042743709 0.1448584078453069
60653 10988.638272 0.31961187186477286 -0.6848257412236288 0.561012694288383 -0.33782645303157166
60653 11588.638272 0.08823101100497067 -0.750594452315102 0.42639792534607396 -0.4969990604733541
60653 12188.638272 -0.1521671681375546 -0.7403175471021627 0.2484491748906486 -0.6058449388166828
60653 12788.638272 -0.37683163163888006 -0.655139896242408 0.04559053693419172 -0.6532313071875218
60653 13388.638272 -0.5631727200053559 -0.5039762655518361 -0.16155694640284352 -0.6346209611029116
60653 13988.638272 -0.6925776698499223 -0.30244529233891587 -0.3520350656145283 -0.5522085918790602
60653 14588.638272 -0.7524173997410817 -0.07106634986891086 -0.5068576466503667 -0.41462387354713537
60653 15188.638272 -0.7370742709725627 0.1671736842570332 -0.6109098105319563 -0.23571949804376438
60653 15788.638272 -0.6480810664546667 0.38884198027060507 -0.653982983213766 -0.033152727625933597
60653 16388.638272 -0.4939483727174016 0.571984587886938 -0.6315694348039514 0.17311465949207822
60653 16988.638272 0.28978526625064127 -0.6979661934007814 0.5454979717600245 -0.3623529427772978
60653 17588.638272 0.056025990989799754 -0.7536851285230273 0.40411266964626175 -0.5152793083447172
60653 18188.638272 -0.18345317049552395 -0.7331895631239762 0.2217579971502298 -0.6161179996243673
60653 18788.638272 -0.40445828587635957 -0.6384446852041895 0.01686069344104936 -0.6546125540632164
60653 19388.638272 -0.5841281673726532 -0.47951803150168576 -0.18920324808174827 -0.6269440744292352
60653 19988.638272 -0.7050464006698934 -0.27211019583992657 -0.3763030525717997 -0.5359679345329629
60653 20588.638272 -0.7548436632178016 -0.03732639392212893 -0.5253753796002414 -0.39089448055274756
60653 21188.638272 -0.7285405085285932 0.20111736664931756 -0.621425638387603 -0.20642361352205513
60653 21788.638272 -0.628970180484961 0.4190335645212178 -0.6548323410313973 -0.0014103207783174728
60653 22388.638272 -0.4663317025347762 0.5947075557208599 -0.6224379989091193 0.2035401775904413
60653 22988.638272 0.25702173408510376 -0.710691772443885 0.5275958115871213 -0.3879428983551341
60653 23588.638272 0.0219441687282133 -0.7554552879975408 0.3797938296942331 -0.5334439129107843
60653 24188.638272 -0.2153540478353286 -0.7244654138144756 0.19383698025672363 -0.6254596096891581
60653 24788.638272 -0.43119971518345834 -0.620694964131924 -0.011729490794278475 -0.6547266499636936
60653 25388.638272 -0.6039205284488517 -0.4543385497208055 -0.21632154478316504 -0.6181112091026015
60653 25988.638272 -0.7157713772317525 -0.24252436894375984 -0.39889361283605057 -0.5193622547343948
60653 26588.638272 -0.7557534547562277 -0.006093901464299668 -0.54151168499869 -0.3681910848986562
60653 27188.638272 -0.7196894178742952 0.23081874144388034 -0.6295749801272998 -0.18001442940978732
60653 27788.638272 -0.6112278518732445 0.44451941399945577 -0.6543034599528905 0.026267583932971118
60653 28388.638272 0.441217169909662 -0.6135787133191215 0.6131669507593139 -0.22994534575651848
60653 28988.638272 0.22688808455276763 -0.7208898237719453 0.5103124131034875 -0.4103911550003547
60653 29588.638272 -0.010303539915248489 -0.7557165391539419 0.3560321086840249 -0.5495702749425321
60653 30188.638272 -0.24647633565936455 -0.7144845402976125 0.16585568993063096 -0.6334454575993704
60653 30788.638272 -0.4577467962928154 -0.6013878418289194 -0.04092014691067334 -0.6535488319634788
60653 31388.638272 -0.622957923930742 -0.42787437962728925 -0.24348070259094184 -0.6079178297568542
60653 31988.638272 -0.725577138090778 -0.21143121355174463 -0.42149648220467395 -0.5011739958388879
60653 32588.638272 -0.7553195958804751 0.02669083980434555 -0.5573649480649175 -0.3436920450317206
60653 33188.638272 -0.7088863484136069 0.2621472654871318 -0.6370331015659272 -0.15148525914998068
60653 33788.638272 -0.590886340317454 0.4712264553572438 -0.6524229345349475 0.05606491853647075
60653 34388.638272 0.41359554806910465 -0.6325320631178084 0.6020713134907435 -0.2575889074026222
60653 34988.638272 0.19517396136681842 -0.7301246629950932 0.49138045219122733 -0.4328629719611395
60653 35588.638272 -0.042463093401053364 -0.7546026896176441 0.3316428314076269 -0.5646102185548569
60653 36188.638272 -0.2757653712901391 -0.7037033628931223 0.13880070740666264 -0.639913588442637
60653 36788.638272 -0.48175109291563784 -0.5823369083819673 -0.06814442504273086 -0.6512725596448207
60653 37388.638272 -0.6398627689636458 -0.40216415160817265 -0.26871264871603895 -0.5971876961856007
60653 37988.638272 -0.7337592904274489 -0.18104968821980752 -0.4425437453642169 -0.4826731270186151
60653 38588.638272 -0.7535322426097543 0.058531122391446325 -0.5717334453774663 -0.3191929424281242
60653 39188.638272 -0.6971089473623292 0.2920409771599208 -0.64303671771131 -0.12351098267736697
60653 39788.638272 -0.5701141634582165 0.4961581646038188 -0.6493143977031492 0.08478047686056193
60653 40388.638272 0.3855734104608458 -0.6499978987555202 0.5899119435910747 -0.28432336444197
60653 40988.638272 0.1617459161400355 -0.7382587081045029 0.47063477475209214 -0.45531884137814743
60653 41588.638272 -0.07832746765799978 -0.7517346634134614 0.3037053291701303 -0.5801059184895442
60653 42188.638272 -0.31015866605174297 -0.6892373982887084 0.10628190940859962 -0.646109562230492
60653 42788.638272 -0.510321076008783 -0.5574665536050212 -0.10144659589010342 -0.6469250568460678
60653 43388.638272 -0.6589598787435841 -0.37004484234638174 -0.29857663605536017 -0.5828298939321382
60653 43988.638272 -0.7415504620492522 -0.14593180809093903 -0.46554098155257967 -0.46051972174588846
60653 44588.638272 -0.7501023430194742 0.09269416620053353 -0.5859806100884312 -0.29220025864032523
60653 45188.638272 -0.683636080113425 0.3223192654920985 -0.6479461005679907 -0.09443437837207373
60653 45788.638272 -0.548352472388983 0.5201022150525029 -0.6449628423283377 0.11325274362293145
60653 46388.638272 0.35748046263704697 -0.6658596037115232 0.5768814793091465 -0.3099136425006601
60653 46988.638272 0.1301929895248628 -0.7444749437622624 0.45027715806230123 -0.4754548606504016
60653 47588.638272 -0.11016191596172836 -0.7477355071405725 0.27810194020609574 -0.5928028968269953
60653 48188.638272 -0.33917823245179596 -0.675425312328331 0.07794352961664068 -0.650141200269566
60653 48788.638272 -0.533690203062196 -0.5351281921562031 -0.129775266222492 -0.6418496439135472
60653 49388.638272 -0.6742924051854706 -0.34130012147240146 -0.32408296095838973 -0.5690467588946975
60653 49988.638272 -0.747177009554761 -0.11364781179187472 -0.48558461891209104 -0.43933844487333734
60653 50588.638272 -0.7453580561200503 0.12520796542312956 -0.5984489042294917 -0.26575033884844074
60653 51188.638272 -0.6689860177297415 0.3516899471609937 -0.6515284079054819 -0.06544175150580357
60653 51788.638272 -0.5253490341573167 0.5433039292325743 -0.6393180501728225 0.14178033542646543
60653 52388.638272 0.3285566016859624 -0.680585658608493 0.5626618636701429 -0.33506021541844877
60653 52988.638272 0.09832332423220995 -0.7493461239545621 0.4290091649271582 -0.4947363407257486
60653 53588.638272 -0.1418429129662111 -0.7423705344795961 0.2519346430094872 -0.604396817686378
60653 54188.638272 -0.36773888077893185 -0.660295195102827 0.049299921940778646 -0.6529532055087955
60653 54788.638272 -0.5562669750175618 -0.5115999618210213 -0.15808782568145904 -0.6354846740408847
60653 55388.638272 -0.6883448745307297 -0.31196662221173943 -0.3489166874430843 -0.5541798494683986
60653 55988.638272 -0.7514381280452614 -0.08075247000984205 -0.5048896249216552 -0.41702067688978345
60653 56588.638272 -0.7389327208052541 0.1587528349493535 -0.6101375930948624 -0.2377143012342672
60653 57188.638272 -0.6519138702663194 0.38237997090236814 -0.6539234972838514 -0.03432088733044862
60653 57788.638272 -0.4991945139379345 0.5674115493836507 -0.6317513916583342 0.17245042771205976
60653 58388.638272 0.29621722892267244 -0.695263482487756 0.5458851551128597 -0.36176434406361807
60653 58988.638272 0.06352991184136046 -0.7530895612997007 0.40504512660113734 -0.5145468961907378
60653 59588.638272 -0.17543067591150477 -0.7351491377137368 0.22347744486062096 -0.6154978918782339
60653 60188.638272 -0.3966127812275574 -0.6433489939678004 0.01955951958992305 -0.6545363236070038
60653 60788.638272 -0.5779396548525079 -0.486964581858935 -0.18625488445376617 -0.6278219248967265
60653 61388.638272 -0.7012818625273715 -0.2816743613580227 -0.37335629694167066 -0.5380226565654035
60653 61988.638272 -0.7542560525222594 -0.04778177800493068 -0.5231201448731058 -0.39390357062632375
60653 62588.638272 -0.7311631988659786 0.19137651792765503 -0.6203331764742962 -0.20967154116680956
60653 63188.638272 -0.6342706264952168 0.4109733561546059 -0.6548143948236563 -0.004447609258183123
60653 63788.638272 -0.47348196338332316 0.5890331347942206 -0.6232341710639361 0.20108198448248787
60653 64388.638272 0.26515055472482496 -0.707696273248822 0.5288869459821764 -0.3861861811723621
60653 64988.638272 0.03013313457083423 -0.7551693157829538 0.38124138428384546 -0.5324155384755207
60653 65588.638272 -0.20783159766376882 -0.7266556954345174 0.19524069529579993 -0.6250268779864717
60653 66188.638272 -0.4248768261659248 -0.6250385318345199 -0.010394524110434325 -0.6547506931480378
60653 66788.638272 -0.5992251001122297 -0.46051440723421116 -0.2149877632663671 -0.6185758011520787
60653 67388.638272 -0.7132858754019341 -0.24974400685410897 -0.39785586680143226 -0.5201556500166392
60653 67988.638272 -0.7556509507342678 -0.014001077442678183 -0.5406410603547138 -0.3694629268862737
60653 68588.638272 -0.7221420150966051 0.22304043615734406 -0.6290864328169746 -0.18169791940627786
60653 69188.638272 -0.6161222020245072 0.43771754894981807 -0.654373747476471 0.024326490240798505
60653 69788.638272 0.4481370476108551 -0.6085449275137219 0.6138965791264781 -0.22798519226641217
60653 70388.638272 0.2350169517002116 -0.7182807857285681 0.5116099756464755 -0.4087725260896382
60653 70988.638272 -0.0017654270010902292 -0.755784953685809 0.35777252144777316 -0.5484385197508886
60653 71588.638272 -0.23837289386228747 -0.7172300032081941 0.16787967741862586 -0.632910657106918
60653 72188.638272 -0.45100622722503286 -0.6064625447509704 -0.038929908121585734 -0.6536673672993506
60653 72788.638272 -0.6182689764138928 -0.43462656092342006 -0.24180319626277186 -0.6085839626716312
60653 73388.638272 -0.7232863762498402 -0.21914648157323968 -0.42022639441394566 -0.5022364134382328
60653 73988.638272 -0.755566289482086 0.018538228179996903 -0.5564421931088785 -0.3451782177693149
60653 74588.638272 -0.7115400831599347 0.25486828932927663 -0.6367053532341316 -0.1528370318807623
60653 75188.638272 -0.5955379284295871 0.4653406087813792 -0.6525177129525243 0.05489378748072059
60653 75788.638272 0.4200709957466741 -0.6282546620244998 0.6026159772939588 -0.25630142817964585
60653 76388.638272 0.20227085444005563 -0.7281937895208037 0.49206858777015233 -0.4320750065408889
60653 76988.638272 -0.036060728792952565 -0.7549407356433714 0.33183502351911626 -0.5644905904186834
60653 77588.638272 -0.2708512576623008 -0.7056155118017475 0.13805473729174925 -0.6400681489019854
60653 78188.638272 -0.4784059732780454 -0.5850954188657698 -0.06971011408157754 -0.6511002807163494
60653 78788.638272 -0.6376589865556249 -0.4056564679923954 -0.2703110942270942 -0.5964610290526439
60653 79388.638272 -0.7326349782050631 -0.185561030874372 -0.443502299718637 -0.48178709268263664
60653 79988.638272 -0.7539381640092866 0.05309670032014505 -0.5720277981244801 -0.3186568427607943
60653 80588.638272 -0.6995053100815211 0.286264228753676 -0.643016077702791 -0.12359383609038238
60653 81188.638272 -0.5748606150985647 0.49065690034269577 -0.6494334586859413 0.08382876650538049
60653 81788.638272 0.39246183333549745 -0.6458660805588509 0.5906109846625861 -0.2828592939155061
60653 82388.638272 0.1705949691060755 -0.7362688234754645 0.4723805395318361 -0.4534999470400894
60653 82988.638272 -0.06845420493222945 -0.7527035379163328 0.30658490728327037 -0.578581973847648
60653 83588.638272 -0.300688291918844 -0.6934290004305124 0.1098618745368063 -0.6455022393362609
60653 84188.638272 -0.5027493724841291 -0.5643146623051052 -0.09798535682745466 -0.6474495348841374
60653 84788.638272 -0.6542005411057932 -0.37840684245192624 -0.2959093474114643 -0.5841811120850896
60653 85388.638272 -0.7398242390650243 -0.15445246532998066 -0.4639977657626871 -0.46207207729160976
60653 85988.638272 -0.7509704701119948 0.08538037265283116 -0.5855143610949187 -0.2931321850923951
60654 188.638272 -0.6862363807547649 0.3167477326084673 -0.6479465037488623 -0.09442368291706148
60654 788.638272 -0.5524577429859465 0.515742336045731 -0.6449348874163509 0.11339874786885709
60654 1388.638272 0.36294979791761944 -0.6629001568210576 0.5769011444052129 -0.309864318472024
60654 1988.638272 0.13688024534877624 -0.7432794275732749 0.45067375806757787 -0.4750712102083748
60654 2588.638272 -0.10324437973885049 -0.7487272783558455 0.2787514070493888 -0.5924911085967235
60654 3188.638272 -0.33288783593799465 -0.6785542734810667 0.0786813031668949 -0.6500454131497735
60654 3788.638272 -0.5286898844415787 -0.5400778443368096 -0.12903713200456873 -0.6419909241645791
60654 4388.638272 -0.671108074692824 -0.3475355956757536 -0.3234509142720323 -0.5693965822491179
60654 4988.638272 -0.7461074886790244 -0.12050309538181446 -0.4851307297275742 -0.43983041551769936
60654 5588.638272 -0.7464687634940028 0.11843443302659236 -0.5981963359446387 -0.26630586524485883
60654 6188.638272 -0.6721323857450051 0.3456501225831937 -0.6514654455349266 -0.06600622747082638
60654 6788.638272 -0.530223109216294 0.5385587772157706 -0.6394317732937298 0.14122643250927222
60654 7388.638272 0.33470980052937327 -0.6775867042951739 0.5629642099991907 -0.3345398419500716
60654 7988.638272 0.1051802245991838 -0.7484164427073564 0.42951309034230417 -0.4942959173037293
60654 8588.638272 -0.1350472282144675 -0.7436405952021699 0.2525407380967109 -0.6041391287779004
60654 9188.638272 -0.36150670601184126 -0.6637324276208064 0.050122086856123696 -0.6528858571314332
60654 9788.638272 -0.5513039545094113 -0.516951085577835 -0.15713470276206873 -0.635715510311066
60654 10388.638272 -0.6854078936635009 -0.31839195471030934 -0.34825024368952345 -0.5545848449513375
60654 10988.638272 -0.7506029631874978 -0.08829530101232912 -0.5040919554998438 -0.417959844810041
60654 11588.638272 -0.7406875027945018 0.15042067200319134 -0.6093798570701663 -0.23960766773059872
60654 12188.638272 -0.6566738042572365 0.37417682318626777 -0.6537486625322686 -0.037200887487142655
60654 12788.638272 -0.5066725712602295 0.5607615095748956 -0.6326066330818528 0.16922849255569808
60654 13388.638272 0.3054606449413771 -0.6912595662834334 0.5477432273550724 -0.3589308614486735
60654 13988.638272 0.07318015362850536 -0.7522198433832282 0.4074369411749249 -0.5126452099663478
60654 14588.638272 -0.1665738045846809 -0.7372161083651583 0.22585293719671748 -0.6146186036500452
60654 15188.638272 -0.38950150943241857 -0.6476900269513066 0.02141811007095023 -0.6544673159896313
60654 15788.638272 -0.5730711927560078 -0.49269410449094947 -0.18515192834569769 -0.6281406616856908
60654 16388.638272 -0.6986483285621305 -0.2881578735118223 -0.3727807504833708 -0.5384143989526476
60654 16988.638272 -0.7537598705607005 -0.05511764573656703 -0.5225107826917298 -0.3947031601490547
60654 17588.638272 -0.7332974613050367 0.18304669150144443 -0.6196560140090542 -0.21164868597837774
60654 18188.638272 -0.6395309781322351 0.4027496069203004 -0.654779267136852 -0.007549401466147941
60654 18788.638272 -0.4817193853694449 0.5823233448493997 -0.6243982822341163 0.1974151487241448
60654 19388.638272 0.27539233180297834 -0.7037792605016675 0.5313146378505379 -0.382829690172531
60654 19988.638272 0.04103648376783971 -0.7546610287623867 0.38456301947151306 -0.5300132288181313
60654 20588.638272 -0.1977125753469072 -0.7294818607382296 0.19880531324825804 -0.6238929393957312
60654 21188.638272 -0.4166153782311538 -0.6305840870974102 -0.0071470365923491 -0.6547856562179611
60654 21788.638272 -0.5931572486201925 -0.4683118658521613 -0.21197813667396 -0.6196077342025569
60654 22388.638272 -0.7098906856577534 -0.2592381362720366 -0.3951837448328144 -0.5221882906945338
60654 22988.638272 -0.7554044304079839 -0.02375104173920697 -0.538901626250903 -0.37200144053541506
60654 23588.638272 -0.7247287400710882 0.21447818758557838 -0.628424309280221 -0.1839843685497646
60654 24188.638272 -0.6209748939767336 0.4308033669711843 -0.6544447247981915 0.02237727062657825
60654 24788.638272 -0.45469924259384215 0.6036577337185464 -0.6144936693216049 0.2263702049079014
60654 25388.638272 0.24281179855000404 -0.7156836048565347 0.5127013758139997 -0.40740239010454965
60654 25988.638272 0.006472607744822382 -0.7557589114471428 0.359256246552177 -0.5474682844060036
60654 26588.638272 -0.23033496865744446 -0.7198521174767861 0.16977297548751963 -0.6324048291813366
60654 27188.638272 -0.4437724935682521 -0.6117763463017803 -0.0365283363499739 -0.6538052895942055
60654 27788.638272 -0.6126940608828161 -0.44244946485039544 -0.23906035405493548 -0.6096676192251412
60654 28388.638272 -0.7203015086357322 -0.22876117188464956 -0.41765373417602636 -0.5043802347672549
60654 28988.638272 -0.7557477300554235 0.008148880338868276 -0.5545209288119104 -0.34826068364785834
60654 29588.638272 -0.7151798999770581 0.24446489643846306 -0.6357171290503411 -0.15690238019268127
60654 30188.638272 -0.6024577149366365 0.4563471325059761 -0.6528764781054962 0.05044106168057069
60654 30788.638272 0.4290138139689525 -0.6221826413178252 0.6041698200589541 -0.2526157888900027
60654 31388.638272 0.2122956603094464 -0.7253340303906154 0.49448096995254215 -0.42931301788540616
60654 31988.638272 -0.025729439589949544 -0.75536124747179 0.3349336830037262 -0.5626604746610585
60654 32588.638272 -0.26147901915458954 -0.7091408435951391 0.14129592893899995 -0.6393617496788446
60654 33188.638272 -0.47052136918092696 -0.5914542281336517 -0.06631317155010381 -0.6514553710315839
60654 33788.638272 -0.6319197635604383 -0.4145404528092035 -0.26684280647096353 -0.5980205197492474
60654 34388.638272 -0.7297912942752359 -0.1964405920876358 -0.440269011043911 -0.4847462826002401
60654 34988.638272 -0.7546859246416618 0.04107917204503766 -0.5695424676413263 -0.3230836336382312
60654 35588.638272 -0.7041846077364239 0.2745499766806902 -0.6419413135314307 -0.1290647066911501
60654 36188.638272 -0.583047214008996 0.48090159020674156 -0.6501351914022772 0.07819104599185049
60654 36788.638272 0.4029418103816509 -0.6393812552935709 0.5928902414164019 -0.2780479625150592
60654 37388.638272 0.1817891598000636 -0.7335830994260247 0.47557121080358494 -0.45015615187455355
60654 37988.638272 -0.057803960607535475 -0.7535939182862831 0.3100365648622702 -0.5767427822768246
60654 38588.638272 -0.29111492384947324 -0.6975010167693094 0.11347744198778442 -0.6448777425821145
60654 39188.638272 -0.49484689368332 -0.5712565773002063 -0.09425874736644588 -0.6480029037343359
60654 39788.638272 -0.6486838482983218 -0.3877892019473821 -0.29225986435857604 -0.586014480618866
60654 40388.638272 -0.7373916680573315 -0.165688372718382 -0.4607284020082463 -0.4653280892107082
60654 40988.638272 -0.7522841997546498 0.07295124458749205 -0.5830356815085418 -0.2980201214691925
60654 41588.638272 -0.6917927256837365 0.3044379292854867 -0.6469922719689465 -0.10070437883176915
60654 42188.638272 -0.5617079638169566 0.5056633076517152 -0.6460204998821486 0.10698736566227861
60654 42788.638272 0.37495106976754883 -0.6561910020569975 0.5799718425144612 -0.3040686205283032
60654 43388.638272 0.15028164530272034 -0.7406872786388113 0.4553481269807725 -0.47059097484210366
60654 43988.638272 -0.08956004106561377 -0.7504881933496618 0.2847157298529352 -0.5896468636916478
60654 44588.638272 -0.3202909409579214 -0.6845937290608057 0.08539247010700567 -0.6491943201537838
60654 45188.638272 -0.5184929642093113 -0.5498796844449565 -0.1222515357821365 -0.6433132523888077
60654 45788.638272 -0.6644286177742966 -0.36014573038291386 -0.3173271045721642 -0.5728290962174861
60654 46388.638272 -0.7436995804170886 -0.1345946600618483 -0.48036915565406446 -0.44501762422007857
60654 46988.638272 -0.7485700148119913 0.10438970957111812 -0.5953254636062177 -0.2726413648771491
60654 47588.638272 -0.6784383339548373 0.33312551200753443 -0.6507334603437765 -0.07276526547273195
60654 48188.638272 -0.5399978120750257 0.5287712209929019 -0.6408177507811116 0.1347440873942086
60654 48788.638272 0.34697205601517705 -0.6713980901769123 0.5662712333373049 -0.32889494849578194
60654 49388.638272 0.1187743116555571 -0.7463886927158121 0.43442868004649104 -0.4899676563098762
60654 49988.638272 -0.12133837537724966 -0.7460089058673486 0.25870730051083707 -0.601513294690821
60654 50588.638272 -0.34915460532379883 -0.6703249569815962 0.05688691542976919 -0.6523184747358378
60654 51188.638272 -0.5418212224363259 -0.5268959184915847 -0.1507574647854903 -0.6372461383217369
60654 51788.638272 -0.6796058661908098 -0.33060153068549863 -0.34284492802498145 -0.5579389302378801
60654 52388.638272 -0.7489157719171435 -0.10159610399243342 -0.5000684940082164 -0.42277050456206405
60654 52988.638272 -0.7432478940721465 0.1371989012775612 -0.6070388754884586 -0.24548489381478636
60654 53588.638272 -0.6633530290347929 0.36220253072195085 -0.6533456524235147 -0.043721208449347286
60654 54188.638272 -0.5170026054441174 0.5512520273274402 -0.6343335508940458 0.16263595709907605
60654 54788.638272 0.31847538407879417 -0.6853657141179419 0.5515601171501024 -0.35302790940212275
60654 55388.638272 0.08746355584755437 -0.7506957976560918 0.4129698263416396 -0.5081947149580974
60654 55988.638272 -0.15261171421890735 -0.7402344593736618 0.23244944573958978 -0.6121518316678524
60654 56588.638272 -0.3772878052195675 -0.654885389691683 0.028370115466633837 -0.6541973516832549
60654 57188.638272 -0.563378027557781 -0.503759046930575 -0.1780195650299718 -0.6301912845852776
60654 57788.638272 -0.6926937546283072 -0.30219502179256774 -0.36626922694574465 -0.5428631360622074
60654 58388.638272 -0.7525146329482599 -0.07008248424292304 -0.5178409688944139 -0.40081280360734556
60654 58988.638272 -0.7365430895605262 0.16951648487008097 -0.6174458880566192 -0.21801149946711382
60654 59588.638272 -0.6460603271911464 0.39219245518452517 -0.6546928884652211 -0.012975111524326672
60654 60188.638272 -0.4906631604738275 0.5748087576113095 -0.6258244200217362 0.1928428127559735
60654 60788.638272 0.2859695005732237 -0.6995467310596297 0.5339564390281559 -0.3791389415848211
60654 61388.638272 0.05242823335378431 -0.7539516895760839 0.3882480770143603 -0.5273249101146472
60654 61988.638272 -0.18667262943816365 -0.7323812031943591 0.2031554404027236 -0.6224941523106865
60654 62588.638272 -0.4069381370153047 -0.6368713161926464 -0.002459138987085336 -0.6548207631779872
60654 63188.638272 -0.585949201159969 -0.4773025215826362 -0.20754821144561378 -0.6211035151056369
60654 63788.638272 -0.7058645385480745 -0.27001374747952595 -0.39145796945811173 -0.5249842736121805
60654 64388.638272 -0.7549578204266534 -0.03526335812012039 -0.5362299525969166 -0.37583589888226177
60654 64988.638272 -0.7278980596546053 0.20348102144037108 -0.6271092078468979 -0.18839832827888897
60654 65588.638272 -0.6273996068599215 0.4214017445304523 -0.6545780275833866 0.017829997861767755
60654 66188.638272 -0.4638692862824927 0.5966429576835948 -0.6160934336752815 0.2219715010368327
60654 66788.638272 0.253864227811824 -0.7118359817066297 0.5156860192460014 -0.4036216279381938
60654 67388.638272 0.018013829769355963 -0.7555692853437782 0.3631619474846505 -0.5448889399513341
60654 67988.638272 -0.21990910654447415 -0.7231037479693222 0.17377400934118584 -0.6313188958117913
60654 68588.638272 -0.43561143061735785 -0.6176147647951716 -0.03315052073809825 -0.6539845004258866
60654 69188.638272 -0.6072328128275918 -0.4499171209177651 -0.23654080261876403 -0.6106482981447101
60654 69788.638272 -0.7176075117198025 -0.23707784249960212 -0.41590840073643737 -0.5058198868331554
60654 70388.638272 -0.7557926046401698 -6.567528937615396E-4 -0.5532838528090789 -0.35022005320598926
60654 70988.638272 -0.7181677402470492 0.2355517501226093 -0.6350302147649114 -0.15964678580620786
60654 71588.638272 -0.6086066389373748 0.44811917100412735 -0.6531388256865844 0.04687048112271958
60654 72188.638272 0.4379535864210201 -0.6159250889193761 0.6057497878572266 -0.24879737838560473
60654 72788.638272 0.22314557529788825 -0.7220701904600225 0.49741603813544694 -0.4259084141921087
60654 73388.638272 -0.014247263426871815 -0.7556662442194441 0.3389036403567582 -0.5602765972134318
60654 73988.638272 -0.25028019687026204 -0.7131732269881205 0.146166989697233 -0.6382624714682689
60654 74588.638272 -0.46116858515729187 -0.5987807412189351 -0.0613617061119758 -0.6519355037366441
60654 75188.638272 -0.6255427011666282 -0.42410768287924216 -0.2625971012064027 -0.5998931277969043
60654 75788.638272 -0.726906451463039 -0.20686945500294038 -0.43725773032149934 -0.48746047704638573
60654 76388.638272 -0.7551629683842419 0.03118607712312433 -0.5679233612446424 -0.32591314107804625
60654 76988.638272 -0.7075017199533212 0.26589963319121074 -0.6413975310982268 -0.13171145900403242
60654 77588.638272 -0.5888650265500405 0.47376819441893775 -0.650439941058318 0.07556164066039862
60654 78188.638272 0.4111788526213545 -0.6341201226954016 0.5942117280979272 -0.27520182292388656
60654 78788.638272 0.19204838045637018 -0.7309686752344443 0.47820088877618466 -0.44735458571892817
60654 79388.638272 -0.04646010717481734 -0.7543838695516848 0.31400875705291365 -0.5745824016584702
60654 79988.638272 -0.28025899765166956 -0.7019412860951277 0.1182294763349811 -0.6440148414718061
60654 80588.638272 -0.48587076232399157 -0.5789205635649037 -0.08941521877796071 -0.6486798147401281
60654 81188.638272 -0.6427134874389622 -0.3976156535815753 -0.28811273454661607 -0.5880580050326796
60654 81788.638272 -0.7349160872382978 -0.17635367323967044 -0.4577690002303013 -0.46823633891591177
60654 82388.638272 -0.7532001129115643 0.06281526925689208 -0.5814399907681883 -0.30111686932764176
