CIC_OEM_VERS = 2.0
CREATION_DATE = 2025-02-12T09:04:53.233061
ORIGINATOR = ISAE-SUPAERO


META_START
OBJECT_NAME = PLEIADES1A
OBJECT_ID = PLEIADES1A
CENTER_NAME = Earth
REF_FRAME = EME2000
TIME_SYSTEM = UTC
START_TIME = 2025-02-12T04:00:24.826
USEABLE_START_TIME = 2025-02-12T04:00:24.826
USEABLE_STOP_TIME = 2025-02-12T23:57:24.826
STOP_TIME = 2025-02-12T23:57:24.826
INTERPOLATION = lagrange
INTERPOLATION_DEGREE = 5
META_STOP



60718 14424.826 -2663.0811000000003 5554.4132 3481.6648 2.6814915000000004 -2.7558098 6.4459352
60718 14844.826000000001 -1311.1587 3886.9929 5755.1026 3.6403588 -5.0298052 4.2251979
60718 15264.826000000001 297.53238 1459.1708999999998 6901.4046 3.8882404999999998 -6.3238298 1.1688864
60718 15684.826000000001 1847.4676000000002 -1252.0115 6698.2037 3.3712421 -6.3741154 -2.1188285000000002
60718 16104.826000000001 3036.136 -3718.4458 5181.5214000000005 2.1947033 -5.176298399999999 -4.9873997
60718 16524.826 3630.3161 -5456.9259 2647.1219 0.58753297 -2.9642294000000002 -6.8798166
60718 16944.826 3513.5482 -6126.7300000000005 -407.10131 -1.1338513000000001 -0.17296752 -7.4212444
60718 17364.826 2709.7183 -5598.505400000001 -3381.7692 -2.6294318 2.6447158 -6.5088605
60718 17784.826 1377.7055 -3979.2242 -5696.2807999999995 -3.6077372999999997 4.936769900000001 -4.3312818
60718 18204.826 -221.80831 -1587.5946999999999 -6902.8233 -3.8834067 6.2636667 -1.3209109
60718 18624.826 -1778.5056000000002 1111.2972 -6770.5486 -3.407643 6.3769705000000005 1.940179
60718 19044.826 -2991.2217 3595.1746000000003 -5325.5963 -2.2717408999999997 5.2559869 4.8281841000000005
60718 19464.826 -3624.1099 5382.0445 -2845.981 -0.69122148 3.1110179 6.7852623
60718 19884.826 -3552.0703 6121.9176 188.18135 1.0293561 0.35270837 7.423891800000001
60718 20304.826 -2787.1819 5667.6248 3185.3871000000004 2.5528589000000004 -2.4807701000000004 6.6107344999999995
60718 20724.826 -1477.8283000000001 4106.135700000001 5558.6336 3.5786072 -4.8314547 4.5020264
60718 21144.826 120.29948 1742.2956000000001 6842.8999 3.9050803000000003 -6.2378999 1.5116555
60718 21564.826 1695.6861000000001 -962.21958 6790.3949 3.4664884000000002 -6.4220257 -1.7745916
60718 21984.826 2939.9187 -3478.4261 5409.830599999999 2.3491713 -5.3490373 -4.7134274
60718 22404.826 3609.4719 -5314.637900000001 2969.3356000000003 0.7732194 -3.2314699 -6.7287197
60718 22824.826 3573.0547 -6111.169 -52.604728 -0.95078885 -0.48821364 -7.4277377
60718 23244.826 2838.093 -5713.102900000001 -3064.6798 -2.4909224 2.3522374 -6.6769727
60718 23664.826 1549.3665 -4200.3554 -5477.3999 -3.5438955 4.731347700000001 -4.6217257
60718 24084.826 -41.318255 -1869.0875 -6820.2041 -3.9053137 6.185840600000001 -1.6670266
60718 24504.826 -1623.9815 826.0222600000001 -6832.0472 -3.5064254000000004 6.4356013 1.6117024
60718 24924.826 -2890.3775 3360.1804 -5510.138400000001 -2.4237909 5.4315551 4.579301
60718 25344.826 -3592.8409 5238.6665 -3110.6319 -0.8657179 3.3650547000000004 6.65666
60718 25764.826 -3593.2874 6093.502 -101.93444000000001 0.86377788 0.63772257 7.4318525
60718 26184.826 -2891.2167000000004 5757.0598 2926.8729 2.4235704 -2.2127414 6.7506293
60718 26604.826 -1622.2643 4291.102400000001 5377.7092999999995 3.5130261000000003 -4.6352326999999995 4.7509419
60718 27024.826 -36.94861 1989.6681 6781.821 3.9112946 -6.1433352999999995 1.8226071
60718 27444.826 1555.6401 -700.01995 6859.543000000001 3.5470402 -6.4527687 -1.4581753000000002
60718 27864.826 2845.0497 -3253.3194 5596.9585 2.491152 -5.5042557 -4.4546418999999995
60718 28284.826 3579.5139 -5172.039400000001 3240.0059 0.9480183 -3.4806144 -6.5826953
60718 28704.826 3615.1642 -6081.0731 248.93963000000002 -0.7810457000000001 -0.77629525 -7.4234071
60718 29124.826 2945.0982999999997 -5803.0689 -2790.9185 -2.3560173 2.0766415 -6.8119702
60718 29544.826 1700.7753 -4393.7622 -5285.937400000001 -3.4691258 4.5193066 -4.873123
60718 29964.826 126.05412 -2130.842 -6751.2563 -3.9056070000000003 6.078042900000001 -1.9902041
60718 30384.826 -1473.1692 545.47748 -6903.7092999999995 -3.5842142 6.4562292 1.2761649
60718 30804.826 -2786.6138 3115.8842999999997 -5713.7411 -2.566716 5.5815289 4.2976868
60718 31224.826 -3558.3495000000003 5080.4520999999995 -3410.5845 -1.0467561 3.6179908999999997 6.4889414
60718 31644.826 -3636.2195 6054.1723 -441.34078000000005 0.68171496 0.94302279 7.4169866
60718 32064.826 -3003.8497 5845.455900000001 2614.5860000000002 2.2796811 -1.9206773000000001 6.8924991
60718 32484.826 -1784.2319 4494.0028 5158.1477 3.4313242 -4.4075033 5.0180945
60718 32904.826 -216.25442999999999 2265.1354 6692.052900000001 3.9116598 -6.0304775 2.1650554000000004
60718 33324.826 1393.9648 -405.54196 6917.7307 3.6292143 -6.476568599999999 -1.1078237
60718 33744.826 2732.5282 -2997.2183 5791.8293 2.639167 -5.660192200000001 -4.165007
60718 34164.826 3538.0938 -5004.2535 3533.4611 1.1329025 -3.7381769 -6.4108151
60718 34584.826 3652.8005000000003 -6034.1466 583.43188 -0.59579725 -1.0845805 -7.4031363
60718 35004.826 3054.1911 -5885.7696 -2481.0146 -2.2069978000000003 1.7788328 -6.9462324
60718 35424.826 1859.517 -4588.893400000001 -5060.6748 -3.3850397 4.2896702 -5.134925
60718 35844.826 303.45925 -2400.0864 -6653.941400000001 -3.902149 5.9603357 -2.3276602
60718 36264.826 -1311.5524 254.55444 -6952.7745 -3.6615964 6.4723193000000006 0.92787173
60718 36684.826 -2672.1438 2859.7453 -5899.6356 -2.7102542 5.7284836 4.0050149
60718 37104.826 -3513.4867999999997 4909.1305999999995 -3697.4829 -1.2291855 3.8682596 6.3087105
60718 37524.826 -3669.1282 6000.1422999999995 -772.9888100000001 0.49553326 1.249307 7.386980400000001
60718 37944.826 -3109.1114 5921.0232000000005 2303.238 2.1270573 -1.6201056 7.0175673
60718 38364.826 -1941.1829 4684.2368 4928.0845 3.3418743 -4.1710942 5.2735587
60718 38784.826 -394.35546000000005 2533.0959 6588.3808 3.9024765 -5.9035685 2.5015613
60718 39204.826 1229.5262 -112.11304 6961.192900000001 3.702315 -6.484041400000001 -0.75514342
60718 39624.826 2613.9454 -2735.5117 5974.772900000001 2.7809141 -5.8014146 -3.8643843
60718 40044.826 3488.8966 -4825.727 3821.0274 1.3161264000000001 -3.9865832 -6.2216249
60718 40464.826 3683.0523 -5974.267 919.86938 -0.40707920000000003 -1.3916569 -7.3637028
60718 40884.826 3158.2702000000004 -5956.6821 -2161.5436 -2.050421 1.4743041000000001 -7.0645563000000005
60718 41304.826 2015.6612 -4774.1314 -4820.113200000001 -3.2923811 4.0487876 -5.3892074
60718 41724.826 481.85053999999997 -2664.5852999999997 -6539.336700000001 -3.8903162000000004 5.8294608 -2.6633942999999998
60718 42144.826 -1145.6495 -37.293398 -6985.0761 -3.7318048 6.4748444 0.57532621
60718 42564.826 -2550.8082000000004 2597.217 -6071.808400000001 -2.8488759 5.8633382 3.7021367
60718 42984.826 -3460.3812000000003 4727.0537 -3976.0897000000004 -1.410215 4.1103284 6.113070700000001
60718 43404.826 -3696.3127000000004 5936.8348 -1103.6946 0.30723714 1.5510495000000002 7.3347684
60718 43824.826 -3210.7195 5987.5167 1983.8690000000001 1.9664301000000002 -1.3133076000000001 7.1228598000000005
60718 44244.826 -2098.5615000000003 4869.745400000001 4683.182900000001 3.2415468 -3.92078 5.5174794
60718 44664.826 -577.1011500000001 2802.2542000000003 6466.956099999999 3.8833178 -5.7608953000000005 2.8361842999999998
60718 45084.826 1056.8037 188.87367 6987.8982000000005 3.7683606 -6.4776885 -0.39655364
60718 45504.826 2484.8632000000002 -2461.2524 6144.4364000000005 2.9190973 -5.9327586000000005 -3.5537594
60718 45924.826 3428.2567000000004 -4631.2955 4099.523700000001 1.4985896 -4.2289309 -6.0213184
60718 46344.826 3701.9622999999997 -5896.5338 1252.0653 -0.21721448000000002 -1.6954312 -7.3124373
60718 46764.826 3251.7801 -6008.7338 -1840.8931000000002 -1.8906034 1.1695513000000002 -7.1704881
60718 47184.826 2166.546 -4947.3625 -4573.085099999999 -3.1919272000000003 3.8008131 -5.626201
60718 47604.826 658.74184 -2921.4179 -6412.3814 -3.8687148000000002 5.6854328 -2.988884
60718 48024.826 -977.15497 -327.63792 -7002.4713 -3.7926708 6.4618023 0.22471179000000002
60718 48444.826 -2423.3745 2329.7464 -6229.8751 -2.980344 5.9835192 3.39383
60718 48864.826 -3398.7735000000002 4534.434700000001 -4244.0646 -1.5871165 4.3408372 5.9066604
60718 49284.826 -3712.5423 5856.344099999999 -1430.0982 0.11848041000000001 1.8485352000000002 7.2710079
60718 49704.826 -3301.8811 6035.5073 1663.7740000000001 1.8027918 -1.0067964 7.2154886
60718 50124.826 -2247.3088 5037.5500999999995 4432.0383 3.135339 -3.6658713 5.7479062999999995
60718 50544.826 -754.56492 3057.4052 6334.1621 3.8549815 -5.6065273 3.1603349
60718 50964.826 885.09294 482.08109 7000.3235 3.8237604000000003 -6.4539608 -0.040423541
60718 51384.826 2352.5541000000003 -2187.0018 6301.1498 3.0484199 -6.0455929 -3.2342229000000002
60718 51804.826 3361.8831 -4430.1275000000005 4371.8151 1.6774286 -4.4578028000000005 -5.8013525
60718 52224.826 3715.1266 -5808.5645 1587.4008999999999 -0.023733997 -1.9965176 -7.2374725
60718 52644.826 3342.4185 -6051.9577 -1507.9185 -1.7215483 0.85667171 -7.2567133
60718 53064.826 2315.6882 -5111.017900000001 -4306.919599999999 -3.0821812 3.5400652 -5.8582583999999995
60718 53484.826 835.31913 -3169.7076 -6263.1382 -3.8421506 5.534689999999999 -3.3113435
60718 53904.826 -807.0677 -612.07986 -6996.0872 -3.8490637000000003 6.4420964000000005 -0.1225056
60718 54324.826 -2292.246 2064.8063 -6362.7747 -3.1061194000000003 6.0939162 3.0881889
60718 54744.826 -3330.7917 4339.3596 -4486.6648 -1.7571835000000002 4.557587000000001 5.6977083
60718 55164.826 -3719.7494 5767.5960000000005 -1733.3839 -0.064089847 2.1304639 7.1953546
60718 55584.826 -3382.8815 6070.4007 1359.1355 1.6415128 -0.71243164 7.285514500000001
60718 56004.826 -2386.4655000000002 5189.6046 4185.9416 3.0249137999999998 -3.412567 5.952218200000001
60718 56424.826 -925.44907 3298.5959 6196.2261 3.8170455000000003 -5.4426605 3.4629292
60718 56844.826 715.32848 767.01027 7000.418000000001 3.8672663 -6.413506900000001 0.30351493
60718 57264.826 2217.2743 -1913.3718999999999 6442.637 3.1666246 -6.1394529 -2.9164777
60718 57684.826 3288.1859 -4221.6366 4629.621099999999 1.8479965999999999 -4.6698496 -5.5751004
60718 58104.826 3720.196 -5709.55 1914.9899 0.16742969 -2.2874775 -7.1452052
60718 58524.826 3426.5265 -6083.491 -1173.2853 -1.5465078 0.54117111 -7.3221627
60718 58944.826 2461.1799 -5265.0471 -4031.4741000000004 -2.9620117 3.2673341000000002 -6.0756063000000005
60718 59364.826 1015.9024000000001 -3419.7089 -6100.827700000001 -3.8016064000000003 5.3616617 -3.6324508
60718 59784.826 -627.47329 -908.2719000000001 -6980.1715 -3.8945813 6.4002704 -0.48380461
60718 60204.826 -2148.4945000000002 1780.4003 -6494.5887999999995 -3.2285102 6.1910628 2.7577948
60718 60624.826 -3250.5496000000003 4121.912 -4739.3270999999995 -1.9321434 4.7738973 5.462144599999999
60718 61044.826 -3718.1357000000003 5658.880099999999 -2056.7359 -0.25735577000000004 2.4233116 7.0996961
60718 61464.826 -3459.6971000000003 6090.8820000000005 1028.563 1.4673409 -0.3999591 7.3474943999999995
60718 61884.826 -2526.54 5334.9935000000005 3912.7089 2.9029411 -3.1400886 6.159371
60718 62304.826 -1101.4012 3540.476 6033.790400000001 3.7706594 -5.262592 3.7749796
60718 62724.826 537.5748100000001 1058.7635 6980.9952 3.9052899 -6.3600269 0.6616158799999999
60718 63144.826 2072.3545 -1628.1845 6571.467000000001 3.2825970000000004 -6.2240244 -2.5800936
60718 63564.826 3204.8803 -3998.9694 4883.5211 2.0206787999999998 -4.8783113 -5.3260519
60718 63984.826 3713.635 -5591.501700000001 2242.3996 0.36033207 -2.5766022 -7.0403142
60718 64404.826 3497.2576000000004 -6091.9866 -836.90534 -1.3742166 0.2339129 -7.3790776
60718 64824.826 2597.0193 -5401.2122 -3752.1049 -2.8413595999999997 3.0008257 -6.2713326
60718 65244.826 1188.9986000000001 -3654.4096 -5931.9648 -3.7518429 5.1785401 -3.9364133000000003
60718 65664.826 -450.96864000000005 -1194.5721 -6951.1811 -3.9288218 6.3421815 -0.83592428
60718 66084.826 -2003.1477 1498.4314 -6611.6257000000005 -3.3401764 6.269376599999999 2.425922
60718 66504.826 -3164.8391 3899.3513 -4979.9602 -2.0998102 4.9738875 5.2152508
60718 66924.826 -3709.0238 5539.4442 -2374.2561 -0.44834829000000004 2.7062271 6.9866944
60718 67344.826 -3529.0952 6098.1065 696.18633 1.2907743 -0.089861333 7.3909957
60718 67764.826 -2660.8105 5467.339 3630.4034 2.7755956 -2.8640251 6.3504949
60718 68184.826 -1274.2273 3771.8548 5856.4468 3.7172204000000004 -5.0745348 4.0752832
60718 68604.826 359.82471999999996 1343.9981 6942.64 3.9355911999999997 -6.2957221 1.0122533
60718 69024.826 1924.1228 -1344.4788 6679.146 3.3905463 -6.295475499999999 -2.2466961000000003
60718 69444.826 3114.8961 -3771.8477000000003 5116.1533 2.1855759 -5.071932 -5.074241
60718 69864.826 3699.6437 -5465.4541 2554.9959 0.55049166 -2.8553186 -6.9189289
60718 70284.826 3562.0461 -6091.7277 -505.46864000000005 -1.1957855 -0.076023027 -7.4127581000000005
60718 70704.826 2728.0116000000003 -5526.991900000001 -3466.8642999999997 -2.7098195 2.7206187 -6.4540150999999994
60718 71124.826 1360.6551000000002 -3881.7897000000003 -5748.9047 -3.6929906000000003 4.9830195 -4.232236299999999
60718 71544.826 -272.20018 -1479.0973000000001 -6906.113 -3.9541533 6.269588700000001 -1.1867694
60718 71964.826 -1852.1091000000001 1212.1352 -6713.5786 -3.4447283000000004 6.3336951 2.0882299
60718 72384.826 -3071.0452999999998 3667.1272000000004 -5209.2366 -2.2633475 5.1628272 4.9567775
60718 72804.826 -3690.8465 5406.665400000001 -2686.1311 -0.6388510199999999 2.9829125 6.8584977
60718 73224.826 -3590.0124 6090.5747 362.7753 1.1109487999999998 0.21986858 7.4183845
60718 73644.826 -2788.5197000000003 5585.798 3340.6423 2.6417653 -2.5822285000000003 6.527729099999999
60718 74064.826 -1443.5573000000002 3992.6296 5666.6221 3.6553174 -4.8757841 4.3661302
60718 74484.826 181.81889 1623.9331000000002 6889.107400000001 3.9567577000000003 -6.217188500000001 1.3598322
60718 74904.826 1771.9669 -1059.7871 6771.9623 3.4904908999999997 -6.3517323 -1.9086301
60718 75324.826 3018.2026 -3537.7321 5337.4896 2.3455083 -5.2527269 -4.8103192
60718 75744.826 3677.3830000000003 -5327.510700000001 2862.4845 0.74036252 -3.1273607 -6.7808416
60718 76164.826 3619.6524 -6078.536099999999 -171.40844 -1.0129331 -0.38655801 -7.4282898
60718 76584.826 2854.5022000000004 -5641.6556 -3171.9351 -2.5701897 2.4325114 -6.6219165
60718 77004.826 1531.6451000000002 -4102.576 -5551.2485 -3.6243521999999997 4.7743348999999995 -4.519952900000001
60718 77424.826 -90.096697 -1762.9878 -6844.6906 -3.9703046 6.1818599999999995 -1.5375609
60718 77844.826 -1694.3368 920.2684399999999 -6800.763900000001 -3.5424463999999998 6.383977 1.7432335
60718 78264.826 -2968.3612000000003 3424.143 -5428.0537 -2.4235123 5.3413491 4.685518200000001
60718 78684.826 -3663.181 5259.8172 -2993.6441 -0.82985113 3.2544063000000003 6.714616
60718 79104.826 -3642.4226000000003 6068.013 27.021627000000002 0.9270380300000001 0.5302615700000001 7.4299683000000005
60718 79524.826 -2910.1691 5690.9761 3042.5891 2.5012857 -2.2946871 6.6908766
60718 79944.826 -1609.4784 4202.6376 5463.3913 3.5854656 -4.6670845 4.6481936
60718 80364.826 3.7456614 1897.9469 6819.5585 3.9694898 -6.1257365 1.7040089
60718 80784.826 1616.3071000000002 -775.245 6848.664900000001 3.5827384 -6.393760599999999 -1.5674675
60718 81204.826 2915.1893 -3297.933 5545.474099999999 2.5000216 -5.4204889000000005 -4.5363578
60718 81624.826 3647.3693 -5179.4366 3161.8051 0.9281984400000001 -3.3899694 -6.6271071
60718 82044.826 3667.88 -6050.0942000000005 160.50983 -0.8270246 -0.6961715500000001 -7.428535
60718 82464.826 2973.6473 -5741.9553 -2872.6583 -2.4240491000000004 2.1393186 -6.7745953
60718 82884.826 1698.7607 -4312.625099999999 -5343.4906 -3.5460659000000003 4.553753899999999 -4.7964752
60718 83304.826 92.59949300000001 -2042.4537 -6770.1778 -3.9755213 6.077035700000001 -1.8855046
60718 83724.826 -1531.6438 625.30786 -6875.8347 -3.6310151 6.4163917 1.3905895000000001
60718 84144.826 -2857.785 3171.3088 -5639.946400000001 -2.5792165000000002 5.5065781 4.3974908
60718 84564.826 -3627.0323 5099.3 -3302.2223 -1.0224648 3.5210553 6.5496626
60718 84984.826 -3688.2543 6031.786 -318.48326000000003 0.73604689 0.84522028 7.422281600000001
60718 85404.826 -3029.0872000000004 5786.134900000001 2727.6429 2.3504531 -1.9950353 6.8418934
60718 85824.826 -1776.4638 4406.518599999999 5236.8267000000005 3.50554 -4.4416985 4.934475900000001
60718 86244.826 -178.73838 2171.6845 6729.0723 3.9750453 -6.020333300000001 2.0574002
