CIC_OEM_VERS = 2.0
CREATION_DATE = 2025-05-13T13:35:41.684466
ORIGINATOR = ISAE-SUPAERO


META_START
OBJECT_NAME = RED1
OBJECT_ID = RED1
CENTER_NAME = Earth
REF_FRAME = EME2000
TIME_SYSTEM = UTC
START_TIME = 2025-05-13T00:00:00.000
USEABLE_START_TIME = 2025-05-13T00:00:00.000
USEABLE_STOP_TIME = 2025-05-13T23:55:00.000
STOP_TIME = 2025-05-13T23:55:00.000
INTERPOLATION = lagrange
INTERPOLATION_DEGREE = 5
META_STOP



60808 0.0 1141.3702 2366.6262 6477.9512 -0.37052067 -7.0538623 2.6089181
60808 420.0 875.8891800000001 -734.33013 6881.294900000001 -0.8724369900000001 -7.4592932 -0.7244552700000001
60808 840.0 433.00974 -3685.7092000000002 5886.7545 -1.2005055 -6.3500317 -3.9340509000000004
60808 1260.0 -98.23055400000001 -5883.031 3686.4937999999997 -1.2851156000000001 -3.9266496 -6.3635637
60808 1680.0 -609.06273 -6866.5001 724.7141700000001 -1.1043604 -0.6702475 -7.4923814
60808 2100.0 -993.38125 -6424.2667 -2387.4586 -0.6931877 2.7399994000000003 -7.0642778
60808 2520.0 -1171.0571000000002 -4645.5646 -5001.692599999999 -0.13820187 5.5787063 -5.164623
60808 2940.0 -1105.829 -1902.9014 -6576.0077 0.44274292000000004 7.250112100000001 -2.2029594
60808 3360.0 -812.53012 1232.8962 -6790.9627 0.9289072 7.4207564 1.1933734999999999
60808 3780.0 -352.72621000000004 4116.8005 -5611.1013 1.2223166 6.074934000000001 4.324050199999999
60808 4200.0 179.00494 6162.8431 -3285.2003 1.2659478 3.50179 6.5579415
60808 4620.0 674.54916 6959.9708 -291.24131 1.0533051 0.23085734 7.4523701
60808 5040.0 1033.9505 6351.7981 2762.0268 0.62899065 -3.0756379000000003 6.8373386
60808 5460.0 1185.1884 4464.6144 5257.907700000001 0.07894308800000001 -5.7567018 4.8441137
60808 5880.0 1097.9726 1679.2576999999999 6693.099200000001 -0.48738434 -7.2803382 1.8714739
60808 6300.0 789.3157600000001 -1444.3231 6774.5841 -0.95764578 -7.3380469999999995 -1.4938149
60808 6720.0 320.52578000000005 -4273.9067000000005 5477.4631 -1.236395 -5.900143 -4.5803683
60808 7140.0 -213.76109 -6227.2933 3056.0978999999998 -1.263317 -3.2347562 -6.750809100000001
60808 7560.0 -703.74308 -6893.503900000001 2.3142905999999996 -1.0285255 0.12165009 -7.5345272
60808 7980.0 -1047.4244 -6127.0758 -3051.5875 -0.57900771 3.4637927 -6.7495262
60808 8400.0 -1173.2705 -4086.2628 -5469.2788 -0.010056642999999999 6.0808279 -4.560754200000001
60808 8820.0 -1056.0358 -1198.3901 -6751.1788 0.55789575 7.4278174 -1.4393145
60808 9240.0 -721.32584 1936.9471 -6639.584400000001 1.0076122 7.2418486 1.9575259
60808 9660.0 -238.99744 4676.7619 -5166.2357 1.2491223 5.5801646 4.933566300000001
60808 10080.0 292.04182000000003 6465.799400000001 -2638.9388 1.2359875 2.7940676 6.8913539
60808 10500.0 764.03032 6945.7527 424.54116999999997 0.9730971700000001 -0.54578214 7.4447898
60808 10920.0 1081.9281 6024.3517 3402.4606000000003 0.5149568000000001 -3.7652677 6.4925370000000004
60808 11340.0 1182.0943 3890.3795 5693.921200000001 -0.046125400999999996 -6.2224832 4.2319764
60808 11760.0 1044.3701 973.63284 6836.3741 -0.5987904 -7.4294044999999995 1.1129486
60808 12180.0 695.77983 -2139.1362999999997 6594.5443 -1.0330992 -7.1375603000000005 -2.2487649000000003
60808 12600.0 205.78041000000002 -4815.999400000001 5008.1726 -1.2600073999999999 -5.3848153000000005 -5.178395000000001
60808 13020.0 -326.28996 -6503.4622 2391.7294 -1.2291706 -2.5055931 -7.0644852
60808 13440.0 -790.69028 -6844.4328 -720.4325200000001 -0.94294994 0.91337886 -7.4931014
60808 13860.0 -1090.6117 -5762.0085 -3682.1275 -0.45999379 4.1494606 -6.3598549
60808 14280.0 -1163.8281000000002 -3481.6574 -5876.5949 0.1170187 6.5157173 -3.9070587999999997
60808 14700.0 -996.22266 -480.32966 -6852.2749 0.6664773 7.524212 -0.6608377000000001
60808 15120.0 -623.76813 2620.4319 -6415.7547 1.0757503 6.9845675 2.6994598
60808 15540.0 -123.82045 5186.6345 -4665.2252 1.2635318 5.0255228 5.4890639000000006
60808 15960.0 401.36808 6699.552900000001 -1964.0292 1.1942821 2.0567109 7.1501301999999995
60808 16380.0 845.42608 6857.330599999999 1135.9249 0.8841443400000001 -1.3163095 7.357186899999999
60808 16800.0 1119.0827 5632.5863 4006.5611000000004 0.3968304 -4.4148098000000005 6.0781929
60808 17220.0 1167.5713 3274.4706 6068.99 -0.16994651 -6.622301800000001 3.5740852
60808 17640.0 980.9685400000001 257.3163 6906.1165 -0.70378817 -7.499265500000001 0.34123313000000005
60808 18060.0 596.04458 -2811.1874 6342.923 -1.0980727 -6.8595654 -2.981207
60808 18480.0 89.772877 -5305.8652999999995 4483.821 -1.270977 -4.8093273 -5.721323099999999
60808 18900.0 -434.76832 -6708.2489000000005 1700.5933 -1.1828239 -1.7472014 -7.3007456
60808 19320.0 -869.05333 -6719.674400000001 -1435.5505 -0.8484266 1.6958472 -7.3684173
60808 19740.0 -1122.5241 -5333.0812000000005 -4272.1271 -0.33735395 4.7891696 -5.899700200000001
60808 20160.0 -1142.8523 -2838.4797000000003 -6219.2339 0.24171229 6.8785125 -3.2109493000000002
60808 20580.0 -927.03015 243.26755 -6878.33 0.76738052 7.5383171 0.12371366
60808 21000.0 -520.88014 3275.7655 -6122.119 1.1326232 6.6518454 3.4109668
60808 21420.0 -8.3986883 5640.7868 -4113.7832 1.2654155 4.4172318 5.9843913
60808 21840.0 505.86192 6861.5618 -1268.094 1.1413328 1.2979393000000001 7.3314966
60808 22260.0 917.92803 6695.7351 1834.9282 0.7874044699999999 -2.07221 7.190619300000001
60808 22680.0 1145.0681000000002 5180.8917 4567.5614000000005 0.27582936999999996 -5.0170273 5.5989502
60808 23100.0 1141.8236000000002 2623.8011 6378.920400000001 -0.29114690000000004 -6.9515982 2.8778319999999997
60808 23520.0 908.5294399999999 -461.57379 6901.5564 -0.80115283 -7.4888081 -0.43497203
60808 23940.0 491.3073 -3452.6925 6022.6587 -1.1517541000000002 -6.506800500000001 -3.6824227
60808 24360.0 -26.093457 -5737.696900000001 3910.7457999999997 -1.2691987 -4.1803112 -6.2021043
60808 24780.0 -537.93364 -6839.2712 991.28007 -1.1250604000000002 -0.9690100700000001 -7.4562239
60808 25200.0 -938.0356899999999 -6520.9817 -2134.0272999999997 -0.74629458 2.4592006 -7.1618762
60808 25620.0 -1142.9572 -4845.869900000001 -4814.1467 -0.21251228 5.3749618 -5.3750058
60808 26040.0 -1110.71 -2164.8887999999997 -6492.9658 0.36276942 7.165078800000001 -2.4813311
60808 26460.0 -849.28882 963.43137 -6829.108200000001 0.85971561 7.4705266 0.90474252
60808 26880.0 -413.75942 3895.0222000000003 -5762.2528 1.1778754 6.2481496 4.0837736
60808 27300.0 106.15196 6033.8463 -3518.3922000000002 1.2550336 3.762735 6.4141951
60808 27720.0 604.62708 6949.9176 -559.09111 1.077899 0.5265294699999999 7.4338556
60808 28140.0 981.03621 6462.7392 2513.7477999999996 0.68399405 -2.8050105 6.9473857
60808 28560.0 1159.9158 4674.227900000001 5079.3360999999995 0.15332900000000002 -5.5654618000000005 5.0603264
60808 28980.0 1105.4486000000002 1945.4364 6620.364500000001 -0.40847578 -7.2068826 2.1507278000000003
60808 29400.0 828.09756 -1175.2053 6822.7403 -0.8900330000000001 -7.3979546 -1.2072071000000002
60808 29820.0 382.84828000000005 -4056.5766000000003 5637.3088 -1.1939197 -6.0829609 -4.3444362000000005
60808 30240.0 -140.60293 -6106.7086 3295.4152999999997 -1.2551738000000001 -3.5046964 -6.615222
60808 30660.0 -634.8667700000001 -6895.0712 271.81675 -1.056733 -0.17969182 -7.5291902
60808 31080.0 -997.14284 -6250.6247 -2808.0295 -0.63776602 3.1947492000000004 -6.8761766
60808 31500.0 -1152.0004 -4305.856400000001 -5302.3154 -0.086969015 5.9005607 -4.7921636
60808 31920.0 -1068.0964 -1468.2314 -6695.0805 0.4788785 7.3728204 -1.726494
60808 32340.0 -764.1471300000001 1672.5515 -6705.4809000000005 0.94267585 7.3220633 1.6738755
60808 32760.0 -303.76267 4471.835 -5340.3093 1.2113332 5.7780933999999995 4.710884500000001
60808 33180.0 218.52859 6361.9403 -2885.6168 1.2328074999999998 3.0690975 6.7741641
60808 33600.0 696.66052 6963.995900000001 155.31217 1.005002 -0.24937919 7.4563755
60808 34020.0 1034.2936 6161.0339 3165.1448 0.5754055499999999 -3.5073469 6.630263
60808 34440.0 1163.7841 4117.9878 5536.4365 0.030694848 -6.0547813999999995 4.467921400000001
60808 34860.0 1059.1067 1246.4247 6790.636 -0.52092232 -7.3857098 1.4001296
60808 35280.0 740.67065 -1876.2005000000001 6670.2201 -0.9698608000000001 -7.2276315 -1.9676466000000001
60808 35700.0 271.78564 -4616.5715 5190.5154 -1.2245326 -5.592297800000001 -4.9606117
60808 36120.0 -252.69150000000002 -6409.0001 2643.7873 -1.22919 -2.7892843 -6.956425
60808 36540.0 -724.75003 -6874.9865 -450.74056 -0.97878513 0.61245267 -7.518904000000001
60808 36960.0 -1046.057 -5911.3186 -3451.021 -0.52415939 3.8950611 -6.5144241
60808 37380.0 -1149.8788000000002 -3718.4135 -5732.0527 0.038048883 6.3609559 -4.1571854
60808 37800.0 -1015.6886999999999 -755.29762 -6823.8571 0.5891184899999999 7.5000346 -0.9539070900000001
60808 38220.0 -672.57803 2363.8659 -6508.880700000001 1.0157762000000001 7.094605 2.4237767
60808 38640.0 -191.96784 5000.7880000000005 -4860.54 1.2329837000000001 5.2463009000000005 5.286428600000001
60808 39060.0 327.74723 6622.067599999999 -2221.6705 1.1991851999999998 2.3430210000000002 7.0609874
60808 39480.0 781.2345799999999 6903.8117 868.20923 0.9233487699999999 -1.0224641 7.3991075
60808 39900.0 1077.265 5793.5691 3782.8795 0.46233556 -4.1727278 6.242305
60808 40320.0 1156.5533 3517.4805 5934.4499000000005 -0.09127655300000001 -6.4804175 3.8272341
60808 40740.0 1003.0160000000001 533.44762 6887.9791 -0.62769341 -7.4862162 0.63301197
60808 41160.0 646.77037 -2557.7494 6445.281400000001 -1.0399997 -6.979135599999999 -2.7090193
60808 41580.0 158.88172 -5127.0408 4686.4409000000005 -1.2431152 -5.039173 -5.5246527
60808 42000.0 -361.51292 -6641.3776 1962.1872 -1.1913612 -2.0411394 -7.221873400000001
60808 42420.0 -806.8939300000001 -6779.058900000001 -1169.2072 -0.89178665 1.3993970999999998 -7.4252111
60808 42840.0 -1084.3959 -5506.3838 -4056.559 -0.40636678000000004 4.5528763 -6.0802651
60808 43260.0 -1136.617 -3089.4307000000003 -6099.1009 0.16154862 6.75141 -3.4766078000000005
60808 43680.0 -953.9071600000001 -33.270739 -6878.0830000000005 0.69262072 7.5454907 -0.17140548000000003
60808 44100.0 -575.30592 3030.4302000000002 -6241.357 1.0784437 6.7904491 3.1469277000000004
60808 44520.0 -79.256015 5476.5653 -4327.8360999999995 1.2426776 4.658098 5.8046218
60808 44940.0 432.96994 6811.599700000001 -1533.2984 1.1545267 1.591757 7.2717659999999995
60808 45360.0 857.7553399999999 6769.937 1572.3291000000002 0.8337119199999999 -1.7849366 7.262449800000001
60808 45780.0 1109.7439 5364.078 4360.57 0.34581608 -4.7941727 5.7873092
60808 46200.0 1138.4603 2878.9461 6269.1812 -0.21152753000000002 -6.8375931 3.144716
60808 46620.0 937.83483 -185.87056 6911.278700000001 -0.72787858 -7.506709700000001 -0.14259469000000002
60808 47040.0 547.38262 -3212.2837000000004 6150.2767 -1.0998090999999999 -6.6544251999999995 -3.4231053000000005
60808 47460.0 45.29957 -5582.012 4130.7023 -1.2495361 -4.4292948 -6.0296589
60808 47880.0 -465.95815999999996 -6800.8721 1258.4795 -1.1420409 -1.2686727000000002 -7.4079765
60808 48300.0 -880.43231 -6608.133400000001 -1875.1149 -0.79655619 2.1717841 -7.2489606
60808 48720.0 -1111.7125 -5040.3256 -4617.4664 -0.28550545 5.1605042999999995 -5.5788073
60808 49140.0 -1112.2575 -2425.9785 -6399.1005000000005 0.28236451 7.0676236 -2.7583604
60808 49560.0 -883.25294 689.76431 -6856.9911 0.78843197 7.508856799999999 0.61221227
60808 49980.0 -473.15674 3664.8322000000003 -5905.7168 1.1301148 6.4130745 3.8353698
60808 50400.0 33.413382 5893.883900000001 -3747.8981000000003 1.2403368000000001 4.0199541 6.2598559
60808 50820.0 533.28872 6928.3742 -827.88043 1.0991362 0.8234491 7.4042346
60808 51240.0 925.51769 6563.7029 2260.1142000000004 0.7367631699999999 -2.5285785 7.0478139
60808 51660.0 1131.3781000000001 4877.0707 4891.9642 0.22682982000000002 -5.3649936 5.2699685
60808 52080.0 1109.5945 2209.1719 6536.8822 -0.32898834 -7.1222963 2.4274083
60808 52500.0 864.0795600000001 -903.75096 6860.0428 -0.82052639 -7.4465904 -0.9184627799999999
60808 52920.0 443.37594 -3832.5355 5788.1517 -1.1486074000000002 -6.2565078000000005 -4.101967
60808 53340.0 -67.906546 -5976.2434 3529.2512 -1.2436099999999999 -3.7691109000000003 -6.4696343
60808 53760.0 -565.0204 -6885.4953 540.46951 -1.0816856000000001 -0.48070417 -7.5121798
60808 54000.001 14382.050000000001 -23814.049 -0.0071771265 1.3693510000000002 0.8269937700000001 3.4305682
60808 54120.001 14544.448 -23711.64 411.64253 1.3372181 0.87978736 3.4301108
60808 54240.001 14702.968 -23602.91 823.18266 1.3047279 0.9323478000000001 3.4287389
60808 54360.001 14857.569 -23487.887 1234.5033 1.2718899 0.98465966 3.4264526
60808 54480.001 15008.208 -23366.602 1645.4947 1.2387128 1.036709 3.4232527
60808 54600.001 15154.847 -23239.088 2056.0474 1.2052055000000002 1.0884819000000001 3.4191401000000003
60808 54720.001 15297.445 -23105.378 2466.0519 1.1713769 1.1399646 3.4141157
60808 54840.001 15435.965 -22965.508 2875.3988 1.1372360000000001 1.1911433999999999 3.408181
60808 54960.001 15570.369 -22819.516 3283.9790000000003 1.102792 1.2420045 3.4013375999999997
60808 55080.001 15700.623 -22667.44 3691.6835 1.068054 1.2925345 3.3935872
60808 55200.001 15826.691 -22509.322 4098.4037 1.0330314 1.3427199 3.384932
60808 55320.001 15948.54 -22345.202 4504.0311 0.99773332 1.3925472 3.3753742000000004
60808 55440.001 16066.136 -22175.125 4908.4575 0.9621693299999999 1.4420032 3.3649164000000003
60808 55560.001 16179.45 -21999.137 5311.5751 0.92634888 1.4910748 3.3535613
60808 55680.001 16288.45 -21817.283 5713.2765 0.89028152 1.5397487 3.3413122
60808 55800.001 16393.108 -21629.613 6113.4544000000005 0.85397688 1.588012 3.3281720999999997
60808 55920.001 16493.395 -21436.177 6512.0023 0.8174446400000001 1.635852 3.3141446
60808 56040.001 16589.286 -21237.026 6908.8138 0.78069453 1.6832557 3.2992334000000003
60808 56160.001000000004 16680.754 -21032.214 7303.7831 0.7437363800000001 1.7302106000000002 3.2834426
60808 56280.001000000004 16767.775 -20821.794 7696.805 0.70658002 1.7767041 3.2667763
60808 56400.001000000004 16850.326 -20605.824 8087.7746 0.66923537 1.8227239 3.249239
60808 56520.001000000004 16928.384000000002 -20384.36 8476.5877 0.63171239 1.8682577000000002 3.2308354
60808 56640.001000000004 17001.93 -20157.462 8863.1406 0.5940210899999999 1.9132933 3.2115703
60808 56760.001000000004 17070.943 -19925.19 9247.330300000001 0.55617152 1.9578187 3.191449
60808 56880.001000000004 17135.405 -19687.606 9629.054300000002 0.51817377 2.0018221 3.1704768
60808 57000.001000000004 17195.299 -19444.774 10008.211 0.48003798999999997 2.0452917 3.1486593
60808 57120.001000000004 17250.609 -19196.758 10384.699 0.44177432 2.0882159000000002 3.1260023
60808 57240.001000000004 17301.32 -18943.624 10758.418 0.40339299 2.1305832999999996 3.1025119
60808 57360.001000000004 17347.419 -18685.441 11129.269 0.36490423 2.1723827 3.0781943000000003
60808 57480.001000000004 17388.893 -18422.276 11497.152 0.3263183 2.2136028000000003 3.053056
60808 57600.001 17425.732 -18154.2 11861.97 0.28764549 2.2542326 3.0271038
60808 57720.001 17457.925 -17881.284 12223.625 0.24889609999999998 2.2942614 3.0003445
60808 57840.001 17485.464 -17603.601 12582.02 0.21008049 2.3336785 2.9727854000000002
60808 57960.001 17508.342 -17321.226 12937.061 0.17120899 2.3724733000000002 2.9444336
60808 58080.001 17526.553 -17034.233 13288.653 0.13229196 2.4106354999999997 2.9152970000000002
60808 58200.001 17540.091 -16742.699 13636.702000000001 0.093339798 2.4481550000000003 2.8853831
60808 58320.001 17548.953 -16446.702 13981.114 0.054362873 2.4850218 2.8546999
60808 58440.001 17553.137 -16146.32 14321.799 0.01537158 2.5212259 2.8232558
60808 58560.001 17552.642 -15841.635 14658.665 -0.023623684000000002 2.5567579 2.791059
60808 58680.001 17547.468 -15532.726 14991.623 -0.062612524 2.5916082 2.7581181000000004
60808 58800.001 17537.616 -15219.676 15320.584 -0.10158454 2.6257674000000004 2.7244420000000003
60808 58920.001 17523.089 -14902.57 15645.461000000001 -0.14052936 2.6592267 2.6900396
60808 59040.001 17503.89 -14581.49 15966.165 -0.17943657999999998 2.6919769000000002 2.6549201
60808 59160.001 17480.026 -14256.524 16282.613000000001 -0.21829584 2.7240094 2.6190929
60808 59280.001 17451.502 -13927.757 16594.72 -0.25709677 2.7553156 2.5825674
60808 59400.001 17418.325 -13595.278 16902.402000000002 -0.29582905 2.7858872000000003 2.5453536
60808 59520.001 17380.506 -13259.174 17205.577 -0.33448234000000004 2.8157162 2.5074612000000003
60808 59640.001 17338.053 -12919.536 17504.166 -0.37304633000000004 2.8447944000000005 2.4689004
60808 59760.001000000004 17290.979 -12576.454 17798.087 -0.41151076000000003 2.8731142 2.4296815
60808 59880.001000000004 17239.295000000002 -12230.019 18087.263 -0.44986537 2.900668 2.389815
60808 60000.001000000004 17183.016 -11880.324 18371.617000000002 -0.48809992999999996 2.9274485 2.3493114
60808 60120.001000000004 17122.156 -11527.463 18651.073 -0.52620425 2.9534486 2.3081815999999997
60808 60240.001000000004 17056.732 -11171.528 18925.556 -0.56416819 2.9786612 2.2664364999999997
60808 60360.001000000004 16986.762 -10812.616 19194.994 -0.60198162 3.0030798 2.2240873000000003
60808 60480.001000000004 16912.263 -10450.821 19459.313000000002 -0.63963447 3.0266978 2.1811453000000003
60808 60600.001000000004 16833.256 -10086.24 19718.445 -0.6771167 3.049509 2.1376219
60808 60720.001000000004 16749.763 -9718.9712 19972.32 -0.71441832 3.0715072 2.0935287
60808 60840.001000000004 16661.804 -9349.1114 20220.87 -0.7515294 3.0926864999999997 2.0488775
60808 60960.001000000004 16569.404 -8976.7594 20464.029 -0.78844004 3.1130414 2.0036802000000002
60808 61080.001000000004 16472.587 -8602.0147 20701.732 -0.82514041 3.1325665 1.9579487999999998
60808 61200.001 16371.379 -8224.9769 20933.915 -0.86162073 3.1512564000000003 1.9116956
60808 61320.001 16265.807 -7845.746700000001 21160.518 -0.8978712799999999 3.1691064 1.8649328
60808 61440.001 16155.899 -7464.425200000001 21381.479 -0.9338824 3.1861115 1.8176729
60808 61560.001 16041.685 -7081.1139 21596.74 -0.9696445 3.2022673 1.7699285
60808 61680.001 15923.195 -6695.9152 21806.243000000002 -1.0051480000000002 3.2175695 1.7217124
60808 61800.001 15800.460000000001 -6308.9316 22009.933 -1.0403836 3.2320140000000004 1.6730374
60808 61920.001 15673.514000000001 -5920.2663 22207.755 -1.0753417 3.2455969000000002 1.6239165
60808 62040.001 15542.39 -5530.022900000001 22399.656 -1.1100131 3.2583147 1.5743628
60808 62160.001 15407.122000000001 -5138.3055 22585.585 -1.1443886 3.2701639 1.5243894
60808 62280.001 15267.749 -4745.218400000001 22765.493000000002 -1.1784590000000001 3.2811414 1.4740097
60808 62400.001 15124.305 -4350.8665 22939.331000000002 -1.2122150999999999 3.2912443 1.4232371000000001
60808 62520.001 14976.83 -3955.3549 23107.055 -1.2456481000000001 3.3004699 1.3720852000000001
60808 62640.001 14825.363000000001 -3558.7889 23268.617000000002 -1.2787490000000001 3.3088158 1.3205676000000002
60808 62760.001 14669.944 -3161.2744 23423.977 -1.311509 3.3162796 1.268698
60808 62880.001 14510.614 -2762.9172000000003 23573.091 -1.3439194 3.3228595000000003 1.2164902
60808 63000.001 14347.417 -2363.8235 23715.921000000002 -1.3759715000000001 3.3285537 1.1639582000000002
60808 63120.001 14180.396 -1964.0998000000002 23852.429 -1.4076568999999999 3.3333606000000002 1.111116
60808 63240.001 14009.595000000001 -1563.8525 23982.577 -1.4389668999999998 3.337279 1.0579775999999999
60808 63360.001000000004 13835.059000000001 -1163.1884 24106.332000000002 -1.4698934 3.3403079 1.0045571
60808 63480.001000000004 13656.836000000001 -762.21424 24223.66 -1.5004281000000002 3.3424463 0.95086894
60808 63600.001000000004 13474.972 -361.03692 24334.531 -1.5305628 3.3436939000000003 0.89692728
60808 63720.001000000004 13289.517 40.236642 24438.913 -1.5602895 3.3440502000000003 0.84274652
60808 63840.001000000004 13100.52 441.49948 24536.781 -1.5896003 3.3435151000000003 0.78834111
60808 63960.001000000004 12908.03 842.64462 24628.107 -1.6184874 3.3420889000000003 0.7337255500000001
60808 64080.001000000004 12712.1 1243.5652 24712.867000000002 -1.6469430999999999 3.3397717 0.67891437
60808 64200.001000000004 12512.781 1644.1542 24791.039 -1.6749597 3.3365644000000003 0.6239222
60808 64320.001000000004 12310.127 2044.305 24862.602 -1.70253 3.3324677 0.56876368
60808 64440.001000000004 12104.192000000001 2443.911 24927.536 -1.7296464 3.3274827 0.5134535100000001
60808 64560.001000000004 11895.031 2842.8654 24985.825 -1.7563018 3.3216108 0.45800642
60808 64680.001000000004 11682.699 3241.0621 25037.453 -1.7824891 3.3148535000000003 0.40243720000000005
60808 64800.001 11467.252 3638.3949 25082.406 -1.8082013 3.3072127 0.34676064
60808 64920.001 11248.75 4034.7579 25120.672000000002 -1.8334316 3.2986902000000002 0.29099158
60808 65040.001 11027.248 4430.045400000001 25152.241 -1.8581731 3.2892885 0.23514488
60808 65160.001 10802.808 4824.152099999999 25177.104 -1.8824194 3.2790101 0.17923541
60808 65280.001 10575.488 5216.972900000001 25195.255 -1.906164 3.2678575000000003 0.12327809
60808 65400.001 10345.349 5608.4030999999995 25206.689000000002 -1.9294005 3.2558339000000003 0.067287809
60808 65520.001 10112.452 5998.3383 25211.404000000002 -1.9521228000000002 3.2429425000000003 0.011279493
60808 65640.001 9876.8601 6386.6747000000005 25209.396 -1.9743247 3.2291865 -0.044731936
60808 65760.001 9638.635300000002 6773.308599999999 25200.668 -1.9960005 3.2145698000000005 -0.10073155
60808 65880.001 9397.8413 7158.1372 25185.222 -2.0171442 3.1990963000000003 -0.15670444
60808 66000.001 9154.5422 7541.0576 25163.061 -2.0377503 3.1827699 -0.21263567
60808 66120.001 8908.8029 7921.968 25134.192 -2.0578133 3.1655951 -0.26851036
60808 66240.001 8660.688900000001 8300.7667 25098.621 -2.0773279000000002 3.1475765 -0.32431361
60808 66360.001 8410.2664 8677.3528 25056.36 -2.0962887 3.1287188 -0.38003055
60808 66480.001 8157.602 9051.625800000002 25007.418 -2.1146908 3.109027 -0.43564634
60808 66600.001 7902.7631 9423.4861 24951.809 -2.1325293000000003 3.0885065 -0.49114615
60808 66720.001 7645.8177000000005 9792.8345 24889.548 -2.1497994 3.0671626 -0.5465151899999999
60808 66840.001 7386.8342 10159.572 24820.651 -2.1664965 3.045001 -0.60173872
60808 66960.001 7125.8816 10523.602 24745.137 -2.1826162 3.0220277 -0.65680201
60808 67080.001 6863.0296 10884.827000000001 24663.026 -2.1981541000000004 2.9982488 -0.71169039
60808 67200.001 6598.3481 11243.15 24574.339 -2.2131061 2.9736706 -0.76638923
60808 67320.001 6331.907700000001 11598.476 24479.101 -2.2274683 2.9482995 -0.82088395
60808 67440.001 6063.7794 11950.710000000001 24377.336 -2.2412367 2.9221425 -0.87516004
60808 67560.001 5794.0348 12299.759 24269.072 -2.2544078 2.8952064 -0.9292030200000001
60808 67680.001 5522.7456 12645.529 24154.337 -2.2669779 2.8674984 -0.9829985000000001
60808 67800.001 5249.9842 12987.928 24033.162 -2.2789438 2.8390259 -1.0365320999999998
60808 67920.001 4975.8234 13326.865 23905.58 -2.2903023 2.8097965 -1.0897896
60808 68040.001 4700.3360999999995 13662.249 23771.625 -2.3010503 2.7798179000000003 -1.1427568000000001
60808 68160.001 4423.5958 13993.992 23631.331000000002 -2.3111849 2.7490982 -1.1954196
60808 68280.001 4145.6764 14322.004 23484.737 -2.3207035 2.7176455 -1.2477639
60808 68400.001 3866.6518 14646.198 23331.881 -2.3296035 2.6854682 -1.2997758
60808 68520.001 3586.5964 14966.487000000001 23172.804 -2.3378825 2.6525748 -1.3514413
60808 68640.001 3305.5849 15282.787 23007.549 -2.3455383000000003 2.6189741 -1.4027469000000001
60808 68760.001 3023.6922000000004 15595.013 22836.16 -2.3525689 2.5846751 -1.4536786
60808 68880.001 2740.9934 15903.082 22658.682 -2.3589724000000003 2.5496869 -1.5042231
60808 69000.001 2457.564 16206.911 22475.162 -2.364747 2.5140187999999997 -1.5543667
60808 69120.001 2173.4794 16506.419 22285.65 -2.3698913 2.4776803 -1.6040962
60808 69240.001 1888.8153 16801.528000000002 22090.196 -2.3744038 2.4406811 -1.6533983
60808 69360.001 1603.6478000000002 17092.157 21888.853 -2.3782834 2.4030311 -1.7022598
60808 69480.001 1318.0527 17378.23 21681.672 -2.381529 2.3647402000000004 -1.7506677
60808 69600.001 1032.1062 17659.669 21468.711 -2.3841397000000004 2.3258186999999997 -1.798609
60808 69720.001 745.8846 17936.401 21250.025 -2.3861148 2.2862769 -1.8460710999999999
60808 69840.001 459.46412 18208.351 21025.674 -2.3874538 2.2461254 -1.8930411999999999
60808 69960.001 172.92115 18475.447 20795.716 -2.3881563000000003 2.2053748 -1.9395068000000002
60808 70080.001 -113.66793 18737.618 20560.213 -2.3882222000000004 2.1640360999999997 -1.9854556
60808 70200.001 -400.22671 18994.793 20319.227 -2.3876514 2.1221201 -2.0308752
60808 70320.001 -686.6788 19246.904 20072.824 -2.386444 2.0796381999999998 -2.0757535
60808 70440.001 -972.94782 19493.884000000002 19821.069 -2.3846004 2.0366016 -2.1200786
60808 70560.001 -1258.9575 19735.667 19564.028000000002 -2.382121 1.9930218 -2.1638387
60808 70680.001 -1544.6315 19972.188000000002 19301.77 -2.3790066000000003 1.9489104 -2.207022
60808 70800.001 -1829.8937 20203.384000000002 19034.366 -2.3752578 1.9042791000000001 -2.2496171
60808 70920.001 -2114.668 20429.194 18761.886 -2.3708758 1.8591398 -2.2916126
60808 71040.001 -2398.8786 20649.558 18484.404 -2.3658617 1.8135046 -2.3329973
60808 71160.001 -2682.4496000000004 20864.416 18201.992000000002 -2.3602167 1.7673857000000002 -2.3737601
60808 71280.001 -2965.3054 21073.712 17914.726 -2.3539425 1.7207952 -2.4138902
60808 71400.001 -3247.3707000000004 21277.389 17622.684 -2.3470405999999997 1.6737457 -2.4533768
60808 71520.001 -3528.5701000000004 21475.393 17325.942 -2.339513 1.6262497 -2.4922095
60808 71640.001 -3808.8288 21667.671000000002 17024.58 -2.3313615 1.5783198 -2.5303778
60808 71760.001 -4088.072 21854.173 16718.679 -2.3225884000000003 1.5299688000000002 -2.5678715000000003
60808 71880.001 -4366.2253 22034.847 16408.318 -2.313196 1.4812096 -2.6046807
60808 72000.001 -4643.214400000001 22209.647 16093.583 -2.3031868 1.4320552 -2.6407956
60808 72120.001 -4918.9655 22378.525 15774.556 -2.2925635000000004 1.3825188000000002 -2.6762064
60808 72240.001 -5193.4052 22541.437 15451.322 -2.2813289 1.3326134 -2.7109038
60808 72360.001 -5466.460099999999 22698.338 15123.968 -2.2694859000000003 1.2823524 -2.7448784
60808 72480.001 -5738.0576 22849.188000000002 14792.58 -2.2570376999999997 1.2317492 -2.7781213
60808 72600.001 -6008.1251 22993.945 14457.248 -2.2439877000000004 1.1808174 -2.8106235
60808 72720.001 -6276.590700000001 23132.571 14118.061 -2.2303394 1.1295704000000002 -2.8423762999999997
60808 72840.001 -6543.3828 23265.03 13775.108 -2.2160962 1.078022 -2.8733713
60808 72960.001 -6808.430200000001 23391.285 13428.482 -2.2012621 1.0261858 -2.9036002
60808 73080.001 -7071.662200000001 23511.304 13078.275 -2.185841 0.97407579 -2.9330549
60808 73200.001 -7333.0087 23625.053 12724.58 -2.1698370000000002 0.92170578 -2.9617276
60808 73320.001 -7592.3999 23732.503 12367.492 -2.1532543 0.86908974 -2.9896106000000002
60808 73440.001 -7849.7668 23833.625 12007.106 -2.1360975 0.81624172 -3.0166964
60808 73560.001 -8105.0405 23928.392 11643.517 -2.1183709 0.76317581 -3.0429779
60808 73680.001 -8358.1532 24016.779000000002 11276.823 -2.1000794999999997 0.70990615 -3.068448
60808 73800.001 -8609.037199999999 24098.762 10907.122 -2.0812280000000003 0.65644696 -3.0930998
60808 73920.001 -8857.625699999999 24174.32 10534.512 -2.0618214 0.6028125 -3.1169269
60808 74040.001 -9103.8524 24243.431 10159.093 -2.0418651 0.54901707 -3.1399228
60808 74160.001 -9347.6515 24306.078 9780.9645 -2.0213641 0.49507503 -3.1620814
60808 74280.001 -9588.9582 24362.244 9400.2273 -2.0003241000000003 0.44100076000000005 -3.1833968
60808 74400.001 -9827.708 24411.913 9016.983199999999 -1.9787507000000002 0.38680868 -3.2038633
60808 74520.001 -10063.837 24455.074 8631.3343 -1.9566495 0.33251326000000003 -3.2234755
60808 74640.001 -10297.283 24491.713 8243.3835 -1.9340265 0.27812898 -3.2422280000000003
60808 74760.001 -10527.983 24521.822 7853.234200000001 -1.9108877 0.22367035000000002 -3.2601158999999997
60808 74880.001 -10755.876 24545.391 7460.990400000001 -1.8872393 0.16915190000000002 -3.2771344
60808 75000.001 -10980.9 24562.416 7066.7569 -1.8630876 0.11458817 -3.2932789
60808 75120.001 -11202.997 24572.891 6670.638599999999 -1.8384390000000002 0.059993716 -3.3085452
60808 75240.001 -11422.106 24576.814000000002 6272.7413 -1.8133001 0.0053831112 -3.3229291
60808 75360.001 -11638.169 24574.183 5873.1711 -1.7876776 -0.049229075000000004 -3.3364268000000004
60808 75480.001 -11851.130000000001 24565.0 5472.0345 -1.7615784 -0.10382827 -3.3490348
60808 75600.001 -12060.929 24549.266 5069.4385 -1.7350093 -0.15839991 -3.3607496
60808 75720.001 -12267.513 24526.985 4665.490400000001 -1.7079776 -0.21292943 -3.3715681
60808 75840.001 -12470.826000000001 24498.165 4260.2981 -1.6804903 -0.26740229 -3.3814874
60808 75960.001 -12670.813 24462.812 3853.9695 -1.6525549000000002 -0.32180394 -3.3905049
60808 76080.001 -12867.421 24420.935 3446.6131 -1.6241788 -0.37611987 -3.3986181
60808 76200.001 -13060.599 24372.547000000002 3038.3374 -1.5953695 -0.43033558 -3.4058249000000003
60808 76320.001 -13250.293 24317.659 2629.2515 -1.5661348000000002 -0.48443662000000004 -3.4121234
60808 76440.001 -13436.454 24256.287 2219.4642000000003 -1.5364824000000001 -0.53840854 -3.4175119
60808 76560.001 -13619.032000000001 24188.447 1809.0851000000002 -1.5064203 -0.59223694 -3.4219889
60808 76680.001 -13797.979000000001 24114.157 1398.2233999999999 -1.4759564 -0.64590745 -3.4255532
60808 76800.001 -13973.246000000001 24033.436 986.98885 -1.445099 -0.69940576 -3.4282039
60808 76920.001 -14144.787 23946.307 575.4910500000001 -1.4138561 -0.7527176 -3.4299403
60808 77040.001 -14312.557 23852.792 163.83976 -1.3822363 -0.8058287199999999 -3.430762
60808 77089.601 -14382.06 23814.036 -0.0054253646 -2.9365819 -1.7734955000000001 -1.5997003
60808 77209.601 -14732.519 23598.055 -191.96107 -2.9042419 -1.8261591000000001 -1.5994868
60808 77329.601 -15079.037 23375.761000000002 -383.86501000000004 -2.8711298000000003 -1.8783388 -1.5988484
60808 77449.601 -15421.549 23147.258 -575.6672199999999 -2.837247 -1.93002 -1.597782
60808 77569.601 -15759.948 22912.58 -767.3157900000001 -2.8026082999999997 -1.9811867 -1.5962899
60808 77689.601 -16094.145 22671.794 -958.75976 -2.7672224 -2.0318253 -1.5943721000000002
60808 77809.601 -16424.052 22424.964 -1149.9481 -2.7310988000000003 -2.0819222 -1.5920292
60808 77929.601 -16749.58 22172.155 -1340.8298 -2.694247 -2.131464 -1.5892618
60808 78049.601 -17070.642 21913.435 -1531.354 -2.656677 -2.1804376000000003 -1.5860706
60808 78169.601 -17387.154 21648.873 -1721.4698 -2.6183987 -2.2288299 -1.5824565
60808 78289.601 -17699.03 21378.54 -1911.1266 -2.5794224 -2.276628 -1.5784204
60808 78409.601 -18006.188000000002 21102.507 -2100.2739 -2.5397583 -2.3238192 -1.5739635
60808 78529.601 -18308.545000000002 20820.848 -2288.8611 -2.4994172 -2.3703908 -1.5690868
60808 78649.601 -18606.021 20533.638 -2476.838 -2.4584097000000003 -2.4163305 -1.5637918
60808 78769.601 -18898.537 20240.954 -2664.1544 -2.4167468 -2.4616261 -1.5580798
60808 78889.601 -19186.015 19942.874 -2850.7605 -2.3744396 -2.5062653 -1.5519524
60808 79009.601 -19468.377 19639.477 -3036.6065 -2.3314994 -2.5502365 -1.5454111000000001
60808 79129.601 -19745.55 19330.845 -3221.6427000000003 -2.2879375 -2.5935277 -1.5384578
60808 79249.601 -20017.458 19017.058 -3405.8199 -2.2437657 -2.6361276 -1.5310942
60808 79369.601 -20284.03 18698.202 -3589.089 -2.1989956999999998 -2.6780246 -1.5233224
60808 79489.601 -20545.194 18374.361 -3771.4010000000003 -2.1536394 -2.7192077 -1.5151443999999998
60808 79609.601 -20800.88 18045.621 -3952.7075 -2.1077089 -2.7596659 -1.5065623000000001
60808 79729.601 -21051.021 17712.071 -4132.9599 -2.0612166000000003 -2.7993883999999998 -1.4975786
60808 79849.601 -21295.55 17373.798 -4312.1103 -2.0141746 -2.8383646 -1.4881955
60808 79969.601 -21534.402000000002 17030.893 -4490.111 -1.9665957 -2.8765841 -1.4784156000000002
60808 80089.601 -21767.512 16683.448 -4666.9142999999995 -1.9184924 -2.9140368 -1.4682415000000002
60808 80209.601 -21994.819 16331.556 -4842.4733 -1.8698777 -2.9507125999999997 -1.4576759
60808 80329.601 -22216.263 15975.309000000001 -5016.741 -1.8207644 -2.9866017 -1.4467216
60808 80449.601 -22431.783 15614.803 -5189.671 -1.7711656 -3.0216946 -1.4353815
60808 80569.601 -22641.324 15250.134 -5361.2172 -1.7210946 -3.055982 -1.4236587
60808 80689.601 -22844.828 14881.4 -5531.3339000000005 -1.6705648000000002 -3.0894546999999997 -1.4115562
60808 80809.601 -23042.241 14508.698 -5699.9757 -1.6195895 -3.1221038 -1.3990774
60808 80929.601 -23233.512 14132.128 -5867.0975 -1.5681824 -3.1539205000000003 -1.3862254
60808 81049.601 -23418.588 13751.791000000001 -6032.655 -1.5163571999999998 -3.1848964 -1.3730039
60808 81169.601 -23597.421000000002 13367.787 -6196.6038 -1.4641277000000001 -3.2150232 -1.3594161999999999
60808 81289.601 -23769.963 12980.220000000001 -6358.9004 -1.4115078 -3.2442930000000003 -1.3454659999999998
60808 81409.601 -23936.168 12589.191 -6519.5013 -1.3585115 -3.2726978 -1.3311571
60808 81529.601 -24095.992000000002 12194.807 -6678.3639 -1.305153 -3.3002301000000003 -1.3164931999999998
60808 81649.601 -24249.391 11797.171 -6835.4457 -1.2514465000000001 -3.3268827 -1.3014782
60808 81769.601 -24396.326 11396.391 -6990.7047999999995 -1.1974063000000001 -3.3526483 -1.2861162
60808 81889.601 -24536.756 10992.572 -7144.0998 -1.1430468 -3.3775201000000004 -1.2704112
60808 82009.601 -24670.645 10585.822 -7295.589900000001 -1.0883825 -3.4014914 -1.2543675
60808 82129.601 -24797.956000000002 10176.25 -7445.134599999999 -1.0334279 -3.424556 -1.2379892
60808 82249.601 -24918.656 9763.9649 -7592.6941 -0.97819782 -3.4467076000000003 -1.2212808
60808 82369.601 -25032.713 9349.0769 -7738.229 -0.92270684 -3.4679403000000004 -1.2042468
60808 82489.601 -25140.096 8931.696300000001 -7881.7005 -0.86696979 -3.4882484 -1.1868916
60808 82609.601 -25240.777000000002 8511.9344 -8023.0703 -0.81100153 -3.5076266 -1.1692199
60808 82729.601 -25334.728 8089.9033 -8162.3008 -0.75481697 -3.5260697000000003 -1.1512364
60808 82849.601 -25421.925 7665.7153 -8299.3548 -0.69843109 -3.5435728 -1.1329459
60808 82969.601 -25502.344 7239.4836 -8434.1957 -0.64185893 -3.5601311 -1.1143533
60808 83089.601 -25575.964 6811.3218 -8566.787699999999 -0.58511555 -3.5757403 -1.0954635000000001
60808 83209.601 -25642.765 6381.344099999999 -8697.0953 -0.52821609 -3.5903962000000003 -1.0762816
60808 83329.601 -25702.73 5949.665 -8825.0838 -0.47117570999999997 -3.6040949 -1.0568126
60808 83449.601 -25755.842 5516.3997 -8950.719000000001 -0.41400961999999997 -3.6168327 -1.0370618
60808 83569.601 -25802.088 5081.6637 -9073.9675 -0.35673305 -3.6286063 -1.0170344
60808 83689.601 -25841.455 4645.5729 -9194.796400000001 -0.29936128 -3.6394125 -0.99673583
60808 83809.601 -25873.932 4208.2435000000005 -9313.1735 -0.24190959 -3.6492484 -0.97617142
60808 83929.601 -25899.510000000002 3769.7922000000003 -9429.0672 -0.18439329000000002 -3.6581113999999997 -0.95534666
60808 84049.601 -25918.184 3330.3358 -9542.4465 -0.12682773 -3.6659991 -0.93426712
60808 84169.601 -25929.948 2889.9915 -9653.2813 -0.06922824699999999 -3.6729095000000003 -0.9129384
60808 84289.601 -25934.798 2448.8767000000003 -9761.542 -0.01161019 -3.6788406 -0.89136621
60808 84409.601 -25932.734 2007.1090000000002 -9867.1997 0.046011078 -3.6837909 -0.8695562800000001
60808 84529.601 -25923.756 1564.8062 -9970.2262 0.1036202 -3.6877591000000005 -0.8475144299999999
60808 84649.601 -25907.866 1122.0861000000002 -10070.594000000001 0.16120182 -3.6907441 -0.82524654
60808 84769.601 -25885.069 679.0669200000001 -10168.277 0.21874058 -3.6927451000000002 -0.80275854
60808 84889.601 -25855.371 235.86668 -10263.248 0.27622115 -3.6937615999999998 -0.78005643
60808 85009.601 -25818.779000000002 -207.39646 -10355.482 0.33362821000000004 -3.6937932 -0.75714626
60808 85129.601 -25775.304 -650.6043000000001 -10444.955 0.39094645000000006 -3.6928400000000003 -0.7340341300000001
60808 85249.601 -25724.956000000002 -1093.6387 -10531.642 0.44816059 -3.6909023000000003 -0.71072621
60808 85369.601 -25667.75 -1536.3815 -10615.521 0.50525538 -3.6879805 -0.68722871
60808 85489.601 -25603.7 -1978.7147 -10696.57 0.5622156 -3.6840754000000002 -0.66354789
60808 85609.601 -25532.824 -2420.5202999999997 -10774.766 0.61902607 -3.6791880999999997 -0.6396900799999999
60808 85729.601 -25455.14 -2861.6806 -10850.089 0.67567164 -3.6733198000000002 -0.61566161
60808 85849.601 -25370.670000000002 -3302.0778999999998 -10922.518 0.73213721 -3.6664721 -0.5914689200000001
60808 85969.601 -25279.435 -3741.5948 -10992.035 0.7884077300000001 -3.6586468 -0.56711843
60808 86089.601 -25181.461 -4180.1141 -11058.62 0.8444681900000001 -3.6498461000000004 -0.54261664
60808 86209.601 -25076.772 -4617.5189 -11122.257 0.9003036600000001 -3.6400722 -0.51797009
60808 86329.601 -24965.397 -5053.692599999999 -11182.928 0.95589923 -3.6293278 -0.49318535
