CIC_AEM_VERS = 1.0
CREATION_DATE = 2025-05-14T14:35:32.383Z
ORIGINATOR = CS Group

META_START
OBJECT_NAME = RED1
OBJECT_ID = RED1
CENTER_NAME = null
REF_FRAME_A = EME2000
REF_FRAME_B = SC_BODY_1
ATTITUDE_DIR = A2B
TIME_SYSTEM = UTC
START_TIME = 2025-05-13T20:36:25.867008
STOP_TIME = 2025-05-14T21:59:60.0
ATTITUDE_TYPE = QUATERNION
QUATERNION_TYPE = LAST
META_STOP

60808 74185.867008 -0.5564918097378817 -0.5083002848298651 -0.4442715396671582 -0.4843247724185786
60808 74605.867008 -0.6561218791672117 -0.3709069777545282 -0.5413672518280922 -0.3726306377355299
60808 75025.867008 -0.7224963415206896 -0.21472030246016166 -0.6110010855603069 -0.24201632516167643
60808 75445.867008 -0.7522633389701774 -0.04728934379089905 -0.649694996457509 -0.09879270409976337
60808 75865.867008 -0.7436072227808787 0.12322221177851692 -0.6552544493453865 0.050061875370318615
60808 76285.867008 -0.6964427625228058 0.2882212556624185 -0.6269450573980403 0.19706821488547901
60808 76705.867008 -0.6126558399305911 0.43899830780754395 -0.5657266843055294 0.3344945832232965
60808 77125.867008 0.4962744449603611 -0.5672435168524843 0.4744467505830542 -0.4548040773006462
60808 77545.867008 0.35342563288117707 -0.6657075843521285 0.3578616213453336 -0.5512338833260183
60808 77965.867008 0.19197024809068036 -0.7288788297434515 0.22238010214048654 -0.6184093834765172
60808 78385.867008 0.02086059577139116 -0.7534648103309101 0.07554079654800376 -0.652801044112187
60808 78805.867008 -0.1506018460211929 -0.738550189058344 -0.07462403412041672 -0.652911905044232
60808 79225.867008 -0.31344291248295697 -0.685459834977828 -0.2201880478933131 -0.6192056030199519
60808 79645.867008 -0.45949019631503824 -0.5974397279134556 -0.35378612538388376 -0.5538681327598861
60808 80065.867008 -0.5816673869899563 -0.4792904439485257 -0.4689001159323533 -0.46051753770136394
60808 80485.867008 -0.6741615249127404 -0.3370264631028823 -0.5600291422805171 -0.3439284246645491
60808 80905.867008 -0.732513552174411 -0.1776052718535004 -0.6227846345401564 -0.20980839418706376
60808 81325.867008 -0.7537030236608105 -0.008732680460744706 -0.6539707539577776 -0.06463548084773628
60808 81745.867008 -0.7362849747041712 0.16130776366808888 -0.6517117232765669 0.08447526945304949
60808 82165.867008 -0.680599072648715 0.3238620807811161 -0.6156438997066214 0.22995835208980478
60808 82585.867008 -0.5890105814698644 0.4702515010660761 -0.5471537440910544 0.3640780699091548
60808 83005.867008 0.4660376824315604 -0.5923477261395621 0.44953795265795227 -0.4794253633374094
60808 83425.867008 0.31824421825117505 -0.6832393231596862 0.3279702065631671 -0.5695087255213093
60808 83845.867008 0.15380277468368217 -0.7378885678153227 0.18917269574402235 -0.6293479635082582
60808 84265.867008 -0.018196072940960043 -0.7535409548272904 0.04085016307636567 -0.6558781872452666
60808 84685.867008 -0.18846714660645797 -0.7298081515562497 -0.10893773624685898 -0.6480684888138596
60808 85105.867008 -0.3481893911466646 -0.6684802579892822 -0.25236169755034127 -0.6068046359257713
60808 85525.867008 -0.4894182693853965 -0.5731845119567208 -0.3822324209191962 -0.534628515179456
60808 85945.867008 -0.6053515348347001 -0.4490220664157566 -0.4922541512093629 -0.4354475327317246
60808 86365.867008 -0.6904743273657713 -0.30223905299828463 -0.5771759004995335 -0.31426857617973597
60809 385.867008 -0.7406406138808291 -0.1399759025340011 -0.6328759968854042 -0.17699209119711024
60809 805.8670079999999 -0.7531696160157672 0.02991444634230266 -0.6564489986000162 -0.030255043343737388
60809 1225.867008 -0.7269984666454935 0.19903909406221762 -0.6463483500267716 0.11870332323765316
60809 1645.867008 -0.66290384004229 0.3586992527235388 -0.6025938135188101 0.26224805215981756
60809 2065.867008 -0.5637359169642346 0.5002796338338271 -0.5270059462681407 0.39266631698378074
60809 2485.867008 0.4345001871499301 -0.6158666400715104 0.4233279937741985 -0.5027039672618634
60809 2905.867008 0.28217635869799185 -0.6989220168369201 0.2971329172576545 -0.5861710897464237
60809 3325.867008 0.1152134306540028 -0.7449018557665121 0.15542874635361922 -0.6385052822643554
60809 3745.867008 -0.05719656626573452 -0.7515944128107457 0.006054240106391248 -0.6571131847831193
60809 4165.867008 -0.2258224925374728 -0.7191294982349131 -0.14293550453912485 -0.6414252943053547
60809 4585.867008 -0.3820143104824356 -0.6497454343074216 -0.28383068741476986 -0.5927360947883542
60809 5005.867008 -0.5180709360454937 -0.5474327735574478 -0.40963122733099366 -0.5139281284921557
60809 5425.867008 -0.6274702891896159 -0.41757485136174805 -0.5142753166647931 -0.40918599482856266
60809 5845.867008 -0.705001325265185 -0.266637165087249 -0.5927658473427643 -0.2837365041593744
60809 6265.867008 -0.7468380222526044 -0.10193599724401468 -0.6412515544675449 -0.143660937198126
60809 6685.867008 -0.7506466291842614 0.06853856514353278 -0.6571255826774953 0.004251090816942194
60809 7105.867008 -0.7157573830609614 0.2362973002954785 -0.6391819824370224 0.15264779000912734
60809 7525.867008 -0.6433970869675091 0.3926152311940778 -0.5878366838741057 0.2938392448398258
60809 7945.867008 -0.5369052131417195 0.5289765434603775 -0.5053493876670708 0.42016497349787824
60809 8365.867008 0.401764432244788 -0.637713999661592 0.3959077253804179 -0.5245600714910943
60809 8785.867008 0.24534533620179635 -0.712696220021989 0.2654608924053997 -0.6011657663022113
60809 9205.867008 0.07633471841301087 -0.749891574062188 0.12126919684007838 -0.6458555719455417
60809 9625.867008000001 -0.09600917312288829 -0.7476303677751965 -0.028723360050778975 -0.6565105029197759
60809 10045.867008000001 -0.262543673365259 -0.706548827487085 -0.17650057808276048 -0.6330143125466856
60809 10465.867008000001 -0.4148079011188172 -0.6293139272465478 -0.31449241511145765 -0.5770553760084823
60809 10885.867008 -0.5453555511377361 -0.5202603613987199 -0.43590023780901577 -0.49184089081589455
60809 11305.867008 -0.6479545490397721 -0.3850390553643863 -0.5348990931991985 -0.3818151232172999
60809 11725.867008 -0.7176985343470346 -0.2303217805941369 -0.6067510146959739 -0.25241611942479186
60809 12145.867008 -0.7510843079667896 -0.06358911334728588 -0.647881445199216 -0.10990186511761418
60809 12565.867008 -0.7461342094576853 0.10703704072947405 -0.6559891444373452 0.038795048256080975
60809 12985.867008000001 -0.702583717614912 0.27298384933675246 -0.63022025557551 0.18622128558797407
60809 13405.867008000001 -0.6221233707959124 0.42552051430977034 -0.5714002516858289 0.32464835712575474
60809 13825.867008000001 -0.5085842055639349 0.5562629106206296 -0.48223459788683837 0.4465013692248725
60809 14245.867008000001 0.3679163805624729 -0.6578301723183458 0.3673450288573642 -0.5449354375292612
60809 14665.867008 0.20785054405214948 -0.7245270219419544 0.2330351827681586 -0.6144536999688089
60809 15085.867008 0.0372706216926936 -0.7528486857692942 0.08678324354894143 -0.6513819353752541
60809 15505.867008 -0.13453243806013537 -0.7416654460556437 -0.06339314158416205 -0.6540754534736564
60809 15925.867008 -0.29853481633953655 -0.6921055733046959 -0.209548569144612 -0.6228613296739035
60809 16345.867008 -0.446483751826972 -0.6072450771034102 -0.34427084894985405 -0.5598064471328736
60809 16765.867008 -0.5712001202131064 -0.49174391554508246 -0.46097259416848324 -0.46842567352623066
60809 17185.867008 -0.6667456756540633 -0.3515024230853081 -0.5540738617826468 -0.35340968613074003
60809 17605.867008 -0.7285212010153752 -0.19338661605193647 -0.619098576522046 -0.22039834153521354
60809 18025.867008 -0.7533528202620391 -0.025036051979790124 -0.6527519144777276 -0.0758133395264865
60809 18445.867008 -0.7396268749021853 0.14530359534411183 -0.6530462295029766 0.07327737191280287
60809 18865.867008 -0.6874957499361425 0.308989547536558 -0.6194921167869558 0.21932754175367675
60809 19285.867008 -0.5991261791394235 0.4573106764903527 -0.5533363219648918 0.35458945476719567
60809 19705.867008 0.47884466148466187 -0.5820496400318108 0.45773272195018294 -0.471600214124798
60809 20125.867008 0.3330528093732866 -0.6761489084652667 0.3377273993422109 -0.5637718363694098
60809 20545.867008 0.16980694333467597 -0.7343757049964176 0.19995652757604565 -0.6259994512665957
60809 20965.867008 -0.0018551028157454603 -0.7537646269751556 0.0520799818723513 -0.6550748973993151
60809 21385.867008 -0.1726451996107008 -0.733721166706974 -0.09784940740988626 -0.6498248826007453
60809 21805.867008 -0.3336855514182723 -0.6758476732666912 -0.24198226909631765 -0.6110061020625578
60809 22225.867008 -0.476949537463479 -0.5836084515896465 -0.3730798883889129 -0.5410468656467985
60809 22645.867008 -0.5955311650014259 -0.4619678470324566 -0.4847784013592251 -0.4437547085900445
60809 23065.867008 -0.6837894746229463 -0.31706039406613223 -0.571746447614704 -0.3240534840878442
60809 23485.867008 -0.7374373263638033 -0.15594075176778693 -0.6297700284915115 -0.1877721567147365
60809 23905.867008 -0.7536353438000706 0.013600607047733382 -0.6558408552074481 -0.041491742600736764
60809 24325.867008 -0.7311445114754651 0.18320519706654492 -0.648296480225242 0.1075882560258057
60809 24745.867008 -0.670550032747921 0.3441775208847529 -0.6070257407294147 0.2518416919242977
60809 25165.867008 -0.5745048509592803 0.48785989783823847 -0.5337059194661018 0.38352951363925236
60809 25585.867008 0.4478238600424207 -0.6062315989268843 0.4319436734712769 -0.4953399860574537
60809 26005.867008 0.29733238214410224 -0.6925936364064935 0.30719487169082393 -0.5809809120311971
60809 26425.867008 0.13138018000722912 -0.7422057732083442 0.16638514576039054 -0.6357561024384789
60809 26845.867008 -0.04088175899244076 -0.7526446409381355 0.01731787983598188 -0.6569283197478819
60809 27265.867008 -0.21020729589242737 -0.7238367234927321 -0.1319504850199149 -0.6437875115128506
60809 27685.867008 -0.36788485607438665 -0.6578374317193054 -0.27368192242452893 -0.5975021769316746
60809 28105.867008 -0.506123181696599 -0.5584789724782442 -0.40082441727288126 -0.5208458013335724
60809 28525.867008 -0.6182912810010894 -0.4310136479188513 -0.5072444808635723 -0.4179068841011851
60809 28945.867008 -0.6990526044268134 -0.28180444709792074 -0.5878581207814584 -0.29382739775456035
60809 29365.867008 -0.7444339712329058 -0.11808315531061261 -0.6387218972260731 -0.15462460641896753
60809 29785.867008 -0.7519387475632056 0.052218833066858414 -0.6571238780591566 -0.007037206172060593
60809 30205.867008 -0.7207178217300861 0.2206406022182549 -0.6417386745350249 0.1416157466506991
60809 30625.867008 -0.6518040985671548 0.3784554503847075 -0.5928470776416844 0.28364631444261945
60809 31045.867008 -0.548336475620949 0.5170849390415727 -0.5125680652782064 0.41136875644235027
60809 31465.867008 0.41561293113858716 -0.6287463216930802 0.40495096012381704 -0.5176472489278897
60809 31885.867008 0.26085931329585377 -0.7071379391131605 0.27583284255357804 -0.5965103491997611
60809 32305.867008 0.09267364120012038 -0.7480230841558763 0.13240400922286283 -0.6436942132242252
60809 32725.867008 -0.07971446530282887 -0.7495198161541091 -0.017420679399075014 -0.6569339153545577
60809 33145.867008 -0.24713485569621432 -0.712063122198418 -0.165615333546997 -0.6359732969230463
60809 33565.867008 -0.4010584818154935 -0.6381417411608513 -0.30457240046516 -0.5823769099362874
60809 33985.867008 -0.5339430779828602 -0.5319380962681024 -0.4274350316292552 -0.499245375490804
60809 34405.867008 -0.6394406616650511 -0.3989770213448497 -0.5283044832454546 -0.3909313873698377
60809 34825.867008 -0.7125116460496745 -0.24582975776641636 -0.6023564147533517 -0.26279580294513194
60809 35245.867008 -0.7495037192586135 -0.07990178632103097 -0.6459187055284665 -0.12103266174319999
60809 35665.867008 -0.7482725415768132 0.09073892696238654 -0.6565820670360218 0.027470709903386327
60809 36085.867008 -0.7083710473451654 0.25754310135304254 -0.633369889965187 0.17528431964684346
60809 36505.867008 -0.631291995758005 0.41176311929686743 -0.5769709232583714 0.31468413273180945
60809 36925.867008 -0.5206682235093224 0.5449423701388587 -0.48994750705322354 0.43805690793254337
60809 37345.867008 0.3822700595009832 -0.6495709903199618 0.3767873431954196 -0.5384778808378261
60809 37765.867008 0.22369330912519228 -0.7197728576807914 0.24368933267194529 -0.610330931495816
60809 38185.867008 0.053746654465217154 -0.7518337418801572 0.0980703072303986 -0.6497996126068504
60809 38605.867008 -0.1182955793798808 -0.7444113406242047 -0.052075805049630594 -0.6550923769802894
60809 39025.867008 -0.283372973505054 -0.6984346970027775 -0.1987847523660719 -0.6263971217496945
60809 39445.867008 -0.4331574635926533 -0.6168056435712983 -0.3345986353432257 -0.5656581679946174
60809 39865.867008 -0.5603649193790468 -0.5040362555917804 -0.4528677824261929 -0.4762870792061384
60809 40285.867008 -0.6589348491725489 -0.36590704087330117 -0.5479331603128152 -0.36288586885535423
60809 40705.867008 -0.7241291533958943 -0.20919081164320982 -0.6152280296647104 -0.23102087576900623
60809 41125.867008 -0.7526188098751823 -0.04145689142218283 -0.6513578397915935 -0.0870587027108857
60809 41545.867008 -0.7426203841153977 0.1290960226773592 -0.6542239483976321 0.06196940671168635
60809 41965.867008 -0.6941019746615443 0.29383899779089956 -0.6232119040389922 0.20853780187840906
60809 42385.867008 -0.6090316963552639 0.44403060392184734 -0.5594306230046173 0.34489794673221097
60809 42805.867008 0.4915391585615784 -0.5713684468517225 0.4658930229361044 -0.46354184786520014
60809 43225.867008 0.3478523137274339 -0.6686523233390748 0.3475172678345372 -0.5577943948127724
60809 43645.867008 0.18590620492906054 -0.73046348964649 0.21083749170159463 -0.622422304673705
60809 44065.867008 0.014677702128117358 -0.7536232970440728 0.06345930320428213 -0.6540714089833665
60809 44485.867008 -0.1565499067230531 -0.7373240678909821 -0.08657764198710691 -0.651421259648202
60809 44905.867008 -0.31885316989103074 -0.6829723766136159 -0.23139641459552543 -0.6150911218230405
60809 45325.867008 -0.46412364786537585 -0.5938637359817766 -0.3637049963208275 -0.54738814220731
60809 45745.867008 -0.5853422492484962 -0.47482031490361293 -0.477072306318427 -0.45202005966943765
60809 46165.867008 -0.6767374937758586 -0.3318626834959577 -0.5660852424462104 -0.33382783302991204
60809 46585.867008 -0.7338778137774976 -0.17195873398958847 -0.6264361344732102 -0.19857320482915222
60809 47005.867008 -0.7537650900394373 -0.0028356315775349547 -0.6550141505873508 -0.05278835820261029
60809 47425.867008 -0.7349881357198547 0.1671868746704205 -0.6500429070825562 0.09635978539125574
60809 47845.867008 -0.6779445257067263 0.3294148227274154 -0.6112838521467153 0.24126571811266573
60809 48265.867008 -0.5850872066025641 0.4751446369529297 -0.5402769205061156 0.37418095062857687
60809 48685.867008 0.46104084789726524 -0.5962612506369807 0.4404867860943715 -0.4877348140488291
60809 49105.867008 0.3124722834401838 -0.6859148189174351 0.31724346441982737 -0.575533246263016
60809 49525.867008 0.1476195907156669 -0.7391664254711146 0.17738931504049776 -0.6327515174242234
60809 49945.867008 -0.02441211556271617 -0.7533799967854868 0.028681733893793162 -0.6565058927367661
60809 50365.867008 -0.194368234810235 -0.7282728607913138 -0.12082615060844121 -0.6459416930812992
60809 50785.867008 -0.3534828268079045 -0.6657111776462982 -0.2633636819304064 -0.6020947518030129
60809 51205.867008 -0.49387704154334416 -0.5693646767154111 -0.3918225747370768 -0.5276214577436716
60809 51625.867008 -0.6088054093090786 -0.44435059852205755 -0.4999964416756736 -0.4265115209472766
60809 52045.867008 -0.6927923530805731 -0.29691937844024163 -0.5827207311029894 -0.30383249951665914
60809 52465.867008 -0.7417172207615411 -0.13422327467161896 -0.6359541262355336 -0.16553557408062305
60809 52885.867008 -0.7529207500688625 0.03586226652851848 -0.6568781215767329 -0.01831325610048356
60809 53305.867008 -0.7253771801482819 0.20490272302717416 -0.6440496380372633 0.13054839853574002
60809 53725.867008 -0.6599279443223994 0.3641614168999361 -0.5976194579014793 0.273372555830656
60809 54145.867008 -0.5595177026392799 0.5050049275377188 -0.5195671057562599 0.4024425253523157
60809 54565.867008 0.42926150905685356 -0.6195406003370505 0.41380737797377715 -0.5105560256335316
60809 54985.867008 0.2762367426401111 -0.7013011812335415 0.28606740355310556 -0.5916378586943241
60809 55405.867008 0.10895119159171517 -0.7458532332097059 0.14345859742995623 -0.6412895002920312
60809 55825.867008 -0.06339999447755844 -0.7511051086307573 -0.006142270436493419 -0.6571026015797753
60809 56245.867008 -0.23163017518918277 -0.7172878219549194 -0.1547009796340205 -0.6386808665658232
60809 56665.867008 -0.3871489614121439 -0.6467071925195592 -0.2945755178031076 -0.5874612779851955
60809 57085.867008 -0.5223203898656797 -0.5433875399348447 -0.41885274519438565 -0.5064323939256344
60809 57505.867008 -0.6306777130180463 -0.4127232439506584 -0.5215585876398577 -0.39985220502616825
60809 57925.867008 -0.7070437483337242 -0.2611827829603703 -0.5977802246659287 -0.27300456923946387
60809 58345.867008 -0.7476132731155392 -0.09609443121133371 -0.6437468478165251 -0.13202367241494287
60809 58765.867008 -0.7500760372654878 0.07451954360037655 -0.6569389028336557 0.016249734933430293
60809 59185.867008 -0.7138043752644913 0.24212596743485207 -0.6362595027654669 0.16441464316674187
60809 59605.867008 -0.6400993530133754 0.3979652644895658 -0.5822633430754486 0.30473901266856324
60809 60025.867008 -0.5324005459709237 0.533508889260787 -0.49737697393322133 0.4295742887215379
60809 60445.867008 0.3963021078818659 -0.6411228366432188 0.3859601367636318 -0.5319219119874095
60809 60865.867008 0.2392662580736716 -0.7147599470165188 0.2541075988289322 -0.6060521463585133
60809 61285.867008 0.07002592238826964 -0.7505067342651253 0.10916579874596971 -0.6480114508251558
60809 61705.867008 -0.10216880055228873 -0.7468119892426676 -0.04089639021233946 -0.6558665063751284
60809 62125.867008 -0.2682303517533467 -0.7044068768215241 -0.18809721841204483 -0.6296688548042323
60809 62545.867008 -0.41976214362432207 -0.6260174621873699 -0.3249408916038262 -0.5712401393285573
60809 62965.867008 -0.5493818353390918 -0.5160048038473284 -0.4447178446793104 -0.48388498636527205
60809 63385.867008 -0.6509047915537143 -0.3800250836813371 -0.5416934969588362 -0.3721183191646388
60809 63805.867008 -0.7194551025410815 -0.22475454789987456 -0.611211642833821 -0.2414333785753465
60809 64225.867008 -0.7515517007986363 -0.05769272926461815 -0.6497773854447461 -0.09813734957327114
60809 64645.867008 -0.7452439789236949 0.11300252741792197 -0.6551813952198564 0.050785628212157805
60809 65065.867008 -0.7003164469420509 0.27871655917930394 -0.6266867724746255 0.19783236081856817
60809 65485.867008 -0.6185410743478269 0.4306871980140529 -0.565266067902487 0.3352458042832171
60809 65905.867008 0.5038532109952476 -0.5605331015373759 0.4737919083054017 -0.45547317316719577
60809 66325.867008 0.3623100869894444 -0.6609191076399301 0.3570533066340896 -0.5517520006704122
60809 66745.867008 0.20172343893682584 -0.7262440684578169 0.2214842960306412 -0.6187260410110034
60809 67165.867008 0.03100526160057767 -0.7531205673502108 0.07463504446574781 -0.6528994523851066
60809 67585.867008 -0.14057184926742256 -0.7405305552833364 -0.07546544969471566 -0.6528085613621077
60809 68005.867008 -0.3040426946513045 -0.6896878823747145 -0.2209150412299079 -0.6189387766920439
60809 68425.867008 -0.4512194347057519 -0.6037189575092334 -0.3543779650104616 -0.5534805326322058
60809 68845.867008 -0.5749789939357663 -0.48730379109366584 -0.46935786739446794 -0.46004061128695134
60809 69265.867008 -0.6694272174936478 -0.3463498877210177 -0.5603595307564501 -0.3433746525950363
60809 69685.867008 -0.7299911372773875 -0.1877319305959987 -0.6229878806206949 -0.20917878078548105
60809 70105.867008 -0.7535182483827371 -0.01911041764648293 -0.654032004497706 -0.06393104397944312
60809 70525.867008 -0.7384279967007077 0.1512310881322468 -0.6516030890066578 0.08524474217157267
60809 70945.867008 -0.684932216578288 0.31460664042384445 -0.6153378611348862 0.23075926232400393
60809 71365.867008 -0.5952875171487458 0.4622809929717366 -0.5466385173152911 0.36484981410340184
60809 71785.867008 0.47392527541763163 -0.5860475858098922 0.4488325306240817 -0.48009626111885284
60809 72205.867008 0.3273503439835816 -0.6789144468095084 0.3271213242621237 -0.5700075134769405
60809 72625.867008 0.1636845173904958 -0.7357527339600834 0.18825390164518063 -0.6296314491448706
60809 73045.867008 -0.00802286117541487 -0.7537123790437019 0.039943815879706294 -0.6559403745370544
60809 73465.867008 -0.17851507148114934 -0.7323010211796007 -0.10976201939775158 -0.6479350914490755
60809 73885.867008 -0.33897584719643475 -0.67319328011178 -0.2530648539753409 -0.6065182291673031
60809 74305.867008 -0.4814400322586637 -0.579893187675934 -0.38280277185940137 -0.5342297484066008
60809 74725.867008 -0.5990489783469097 -0.4573807954655408 -0.492697451218021 -0.4349624708455876
60809 75145.867008 -0.686196586573374 -0.3117995377036218 -0.5774986470336575 -0.31370464698048844
60809 75565.867008 -0.7386186521513362 -0.15021990038787944 -0.6330713898578194 -0.17634365189903484
60809 75985.867008 -0.7534986959967983 0.019541732522033804 -0.6564953954471182 -0.029523407288006093
60809 76405.867008 -0.7296388255082589 0.1890863528129963 -0.6462147303623624 0.11949919561866082
60809 76825.867008 -0.6676937802552025 0.3496766945326634 -0.6022540218182926 0.2630614344842651
60809 77245.867008 -0.5704120187468741 0.4926347108041833 -0.5264555389523707 0.3934281841535545
60809 77665.867008 0.4427187585639227 -0.6099689351843409 0.4225959618283017 -0.5033394997137748
60809 78085.867008 0.2915315236611631 -0.6950576642339669 0.29627964462972833 -0.5866196265720274
60809 78505.867008 0.12524941018537608 -0.7432678261187143 0.1545338091449583 -0.6387368986806113
60809 78925.867008 -0.04697546512293474 -0.7522909125717451 0.005195624170806561 -0.6571336957027318
