CIC_AEM_VERS = 1.0
CREATION_DATE = 2025-02-24T12:16:33.441Z
ORIGINATOR = CS Group

META_START
OBJECT_NAME = RED2
OBJECT_ID = RED2
CENTER_NAME = null
REF_FRAME_A = EME2000
REF_FRAME_B = SC_BODY_1
ATTITUDE_DIR = A2B
TIME_SYSTEM = UTC
START_TIME = 2025-02-23T20:33:27.080352
STOP_TIME = 2025-02-24T23:59:60.0
ATTITUDE_TYPE = QUATERNION
QUATERNION_TYPE = LAST
META_STOP

60729 74007.080352 -0.752440173035864 -0.042320193402999605 -0.038304678771872484 -0.6561825499175329
60729 74427.080352 -0.7426118353455325 0.12845696517841473 -0.18529897997675923 -0.6306272735312545
60729 74847.080352 -0.6942048373056257 0.2934153312616984 -0.32341510070967233 -0.5721798317618422
60729 75267.080352 -0.6092341466632452 0.4437090974499938 -0.44519295330547887 -0.4834865310500027
60729 75687.080352 -0.4918945561303611 0.571035147958278 -0.5438463472829415 -0.36903896270256425
60729 76107.080352 0.3484472742160061 -0.6682757388340321 0.6138174516481664 0.2349897232421345
60729 76527.080352 0.18681056114674569 -0.7301181621097287 0.6512714224228672 0.08874017093089827
60729 76947.080352 0.01593612546857175 -0.7534624800989794 0.654400515251477 -0.06164654594335655
60729 77367.080352 -0.15492621535689124 -0.7375513185804927 0.6234695661193347 -0.20809041395108827
60729 77787.080352 -0.31691576311028613 -0.6838047827267412 0.5606078996641242 -0.3430658844106167
60729 78207.080352 -0.46202839825516645 -0.5954669338670024 0.46944752908245313 -0.459965115324168
60729 78627.080352 -0.5833571874938425 -0.4772192377797235 0.3547580646115701 -0.5532656744144414
60729 79047.080352 -0.6751724876717817 -0.33488878011217227 0.22218294138351818 -0.6185679893142281
60729 79467.080352 -0.7329700774207009 -0.17529048813674042 0.0780862552424376 -0.6526336239551929
60729 79887.080352 -0.7536077629083028 -0.006127486569305317 -0.07054609195054128 -0.6534990761303278
60729 80307.080352 -0.7355494178502772 0.1641771456359857 -0.21627200174126457 -0.6206765180138243
60729 80727.080352 -0.6791515980361673 0.3267732112068279 -0.35146939029098584 -0.5553752272211832
60729 81147.080352 -0.5868944957007597 0.47287168627624265 -0.46877528038700517 -0.46064840793440137
60729 81567.080352 -0.46343279380082386 0.5943674598209465 -0.5616235605299102 -0.34137420024610077
60729 81987.080352 0.3154268840311181 -0.6844801443859176 0.6247942202635065 0.2040220456155894
60729 82407.080352 0.15107194112226596 -0.7383448802981968 0.6548793818012094 0.05618809157337374
60729 82827.080352 -0.020557611854956574 -0.7533604370768088 0.6505288609656371 -0.09400870966570843
60729 83247.080352 -0.19024625364010211 -0.7292532418559379 0.6124388111918043 -0.23856817634479338
60729 83667.080352 -0.3492909409130652 -0.6678614001074566 0.5430928297194545 -0.37014479214206025
60729 84087.080352 -0.4899058683354628 -0.5727609547594696 0.44639610730284923 -0.48235634572208114
60729 84507.080352 -0.6054286677755925 -0.44889219757071364 0.32732295011925544 -0.569922459217773
60729 84927.080352 -0.6903809453712997 -0.30229853840092935 0.19168355850230367 -0.6286868515793743
60729 85347.080352 -0.7405273783169912 -0.13999173967855436 0.045985781117804526 -0.6556728015708149
60729 85767.080352 -0.7530399359551215 0.03015092881334167 -0.10266517029422864 -0.6492161729014894
60729 86187.080352 -0.726758568658232 0.19958153905591386 -0.2467575367844929 -0.6091797027068124
60730 207.080352 -0.6624748682528969 0.35941320244974667 -0.37868136252263773 -0.5371681529243175
60730 627.080352 -0.563136781592928 0.5009448497656424 -0.491198848034409 -0.43664048644177106
60730 1047.080352 0.43385137228906584 -0.6162991059653904 0.5779918005861477 0.3128480097496829
60730 1467.080352 0.28165511141195937 -0.6990595793714757 0.6342018561108342 0.17255175574321138
60730 1887.080352 0.11498858803176698 -0.7448243570501328 0.656857180982906 0.023514794460225096
60730 2307.080352 -0.05698494328778794 -0.751494458438714 0.6450604963614716 -0.12611800509159446
60730 2727.080352 -0.2251123994036592 -0.7192699747358515 0.5999248803126468 -0.2684497142111932
60730 3147.080352 -0.38086352885612446 -0.6503882890992839 0.5242734173288965 -0.396327427352747
60730 3567.080352 -0.5166802150412755 -0.5487408182701579 0.42226908100784927 -0.5036009263036411
60730 3987.080352 -0.6261466340433328 -0.4195160862374064 0.2990827963549275 -0.5852316865898246
60730 4407.080352 -0.704037785194137 -0.26897066646653756 0.16068483248321344 -0.6373115111225612
60730 4827.080352 -0.7463971483686042 -0.10430953313807403 0.013723486557792798 -0.6571320142257803
60730 5247.080352 -0.750721914539275 0.06642508294189735 -0.13458748255791878 -0.6433432403665789
60730 5667.080352 -0.7162438544789093 0.2345753190521236 -0.27668113142537987 -0.5961683588768873
60730 6087.080352 -0.6442032853873985 0.39124195303257514 -0.4049840045723148 -0.517609715252631
60730 6507.080352 -0.5380147746052791 0.5278433941073623 -0.5124105041572712 -0.41152998533878615
60730 6927.080352 0.40322625512425736 -0.6367600330261363 0.5929167011377794 0.2835401788652084
60730 7347.080352 0.24722347338046252 -0.7119663088859245 0.6420259003221338 0.14066724045279902
60730 7767.080352 0.07866030361840635 -0.7495367716442879 0.6572083133235833 -0.009187898894174613
60730 8187.080352 -0.0932448695841462 -0.7478698423970465 0.6380190821652864 -0.15788522388817142
60730 8607.080352 -0.25942886071309723 -0.7076276754400606 0.5859705171892671 -0.2976546525175502
60730 9027.080352 -0.41154737524091556 -0.6314293755501053 0.5042073706947625 -0.4215455241866428
60730 9447.080352 -0.5422775825967248 -0.5234643229211258 0.3971364697992025 -0.5236437246804423
60730 9867.080352 -0.6454506176272126 -0.38916083359393555 0.27011560638665644 -0.5991534903407407
60730 10287.080352 -0.7160975689299232 -0.23498470951762077 0.129269984973148 -0.6444189080486508
60730 10707.080352 -0.750549349342964 -0.06833138125775905 -0.018615868173517847 -0.6570083302275598
60730 11127.080352 -0.7466469083843811 0.10260277944487682 -0.1662291007349045 -0.6358922470978055
60730 11547.080352 -0.7040255680353075 0.2690669399901426 -0.30596471495011496 -0.5816670650487259
60730 11967.080352 -0.6243793015821315 0.4221768045158987 -0.4303087637338814 -0.49674098012784607
60730 12387.080352 -0.5115891124917649 0.5534997075251746 -0.5323560897139087 -0.3853720896665339
60730 12807.080352 0.3716304089609201 -0.6557029417094306 0.6063616053908565 0.25351547265790625
60730 13227.080352 0.21221087447820636 -0.7231753534088988 0.6482477790550744 0.10843786204676314
60730 13647.080352 0.042166190429817056 -0.7524755102889708 0.655935174298205 -0.04185290812324602
60730 14067.080352 -0.12926241649944228 -0.7424994400000181 0.6294208795066093 -0.1892489517051831
60730 14487.080352 -0.2931279304521342 -0.6943545224595884 0.5706031845912837 -0.32612853181384044
60730 14907.080352 -0.4412831742355393 -0.6110243823153197 0.48293264504432293 -0.44575152798760276
60730 15327.080352 -0.5666460515141308 -0.4969828429137319 0.37104581174254136 -0.5424438327985197
60730 15747.080352 -0.6632961521366665 -0.3578908644015252 0.24047839101308824 -0.6116555298486049
60730 16167.080352 -0.7265260691958141 -0.2004192910425917 0.09750624929613504 -0.649988084433141
60730 16587.080352 -0.7529669951999597 -0.03214784928571662 -0.05095538144535961 -0.655294414006105
60730 17007.080352 -0.740815694371822 0.13858500920143113 -0.1975075719632993 -0.6268788249846988
60730 17427.080352 -0.6901230045061512 0.302957055248846 -0.33452656201160247 -0.5657201080349257
60730 17847.080352 -0.6030449440257757 0.45212524904656887 -0.45458489628204807 -0.474628409107342
60730 18267.080352 -0.4839233223180508 0.5778349129145155 -0.550984168245871 -0.3582477883757834
60730 18687.080352 0.3391430430601365 -0.6730678315238762 0.6182995647433728 0.22286170319239074
60730 19107.080352 0.17670665036066305 -0.7326477795797871 0.652865451369361 0.0759519137573416
60730 19527.080352 0.005599285059600677 -0.7536279578568276 0.6530535256302289 -0.07439517326612687
60730 19947.080352 -0.16494509721275175 -0.7353954754169482 0.6192971469812506 -0.2201309914179282
60730 20367.080352 -0.32611936292396937 -0.6794850145375424 0.5538695472691088 -0.3538005098256538
60730 20787.080352 -0.46998733939630927 -0.5892277166523308 0.4605112756256284 -0.46888374226189106
60730 21207.080352 -0.5897118060505855 -0.4693700001799159 0.3440721936454448 -0.5599518856970428
60730 21627.080352 -0.6796240963759493 -0.3257967982935775 0.21025778695087954 -0.6227031370350938
60730 22047.080352 -0.7352855531211231 -0.16537777463437922 0.06548988534639615 -0.6540003225883458
60730 22467.080352 -0.7536355854718163 0.0041305401353114125 -0.08319549648325066 -0.6519929848653655
60730 22887.080352 -0.7332391708934856 0.17425992063219337 -0.2283251453845863 -0.6163289919465116
60730 23307.080352 -0.6745779912248183 0.336137033189011 -0.3622773809991267 -0.5483717059535369
60730 23727.080352 -0.5802727816176865 0.4809877181250444 -0.4777359138464899 -0.45133436668150456
60730 24147.080352 -0.45511827850318304 0.6007654919051857 -0.5682323444114666 -0.33024260638637754
60730 24567.080352 0.30588939778231095 -0.6887974621267036 0.628685640941226 0.19168749924423162
60730 24987.080352 0.14085415186077016 -0.740362752112371 0.6558543678183756 0.04333764416460354
60730 25407.080352 -0.03088876697711158 -0.7530085965521831 0.6485706100723595 -0.10667755782503051
60730 25827.080352 -0.2001466181865063 -0.7265990590035099 0.6076975916676827 -0.2503972359372548
60730 26247.080352 -0.35827345991778964 -0.6630858209242756 0.5358522245384189 -0.3805518564728642
60730 26667.080352 -0.4975541476974703 -0.5661268920439533 0.4370435394150788 -0.49084942382490204
60730 27087.080352 -0.6113967576618199 -0.44072422511038195 0.3163236353493009 -0.5761037405197693
60730 27507.080352 -0.6943850835809716 -0.29297854801510703 0.17956307680414033 -0.6322578805770925
60730 27927.080352 -0.7423520430467478 -0.12995636971106583 0.033325830234255595 -0.656440534393663
60730 28347.080352 -0.7525530223250246 0.04041338810890749 -0.11523770341166788 -0.6471097112263379
60730 28767.080352 -0.7239417707796707 0.20954200439773876 -0.25859084162387325 -0.6042609018806608
60730 29187.080352 -0.6574388054453745 0.36852846195987643 -0.3891345586106523 -0.52965581759756
60730 29607.080352 -0.5561296168459298 0.508698934954542 -0.4996881367602608 -0.4269156928762081
60730 30027.080352 0.4252569021097076 -0.6222459315369854 0.5840406736574703 0.3014350003026394
60730 30447.080352 0.27196075107458967 -0.7028731722223496 0.6374784826616161 0.16008696945248238
60730 30867.080352 0.10474424948516675 -0.7463200113280889 0.65720684735489 0.010688436783589337
60730 31287.080352 -0.06721734509570515 -0.750634161541746 0.6425070954197197 -0.13861751830169214
60730 31707.080352 -0.23480322776539111 -0.7161507383500496 0.5946473080425112 -0.27998239807071323
60730 32127.080352 -0.38954399406888773 -0.6452100071912917 0.5165788540256345 -0.40633214354593444
60730 32547.080352 -0.5239527931039897 -0.5417787144948868 0.41256154057984235 -0.5116075354734164
60730 32967.080352 -0.6316814574948454 -0.41110478846501014 0.28783837614363567 -0.5908641623734865
60730 33387.080352 -0.7075669408031948 -0.25950078989068687 0.14843955378525828 -0.6402921701852609
60730 33807.080352 -0.7477232913513421 -0.09422712816072633 0.0010685849226378771 -0.6572898797452773
60730 34227.080352 -0.7497385891610482 0.07662436690578737 -0.14701872401462665 -0.6406295724583743
60730 34647.080352 -0.7129555176771194 0.24435946694207397 -0.2882371803211897 -0.5906794465782825
60730 35067.080352 -0.6387468789068607 0.40007184878455304 -0.41503265182766186 -0.5096006656331533
60730 35487.080352 -0.5306661833569197 0.5352164050934145 -0.5203873768184513 -0.40141472270993417
60730 35907.080352 0.39439138561942577 -0.6422554424225623 0.5983714854674864 0.2718730347188219
60730 36327.080352 0.23740606213050278 -0.7152864124940823 0.6446660416182539 0.12809919808213124
60730 36747.080352 0.06841611406101843 -0.7505284267770113 0.6569200069820366 -0.021964069821760912
60730 37167.080352 -0.10335934104377494 -0.746527972724781 0.6348610183183568 -0.1701890712654728
60730 37587.080352 -0.26889818741255334 -0.7040730170213799 0.5801535831574619 -0.3088636777904014
60730 38007.080352 -0.41991971803974065 -0.6258794680850024 0.4960628991469857 -0.43111938244637826
60730 38427.080352 -0.5491726317398227 -0.5162074282337681 0.387084012619713 -0.5311358383299494
60730 38847.080352 -0.6505544414350957 -0.38054108216979676 0.25864216783442506 -0.6042115792733699
60730 39267.080352 -0.7191589345478946 -0.22540020108944164 0.11692157654979411 -0.6467878486380885
60730 39687.080352 -0.7513893587383124 -0.058234929092595526 -0.031240251733508306 -0.6565415228910013
60730 40107.080352 -0.7451791472991949 0.11271086812778537 -0.17849334714198573 -0.6325696986596625
60730 40527.080352 -0.7002777986950349 0.2786540475107723 -0.3172203158308698 -0.5756163632879657
60730 40947.080352 -0.6185144068590767 0.4307092394262214 -0.4399352269915047 -0.48824837494105766
60730 41367.080352 -0.5039082797520122 0.5604882280963819 -0.5398081716408447 -0.3748820208979278
60730 41787.080352 0.36256115712831716 -0.6607486495464369 0.6112171297217955 0.24160763605272403
60730 42207.080352 0.20227236778491667 -0.7260080980717436 0.6502497848779795 0.0957775967075515
60730 42627.080352 0.03191977322314003 -0.7529745201077165 0.6550059476857225 -0.05456838500694251
60730 43047.080352 -0.1392638057446319 -0.7406871095467419 0.6256578090890633 -0.2013467260391571
60730 43467.080352 -0.3023812027881703 -0.6903751911561445 0.5642490283161152 -0.3370025781515862
60730 43887.080352 -0.4493531851651283 -0.6051132648651684 0.4743427205903948 -0.45488310046546376
60730 44307.080352 -0.5731694049680606 -0.4894411606464586 0.36065464085291765 -0.5494109695891227
60730 44727.080352 -0.6679754453122156 -0.34907155627502195 0.2287848425470762 -0.6161293280476032
60730 45147.080352 -0.7291292457135057 -0.1907262162565335 0.08506687843694426 -0.651734362812576
60730 45567.080352 -0.7533328646479511 -0.022039334181245842 -0.06353531768192722 -0.6541919643325006
60730 45987.080352 -0.7388753531089811 0.148603681859067 -0.20958927696900959 -0.6229385951164172
60730 46407.080352 -0.6859287834217904 0.31235051476250875 -0.3454645763762854 -0.5591002472457439
60730 46827.080352 -0.5967861211322066 0.46036399594467303 -0.46376927029448634 -0.4656494183313752
60730 47247.080352 -0.4759264226201871 0.5844440868327404 -0.5578881113484069 -0.3473902774032441
60730 47667.080352 0.3298590138479747 -0.6776711268883157 0.622533279685228 0.21073013654794565
60730 48087.080352 0.16666887190728577 -0.7350043476749408 0.6542115148306926 0.06322491517604441
60730 48507.080352 -0.004628251993982684 -0.7536459205518443 0.6514780457723643 -0.08702161568061477
60730 48927.080352 -0.1748179895575132 -0.7331246578131506 0.6149346554019904 -0.2319962849251155
60730 49347.080352 -0.3351498594743811 -0.6750914334079542 0.5469897890775874 -0.36431895212622795
60730 49767.080352 -0.47775675518550903 -0.582962123750686 0.45148552639760153 -0.4775609538060918
60730 50187.080352 -0.5958717157862173 -0.46154204911847635 0.333347342925699 -0.5663880155740266
60730 50607.080352 -0.6838904430251648 -0.3167660074834897 0.19834472106593976 -0.6265880066415955
60730 51027.080352 -0.7374380270845067 -0.15555638155748425 0.052955157314725 -0.6551206909266609
60730 51447.080352 -0.7535278653004354 0.01427451402623787 -0.0957374752198235 -0.6502509748578754
60730 51867.080352 -0.7308232772445328 0.18421138751117808 -0.2402293328256626 -0.6117625109459587
60730 52287.080352 -0.6699295954589467 0.34535650066332574 -0.3728992366430692 -0.5411740790991477
60730 52707.080352 -0.5736053347985912 0.48895155042907473 -0.4864748127198264 -0.44186599531171206
60730 53127.080352 0.44678654654806826 -0.6070114388579904 0.5745859630464292 0.3190138962321402
60730 53547.080352 0.29636548212288416 -0.6929716623035498 0.6322978285929097 0.17932437705737816
60730 53967.080352 0.13068488235883383 -0.742248388617527 0.6565491787657547 0.030528134229845492
60730 54387.080352 -0.04113635921755416 -0.7525433954934744 0.6463502350409757 -0.11923762624252442
60730 54807.080352 -0.20993354443540027 -0.7238602827001931 0.6027274732056064 -0.2620568470640891
60730 55227.080352 -0.367121070856138 -0.6582599973612353 0.5284297615010107 -0.3907401724514822
60730 55647.080352 -0.5050552831979637 -0.5594810701055494 0.4275605603475693 -0.49909123448789044
60730 56067.080352 -0.6172149428289389 -0.4325810255932739 0.305245613810807 -0.5820175992997159
60730 56487.080352 -0.6982475538169284 -0.2837107264634806 0.16741596393810493 -0.6355552472420591
60730 56907.080352 -0.7440521706629063 -0.11998919739413122 0.020688641993417255 -0.656932979787891
60730 57327.080352 -0.7519649519210763 0.05060193987556028 -0.1277414954333718 -0.6447249530672824
60730 57747.080352 -0.7210360589968026 0.21943023176929016 -0.2703122447692865 -0.5990731719413116
60730 58167.080352 -0.6523146121535524 0.37757623052281797 -0.39943281260366986 -0.5218958374337374
60730 58587.080352 -0.5490309239410406 0.5163867802591734 -0.5079789569226166 -0.41697376062987684
60730 59007.080352 0.4165675816322208 -0.6281233120679397 0.589848760662792 0.28984650129758827
60730 59427.080352 0.26217487649184673 -0.7066065176180012 0.6404812941792178 0.1474966955655632
60730 59847.080352 0.09442195659641976 -0.7477221014903709 0.6572604515233798 -0.0022027071095351175
60730 60267.080352 -0.0775045047676115 -0.749669993478041 0.639650600706761 -0.15111274477965445
60730 60687.080352 -0.24451971577050508 -0.7129210731656694 0.589081230634335 -0.29143945469026505
60730 61107.080352 -0.39821817661011516 -0.639925440738367 0.5086246954778375 -0.4161954267687225
60730 61527.080352 -0.5311877458116845 -0.5347245028069527 0.4026320399375142 -0.5194196041863595
60730 61947.080352 -0.6371521940725972 -0.40261926053832753 0.27641847834956745 -0.5962613835047139
60730 62367.080352 -0.7110128222475409 -0.24997299017821348 0.13607109993875374 -0.6430077188824466
60730 62787.080352 -0.7489531111463986 -0.08409850359360832 -0.01165521593532098 -0.657161194030009
60730 63207.080352 -0.7486443215941806 0.08686103282188806 -0.15946441820750815 -0.6376189614869094
60730 63627.080352 -0.7095375640190916 0.25417156485882325 -0.2997512734924031 -0.5848952341255252
60730 64047.080352 -0.63313937098655 0.40891721853083735 -0.42498079466292005 -0.5013108511327398
60730 64467.080352 -0.5231505067220744 0.5425837140552866 -0.5282055246476719 -0.39104396720840146
60730 64887.080352 0.38538499456599257 -0.647713182813572 0.6036172648485376 0.25998506947448446
60730 65307.080352 0.22742444857463442 -0.7185327537327529 0.6470560419863752 0.11535718674047432
60730 65727.080352 0.05802632285548536 -0.7514126286454648 0.6563513667927222 -0.0348552819140714
60730 66147.080352 -0.1135905722650422 -0.7450490990818659 0.6314092246286123 -0.182541537474885
60730 66567.080352 -0.2784492675168373 -0.7003609513627862 0.574043698123066 -0.3200537077909646
60730 66987.080352 -0.42833550219087213 -0.6201620164131121 0.4876363637786831 -0.44061156099451154
60730 67407.080352 -0.556071119456102 -0.5087806166724124 0.3767704553557813 -0.5384897567979121
60730 67827.080352 -0.6556219244307293 -0.37175507932801016 0.24694056737077058 -0.6090799696149709
60730 68247.080352 -0.7221466139127044 -0.21565754423826658 0.10438792174132402 -0.64892160807147
60730 68667.080352 -0.7521195540759785 -0.047993204637773214 -0.04399955614742625 -0.6558024609163781
60730 69087.080352 -0.743567262331488 0.12294338321676414 -0.1908337842284833 -0.628947627159137
60730 69507.080352 -0.696355308536425 0.28833483049346237 -0.3284849573622982 -0.5692538472282253
60730 69927.080352 -0.6124506599235026 0.43929696719635386 -0.44949779542013946 -0.4794518700388876
60730 70347.080352 -0.49601850734169123 0.5674860241436693 -0.547125595626543 -0.364113767092693
60730 70767.080352 0.35329236927642466 -0.6657506950189351 0.6158800658921418 0.22946079911293404
60730 71187.080352 0.19215888672755632 -0.7287480042146378 0.6520148661125986 0.08293324407605428
60730 71607.080352 0.021534888649960962 -0.7533368693504788 0.6538169057470546 -0.06740373585640816
60730 72027.080352 -0.14936075552016348 -0.7387100127227395 0.6216254295747441 -0.21349638666645135
60730 72447.080352 -0.31168640924268604 -0.6862172592690042 0.557627274562057 -0.347863878606603
60730 72867.080352 -0.45743382239050817 -0.599019184700868 0.4654954220477133 -0.46394431405734193
60730 73287.080352 -0.5796643269449355 -0.48171738577617984 0.3500253890231662 -0.5562552070296684
60730 73707.080352 -0.672588670987697 -0.3400753229644574 0.21688094787565654 -0.6204320340038707
60730 74127.080352 -0.7316259572899062 -0.18086741160418937 0.07245077319244383 -0.6532697172707811
60730 74547.080352 -0.7535514716756404 -0.011784208102643433 -0.07624959085912877 -0.6528455497808694
60730 74967.080352 -0.7367524365435205 0.15873774279756897 -0.2217511426915074 -0.6187282173731286
60730 75387.080352 -0.6815254523477986 0.3218158021983497 -0.35641804605522326 -0.5521990797744396
60730 75807.080352 -0.5903049828420246 0.4686228678075006 -0.47289904114875714 -0.45639799723523883
60730 76227.080352 -0.4677147584142656 0.5910158499863079 -0.5646729739924046 -0.33628500155228525
60730 76647.080352 0.32038799821876346 -0.6821814138701838 0.6265940202487383 0.1983935053271007
60730 77067.080352 0.15648873660043836 -0.7372229709323496 0.65534592848776 0.050351568609076344
60730 77487.080352 -0.01494270674016154 -0.7534989760413413 0.6496697227581668 -0.09972592416846504
60730 77907.080352 -0.18472169626555146 -0.7306791215763896 0.6103381214475573 -0.24387146969049062
60730 78327.080352 -0.34416126917699885 -0.6705274013783772 0.539889784568284 -0.37478666640910535
60730 78747.080352 -0.48546734837141964 -0.5765375674614244 0.4422638002439271 -0.4861364190890107
60730 79167.080352 -0.6019405407861954 -0.4535711590380646 0.322456373958907 -0.5726802562863181
60730 79587.080352 -0.6880385690456352 -0.3076100576310495 0.1862973584076671 -0.6302953864658873
60730 80007.080352 -0.7394458818822872 -0.14562978339755872 0.040319567377036646 -0.656038174530595
60730 80427.080352 -0.7532505626725884 0.024499090383816525 -0.1083417697510381 -0.6482865456964285
60730 80847.080352 -0.7282172076132759 0.19420916905818122 -0.25214818566311586 -0.6069627580473557
60730 81267.080352 -0.665081124711261 0.35457679752625687 -0.38347944442046933 -0.533747044877811
60730 81687.080352 -0.566749165675287 0.4968611884067201 -0.4951148277112275 -0.4321870544589568
60730 82107.080352 0.4382998356403673 -0.6131488386185279 0.5807874574317149 0.3076161326529892
60730 82527.080352 0.28674251089602976 -0.6969932942385425 0.6357191582364177 0.16685392438514998
60730 82947.080352 0.12048561498719325 -0.7439610723310335 0.6570329793584663 0.017686250946817215
60730 83367.080352 -0.05134343671253275 -0.7519072753130747 0.6439252978653233 -0.1317554993420345
60730 83787.080352 -0.21962231021240156 -0.7209721498375781 0.5975792512954058 -0.27361330091348035
60730 84207.080352 -0.3758335042740638 -0.6533154004168196 0.5208661409199505 -0.4007825194372207
60730 84627.080352 -0.5124039258486077 -0.5527449547234218 0.4179768082596274 -0.5071593630801184
60730 85047.080352 -0.6228734907680179 -0.4243720212441731 0.294101523235771 -0.5877425423720816
60730 85467.080352 -0.7019481185912689 -0.27439521966535174 0.15523182795518878 -0.6386541958060497
60730 85887.080352 -0.7455866591191439 -0.10999065211251288 0.008042577818244127 -0.6572198316647598
60730 86307.080352 -0.7512047029799096 0.06079940134919925 -0.140220955183988 -0.6421316148140775
