CIC_OEM_VERS = 2.0
CREATION_DATE = 2025-06-13T14:26:59.657103
ORIGINATOR = ISAE-SUPAERO


META_START
OBJECT_NAME = RED2
OBJECT_ID = RED2
CENTER_NAME = Earth
REF_FRAME = EME2000
TIME_SYSTEM = UTC
START_TIME = 2025-06-13T16:10:45.000
USEABLE_START_TIME = 2025-06-13T16:10:45.000
USEABLE_STOP_TIME = 2025-06-13T23:58:45.000
STOP_TIME = 2025-06-13T23:58:45.000
INTERPOLATION = lagrange
INTERPOLATION_DEGREE = 5
META_STOP


60839 58245.0 4631.4043 -17313.159 -8877.2032 -3.5119496 -0.27855968000000003 -1.6218327
60839 58365.0 4208.3607 -17340.376 -9068.617 -3.5383453 -0.17508513 -1.5682293999999999
60839 58485.0 3782.3048 -17355.183 -9253.537900000001 -3.5621546 -0.071705951 -1.5136187
60839 58605.0 3353.5468 -17357.59 -9431.845800000001 -3.5833827 0.031558929 -1.4580144000000002
60839 58725.0 2922.3961 -17347.614 -9603.422199999999 -3.6020327 0.13469077 -1.4014296
60839 58845.0 2489.1621 -17325.271 -9768.150099999999 -3.6181051 0.2376709 -1.3438761
60839 58965.0 2054.154 -17290.58 -9925.9141 -3.6315987 0.34048064 -1.2853651
60839 59085.0 1617.6817 -17243.563000000002 -10076.6 -3.6425094 0.44310115000000005 -1.2259066
60839 59205.0 1180.0553 -17184.244 -10220.094000000001 -3.6508314 0.5455133200000001 -1.1655100999999999
60839 59325.0 741.58604 -17112.649 -10356.285 -3.6565562000000003 0.64769767 -1.1041843
60839 59445.0 302.58614 -17028.806 -10485.062 -3.6596731 0.7496342300000001 -1.0419372
60839 59565.0 -136.63067 -16932.747 -10606.313 -3.6601691 0.85130242 -0.97877632
60839 59685.0 -575.74899 -16824.505 -10719.932 -3.6580288000000003 0.95268092 -0.91470857
60839 59805.0 -1014.4514 -16704.116 -10825.808 -3.6532343000000003 1.0537475 -0.84974043
60839 59925.0 -1452.4183 -16571.619 -10923.834 -3.6457655 1.1544792 -0.78387799
60839 60045.0 -1889.3273000000002 -16427.056 -11013.903 -3.6355995 1.2548515 -0.7171270200000001
60839 60165.0 -2324.8532999999998 -16270.470000000001 -11095.909 -3.6227113 1.3548389 -0.64949303
60839 60285.0 -2758.668 -16101.911 -11169.746000000001 -3.6070731 1.4544146 -0.5809814
60839 60405.0 -3190.4396 -15921.428 -11235.309000000001 -3.5886545 1.5535501 -0.51159737
60839 60525.0 -3619.8325 -15729.078 -11292.495 -3.5674227000000003 1.6522152 -0.44134618999999997
60839 60645.0 -4046.5071000000003 -15524.917 -11341.198 -3.5433422 1.7503778 -0.37023318
60839 60765.0 -4470.1192 -15309.008 -11381.316 -3.5163747 1.8480038 -0.29826385
60839 60885.0 -4890.3199 -15081.419 -11412.747 -3.4864793 1.945057 -0.22544395
60839 61005.0 -5306.7553 -14842.219000000001 -11435.389000000001 -3.4536122999999996 2.0414985 -0.15177962
60839 61125.0 -5719.0661 -14591.485 -11449.141 -3.4177272 2.1372869999999997 -0.077277481
60839 61245.0 -6126.8872 -14329.298 -11453.902 -3.3787747 2.2323782999999997 -0.0019447741
60839 61365.0 -6529.8473 -14055.744 -11449.575 -3.3367026 2.3267251 0.074210528
60839 61485.0 -6927.5688 -13770.916000000001 -11436.059000000001 -3.291456 2.4202767 0.15117957
60839 61605.0 -7319.6674 -13474.912 -11413.259 -3.2429768 2.5129789000000002 0.22895244
60839 61725.0 -7705.7515 -13167.837 -11381.079 -3.1912041 2.6047737000000004 0.30751805000000004
60839 61845.0 -8085.4221 -12849.805 -11339.424 -3.1360742 2.6955987 0.38686389000000004
60839 61965.0 -8458.2724 -12520.935 -11288.201000000001 -3.0775202 2.7853873 0.46697590000000005
60839 62085.0 -8823.8872 -12181.356 -11227.32 -3.0154725 2.8740677999999997 0.5478381900000001
60839 62205.0 -9181.8431 -11831.206 -11156.691 -2.9498584 2.9615635000000005 0.62943285
60839 62325.0 -9531.7076 -11470.632 -11076.227 -2.8806026 3.0477921 0.71173967
60839 62445.0 -9873.038900000001 -11099.79 -10985.846 -2.8076268 3.1326653 0.79473587
60839 62565.0 -10205.386 -10718.85 -10885.464 -2.7308499999999998 3.2160884000000003 0.87839581
60839 62685.0 -10528.288 -10327.991 -10775.005000000001 -2.6501888 3.2979599 0.9626906199999999
60839 62805.0 -10841.272 -9927.4062 -10654.394 -2.5655569999999996 3.3781708 1.0475879
60839 62925.0 -11143.859 -9517.301300000001 -10523.561 -2.4768665000000003 3.4566045 1.1330512000000001
60839 63045.0 -11435.554 -9097.8972 -10382.441 -2.384027 3.5331358 1.2190398
60839 63165.0 -11715.856 -8669.4301 -10230.973 -2.2869463000000003 3.6076306000000002 1.3055081
60839 63285.0 -11984.248 -8232.153 -10069.102 -2.1855309000000003 3.6799453 1.3924051
60839 63405.0 -12240.206 -7786.3366 -9896.7806 -2.0796862000000003 3.749926 1.4796738
60839 63525.0 -12483.192000000001 -7332.2707 -9713.9678 -1.9693172 3.8174082 1.5672509000000001
60839 63645.0 -12712.657000000001 -6870.2656 -9520.6308 -1.8543286 3.8822157 1.6550657000000002
60839 63765.0 -12928.042 -6400.6534 -9316.7457 -1.7346259 3.9441603 1.74304
60839 63885.0 -13128.775 -5923.7897 -9102.2983 -1.6101159 4.0030409 1.8310866000000001
60839 64005.0 -13314.274 -5440.054700000001 -8877.285800000001 -1.4807080000000001 4.0586428 1.9191092
60839 64125.0 -13483.946 -4949.8557 -8641.7173 -1.3463145 4.110737 2.0070012
60839 64245.0 -13637.187 -4453.6279 -8395.6155 -1.2068524 4.159079800000001 2.0946446
60839 64365.0 -13773.384 -3951.8369 -8139.0178 -1.0622446 4.203411600000001 2.1819094
60839 64485.0 -13891.917 -3444.9805 -7871.978099999999 -0.91242148 4.2434568 2.2686526
60839 64605.0 -13992.155 -2933.5904 -7594.5683 -0.7573224199999999 4.278923 2.3547166
60839 64725.0 -14073.461000000001 -2418.2345 -7306.880099999999 -0.59689815 4.3095005 2.4399287
60839 64845.0 -14135.196 -1899.5189 -7009.027 -0.43111284 4.3348621000000005 2.5240994999999997
60839 64965.0 -14176.713 -1378.0901000000001 -6701.1461 -0.25994670000000003 4.3546626 2.607022
60839 65085.0 -14197.368 -854.63684 -6383.4007 -0.08339876700000001 4.3685393 2.6884703
60839 65205.0 -14196.514000000001 -329.89277000000004 -6055.9821 0.098509856 4.376111799999999 2.7681982
60839 65325.0 -14173.513 195.36194 -5719.1125999999995 0.28573255999999997 4.3769825 2.8459388
60839 65445.0 -14127.729000000001 720.2984200000001 -5373.0478 0.47819339000000005 4.370737600000001 2.9214024
60839 65565.0 -14058.541000000001 1244.0372 -5018.0795 0.67578282 4.3569486 2.9942765
60839 65685.0 -13965.342 1765.6467 -4654.5384 0.8783533 4.3351733999999995 3.0642246
60839 65805.0 -13847.545 2284.1413 -4282.7971 1.0857144 4.3049593 3.1308854999999998
60839 65925.0 -13704.588 2798.4809 -3903.2727999999997 1.2976277 4.2658453 3.1938733000000004
60839 66045.0 -13535.943000000001 3307.5696000000003 -3516.4308 1.5138015 4.2173666 3.2527777
60839 66165.0 -13341.119 3810.2557 -3122.7869 1.7338852 4.1590582000000005 3.3071639
60839 66285.0 -13119.671 4305.332 -2722.9105 1.957464 4.0904611 3.3565743
60839 66405.0 -12871.207 4791.5369 -2317.4272 2.1840535 4.011128 3.4005299
60839 66525.0 -12595.4 5267.5561 -1907.0213999999999 2.413094 3.9206315 3.4385331999999997
60839 66645.0 -12291.992 5732.0258 -1492.4378000000002 2.6439470000000003 3.8185718000000004 3.4700711
60839 66765.0 -11960.809000000001 6183.5363 -1074.4839 2.8758899 3.7045866000000003 3.4946196
60839 66885.0 -11601.767 6620.637 -654.0299200000001 3.1081143000000004 3.5783619 3.5116488
60839 67005.0 -11214.886 7041.8432 -232.01009 3.3397238000000002 3.4396427 3.52063
60839 67125.0 -10800.297 7445.644 190.57851000000002 3.5697343000000004 3.2882461 3.5210427
60839 67245.0 -10358.257 7830.5111 612.67726 3.7970762000000002 3.1240733 3.512384
60839 67365.0 -9889.151800000001 8194.9103 1033.1687 4.0205991 2.9471228000000003 3.4941782
60839 67485.0 -9393.5144 8537.3136 1450.8806000000002 4.239078900000001 2.7575026 3.4659876
60839 67605.0 -8872.026 8856.2132 1864.5908000000002 4.451228100000001 2.5554427 3.4274244
60839 67725.0 -8325.5263 9150.1366 2273.0344 4.6557092 2.3413049999999997 3.3781625
60839 67845.0 -7755.017400000001 9417.663199999999 2674.9116000000004 4.8511512 2.1155923 3.3179502000000003
60839 67965.0 -7161.667 9657.4415 3068.8976000000002 5.0361693999999995 1.8789542 3.2466214
60839 68085.0 -6546.8088 9868.207 3453.6532 5.2093874 1.6321899000000002 3.1641072
60839 68205.0 -5911.9398 10048.800000000001 3827.8372999999997 5.369462 1.3762475 3.0704449
60839 68325.0 -5258.715099999999 10198.183 4190.12 5.5151092 1.1122188000000002 2.9657866
60839 68445.0 -4588.9388 10315.458 4539.196900000001 5.6451314 0.84132988 2.8504034000000003
60839 68565.0 -3904.5522 10399.881 4873.8033 5.7584438 0.56492705 2.7246881
60839 68685.0 -3207.6187999999997 10450.877 5192.7291 5.8540995 0.28445855000000003 2.5891544
60839 68805.0 -2500.3062000000004 10468.050000000001 5494.8327 5.9313123999999995 0.0014523455 2.4444318
60839 68925.0 -1784.866 10451.188 5779.0545999999995 5.989476 -0.2825093 2.2912579
60839 69045.0 -1063.6107 10400.274 6044.4298 6.028178 -0.56581752 2.1304670999999997
60839 69165.0 -338.89041 10315.482 6290.098599999999 6.0472094 -0.84686569 1.9629763
60839 69285.0 386.93232 10197.179 6515.3154 6.0465679 -1.1240785000000002 1.7897681
60839 69405.0 1111.5068 10045.917 6719.455400000001 6.0264560000000005 -1.3959398 1.6118727
60839 69525.0 1832.5186 9862.4252 6902.0196 5.9872722000000005 -1.6610181 1.4303481
60839 69645.0 2547.7122999999997 9647.5975 7062.6365000000005 5.9295990000000005 -1.9179892 1.2462613
60839 69765.0 3254.9125 9402.4802 7201.0622 5.854184 -2.165655 1.0606688
60839 69885.0 3952.0424 9128.255000000001 7317.178 5.7619203 -2.4029573 0.87459942
60839 70005.0 4637.1399 8826.221599999999 7410.986400000001 5.653821700000001 -2.6289878 0.6890385099999999
60839 70125.0 5308.3705 8497.779199999999 7482.6048 5.5309991 -2.8429929 0.5049144999999999
60839 70245.0 5964.0379 8144.4084 7532.2579000000005 5.3946345 -3.0443744 0.32308817
60839 70365.0 6602.5903 7767.6523 7560.2694 5.2459568 -3.2326867000000004 0.14434452
60839 70485.0 7222.6251 7369.098599999999 7567.0522 5.0862186000000005 -3.4076297 -0.03061271
60839 70605.0 7822.8905 6950.362700000001 7553.0987000000005 4.916675000000001 -3.5690397 -0.20116398000000002
60839 70725.0 8402.2845 6513.072 7518.9706 4.7385651 -3.7168784 -0.36677456999999997
60839 70845.0 8959.8518 6058.851900000001 7465.2886 4.5530957 -3.8512197 -0.5269933099999999
60839 70965.0 9494.7796 5589.312400000001 7392.7228 4.3614279 -3.9722367 -0.68144956
60839 71085.0 10006.391 5106.0378 7301.983 4.1646671 -4.0801875 -0.82984899
60839 71205.0 10494.138 4610.5769 7193.8103 3.963855 -4.1754021 -0.9719683
60839 71325.0 10957.593 4104.4353 7068.9682999999995 3.7599639000000002 -4.258269 -1.1076494000000001
60839 71445.0 11396.442000000001 3589.0688999999998 6928.236 3.5538937 -4.3292232 -1.2367929999999998
60839 71565.0 11810.473 3065.8795 6772.401400000001 3.3464705 -4.3887351 -1.3593524000000001
60839 71685.0 12199.571 2536.2104 6602.254900000001 3.1384465 -4.437300100000001 -1.475327
60839 71805.0 12563.704 2001.3449 6418.5848 2.9305016 -4.4754299 -1.5847561000000001
60839 71925.0 12902.919 1462.5038000000002 6222.1724 2.7232458999999998 -4.5036449 -1.6877132
60839 72045.0 13217.332 920.8457900000001 6013.7884 2.5172227 -4.5224672 -1.7843004
60839 72165.0 13507.121000000001 377.46668 5794.1901 2.3129123 -4.532415100000001 -1.8746434
60839 72285.0 13772.517 -166.59928 5564.118 2.1107362 -4.5339988 -1.9588873000000002
60839 72405.0 14013.798 -710.37841 5324.2947 1.911061 -4.5277165 -2.0371918
60839 72525.0 14231.284 -1252.9560000000001 5075.4227 1.7142031 -4.5140514000000005 -2.1097283000000004
60839 72645.0 14425.33 -1793.4741000000001 4818.183400000001 1.5204331 -4.4934696999999995 -2.1766764
60839 72765.0 14596.321 -2331.1299 4553.2365 1.3299794999999999 -4.4664187 -2.2382213
60839 72885.0 14744.666000000001 -2865.1730000000002 4281.218900000001 1.1430332 -4.4333261 -2.2945512
60839 73005.0 14870.795 -3394.9028 4002.7452000000003 0.95975122 -4.3945989 -2.3458557
60839 73125.0 14975.158 -3919.6668 3718.407 0.78026012 -4.3506237 -2.3923238000000002
60839 73245.0 15058.213 -4438.8572 3428.7735000000002 0.6046596399999999 -4.301766 -2.4341426000000004
60839 73365.0 15120.435 -4951.9092 3134.3914 0.43302564000000004 -4.248370700000001 -2.4714964
60839 73485.0 15162.300000000001 -5458.2977 2835.7857000000004 0.265413 -4.1907629 -2.5045653000000003
60839 73605.0 15184.296 -5957.536 2533.4601000000002 0.10185821 -4.1292478 -2.5335248000000004
60839 73725.0 15186.91 -6449.1724 2227.8973 -0.057618265 -4.064112 -2.5585455
60839 73845.0 15170.631000000001 -6932.7888 1919.5601000000001 -0.21300984 -3.9956237999999997 -2.579792
60839 73965.0 15135.95 -7407.9981 1608.8918 -0.36432186 -3.9240341 -2.5974233
60839 74085.0 15083.356 -7874.4423 1296.317 -0.5115699 -3.8495774000000003 -2.6115920000000004
60839 74205.0 15013.335000000001 -8331.7908 982.24237 -0.6547782200000001 -3.7724725 -2.6224449
60839 74325.0 14926.37 -8779.738 667.05728 -0.79397836 -3.6929234 -2.6301221
60839 74445.0 14822.939 -9218.002199999999 351.13471000000004 -0.92920792 -3.6111203 -2.6347579000000003
60839 74565.0 14703.517 -9646.3238 34.831909 -1.0605095 -3.52724 -2.6364802
60839 74685.0 14568.572 -10064.463 -281.50889 -1.1879297 -3.4414471 -2.635411
60839 74805.0 14418.567000000001 -10472.201000000001 -597.55971 -1.3115183 -3.3538948 -2.6316662
60839 74925.0 14253.959 -10869.333 -913.0061800000001 -1.4313275 -3.2647252 -2.6253563
60839 75045.0 14075.198 -11255.675000000001 -1227.5468 -1.5474113999999999 -3.1740705 -2.6165857999999997
60839 75165.0 13882.727 -11631.056 -1540.8923 -1.6598251000000002 -3.0820534 -2.6054542
60839 75285.0 13676.984 -11995.318000000001 -1852.7652 -1.7686246 -2.9887878999999997 -2.5920556
60839 75405.0 13458.4 -12348.319 -2162.8986 -1.873866 -2.8943799 -2.5764792
60839 75525.0 13227.396 -12689.928 -2471.0364 -1.9756055 -2.7989273 -2.5588093
60839 75645.0 12984.392 -13020.024 -2776.9323 -2.0738987000000004 -2.7025215 -2.5391258
60839 75765.0 12729.796 -13338.498 -3080.3491000000004 -2.1688006 -2.6052469 -2.5175039999999997
60839 75885.0 12464.013 -13645.251 -3381.0586000000003 -2.2603652000000003 -2.507182 -2.4940151999999998
60839 76005.0 12187.44 -13940.193000000001 -3678.8408 -2.3486455 -2.4083997 -2.4687267000000004
60839 76125.0 11900.468 -14223.241 -3973.4835000000003 -2.4336929 -2.3089676 -2.4417017999999997
60839 76245.0 11603.481 -14494.322 -4264.782099999999 -2.5155575 -2.2089486000000003 -2.4130005000000003
60839 76365.0 11296.859 -14753.368 -4552.5388 -2.5942879 -2.1084009000000004 -2.382679
60839 76485.0 10980.976 -15000.319 -4836.562400000001 -2.6699307 -2.0073788 -2.3507905
60839 76605.0 10656.198 -15235.122000000001 -5116.6679 -2.7425309 -1.9059327000000001 -2.3173850000000003
60839 76725.0 10322.888 -15457.728000000001 -5392.676 -2.8121316000000003 -1.8041096 -2.2825094
60839 76845.0 9981.404400000001 -15668.095000000001 -5664.4131 -2.878774 -1.7019530999999999 -2.246208
60839 76965.0 9632.099199999999 -15866.185 -5931.710599999999 -2.9424972 -1.5995039 -2.2085223000000003
60839 77085.0 9275.3204 -16051.965 -6194.4047 -3.0033383 -1.4968002 -2.1694914
60839 77205.0 8911.411800000002 -16225.408 -6452.336200000001 -3.0613325000000002 -1.3938773000000002 -2.1291519
60839 77325.0 8540.713099999999 -16386.489 -6705.350200000001 -3.1165127000000004 -1.2907686 -2.0875381
60839 77445.0 8163.5601 -16535.186 -6953.2955999999995 -3.1689097000000004 -1.1875053 -2.0446822
60839 77565.0 7780.285 -16671.485 -7196.0254 -3.2185524 -1.0841167 -2.0006143
60839 77685.0 7391.2167 -16795.371 -7433.3957 -3.2654673 -0.98063036 -1.9553626
60839 77805.0 6996.6810000000005 -16906.833 -7665.2661 -3.3096788000000004 -0.87707248 -1.9089536
60839 77925.0 6597.001 -17005.866 -7891.4993 -3.3512093 -0.77346777 -1.8614117000000001
60839 78045.0 6192.497200000001 -17092.465 -8111.960599999999 -3.390079 -0.66983974 -1.81276
60839 78165.0 5783.4878 -17166.628 -8326.5181 -3.4263056 -0.5662108899999999 -1.7630199
60839 78285.0 5370.2889000000005 -17228.356 -8535.0426 -3.4599051 -0.46260276 -1.7122114
60839 78405.0 4953.215099999999 -17277.654 -8737.4069 -3.4908909 -0.35903609999999997 -1.6603530000000002
60839 78525.0 4532.5792 -17314.527000000002 -8933.486 -3.5192745 -0.25553104 -1.6074618
60839 78645.0 4108.6929 -17338.985 -9123.1571 -3.5450651 -0.15210713 -1.5535541000000002
60839 78765.0 3681.867 -17351.037 -9306.2989 -3.5682695 -0.048783563 -1.4986443999999999
60839 78885.0 3252.4115 -17350.697 -9482.7922 -3.5888927 0.054420797 -1.4427467
60839 79005.0 2820.6358999999998 -17337.981 -9652.5191 -3.606937 0.15748724000000003 -1.3858735999999998
60839 79125.0 2386.8497 -17312.907 -9815.3633 -3.6224029 0.26039712 -1.3280370000000001
60839 79245.0 1951.3624 -17275.493 -9971.2099 -3.6352882 0.36313173 -1.2692474999999999
60839 79365.0 1514.4839 -17225.763 -10119.945 -3.6455889000000004 0.46567219 -1.2095154000000001
60839 79485.0 1076.5248000000001 -17163.74 -10261.456 -3.6532983 0.56799933 -1.1488498
60839 79605.0 637.79636 -17089.452 -10395.632 -3.6584075 0.67009358 -1.0872593
60839 79725.0 198.6114 -17002.928 -10522.362000000001 -3.6609056 0.77193486 -1.0247519999999999
60839 79845.0 -240.71599 -16904.199 -10641.536 -3.6607789 0.8735024499999999 -0.9613350900000001
60839 79965.0 -679.86991 -16793.299 -10753.046 -3.6580114 0.9747748500000001 -0.89701553
60839 80085.0 -1118.5323999999998 -16670.266 -10856.784 -3.6525851 1.0757297000000001 -0.83179971
60839 80205.0 -1556.3831 -16535.138 -10952.642 -3.6444789 1.1763436 -0.76569369
60839 80325.0 -1993.0991999999999 -16387.958 -11040.515 -3.6336699 1.2765921 -0.6987032400000001
60839 80445.0 -2428.3548 -16228.771 -11120.296 -3.6201320999999997 1.3764493 -0.63083387
60839 80565.0 -2861.8207 -16057.627 -11191.880000000001 -3.6038375 1.4758879999999999 -0.56209095
60839 80685.0 -3293.1642 -15874.576000000001 -11255.163 -3.5847550999999998 1.5748794000000002 -0.49247979
60839 80805.0 -3722.049 -15679.675000000001 -11310.041000000001 -3.5628516 1.6733930000000001 -0.4220057
60839 80925.0 -4148.1343 -15472.982 -11356.41 -3.5380908 1.7713961 -0.35067409
60839 81045.0 -4571.075 -15254.561 -11394.169 -3.510434 1.8688544 -0.27849056
60839 81165.0 -4990.521 -15024.48 -11423.214 -3.4798397 1.9657311 -0.20546101
60839 81285.0 -5406.117200000001 -14782.811 -11443.446 -3.4462636000000004 2.0619867 -0.13159173999999998
60839 81405.0 -5817.5031 -14529.630000000001 -11454.763 -3.4096587 2.1575794 -0.056889569
60839 81525.0 -6224.3122 -14265.02 -11457.066 -3.3699751 2.2524643 0.018638046
60839 81645.0 -6626.1719 -13989.069 -11450.257 -3.3271601 2.3465935 0.09498287100000001
60839 81765.0 -7022.7031 -13701.87 -11434.238 -3.281158 2.4399156 0.17213575
60839 81885.0 -7413.52 -13403.524 -11408.912 -3.2319101999999997 2.5323756 0.25008646
60839 82005.0 -7798.2293 -13094.137 -11374.186 -3.1793554 2.6239146 0.32882352
60839 82125.0 -8176.4304 -12773.823 -11329.964 -3.1234290000000002 2.7144693 0.40833400999999997
60839 82245.0 -8547.714699999999 -12442.706 -11276.155 -3.0640637 2.8039722 0.48860339
60839 82365.0 -8911.6653 -12100.915 -11212.669 -3.0011894000000003 2.8923505 0.5696152600000001
60839 82485.0 -9267.8569 -11748.59 -11139.419 -2.9347327 2.9795264 0.6513511200000001
60839 82605.0 -9615.8549 -11385.880000000001 -11056.317000000001 -2.8646178 3.0654164 0.73379011
60839 82725.0 -9955.215699999999 -11012.945 -10963.282000000001 -2.7907659 3.1499308999999998 0.8169087700000001
60839 82845.0 -10285.486 -10629.956 -10860.233 -2.7130955 3.2329739 0.90068064
60839 82965.0 -10606.202 -10237.094000000001 -10747.093 -2.6315225 3.3144422000000002 0.98507601
60839 83085.0 -10916.892 -9834.556900000001 -10623.791000000001 -2.5459606 3.3942256000000004 1.0700615
60839 83205.0 -11217.07 -9422.5524 -10490.257 -2.4563211000000003 3.4722054 1.1555997
60839 83325.0 -11506.242 -9001.304800000002 -10346.427 -2.3625133999999997 3.5482549 1.2416487
60839 83445.0 -11783.903 -8571.053800000002 -10192.242 -2.2644451 3.622238 1.3281615
60839 83565.0 -12049.535 -8132.0561 -10027.651 -2.1620226 3.6940091 1.4150859
60839 83685.0 -12302.61 -7684.5863 -9852.6076 -2.055151 3.7634121 1.5023635
60839 83805.0 -12542.589 -7228.9385999999995 -9667.0725 -1.9437355 3.8302801 1.5899291000000002
60839 83925.0 -12768.921 -6765.4276 -9471.0159 -1.8276809 3.8944346999999997 1.6777104999999999
60839 84045.0 -12981.043 -6294.3904 -9264.4166 -1.7068931 3.955685 1.7656273000000002
60839 84165.0 -13178.382 -5816.1875 -9047.263500000001 -1.5812795000000002 4.013827200000001 1.8535903
60839 84285.0 -13360.354000000001 -5331.204900000001 -8819.557 -1.45075 4.0686438 1.941501
60839 84405.0 -13526.362000000001 -4839.8553 -8581.3097 -1.315218 4.1199029000000005 2.0292501
60839 84525.0 -13675.803 -4342.5803 -8332.548200000001 -1.1746018 4.1673575000000005 2.1167171
60839 84645.0 -13808.06 -3839.8521 -8073.314200000001 -1.0288258000000001 4.210745 2.2037691
60839 84765.0 -13922.512 -3332.1754 -7803.6660999999995 -0.8778223 4.2497863 2.2902599
60839 84885.0 -14018.526 -2820.0891 -7523.680700000001 -0.7215331300000001 4.2841856 2.3760286
60839 85005.0 -14095.466 -2304.169 -7233.4551 -0.55991179 4.3136296000000005 2.4608989
60839 85125.0 -14152.69 -1785.0294 -6933.1086 -0.3929258 4.3377877 2.5446776
60839 85245.0 -14189.553 -1263.3253 -6622.7846 -0.22055928 4.3563112 2.6271536
60839 85365.0 -14205.41 -739.75473 -6302.6530999999995 -0.042815865 4.3688338 2.7080965999999997
60839 85485.0 -14199.615 -215.06058 -5972.9127 0.14027806 4.3749716 2.7872562
60839 85605.0 -14171.531 309.96706 -5633.7938 0.3286698 4.3743239 2.8643603
60839 85725.0 -14120.526 834.48908 -5285.5602 0.52227643 4.3664739 2.9391147
60839 85845.0 -14045.981 1357.6155 -4928.512900000001 0.7209805800000001 4.3509902 3.0112016
60839 85965.0 -13947.293 1878.4036 -4562.992200000001 0.9246258 4.3274288 3.0802793000000004
60839 86085.0 -13823.881 2395.8571 -4189.3808 1.1330117 4.2953352 3.1459815
60839 86205.0 -13675.19 2908.9242999999997 -3808.1072000000004 1.3458889 4.254247599999999 3.2079172
60839 86325.0 -13500.7 3416.4981000000002 -3419.648 1.5629533 4.2037009 3.2656707000000003

