null

Orbital parameters post-maneuver :
500.000000
0.308734
143.725627
2024-11-21T15:56:31.00087196922302Z
562.662740
7474.897737739050
0.1322211
3.2951
2.6073
263.72246325
309.08511309
13.43367628097344
6431.597590

Orbital parameters post-maneuver :
500.000000
11.058624
132.667003
2024-11-22T16:04:16.03941514342705Z
964.065943
6527.561332913687
0.1279890
3.2951
2.6073
325.64166387
165.55685455
16.46176206800607
5248.526837

Orbital parameters post-maneuver :
500.000000
21.168770
122.556857
2024-11-22T16:04:17.03941514342705Z
964.262724
7339.877196016008
0.0285525
3.2951
2.6073
42.09060814
89.05384055
13.80605411479954
6258.124101

Orbital parameters post-maneuver :
500.000000
11.428723
111.128134
2024-11-20T16:03:29.02904207866438Z
171.355643
6424.891899447666
0.1455907
3.2951
2.6073
324.11873500
89.38744891
16.85792139853604
5125.187024

Orbital parameters post-maneuver :
500.000000
21.817695
100.739162
2024-11-20T16:03:30.02904207866438Z
172.470370
7382.411966397653
0.1824100
3.2951
2.6073
9.43507283
43.63285381
13.68690796005666
6312.601813

Orbital parameters post-maneuver :
500.000000
10.802979
89.936183
2024-11-20T16:03:43.81902057476282Z
-869.580184
6378.373134115898
0.1469023
3.2951
2.6073
321.27256182
18.69876123
17.04267959384896
5069.625321

Orbital parameters post-maneuver :
500.000000
20.640953
80.098209
2024-11-20T16:03:44.81902057476282Z
-869.079327
7481.854629307204
0.2690400
3.2951
2.6073
331.51094397
8.39640251
13.41494398015473
6440.578517
