CIC_OEM_VERS = 2.0
CREATION_DATE = 2025-02-24T12:16:33.208039
ORIGINATOR = ISAE-SUPAERO


META_START
OBJECT_NAME = Sat
OBJECT_ID = Sat
CENTER_NAME = Earth
REF_FRAME = EME2000
TIME_SYSTEM = UTC
START_TIME = 2025-02-24T00:00:00.000
USEABLE_START_TIME = 2025-02-24T00:00:00.000
USEABLE_STOP_TIME = 2025-02-24T23:55:00.000
STOP_TIME = 2025-02-24T23:55:00.000
INTERPOLATION = lagrange
INTERPOLATION_DEGREE = 5
META_STOP


60730 0.0 4177.9982 -1937.2718 -5109.4157000000005 4.4018734 -3.6987497 4.9822995
60730 420.0 5518.8036 -3230.4589 -2549.0702 1.8676034 -2.3481578 6.989539
60730 840.0 5690.9481 -3839.5794 552.58176 -1.0624137 -0.50023028 7.5128924
60730 1260.0 4658.5492 -3636.0451000000003 3537.0094 -3.7644208 1.4513902 6.4423859000000006
60730 1680.0 2641.6133 -2664.1423 5772.1933 -5.6666736 3.0929487 4.0101748
60730 2100.0 67.312212 -1130.1737 6786.4003 -6.371705100000001 4.0804588 0.7323893100000001
60730 2520.0 -2521.0704 642.15227 6364.9653 -5.732011900000001 4.2074853 -2.7045191
60730 2940.0 -4575.974200000001 2278.4500000000003 4593.9221 -3.8753399 3.4432858000000004 -5.578681700000001
60730 3360.0 -5658.963400000001 3430.6544 1845.4928 -1.1868616 1.9435048 -7.2742535
60730 3780.0 -5536.142 3851.8515 -1297.2898 1.7617611 0.025338344 -7.4188327
60730 4200.0 -4232.246099999999 3451.294 -4162.5858 4.3338339999999995 -1.8976103000000002 -5.9773401
60730 4620.0 -2026.1772 2314.8318 -6136.8906 5.979841500000001 -3.4134115 -3.2654050000000003
60730 5040.0 611.95767 685.35982 -6802.773700000001 6.3533726 -4.202551499999999 0.14144093000000002
60730 5460.0 3120.3572000000004 -1089.5705 -6021.4952 5.3755399 -4.0967027 3.5111514
60730 5880.0 4966.491599999999 -2633.244 -3958.6959 3.2566672 -3.1212453 6.1336712
60730 6300.0 5758.4546 -3617.982 -1053.2774 0.44668011 -1.4833798 7.4507132
60730 6720.0 5328.8945 -3835.2725 2076.3398 -2.4539837 0.46645655 7.1826289
60730 7140.0 3771.319 -3240.7968 4765.6665 -4.8278534 2.3121945999999998 5.3933574
60730 7560.0 1417.8599 -1962.4598 6446.9213 -6.1773866 3.6653102 2.4697176
60730 7980.0 -1234.2006000000001 -270.89655 6767.2081 -6.225089700000001 4.245392799999999 -0.97221303
60730 8400.0 -3626.1305 1477.5971000000002 5658.2651 -4.9598024 3.9310656 -4.2152002
60730 8820.0 -5251.6945000000005 2913.7087 3350.666 -2.6387001 2.7827285 -6.5762737
60730 9240.0 -5762.4005 3731.1076000000003 330.71921000000003 0.25276683 1.0381303 -7.5448442
60730 9660.0 -5046.0481 3753.9700000000003 -2759.7504 3.0970621 -0.9316051700000001 -6.9036491
60730 10080.0 -3254.1124 2976.6912 -5260.424900000001 5.2806581999999995 -2.7022199000000002 -4.7878861
60730 10500.0 -769.3867700000001 1565.6951000000001 -6638.1013 6.3374194 -3.8952037 -1.6542516
60730 10920.0 1878.7652 -177.95922000000002 -6601.3954 6.046409 -4.2589467 1.8266128000000001
60730 11340.0 4128.3264 -1884.085 -5158.9557 4.4720302 -3.7185167999999997 4.9176644
60730 11760.0 5501.193700000001 -3190.0813 -2618.0108999999998 1.9471766000000001 -2.3880157 6.9626508000000005
60730 12180.0 5705.8135 -3818.6117999999997 480.55796000000004 -0.98985224 -0.55120012 7.524616
60730 12600.0 4700.410400000001 -3637.3226 3477.0216 -3.7104614000000002 1.3981029 6.4873104
60730 13020.0 2700.7327 -2686.7152 5736.6942 -5.6390228 3.0459476 4.080411300000001
60730 13440.0 131.63306 -1169.6941000000002 6783.986400000001 -6.3752066 4.0481559 0.81778112
60730 13860.0 -2465.1893 593.56044 6399.2475 -5.7686716 4.1977302 -2.6178445000000004
60730 14280.0 -4541.9947 2231.4396 4661.7105 -3.9418636 3.4609814 -5.50887
60730 14700.0 -5657.1163 3396.7699 1934.7294 -1.2709214 1.986982 -7.2409402
60730 15120.0 -5570.0143 3840.1327 -1203.8614 1.6793718 0.085238007 -7.4332378
60730 15540.0 -4296.526400000001 3465.5562000000004 -4085.2529 4.2748152 -1.8365872 -6.0378982
60730 15960.0 -2107.9335 2352.8913 -6094.385 5.9575585 -3.3653318 -3.3558808
60730 16380.0 529.74279 739.30122 -6803.7983 6.3716808 -4.1774045 0.042299930000000006
60730 16800.0 3054.2888 -1030.9057 -6064.280900000001 5.4255255 -4.098119 3.4342566000000003
60730 17220.0 4934.1993 -2584.6021 -4034.6821 3.3222079 -3.1434311 6.0833947
60730 17640.0 5754.4710000000005 -3582.4576 -1141.1983 0.52058593 -1.5272370000000002 7.4458776
60730 18060.0 5352.6608 -3819.5341000000003 1995.7677 -2.399655 0.41901814000000004 7.220419
60730 18480.0 3811.2147999999997 -3243.3931000000002 4706.847400000001 -4.8070642 2.2744942999999997 5.454668300000001
60730 18900.0 1456.9275 -1975.2974 6409.9263 -6.1953702 3.6480639999999998 2.5272703
60730 19320.0 -1207.4546 -287.21395 6747.598400000001 -6.2632848 4.2435618 -0.93682385
60730 19740.0 -3615.3664 1461.6066 5649.567 -4.9962706 3.9346454 -4.201141400000001
60730 20160.0 -5254.1542 2899.6002000000003 3345.5292000000004 -2.6659364 2.7887957 -6.5711741
60730 20580.0 -5774.8103 3720.5405 327.52859 0.23092202 1.0499703 -7.5388855
60730 21000.0 -5068.0553 3750.7278 -2760.5368 3.0719596 -0.90757477 -6.9000974
60730 21420.0 -3287.5018999999998 2986.3249 -5262.7336 5.2523467 -2.6654844 -4.8012798000000005
60730 21840.0 -813.18362 1591.8182 -6651.9551 6.3182072 -3.8552806 -1.6967307
60730 22260.0 1832.3121 -137.59393 -6638.2793 6.053848100000001 -4.2325781 1.7606954000000001
60730 22680.0 4092.2405 -1837.9764 -5224.5213 4.5139201 -3.7190095000000003 4.8520574
60730 23100.0 5488.62 -3150.4477 -2705.7835 2.0135037000000002 -2.4170487 6.926711900000001
60730 23520.0 5722.0029 -3795.2659 387.11956 -0.9239647400000001 -0.59703931 7.5354064
60730 23940.0 4739.2273 -3633.4236 3397.3629 -3.6717326 1.3541904 6.5383667999999995
60730 24360.0 2747.8745 -2698.3565 5682.6247 -5.63887 3.0177004000000003 4.146008
60730 24780.0 171.88207 -1189.236 6755.6503 -6.4055623 4.038339 0.87130777
60730 25200.0 -2440.8967000000002 572.2212 6392.3926 -5.8042115 4.1971668 -2.5940411
60730 25620.0 -4532.3416 2211.3566 4660.6991 -3.9739194 3.4664960000000002 -5.5030671
60730 26040.0 -5658.945 3379.6674 1934.5474 -1.2929311 1.9956208 -7.2428042
60730 26460.0 -5579.3678 3827.5998 -1205.0441 1.6644692 0.099015428 -7.4354781
60730 26880.0 -4311.6385 3460.4622000000004 -4087.5443999999998 4.2611467 -1.8142042 -6.042749700000001
60730 27300.0 -2128.0679 2358.4677 -6100.5599 5.945634200000001 -3.335985 -3.3721238
60730 27720.0 505.30639 757.99644 -6820.7415 6.3686393 -4.1479348 0.0029106948
60730 28140.0 3032.2753 -1002.3995 -6098.8207 5.448565400000001 -4.0844332 3.3728764
60730 28560.0 4919.8032 -2551.3817999999997 -4087.5190000000002 3.3773882 -3.158779 6.0330912
60730 28980.0 5767.87 -3561.2737 -1210.4951 0.58689128 -1.562747 7.4198279000000005
60730 29400.0 5394.6703 -3817.0752 1923.1677 -2.3326877 0.36703660000000005 7.2326901
60730 29820.0 3878.0069 -3263.8403 4648.1149000000005 -4.7590411999999995 2.2197866 5.508379
60730 30240.0 1539.4337 -2018.9153000000001 6385.3505000000005 -6.1759695 3.6013816000000003 2.6145151
60730 30660.0 -1125.3219 -346.24567 6765.916200000001 -6.2842155 4.2199922 -0.83570599
60730 31080.0 -3551.5137999999997 1399.7792 5708.436 -5.0577522 3.9432538 -4.113300199999999
60730 31500.0 -5230.4889 2851.7949 3443.5534 -2.7489920000000003 2.8227544 -6.508644
60730 31920.0 -5790.2487 3693.3447 441.40373 0.13533045000000002 1.1096681000000002 -7.5273443
60730 32340.0 -5118.47 3749.3196000000003 -2654.5778999999998 2.9925610000000002 -0.83907717 -6.9498471
60730 32760.0 -3361.8258 3010.7264 -5186.9285 5.2144541 -2.6098542000000005 -4.8917531
60730 33180.0 -893.6036899999999 1634.7556000000002 -6617.587 6.3265339 -3.823728 -1.7988416
60730 33600.0 1763.7442 -87.039752 -6644.8133 6.0996257 -4.2276103 1.6713046
60730 34020.0 4048.0925 -1790.375 -5263.2182999999995 4.5819125000000005 -3.7372756 4.7895812
60730 34440.0 5475.0578 -3114.4502 -2764.1661000000004 2.0895055000000005 -2.4535222 6.8960738
60730 34860.0 5739.3586 -3776.7668 320.97932000000003 -0.84807449 -0.64863963 7.5391304
60730 35280.0 4785.4209 -3637.6841 3339.3267 -3.6088947 1.296039 6.5776334
60730 35700.0 2815.2909 -2726.3422 5647.843400000001 -5.599857500000001 2.9627532000000003 4.2184234
60730 36120.0 248.84537 -1237.5725 6756.923900000001 -6.4006430000000005 3.9984483 0.96838579
60730 36540.0 -2370.3160000000003 513.03072 6432.701400000001 -5.846836100000001 4.1875726 -2.4844212000000003
60730 36960.0 -4487.8072 2154.9909 4743.7159 -4.0542206 3.490153 -5.413729099999999
60730 37380.0 -5654.0483 3340.1681000000003 2046.5562 -1.3977317 2.0507584000000003 -7.197081
60730 37800.0 -5619.6737 3816.0378 -1086.1154 1.5584342999999998 0.17429101 -7.4496398
60730 38220.0 -4389.951 3480.2871 -3987.5311 4.1825268 -1.7379632 -6.1186579000000005
60730 38640.0 -2229.3044 2406.6474 -6041.7158 5.9155412 -3.2789037 -3.487228
60730 39060.0 402.84504 823.8353199999999 -6813.4243 6.3925438 -4.1222872 -0.12196715000000001
60730 39480.0 2949.8715 -933.16996 -6140.6403 5.5176352 -4.0937158 3.2681444
60730 39900.0 4872.638 -2492.6144 -4165.1857 3.4727316999999998 -3.1980857 5.9695669
60730 40320.0 5762.3771 -3523.6176 -1304.1576000000002 0.68666881 -1.6219726 7.4062973
60730 40740.0 5428.3583 -3806.2382000000002 1834.1356 -2.2476569 0.29993412999999997 7.2671614
60730 41160.0 3941.3645 -3280.4987 4582.2330999999995 -4.7022483 2.1562701000000004 5.5824812
60730 41580.0 1619.1595 -2059.6106 6356.6900000000005 -6.1557908 3.5520454 2.7155545
60730 42000.0 -1045.7135 -402.93779 6782.7342 -6.305474500000001 4.1947095 -0.72309266
60730 42420.0 -3489.3873 1338.8938 5770.5834 -5.1211442 3.950222 -4.0103062000000005
60730 42840.0 -5193.9452 2797.0504 3533.2083 -2.8482096 2.8675211 -6.452088300000001
60730 43260.0 -5795.7336 3661.2767000000003 544.01801 0.034546571 1.1734054 -7.5245915000000005
60730 43680.0 -5165.7788 3747.4179 -2561.2318999999998 2.9113871 -0.7709878200000001 -6.9935204
60730 44100.0 -3436.9532999999997 3036.5246 -5120.8616 5.1667498 -2.5492209 -4.975612600000001
60730 44520.0 -979.83272 1682.1456 -6592.0712 6.3218434 -3.7830578 -1.9047019
60730 44940.0 1684.7413000000001 -28.247925 -6664.4391 6.1379641000000005 -4.2148624 1.5660192
60730 45360.0 3992.8539 -1732.6037 -5323.094599999999 4.6546735 -3.7547623 4.7064995
60730 45780.0 5455.0512 -3069.8441000000003 -2851.1692000000003 2.1814328 -2.4975120000000004 6.8520594
60730 46200.0 5759.3737 -3755.4567 227.46685000000002 -0.7585130299999999 -0.7081830200000001 7.541838800000001
60730 46620.0 4837.6046 -3641.4167 3256.5643999999998 -3.537662 1.2309852000000001 6.630286600000001
60730 47040.0 2887.6728 -2753.3056 5590.8242 -5.5687498 2.9108275 4.3067497
60730 47460.0 322.17142 -1278.8993 6734.120400000001 -6.4171259 3.9732397 1.0612805
60730 47880.0 -2312.4932999999996 466.21224 6452.1176 -5.8864164 4.1821121 -2.4153604
60730 48300.0 -4451.415900000001 2110.6819 4787.5407000000005 -4.1135386 3.5065666 -5.3690031
60730 48720.0 -5643.7244 3306.2349 2102.588 -1.4604033 2.0829283999999997 -7.1847085
60730 49140.0 -5633.7361 3797.4458 -1031.3801 1.5070346 0.21376908 -7.467407100000001
60730 49560.0 -4423.8589 3479.9284 -3945.453 4.1492103 -1.6980441000000002 -6.1562529999999995
60730 49980.0 -2272.311 2421.8898 -6018.826400000001 5.9040794 -3.2442767 -3.5403412
60730 50400.0 359.74703999999997 851.50216 -6814.5091 6.403593600000001 -4.098696100000001 -0.18172964
60730 50820.0 2915.9829 -898.83788 -6166.719400000001 5.550114400000001 -4.0863747 3.2105585999999997
60730 51240.0 4856.3568 -2459.2961 -4213.1158 3.5230291000000005 -3.2104732 5.9251217
60730 51660.0 5769.624 -3499.5782999999997 -1366.2096999999999 0.74657562 -1.6534274 7.3867992000000005
60730 52080.0 5460.402599999999 -3798.2816000000003 1770.5322 -2.1915043 0.25588114 7.280995700000001
60730 52500.0 3994.1347 -3292.1611000000003 4531.3792 -4.6642922 2.1104133000000003 5.6282387
60730 52920.0 1681.9755 -2088.7993 6330.086700000001 -6.1472885 3.5163892000000003 2.7825268999999997
60730 53340.0 -986.1374000000001 -443.36176 6785.5744 -6.328955700000001 4.1778154 -0.65316729
60730 53760.0 -3445.2614 1295.8611 5800.191400000001 -5.1692517 3.9545635000000003 -3.9555225999999997
60730 54180.0 -5174.2892 2760.3143999999998 3583.19 -2.9080212000000003 2.8898218000000004 -6.4203004
60730 54600.0 -5801.5616 3637.0036 601.08591 -0.024266143 1.2089346 -7.5226408000000005
60730 55020.0 -5193.8867 3739.4864 -2509.3404 2.8649704000000003 -0.72939624 -7.0198681
60730 55440.0 -3478.5849 3044.4069 -5082.6729000000005 5.1441361 -2.511315 -5.024852200000001
60730 55860.0 -1020.1138000000001 1699.5152 -6570.8467 6.3326757 -3.7615874 -1.9560413
60730 56280.0 1655.4248 -6.2281763 -6661.6715 6.164891 -4.2065776 1.5352841000000002
60730 56700.0 3977.9341000000004 -1710.1679 -5330.778 4.6777723 -3.7519478 4.700692500000001
60730 57120.0 5449.3760999999995 -3047.6277999999998 -2859.9883 2.1988942000000002 -2.5006037 6.8585703
60730 57540.0 5758.4452 -3735.1111 223.03773 -0.75455101 -0.7132468000000001 7.5551957000000005
60730 57960.0 4838.4197 -3625.3944 3258.3616 -3.5460621999999997 1.2256184 6.635687700000001
60730 58380.0 2887.4569 -2743.1465 5597.0504 -5.5752839000000005 2.8980385 4.3049609
60730 58800.0 322.63293 -1278.1091000000001 6745.075400000001 -6.4161154 3.9507919000000005 1.0666068
60730 59220.0 -2310.6351 457.482 6462.0164 -5.8976481000000005 4.165045699999999 -2.3891027
60730 59640.0 -4455.7491 2096.4327 4809.8488 -4.133417000000001 3.4990753 -5.3364733
60730 60060.0 -5659.2643 3292.3105 2138.538 -1.4939588000000001 2.0927939 -7.154657500000001
60730 60480.0 -5665.8869 3791.8338 -986.25165 1.4630704 0.24296575 -7.4563595
60730 60900.0 -4474.045099999999 3489.275 -3901.9456 4.109415200000001 -1.6572655 -6.1772101
60730 61320.0 -2336.6992 2449.3532999999998 -5990.875599999999 5.8850691 -3.205432 -3.5909682
60730 61740.0 294.13089 892.2070500000001 -6811.241599999999 6.4174012000000005 -4.0762853 -0.24457102
60730 62160.0 2862.5928 -853.34673 -6188.0752999999995 5.5926616000000005 -4.0861694 3.1601331
60730 62580.0 4824.3183 -2418.0714 -4249.3159000000005 3.5761265 -3.2277611000000004 5.905011000000001
60730 63000.0 5758.7418 -3467.6367999999998 -1404.665 0.79082069 -1.6785691999999999 7.3965899
60730 63420.0 5464.2541 -3777.1964 1740.5808000000002 -2.1677215000000003 0.23131386 7.307742
60730 63840.0 4003.7263 -3280.7518999999998 4513.587 -4.659781 2.0889596999999998 5.657283499999999
60730 64260.0 1691.1956000000002 -2086.5254 6325.7074 -6.1521283 3.4960204 2.804853
60730 64680.0 -979.9045100000001 -449.56018 6790.6652 -6.3381566000000005 4.1583505 -0.6293785000000001
60730 65100.0 -3444.013 1282.5028 5816.396 -5.1846349 3.9411694 -3.9260743000000002
60730 65520.0 -5180.291700000001 2743.5012 3609.7357 -2.9340924 2.8905312 -6.3926298
60730 65940.0 -5820.637900000001 3624.0692000000004 637.43541 -0.059677574000000004 1.2267174 -7.50532
60730 66360.0 -5228.4629 3737.2064 -2470.0108999999998 2.8284041 -0.69737547 -7.0251151
60730 66780.0 -3529.4757999999997 3059.2759 -5053.4389 5.1156313 -2.4722516 -5.0550282
60730 67200.0 -1084.1163000000001 1734.4563 -6565.5003 6.319206100000001 -3.7227427 -2.0154884
60730 67620.0 1590.3513 43.084966 -6686.070900000001 6.1869428 -4.1864539999999995 1.4525777
60730 68040.0 3927.803 -1657.1277 -5387.52 4.743042099999999 -3.7639858 4.6203949
60730 68460.0 5435.8742999999995 -3007.0531 -2950.468 2.2896834 -2.5404318 6.8019217
60730 68880.0 5786.0108 -3716.6612000000005 118.3268 -0.65347533 -0.77695891 7.5465222
60730 69300.0 4906.689200000001 -3636.5114 3161.8372000000004 -3.457879 1.151578 6.6838025
60730 69720.0 2985.0084 -2783.9363 5532.468900000001 -5.5244887 2.8326886 4.4018756
60730 70140.0 431.17664 -1341.8038000000001 6728.2221 -6.4170886000000005 3.9104818 1.1901721
60730 70560.0 -2213.9381000000003 384.18286 6496.969099999999 -5.9517535 4.1604388 -2.2715560999999997
60730 70980.0 -4390.4885 2028.7952 4887.4128 -4.2254875 3.529716 -5.2552458
60730 71400.0 -5636.375099999999 3243.3974 2238.9007 -1.5987403999999998 2.1485665 -7.1271683
60730 71820.0 -5685.154500000001 3769.0857 -885.93187 1.3709302 0.3092317 -7.4829613
60730 72240.0 -4526.293900000001 3494.19 -3822.2272000000003 4.0461435 -1.5935072000000001 -6.2465639
60730 72660.0 -2407.8094 2478.5364 -5946.217900000001 5.8591057 -3.1550019000000002 -3.6859044
60730 73080.0 220.19906 938.50245 -6809.1293 6.4298002 -4.0462526 -0.34982328
60730 73500.0 2801.7200000000003 -799.77389 -6229.7519 5.6418604 -4.0823122 3.0594037
60730 73920.0 4790.7524 -2368.8239 -4329.7971 3.6582562 -3.2543935999999998 5.8256023
60730 74340.0 5764.6851 -3435.8742 -1510.3478 0.8934882000000001 -1.733856 7.3588917
60730 74760.0 5514.2753 -3773.1783 1630.6253000000002 -2.0649469 0.15703664 7.3270572000000005
60730 75180.0 4092.3679 -3308.9193999999998 4424.325900000001 -4.5831739 2.0134035 5.7355027000000005
60730 75600.0 1802.0511000000001 -2142.5739 6276.9446 -6.125628300000001 3.4398098 2.927913
60730 76020.0 -870.062 -522.39117 6796.627 -6.369229000000001 4.1361514 -0.49761376
60730 76440.0 -3357.9396 1208.3559 5873.5746 -5.2639408 3.9568189000000005 -3.8189050000000004
60730 76860.0 -5134.0872 2683.0105 3702.1793 -3.0395673000000003 2.9375192 -6.3338552
60730 77280.0 -5819.7121 3587.7084 742.7812700000001 -0.16552927 1.2922182 -7.5031755
60730 77700.0 -5268.247200000001 3729.7935 -2374.9735 2.7435313000000003 -0.62754699 -7.0738697
60730 78120.0 -3591.9895 3075.5658 -4984.277 5.0722498 -2.4146061 -5.1440597
60730 78540.0 -1152.7303000000002 1767.9591 -6531.446900000001 6.3230604 -3.6887469000000004 -2.1168107
60730 78960.0 1530.0451 86.652106 -6693.6133 6.2233735 -4.1747043999999995 1.3619581
60730 79380.0 3888.4359 -1613.4495 -5429.939200000001 4.8040306 -3.7747108 4.5467304
60730 79800.0 5421.3661 -2971.0097 -3010.5072999999998 2.3634066 -2.5728627000000004 6.765681
60730 80220.0 5802.8693 -3697.5809 50.097925000000004 -0.57927656 -0.8245837 7.544104000000001
60730 80640.0 4952.8604000000005 -3639.4486 3100.0795000000003 -3.3939686 1.0953723 6.7178189
60730 81060.0 3054.0053 -2810.7315 5492.5153 -5.4831935000000005 2.7782418 4.470366
60730 81480.0 510.56139 -1388.8288 6722.8324 -6.4106835 3.8708031000000003 1.2838215
60730 81900.0 -2140.4998 325.70368 6532.9348 -5.9868206 4.147184 -2.1723615
60730 82320.0 -4339.9710000000005 1971.4203 4961.7361 -4.2975628 3.5483075 -5.176369800000001
60730 82740.0 -5621.173 3200.0269 2337.8388999999997 -1.6902505 2.1945944 -7.091694700000001
60730 83160.0 -5708.2997000000005 3748.7382000000002 -783.1247099999999 1.2842529999999999 0.37019494 -7.500624
60730 83580.0 -4580.5506 3499.6158 -3736.8936000000003 3.9887086 -1.5350679 -6.3090783
60730 84000.0 -2477.8544 2505.6553 -5893.336200000001 5.8421397 -3.1119185000000003 -3.7733426
60730 84420.0 150.76545000000002 979.74295 -6794.638900000001 6.4514096 -4.0247403 -0.44000968
60730 84840.0 2747.8775 -754.34961 -6250.274 5.692507 -4.0837363 2.9851819
60730 85260.0 4762.0443 -2328.3877 -4376.3726 3.7252056 -3.2761538 5.776836500000001
60730 85680.0 5765.232599999999 -3408.1015 -1570.893 0.96538365 -1.772309 7.3403892
60730 86100.0 5544.3147 -3764.2284 1569.1862 -1.9976804 0.10674979000000001 7.3409665

