CIC_MEM_VERS = 1.0
CREATION_DATE = 2024-12-05T10:40:45.920773
ORIGINATOR = CS Group

META_START
OBJECT_NAME = BLUE1
OBJECT_ID = BLUE1
USER_DEFINED_PROTOCOL = NONE
USER_DEFINED_CONTENT = LLA
USER_DEFINED_SIZE = 3.0
USER_DEFINED_TYPE = REAL
USER_DEFINED_UNIT = [deg] [km]
TIME_SYSTEM = UTC
META_STOP

60649 38209.00032 0.21024944243102694 8.996372200109395 893.7947002737766
60649 38269.00032 0.33197616455673307 12.494287979499012 893.8420808153937
60649 38329.00032 0.45245723736460197 15.992173802344574 893.7098193212366
60649 38389.00032 0.5712542107859362 19.490408307740392 893.67451659005
60649 38449.00032 0.6879168749354128 22.988844030308467 893.6059589819604
60649 38509.00032 0.8020096766681496 26.487529506346153 893.5035908994245
60649 38569.00032 0.9131067666453853 29.986519651435508 893.3678203001615
60649 38629.00032 1.0207932483297182 33.48586639459361 893.1991839515782
60649 38689.00032 1.124666691467148 36.98561806621636 892.9983401718794
60649 38749.00032 1.2243386126719835 40.485818999479385 892.7660637941999
60649 38809.00032 1.3194359125840247 43.98650919381282 892.5032416497646
60649 38869.00032 1.409602263441174 47.48772403618334 892.2108686931783
60649 38929.00032 1.4944994407763328 50.98949408580904 891.8900445524779
60649 38989.00032 1.5738085927843668 54.49184492635771 891.5419700058227
60649 39049.00032 1.6472314411364393 57.99479708606697 891.16794282685
60649 39109.00032 1.714491407693416 61.49836602258976 890.769352626168
60649 39169.00032 1.7753346625855382 65.00256216696707 890.3476746836787
60649 39229.00032 1.8295310902713415 68.50739102070015 889.9044631823366
60649 39289.00032 1.8768751712018565 72.01285330124557 889.4413445637995
60649 39349.00032 1.9171867773699032 75.51894513389304 888.9600118034133
60649 39409.00032 1.9503118801837633 79.02565829066616 888.4622201928815
60649 39469.00032 1.9761231687829173 82.53298047850076 887.9497847641674
60649 39529.00032 1.9945205762645586 86.04089567856788 887.4245789147446
60649 39589.00032 2.0054317105718047 89.54938453601898 886.8885332778012
60649 39649.00032 2.0088121862906956 93.05842479506437 886.3436335921477
60649 39709.00032 2.0046458535390994 96.56799176924788 885.7919163757379
60649 39769.00032 1.9929449206034915 100.07805883249236 885.2354616064483
60649 39829.00032 1.973749967924654 103.5885979142063 884.6763822693722
60649 39889.00032 1.9471298522439344 107.09957998218262 884.116811364086
60649 39949.00032 1.913181500909377 110.61097550026234 883.5588875692878
60649 40009.00032 1.8720295972271341 114.12275485280257 883.0047410582941
60649 40069.00032 1.8238261581484123 117.63488873363526 882.4564808548631
60649 40129.00032 1.7687500054895413 121.14734850167672 881.9161846411888
60649 40189.00032 1.707006131451568 124.660106507575 881.3858912152241
60649 40249.00032 1.638824958735962 128.1731363950106 880.8675950554855
60649 40309.00032 1.5644614953946092 131.686413377011 880.3632419093599
60649 40369.00032 1.4841943850084418 135.19991448287797 879.8747241426282
60649 40429.00032 1.3983248540117825 138.7136187668071 879.4038748298015
60649 40489.00032 1.307175559913865 142.22750746662155 878.9524601560023
60649 40549.00032 1.211089346550966 145.7415641012575 878.5221704595032
60649 40609.00032 1.1104279149012508 149.25577449915053 878.1146109308752
60649 40669.00032 1.0055704199225484 152.7701267556855 877.7312933746681
60649 40729.00032 0.8969120048987103 156.2846111248698 877.3736303910715
60649 40789.00032 0.7848622846331805 159.79921985663225 877.0429328351923
60649 40849.00032 0.6698437874862224 163.313946994775 876.7404105844532
60649 40909.00032 0.5522903639379857 166.8287881508368 876.4671757192673
60649 40969.00032 0.432645566527806 170.3437402656865 876.2242464665043
60649 41029.00032 0.31136100323537236 173.85880136482962 876.0125499004486
60649 41089.00032 0.18889466422131185 177.37397030663178 875.8329215666078
60649 41149.00032 0.0657092207912597 -179.11075348282617 875.6861008702491
60649 41209.00032 -0.05772970425249535 -175.59537029728568 875.5727220931352
60649 41269.00032 -0.1809552940789043 -172.07988046812986 875.4933020093035
60649 41329.00032 -0.30350131964031013 -168.564284715816 875.4482259775568
60649 41389.00032 -0.42490393912673563 -165.0485845311072 875.4377348605706
60649 41449.00032 -0.5447035051926781 -161.532782574616 875.4619150394059
60649 41509.00032 -0.6624463675844933 -158.01688307684623 875.5206931852331
60649 41569.00032 -0.777686657429001 -154.50089221751853 875.6138364806684
60649 41629.00032 -0.8899880394475369 -150.98481846335494 875.7409579027056
60649 41689.00032 -0.9989254196926312 -147.4686728474758 875.901525257068
60649 41749.00032 -1.1040865987551405 -143.9524691799507 876.0948721043756
60649 41809.00032 -1.2050738632346043 -140.43622418633555 876.3202086481142
60649 41869.00032 -1.3015055109979867 -136.91995757741248 876.5766310381601
60649 41929.00032 -1.3930173078090924 -133.40369205747083 876.8631282427207
60649 41989.00032 -1.479263873902463 -129.88745327976446 877.1785864474173
60649 42049.00032 -1.5599199988797625 -126.37126975642282 877.5217916373647
60649 42109.00032 -1.6346818820972826 -122.85517272689201 877.891431441316
60649 42169.00032 -1.7032682939105837 -119.33919598538411 878.2860973921726
60649 42229.00032 -1.7654216513259147 -115.82337566487979 878.7042885124124
60649 42289.00032 -1.820909000354718 -112.30774997400395 879.1444166754846
60649 42349.00032 -1.869522897120206 -108.7923588838154 879.6048136775248
60649 42409.00032 -1.911082180709701 -105.27724376398353 880.0837395253723
60649 42469.00032 -1.9454326327873663 -101.76244697121992 880.5793912096766
60649 42529.00032 -1.9724475216841797 -98.24801139632716 881.089911221459
60649 42589.00032 -1.992028031493214 -94.7339799789138 881.6133952548947
60649 42649.00032 -2.0041035790071615 -91.22039520042435 882.1478988397024
60649 42709.00032 -2.008632022655011 -87.70729856626274 882.6914429671157
60649 42769.00032 -2.0055997676763897 -84.19473008706997 883.2420190322839
60649 42829.00032 -1.9950217706782227 -80.6827277677854 883.7975935646714
60649 42889.00032 -1.9769414447982083 -77.17132711171037 884.3561132495353
60649 42949.00032 -1.9514304645098668 -73.66056064558488 884.9155106803877
60649 43009.00032 -1.9185884672655946 -70.15045747082547 885.4737111626057
60649 43069.00032 -1.8785426482250227 -66.64104284545817 886.0286407435821
60649 43129.00032 -1.8314472445831016 -63.13233780077108 886.5782354923953
60649 43189.00032 -1.7774829075368654 -59.62435879610413 887.1204518909037
60649 43249.00032 -1.7168559624671829 -56.117117414537674 887.6532780218351
60649 43309.00032 -1.6497975609948816 -52.610620101761555 888.1747450478734
60649 43369.00032 -1.576562731620597 -49.10486795023738 888.6829382899666
60649 43429.00032 -1.497429338120826 -45.59985653128831 889.1760070776033
60649 43489.00032 -1.4126969563358345 -42.0955757789162 889.6521725183836
60649 43549.00032 -1.3226856802571494 -38.59200993072582 890.1097324736812
60649 43609.00032 -1.2277348674624602 -35.089137532835196 890.5470633578802
60649 43669.00032 -1.1282018322311744 -31.586931516377387 890.9626188774794
60649 43729.00032 -1.0244604925261334 -28.085359352492976 891.354926414168
60649 43789.00032 -0.9168999749143129 -24.58438329020262 891.722582308314
60649 43849.00032 -0.8059231798345889 -21.083960677298602 892.0642476735775
60649 43909.00032 -0.6919453086851044 -17.584044359037122 892.3786464484704
60649 43969.00032 -0.575392354091086 -14.084583143806334 892.6645671041223
60649 44029.00032 -0.4566995553491025 -10.585522320478075 892.9208688024696
60649 44089.00032 -0.33630982218669714 -7.086804209657988 893.1464919471895
60649 44149.00032 -0.21467213131397067 -3.5883687312820074 893.3404721713431
60649 44209.00032 -0.09223990144354999 -0.09015397373987448 893.5019560675805
60649 44269.00032 0.030530646765068437 3.407903246359545 893.630216573073
60649 44329.00032 0.1531821393376183 6.905866845716315 893.7246660067509
60649 44389.00032 0.2752577025352818 10.403801038805787 893.7848649659106
60649 44449.00032 0.39630270292964104 13.901772541228233 893.8096022193163
60649 44509.00032 0.5158730819573255 17.40004436710342 893.5295848787471
60649 44569.00032 0.6335171291127605 20.89851045506123 893.4823652880517
60649 44629.00032 0.7487953031562015 24.39720247250799 893.4300059089691
60649 44689.00032 0.8612765466110314 27.896145627187295 893.3445916919235
60649 44749.00032 0.9705409683429994 31.39539141156599 893.2262067665703
60649 44809.00032 1.0761804445990917 34.89498944168384 893.0752821163335
60649 44869.00032 1.1778000729429612 38.39498569238857 892.8923753520372
60649 44929.00032 1.2750196276307966 41.89542203053802 892.6781646320302
60649 44989.00032 1.3674749718089683 45.39633590890371 892.4334483386444
60649 45049.00032 1.4548194177093579 48.89776014288609 892.1591444292714
60649 45109.00032 1.536725028685026 52.39972275689493 891.8562882517874
60649 45169.00032 1.6128838577812583 55.90224689299004 891.5260283883708
60649 45229.00032 1.6830091181880609 59.40535077540262 891.1696206639124
60649 45289.00032 1.7468362813719067 62.909047726347715 890.7884208959438
60649 45349.00032 1.8041240988422618 66.41334623122417 890.3838771709519
60649 45409.00032 1.8546555433603853 69.91825005394773 889.9575223637812
60649 45469.00032 1.8982386650411482 73.4237584046209 889.5109673194697
60649 45529.00032 1.9347073574271756 76.9298661614565 889.0458947091355
60649 45589.00032 1.963922028449787 80.43656414670035 888.5640532053653
60649 45649.00032 1.9857701714188583 83.94383945278312 888.0672514313524
60649 45709.00032 2.000166831889251 87.4516758111711 887.5573511908947
60649 45769.00032 2.007054967384879 90.96005399351236 887.0362597665764
60649 45829.00032 2.006405698344446 94.46895223350748 886.5059214811218
60649 45889.00032 1.9982184500300701 97.97834665887491 885.9683091031959
60649 45949.00032 1.9825209862476991 101.4882117254996 885.4254158943353
60649 46009.00032 1.9593693363768243 104.99852064929749 884.8792490397853
60649 46069.00032 1.928847617338439 108.50924583443417 884.3318248713193
60649 46129.00032 1.8910677518355814 112.02035929808619 883.7851657582584
60649 46189.00032 1.8461690836955635 115.53183309130678 883.241297970804
60649 46249.00032 1.7943178907007105 119.04363971283844 882.7022493899058
60649 46309.00032 1.7357067951612644 122.55575250874054 882.1700458013728
60649 46369.00032 1.670554072806196 126.06814604660227 881.6467047370128
60649 46429.00032 1.5991028613379186 129.58079645052237 881.134226373152
60649 46489.00032 1.5216202710632354 133.09368168284445 880.6345817252163
60649 46549.00032 1.4383964011194885 136.60678176132444 880.14969908252
60649 46609.00032 1.3497432656852444 140.12007890548512 879.6814501034626
60649 46669.00032 1.255993634988462 143.6335576122132 879.231637092172
60649 46729.00032 1.1574997958305013 147.14720466657946 878.8019826654393
60649 46789.00032 1.054632235828388 150.66100909786337 878.3941223781289
60649 46849.00032 0.9477782548870813 154.1749620918326 878.0096000921998
60649 46909.00032 0.8373405068746018 157.68905686844226 877.6498651816985
60649 46969.00032 0.7237354744126269 161.20328852983567 877.3162702742629
60649 47029.00032 0.6073918803241661 164.7176538785635 877.0100682615372
60649 47089.00032 0.4887490406458658 168.23215120184318 876.732407762362
60649 47149.00032 0.3682551660519229 171.7467800160959 876.4843269597691
60649 47209.00032 0.24636562071647106 175.26154076759445 876.2667465297367
60649 47269.00032 0.12354114961933238 178.77643448968 876.0804629839574
60649 47329.00032 0.0002460866306889265 -177.70853757650713 875.9261439593854
60649 47389.00032 -0.12305344395128144 -174.1933743842789 875.8043267132297
60649 47449.00032 -0.24589132054963145 -170.67807548835734 875.7154203783651
60649 47509.00032 -0.36780320217592993 -167.16264143677682 875.6597115855054
60649 47569.00032 -0.4883282837147871 -163.64707413030405 875.6373721308447
60649 47629.00032 -0.6070110242920117 -160.1313771376169 875.6484667328335
60649 47689.00032 -0.723402847098706 -156.6155559620515 875.692958775689
60649 47749.00032 -0.8370638109573292 -153.099618263205 875.770712346417
60649 47809.00032 -0.9475642546458604 -149.58357404209264 875.8814897479607
60649 47869.00032 -1.0544864143755015 -146.06743580048607 876.0249447961494
60649 47929.00032 -1.157426012944911 -142.5512186830701 876.2006132932588
60649 47989.00032 -1.255993816324534 -139.0349406057851 876.4079028363843
60649 48049.00032 -1.3498171503044853 -135.5186223667015 876.6460843700485
60649 48109.00032 -1.4385413669996527 -132.0022877289866 876.9142875717008
60649 48169.00032 -1.5218312490314871 -128.48596346092097 877.211501358737
60649 48229.00032 -1.59937233851808 -124.96967931666568 877.5365797395727
60649 48289.00032 -1.6708721787528826 -121.45346794416207 877.8882521727794
60649 48349.00032 -1.7360614585024592 -117.93736471218996 878.2651368054806
60649 48409.00032 -1.7946950517820446 -114.42140745613392 878.6657546104374
60649 48469.00032 -1.8465529491860233 -110.90563614933751 879.0885425809931
60649 48529.00032 -1.8914410797134797 -107.39009251266245 879.5318646948699
60649 48589.00032 -1.9291920240045726 -103.87481957774136 879.9940201426926
60649 48649.00032 -1.9596656206835996 -100.35986121928384 880.4732491118924
60649 48709.00032 -1.9827494670879584 -96.84526166920321 880.9677370178517
60649 48769.00032 -1.9983593143496505 -93.33106502130633 881.4756183502902
60649 48829.00032 -2.0064393551102855 -89.81731473130635 881.9949812235086
60649 48889.00032 -2.006962400707387 -86.30405311405521 882.523873351878
60649 48949.00032 -1.9999299440142928 -82.7913208388569 883.0603096540524
60649 49009.00032 -1.985372104582801 -79.2791564245892 883.602281181308
60649 49069.00032 -1.9633474543623193 -75.7675957386356 884.147764704559
60649 49129.00032 -1.933942724776311 -72.25667150641299 884.6947321592063
60649 49189.00032 -1.8972723988085207 -68.74641284073836 885.2411592439836
60649 49249.00032 -1.8534781943611893 -65.23684480169138 885.7850327412706
60649 49309.00032 -1.8027284469162337 -61.727987997587036 886.324356476799
60649 49369.00032 -1.7452174000788407 -58.219858236459864 886.8571561655843
60649 49429.00032 -1.6811644118219795 -54.71246623528885 887.3814836212529
60649 49489.00032 -1.6108130824082376 -51.20581739171967 887.8954209019734
60649 49549.00032 -1.5344303075281212 -47.69991162072152 888.3970849326965
60649 49609.00032 -1.452305257787153 -44.19474325676341 888.8846330157389
60649 49669.00032 -1.364748283910126 -40.690301020723645 889.3562694640058
60649 49729.00032 -1.2720897463654093 -37.186568049740465 889.8102534010885
60649 49789.00032 -1.1746787687438087 -33.683521987506744 890.2449075895032
60649 49849.00032 -1.0728819160448395 -30.181135131735523 890.6586279762655
60649 49909.00032 -0.9670818016623156 -26.67937463499811 891.0498934812456
60649 49969.00032 -0.8576756297660968 -23.178202754772386 891.4172754030209
60649 50029.00032 -0.7450736823539614 -19.67757714872359 891.759445701617
60649 50089.00032 -0.629697761981585 -16.17745121202822 892.0751833770853
60649 50149.00032 -0.5119796017473112 -12.677774454866327 892.3633782448991
60649 50209.00032 -0.39235925344873485 -9.178492919865304 892.6230316483252
60649 50269.00032 -0.2712834631200078 -5.679549640515023 892.8532540472065
60649 50329.00032 -0.1492040408006058 -2.180885141972662 893.053259936942
60649 50389.00032 -0.026576228875732865 1.317562015422032 893.2223610889542
60649 50449.00032 0.09614292883157995 4.815854652370076 893.3599595407916
60649 50509.00032 0.21849621645432754 8.314056353391985 893.4655419768068
60649 50569.00032 0.3400278737397623 11.812230830619743 893.5386770557872
60649 50629.00032 0.46028522306335806 15.310441341598613 893.5790172029269
60649 50689.00032 0.5788209191424593 18.808768746788008 893.5820946054445
60649 50749.00032 0.6951922671071163 22.30724343712244 893.5579582075525
60649 50809.00032 0.8089656676718083 25.80592767844496 893.5005355074261
60649 50869.00032 0.919717010348849 29.304881385620654 893.409922649487
60649 50929.00032 1.0270330556048672 32.804156396155584 893.2863213077944
60649 50989.00032 1.13051310655306 36.303800877113055 893.130075916018
60649 51049.00032 1.229770477891668 39.803859033728145 892.9416775342972
60649 51109.00032 1.3244339156294689 43.30437084633067 892.721762760234
60649 51169.00032 1.4141489639255338 46.805371849596725 892.4711083891527
60649 51229.00032 1.4985792756897787 50.30689295096331 892.1906231154455
60649 51289.00032 1.5774078640673352 53.80896028811334 891.8813379322448
60649 51349.00032 1.6503382918875835 57.31159512982614 891.5443968389092
60649 51409.00032 1.717095795631233 60.814813827687196 891.1810490377053
60649 51469.00032 1.7774283396639747 64.31862782723226 890.7926431282224
60649 51529.00032 1.831107595673359 67.82304374547883 890.3806230858379
60649 51589.00032 1.8779298416996149 71.32806351800738 889.9465252355792
60649 51649.00032 1.9177167750510993 74.83368461364091 889.4919751502185
60649 51709.00032 1.950316233792096 78.33990030975605 889.0186834637328
60649 51769.00032 1.9756028222908928 81.84670001756975 888.5284399488668
60649 51829.00032 1.9934784373166872 85.35406964515776 888.0231057279352
60649 51889.00032 2.0038726921320706 88.86199198671342 887.5046039960121
60649 51949.00032 2.0067432367353684 92.37044712906706 886.9749099785357
60649 52009.00032 2.00207597275803 95.87941286973037 886.4360409253346
60649 52069.00032 1.9898851615463609 99.38886514351042 885.8900467557833
60649 52129.00032 1.9702134238069544 102.89877845609237 885.3390015984028
60649 52189.00032 1.9431316290971126 106.40912632247034 884.7849960548054
60649 52249.00032 1.9087386736206469 109.91988170591186 884.230129714239
60649 52309.00032 1.8671611453924069 113.43101745015204 883.6765033619112
60649 52369.00032 1.818552876881322 116.9425066947705 883.1262104936028
60649 52429.00032 1.7630943866089746 120.4543232624177 882.5813281123196
60649 52489.00032 1.7009922126405417 123.96644200726372 882.0439072093195
60649 52549.00032 1.6324781421892887 127.47883911676712 881.5159636621619
60649 52609.00032 1.5578083424344553 130.99149236303163 880.9994703816503
60649 52669.00032 1.4772623980104165 134.50438130425877 880.4963513452926
60649 52729.00032 1.3911422604833166 138.01748744016308 880.0084777014947
60649 52789.00032 1.2997711146585793 141.53079432631648 879.5376655428043
60649 52849.00032 1.203492165994856 145.0442876513664 879.0856744082523
60649 52909.00032 1.1026673529989899 148.55795527794032 878.6542052643413
60649 52969.00032 0.9976759884195413 152.0717872441593 878.2448967511316
60649 53029.00032 0.8889133334015316 155.58577571941476 877.8593188820935
60649 53089.00032 0.7767891094297054 159.09991490667397 877.4989640596779
60649 53149.00032 0.6617259536726386 162.6142008849567 877.1652360276381
60649 53209.00032 0.544157824001804 166.12863138967208 876.8594380066023
60649 53269.00032 0.4245283602823832 169.64320553441524 876.582761560846
60649 53329.00032 0.30328920840810003 173.15792348400123 876.3362776225736
60649 53389.00032 0.1808983130083989 176.67278609344913 876.1209305802657
60649 53449.00032 0.057818183974740436 -179.81220547020294 875.9375355663632
60649 53509.00032 -0.06548585879453409 -176.29705010743203 875.786778283266
60649 53569.00032 -0.1885474584394736 -172.78174715530227 875.6692161253505
60649 53629.00032 -0.3109010078078713 -169.26629673998187 875.5852791694048
60649 53689.00032 -0.4320834447127772 -165.75070011227268 875.5352698799574
60649 53749.00032 -0.5516360492386402 -162.23495996955293 875.5193610342442
60649 53809.00032 -0.6691062346516748 -158.7190807683884 875.537592217552
60649 53869.00032 -0.7840493215355254 -155.20306902950227 875.5898660128132
60649 53929.00032 -0.8960302832298093 -151.68693363164692 875.6759454611407
60649 53989.00032 -1.0046254498885838 -148.17068608467665 875.7954543424675
60649 54049.00032 -1.109424158759885 -144.65434076685455 875.9478812973591
60649 54109.00032 -1.2100303396957375 -141.13791510876328 876.1325879108557
60649 54169.00032 -1.3060640272807575 -137.62142970741468 876.3488198512667
60649 54229.00032 -1.3971627939692959 -134.10490835913134 876.5957192927835
60649 54289.00032 -1.4829831017429052 -130.58837800754787 876.8723364057081
60649 54349.00032 -1.563201572490384 -127.07186861171739 877.1776378169011
60649 54409.00032 -1.63751617907077 -123.55541294684217 877.5105106165465
60649 54469.00032 -1.705647359519919 -120.03904635447458 877.8697615537825
60649 54529.00032 -1.7673390560065907 -116.52280645945268 878.2541122514735
60649 54589.00032 -1.8223596781270612 -113.00673286718565 878.662192274107
60649 54649.00032 -1.8705029873823316 -109.49086684851885 879.0925324455527
60649 54709.00032 -1.9115888968191832 -105.97525101204118 879.5435607978554
60649 54769.00032 -1.9454641774874946 -102.45992895750088 880.0136029534482
60649 54829.00032 -1.972003062128349 -98.94494490065524 880.5008877622915
60649 54889.00032 -1.9911077366944951 -95.43034326022223 881.0035578915189
60649 54949.00032 -2.002708711944201 -91.91616820157729 881.5196840817239
60649 55009.00032 -2.006765070154667 -88.40246313822979 882.0472811735768
60649 55069.00032 -2.0032645854270945 -84.88927019931583 882.5843238931113
60649 55129.00032 -1.9922237194293257 -81.3766296775212 883.1287607490852
60649 55189.00032 -1.9736874970982952 -77.8645794755148 883.6785251051158
60649 55249.00032 -1.9477292683418064 -74.35315456954217 884.2315433269953
60649 55309.00032 -1.9144503619692659 -70.84238650639213 884.785740644593
60649 55369.00032 -1.873979637106745 -67.33230294544013 885.3390458279039
60649 55429.00032 -1.8264729356615819 -63.822927252272024 885.8893958717291
60649 55489.00032 -1.772112437608793 -60.31427814580874 886.4347416340408
60649 55549.00032 -1.7111059195959393 -56.80636939797165 886.9730548911923
60649 55609.00032 -1.6436859170646958 -53.29920958400106 887.502336720232
60649 55669.00032 -1.5701087909553932 -49.792801882607094 888.0206266579045
60649 55729.00032 -1.490653701951808 -46.28714392713751 888.5260118339912
60649 55789.00032 -1.4056214977159962 -42.78222771119293 889.0166352784092
60649 55849.00032 -1.3153335210552661 -39.27803955366372 889.4907028265142
60649 55909.00032 -1.2201303488329671 -35.77456012833372 889.9464884065213
60649 55969.00032 -1.1203704722058505 -32.271764562092415 890.3823378747534
60649 56029.00032 -1.016428928222226 -28.769622603523207 890.7966718666074
60649 56089.00032 -0.9086958910507222 -25.26809886085513 891.187988289241
60649 56149.00032 -0.7975752285239605 -21.76715310558242 891.5548650810587
60649 56209.00032 -0.6834830268643226 -18.2667406358255 891.8959637309281
60649 56269.00032 -0.5668460840621709 -14.766812692097568 892.2100338402521
60649 56329.00032 -0.4481003709464462 -11.267316917377652 892.4959187805629
60649 56389.00032 -0.32768945885118833 -7.768197853105251 892.7525622892451
60649 56449.00032 -0.20606291397199764 -4.269397462693756 892.9790156750395
60649 56509.00032 -0.08367466075461355 -0.7708556741039352 893.1744451717188
60649 56569.00032 0.039018680528145284 2.7274890669959073 893.3381388737935
60649 56629.00032 0.16155947411553276 6.225699242727503 893.4695126100079
60649 56689.00032 0.2834907571958788 9.72383772230961 893.5681140300593
60649 56749.00032 0.40435792768497597 13.221967312422741 893.6336223993901
60649 56809.00032 0.5237104659087114 16.720151752559534 893.6654247247039
60649 56869.00032 0.6411082354962268 20.21859564134154 893.6772619323639
60649 56929.00032 0.7561036433455233 23.717060336213997 893.62412956167
60649 56989.00032 0.8682731076666804 27.215757026231103 893.5914301913333
60649 57049.00032 0.9771969321253653 30.714695058329102 893.5252143050864
60649 57109.00032 1.0824690827917602 34.21393451922131 893.4263233313235
60649 57169.00032 1.1836966300894227 37.713523268632514 893.2950910508735
60649 57229.00032 1.2805014443656195 41.21350505103733 893.131934254139
60649 57289.00032 1.372521579360451 44.71391934458791 892.9373542586292
60649 57349.00032 1.4594126048627718 48.214801085535456 892.71194177203
60649 57409.00032 1.5408488886484215 51.716180449873654 892.4563850174048
60649 57469.00032 1.6165248211703256 55.21808271590605 892.1714795255451
60649 57529.00032 1.6861559751520268 58.72052821369727 891.8581376093846
60649 57589.00032 1.749480192151045 62.22353235915347 891.5173955410364
60649 57649.00032 1.8062585889836131 65.72710576419877 891.1504168731354
60649 57709.00032 1.8562764783664316 69.23125441027042 890.758491094409
60649 57769.00032 1.899344199862576 72.73597987092678 890.343027709617
60649 57829.00032 1.9352978588092435 76.24127957067394 889.9055466717041
60649 57889.00032 1.963999972024107 79.74714707077143 889.4476666704837
60649 57949.00032 1.98534001954996 83.25357237743701 888.9710929687106
60649 58009.00032 1.999234901515602 86.76054227221549 888.4776062479867
60649 58069.00032 2.0056292985529196 90.26804066696525 887.969053367335
60649 58129.00032 2.0044959334216945 93.77604898621644 887.4473402157157
60649 58189.00032 1.9958357308870076 97.28454657742388 886.9144261597132
60649 58249.00032 1.9796778727312034 100.79351114569478 886.3723191311966
60649 58309.00032 1.9560797451832728 104.30291920497233 885.8230702744912
60649 58369.00032 1.9251267769652245 107.81274653379445 885.2687672858247
60649 58429.00032 1.8869321673916508 111.32296862179905 884.7115260362747
60649 58489.00032 1.8416365052398365 114.83356109351382 884.153480613898
60649 58549.00032 1.7894072801635115 118.34450009857187 883.596772374937
60649 58609.00032 1.7304382890747152 121.85576266142638 883.0435388217496
60649 58669.00032 1.6649489401252031 125.36732698776265 882.4959030694897
60649 58729.00032 1.593183456791776 128.8791727278781 881.9559643644868
60649 58789.00032 1.5154099843254296 132.39128119856082 881.4257896934912
60649 58849.00032 1.4319196007138888 135.9036355643276 880.9074061322597
60649 58909.00032 1.3430252345360874 139.41622097675827 880.4027933676488
60649 58969.00032 1.2490604927452873 142.9290246681703 879.913875867858
60649 59029.00032 1.1503784024537882 146.44203599417645 879.4425144598285
60649 59089.00032 1.047350072026865 149.9552464197273 878.990497500049
60649 59149.00032 0.9403632779810962 153.4686494453239 878.5595322394879
60649 59209.00032 0.8298209850740337 156.9822404740224 878.1512372246276
60649 59269.00032 0.7161398074115354 160.4960166244049 877.7671365363489
60649 59329.00032 0.5997484183414996 164.00997649880665 877.408656328676
60649 59389.00032 0.48108591644846743 167.52411991840492 877.0771235752302
60649 59449.00032 0.36060015430833586 171.03844763661453 876.7737663268297
60649 59509.00032 0.2387460360374136 174.55296103970736 876.4997143233143
60649 59569.00032 0.11598378927601301 178.06766183943063 876.2559986483913
60649 59629.00032 -0.007222782812024801 -178.41744824197266 876.0435493436064
60649 59689.00032 -0.13040806368450636 -174.90236779699788 875.8631904654205
60649 59749.00032 -0.2531063934207313 -171.3870960717335 875.7156328283243
60649 59809.00032 -0.37485383984282505 -167.8716333194942 875.6014654092064
60649 59869.00032 -0.4951899637818257 -164.3559811658985 875.521146873712
60649 59929.00032 -0.613659571608283 -160.84014297641005 875.4749987700495
60649 59989.00032 -0.7298144486081549 -157.324124212328 875.4632015813326
60649 60049.00032 -0.8432150675163459 -153.8079327583369 875.4857941289355
60649 60109.00032 -0.953432267320813 -150.2915792050905 875.5426759791873
60649 60169.00032 -1.0600488980694198 -146.77507707394332 875.6336117753405
60649 60229.00032 -1.1626614276086307 -143.25844297702022 875.7582360221273
60649 60289.00032 -1.2608815057988252 -139.74169671272506 875.9160569194984
60649 60349.00032 -1.3543374807603916 -136.22486130258187 876.1064583651021
60649 60409.00032 -1.4426758602349021 -132.7079629784144 876.3287000713661
60649 60469.00032 -1.5255627094677726 -129.19103112848555 876.5819166236564
60649 60529.00032 -1.6026849755028822 -125.67409820754413 876.8651169659513
60649 60589.00032 -1.6737517268196211 -122.15719961003165 877.1771860219975
60649 60649.00032 -1.7384952971755367 -118.64037349989549 877.5168898484311
60649 60709.00032 -1.7966723235428663 -115.12366058648772 877.8828849344578
60649 60769.00032 -1.8480646701432555 -111.60710383551131 878.27373121397
60649 60829.00032 -1.8924802335750421 -108.090748107383 878.687907331661
60649 60889.00032 -1.9297536274742209 -104.57463972219357 879.1238259987931
60649 60949.00032 -1.959746748508501 -101.05882595904045 879.5798471009371
60649 61009.00032 -1.9823492282030082 -97.54335450583363 880.0542866491037
60649 61069.00032 -1.9974787766627358 -94.02827288148858 880.5454206031366
60649 61129.00032 -2.0050814244205464 -90.51362785439139 881.0514838065066
60649 61189.00032 -2.005131667412751 -86.99946487854872 881.5706654447886
60649 61249.00032 -1.9976325177725616 -83.48582756279025 882.1011032749067
60649 61309.00032 -1.982615460285849 -79.9727571802398 882.6408791596917
60649 61369.00032 -1.9601403116544411 -76.46029221730299 883.1880181198143
60649 61429.00032 -1.9302949778219023 -72.94846795551261 883.740492280174
60649 61489.00032 -1.893195104026491 -69.43731607725344 884.2962299671855
60649 61549.00032 -1.8489836131529327 -65.9268642877712 884.8531290984089
60649 61609.00032 -1.797830130217168 -62.417135950574824 885.4090731709744
60649 61669.00032 -1.739930293977588 -58.90814973964492 885.9619477870627
60649 61729.00032 -1.6755049600602407 -55.39991931795888 886.5096558063542
60649 61789.00032 -1.60479930290791 -51.89245305617058 887.0501298017024
60649 61849.00032 -1.5280818257315565 -48.38575380655067 887.5813413233819
60649 61909.00032 -1.4456432881468784 -44.879818745435266 888.1013073106079
60649 61969.00032 -1.3577955603476881 -41.37463929301151 888.6080946101004
60649 62029.00032 -1.2648704108578397 -37.870201113555254 889.099823830579
60649 62089.00032 -1.1672182326992468 -34.36648419364453 889.5746736512472
60649 62149.00032 -1.065206710876408 -30.863462991757647 890.0308862879327
60649 62209.00032 -0.9592194329665842 -27.361106650631047 890.4667742565273
60649 62269.00032 -0.8496544446423382 -23.85937926398203 890.8807280362992
60649 62329.00032 -0.736922753136018 -20.358240191028322 891.2712238764158
60649 62389.00032 -0.6214467836707602 -16.857644414782747 891.6368308898566
60649 62449.00032 -0.5036587961856366 -13.357542942362022 891.9762167401963
60649 62509.00032 -0.38399927164200615 -9.857883246624986 892.2881515747767
60649 62569.00032 -0.2629152782709801 -6.358609748247466 892.571510275144
60649 62629.00032 -0.14085882796795215 -2.8596643356984917 892.825273460868
60649 62689.00032 -0.018285231635699863 0.639013081794913 893.048527904386
60649 62749.00032 0.10434854010080814 4.1374839957307765 893.240467054127
60649 62809.00032 0.2265854872234186 7.635810703937881 893.4003922378827
60649 62869.00032 0.34797020079611146 11.134055712243025 893.5277148861575
60649 62929.00032 0.4680504747961945 14.63228115155431 893.6219598450518
60649 62989.00032 0.5863789137102884 18.130548306246137 893.6827685957918
60649 63049.00032 0.7025146123803109 21.62891956605603 893.7090775880192
60649 63109.00032 0.8160275335646487 25.12753783369296 893.3398178915073
60649 63169.00032 0.9264990976040236 28.626638564608474 893.3836901662321
60649 63229.00032 1.0335050708739635 32.12589575562746 893.3395428537817
60649 63289.00032 1.1366484389498337 35.62544100616875 893.2636092519351
60649 63349.00032 1.2355436435838212 39.125315359269244 893.155625525813
60649 63409.00032 1.3298208533443057 42.62555884190028 893.0160275714144
60649 63469.00032 1.4191272655026965 46.12620759348865 892.8453860100361
60649 63529.00032 1.5031284173796184 49.62729353531581 892.6443894914032
60649 63589.00032 1.581509427965672 53.12884423044969 892.4138338990226
60649 63649.00032 1.653976162981056 56.63088280425451 892.1546105928282
60649 63709.00032 1.7202563221722535 60.13342790690961 891.8676945511805
60649 63769.00032 1.7801004492943535 63.63649371376079 891.5541338489184
60649 63829.00032 1.8332828654508144 67.14008996464673 891.2150418794312
60649 63889.00032 1.8796025255824216 70.64422204707213 890.8515933620553
60649 63949.00032 1.9188837962564644 74.14889113041829 890.4650245341196
60649 64009.00032 1.9509771509827916 77.65409435863769 890.0566371273785
60649 64069.00032 1.9757597775994957 81.15982510669173 889.6278049424593
60649 64129.00032 1.9931360912762546 84.66607330151635 889.1799812483611
60649 64189.00032 2.00303814664809 88.17282580241913 888.7147049987085
60649 64249.00032 2.005425943548241 91.68006682975036 888.2336040449138
60649 64309.00032 2.0002876225501423 95.18777842584683 887.7383941084227
60649 64369.00032 1.9876395486721596 98.69594092980077 887.2308731181837
60649 64429.00032 1.9675262836867158 102.20453344810657 886.7129114247161
60649 64489.00032 1.9400204490950967 105.71353430648095 886.1864391501725
60649 64549.00032 1.905222482718165 109.22292147327568 885.6534323476724
60649 64609.00032 1.863260291955992 112.73267295048964 885.115899634856
60649 64669.00032 1.8142888062449238 116.24276713303753 884.575870561047
60649 64729.00032 1.7584894304015588 119.75318313939724 884.0353862945136
60649 64789.00032 1.6960693997620315 123.26390111674057 883.4964924728985
60649 64849.00032 1.6272610376277616 126.77490252121677 882.9612334524708
60649 64909.00032 1.5523209157000954 130.2861703703689 882.4316468776441
60649 64969.00032 1.471528918931162 133.79768946095254 881.9097575361013
60649 65029.00032 1.3851872173666544 137.3094465430185 881.3975698227702
60649 65089.00032 1.2936191488263338 140.8214304409401 880.8970586732196
60649 65149.00032 1.1971680173585877 144.3336321141995 880.4101593632706
60649 65209.00032 1.0961958130829978 147.84604465474524 879.9387569365725
60649 65269.00032 0.9910818592081608 151.35866322242944 879.4846761109264
60649 65329.00032 0.8822213917492583 154.87148492410728 879.0496723167383
60649 65389.00032 0.7700240769670291 158.38450864447321 878.6354241234266
60649 65449.00032 0.6549124710744207 161.8977348369828 878.2435268627049
60649 65509.00032 0.5373204265503073 165.41116528158213 877.8754869251962
60649 65569.00032 0.41769144961310717 168.92480281324552 877.5327161107825
60649 65629.00032 0.29647701405459476 172.4386510227071 877.2165255901157
60649 65689.00032 0.17413483759133716 175.95271392947916 876.9281194239692
60649 65749.00032 0.05112712794333959 179.46699562792475 876.6685880491169
60649 65809.00032 -0.0720811932465155 -177.01850009019518 876.4389025012163
60649 65869.00032 -0.19502427998236718 -173.5037701293021 876.2399102607324
60649 65929.00032 -0.3172371561901622 -169.98881248833558 876.072333408276
60649 65989.00032 -0.43825750621934545 -166.47362664974327 875.936769297236
60649 66049.00032 -0.5576274536876143 -162.95821394466319 875.833693329047
60649 66109.00032 -0.6748953214808266 -159.44257788207227 875.7634628437849
60649 66169.00032 -0.7896173663264532 -155.9267244340867 875.7263208076477
60649 66229.00032 -0.9013594817426598 -152.41066227500514 875.7223980158967
60649 66289.00032 -1.0096988632877402 -148.8944029764756 875.7517129520426
60649 66349.00032 -1.1142256299524862 -145.37796116395637 875.814169147327
60649 66409.00032 -1.2145443953818458 -141.86135463964175 875.9095506709448
60649 66469.00032 -1.3102757825468963 -138.34460447419818 876.0375170172807
60649 66529.00032 -1.4010578756520402 -134.82773506498904 876.1975989441378
60649 66589.00032 -1.4865476035282503 -131.31077415350208 876.3891966571241
60649 66649.00032 -1.566422049507094 -127.7937527912152 876.6115811657779
60649 66709.00032 -1.6403796836746682 -124.27670524243246 876.8638988187901
60649 66769.00032 -1.708141514277046 -120.75966881528598 877.1451782036341
60649 66829.00032 -1.7694521556700895 -117.24268361771466 877.4543380219508
60649 66889.00032 -1.8240808103906618 -113.7257922423056 877.7901944094575
60649 66949.00032 -1.871822162565207 -110.20903939068296 878.1514665139621
60649 67009.00032 -1.9124971789892204 -106.69247145268454 878.5367798830725
60649 67069.00032 -1.9459538129686447 -103.17613605671343 878.9446681270671
60649 67129.00032 -1.9720676047033034 -99.66008160508304 879.3735741314687
60649 67189.00032 -1.990742170983368 -96.1443568027683 879.8218525390986
60649 67249.00032 -2.0019095766396555 -92.62901018139114 880.2877751438865
60649 67309.00032 -2.005530580832874 -89.11408961467019 880.7695402304513
60649 67369.00032 -2.001594753018416 -85.59964181865158 881.2652859038822
60649 67429.00032 -1.9901204561939034 -82.08571183104439 881.77310635219
60649 67489.00032 -1.971154698508028 -78.57234246872257 882.2910690801018
60649 67549.00032 -1.9447728579700483 -75.05957376977891 882.817230713443
60649 67609.00032 -1.911078288242849 -71.54744243451665 883.3496491407466
60649 67669.00032 -1.8702018157472748 -68.0359812861064 883.8863905106974
60649 67729.00032 -1.8223011391367672 -64.52521877460877 884.4255307576223
60649 67789.00032 -1.7675601414721738 -61.01517854662554 884.9651525884376
60649 67849.00032 -1.7061881233150349 -57.50587909723813 885.5033399096114
60649 67909.00032 -1.6384189619443787 -53.997333512512654 886.0381722362629
60649 67969.00032 -1.564510198669678 -50.48954930157302 886.5677215723774
60649 68029.00032 -1.4847420535019225 -46.982528309403484 887.0900536088144
60649 68089.00032 -1.399416364875809 -43.47626669677517 887.6032340352322
60649 68149.00032 -1.308855452046008 -39.97075497294249 888.1053395814814
60649 68209.00032 -1.213400899211674 -36.465978069695744 888.594472393595
60649 68269.00032 -1.113412263008576 -32.96191545091971 889.0687757475581
60649 68329.00032 -1.009265708128312 -29.458541258070895 889.5264490295991
60649 68389.00032 -0.9013525787516949 -25.95582449719566 889.965760336858
60649 68449.00032 -0.7900779155554264 -22.453729275792675 890.38505582187
60649 68509.00032 -0.6758589288351253 -18.95221509732629 890.7827657849361
60649 68569.00032 -0.5591234376855823 -15.451237217843508 891.1574082683835
60649 68629.00032 -0.44030828343874157 -11.950747063936978 891.5075913428017
60649 68689.00032 -0.31985772320642747 -8.450692705708232 891.8320153172378
60649 68749.00032 -0.19822180706577383 -4.9510193738224215 892.1294757895917
60649 68809.00032 -0.07585474078168031 -1.45167000725773 892.3988679125056
60649 68869.00032 0.04678676459503003 2.047414181735249 892.6391916653333
60649 68929.00032 0.16924515425747808 5.546293136935522 892.8495574698487
60649 68989.00032 0.29106369863172626 9.045027389867897 893.0291912872799
60649 69049.00032 0.41178816391860756 12.543677498078395 893.1774384374835
60649 69109.00032 0.5309684760205017 16.042303488317017 893.2937658734708
60649 69169.00032 0.6481603674662603 19.540964279560733 893.3777653769915
60649 69229.00032 0.7629269896810965 23.0397168459535 893.4292332758545
60649 69289.00032 0.8748404860444678 26.53861527428471 893.4510346599106
60649 69349.00032 0.9834845486451425 30.03774340069206 893.452731768544
60649 69409.00032 1.088451596561195 33.53707241824108 893.4070757118251
60649 69469.00032 1.189351532980425 37.03669917416501 893.3291581684388
60649 69529.00032 1.2858075182065696 40.5366635946887 893.2188187573242
60649 69589.00032 1.3774590553799855 44.03700406996506 893.0764422498789
60649 69649.00032 1.4639632254310502 47.537754865951264 892.902538858033
60649 69709.00032 1.5449959437646779 51.038945800960605 892.6977392945753
60649 69769.00032 1.6202531723261322 54.54060211735208 892.462796018482
60649 69829.00032 1.6894520783805043 58.04274443736131 892.1985839743872
60649 69889.00032 1.7523321317158316 61.54538878958141 891.9061000139881
60649 69949.00032 1.8086561304057758 65.04854670203697 891.5864605193786
60649 70009.00032 1.8582111445842435 68.55222535789046 891.2408968188571
60649 70069.00032 1.9008093682903289 72.05642780802205 890.870748089399
60649 70129.00032 1.9362888712606396 75.56115323245618 890.4774516406184
60649 70189.00032 1.9645142452143975 79.06639724053632 890.0625307918854
60649 70249.00032 1.9853771421564161 82.57215219864227 889.6275809604438
60649 70309.00032 1.998796704924244 86.07840757448892 889.1742549981094
60649 70369.00032 2.0047198921253373 89.58515028906042 888.7042491369407
60649 70429.00032 2.003121700438538 93.09236507054685 888.2192910154452
60649 70489.00032 1.9940052869505056 96.60003480869064 887.7211310749865
60649 70549.00032 1.9774019929861921 100.10814091152793 887.2115381256407
60649 70609.00032 1.9533712692089584 103.6166636687232 886.6922991508592
60649 70669.00032 1.922000500141309 107.12558262562219 886.1652225942468
60649 70729.00032 1.88340472519173 110.63487696958765 885.63214363926
60649 70789.00032 1.8377262531057614 114.14452592574385 885.0949295367373
60649 70849.00032 1.7851341675951111 117.65450915376142 884.5554829848394
60649 70909.00032 1.72582372358193 121.16480713241633 884.0157419512601
60649 70969.00032 1.6600156356639137 124.67540151556561 883.4776750700375
60649 71029.00032 1.587955262589539 128.18627544287895 882.9432726696152
60649 71089.00032 1.5099116932771963 131.69741379143724 882.4145343705395
60649 71149.00032 1.4261767409046242 135.20880335943593 881.8934548150752
60649 71209.00032 1.337063851728553 138.72043297966803 881.3820093104785
60649 71269.00032 1.2429069346979857 142.23229356649927 880.8821409456369
60649 71329.00032 1.1440591169019396 145.7443781043803 880.3957501595023
60649 71389.00032 1.0408914288368531 149.25668158763833 879.9246869750913
60649 71449.00032 0.9337914227541522 152.76920092022198 879.4707453845328
60649 71509.00032 0.8231617271876212 156.28193478099277 879.0356588766745
60649 71569.00032 0.7094185412152947 159.79488345618114 878.6210959593805
60649 71629.00032 0.592990072938445 163.30804863735844 878.2286547542095
60649 71689.00032 0.4743149277922709 166.82143318177458 877.8598562326683
60649 71749.00032 0.3538404533229471 170.3350408327623 877.5161362470171
60649 71809.00032 0.2320210477089233 173.84887590096963 877.1988369932831
60649 71869.00032 0.10931643944152336 177.36294291140624 876.9091987801727
60649 71929.00032 -0.013810054768035932 -179.12275377443788 876.6483529049427
60649 71989.00032 -0.13689328744264667 -175.60821034930646 876.4173161002842
60649 72049.00032 -0.2594680474540209 -172.0934239508632 876.2169865472754
60649 72109.00032 -0.3810708316040258 -168.57839304103695 876.0481410220673
60649 72169.00032 -0.5012416155922859 -165.06311776595032 875.911432513595
60649 72229.00032 -0.6195256189511076 -161.5476002920577 875.8073877011329
60649 72289.00032 -0.7354750578070017 -158.03184511708324 875.7364039974273
60649 72349.00032 -0.8486508784061079 -154.51585935550182 875.6987463338453
60649 72409.00032 -0.95862446344885 -150.99965299729882 875.6945443159533
60649 72469.00032 -1.0649793026339454 -147.48323913598134 875.7237906389026
60649 72529.00032 -1.1673126185593674 -143.96663415831864 875.7863416061388
60649 72589.00032 -1.2652369393087224 -140.44985788550056 875.8819202282642
60649 72649.00032 -1.3583816096058414 -136.93293365451595 876.0101217860129
60649 72709.00032 -1.4463942332107886 -133.41588833027828 876.1704211019601
60649 72769.00032 -1.5289420400884561 -129.89875224328034 876.3621802858021
60649 72829.00032 -1.6057131726604699 -126.38155905330554 876.5846555667614
60649 72889.00032 -1.6764178860574337 -122.86434554561838 876.8370020760615
60649 72949.00032 -1.7407896577118482 -119.3471513703625 877.1182760414445
60649 73009.00032 -1.7985862019293652 -115.83001873757243 877.4274346402271
60649 73069.00032 -1.849590385360766 -112.31299207878615 877.7633344972168
60649 73129.00032 -1.89361103969307 -108.79611768230015 878.1247302832237
60649 73189.00032 -1.9304836684822146 -105.279443304024 878.5102749182681
60649 73249.00032 -1.960071045897136 -101.7630177513522 878.9185224855938
60649 73309.00032 -1.9822637061859403 -98.24689043517857 879.3479342294353
60649 73369.00032 -1.9969803237800032 -94.7311108859374 879.7968871595574
60649 73429.00032 -2.0041679849275913 -91.21572823356358 880.2636840792815
60649 73489.00032 -2.0038023523904296 -87.70079065730482 880.7465635132689
60649 73549.00032 -1.9958877248739328 -84.1863448178292 881.2437081531273
60649 73609.00032 -1.980456992421986 -80.67243528903082 881.7532510312388
60649 73669.00032 -1.957571488051925 -77.159104008823 882.2732795050152
60649 73729.00032 -1.9273207346476082 -73.64638976635912 882.8018380200506
60649 73789.00032 -1.8898220849052416 -70.13432773780957 883.336931242692
60649 73849.00032 -1.8452202513416438 -66.62294907567878 883.876529300501
60649 73909.00032 -1.7936867234015679 -63.112280549377985 884.4185764686277
60649 73969.00032 -1.7354190697907008 -59.60234422972699 884.9610037782379
60649 74029.00032 -1.670640126349711 -56.093157208424486 885.5017449270175
60649 74089.00032 -1.5995970728579512 -52.584731345951965 886.0387538474132
60649 74149.00032 -1.5225604056580897 -49.07707304702203 886.5700216311321
60649 74209.00032 -1.4398228163133413 -45.57018306998837 887.093590421228
60649 74269.00032 -1.3516979890002074 -42.064056383262034 887.6075624137444
60649 74329.00032 -1.2585193304806377 -38.55868208587045 888.1101031385642
60649 74389.00032 -1.160638646012495 -35.05404340931737 888.5994394557791
60649 74449.00032 -1.0584247725116143 -31.55011781366666 889.073853884997
60649 74509.00032 -0.952262177074736 -28.046877183108922 889.5316776785659
60649 74569.00032 -0.8425495252777682 -24.54428811704881 889.9712852580597
60649 74629.00032 -0.7296982202537247 -21.042312304014512 890.3910922154311
60649 74689.00032 -0.6141309111482136 -17.54090695957929 890.7895581580069
60649 74749.00032 -0.4962799686265506 -14.040025307192607 891.1651944996948
60649 74809.00032 -0.3765859258012532 -10.539617082612434 891.5165761732436
60649 74869.00032 -0.25549588501944637 -7.0396290476494805 891.8423554371672
60649 74929.00032 -0.13346189384583645 -3.540005505610852 892.1412756513137
60649 74989.00032 -0.010939296574801626 -0.040688817253034984 892.4121831309009
60649 75049.00032 0.11161493000949213 3.4583800794814725 892.6540358518942
60649 75109.00032 0.23374384666304251 6.957261141168993 892.8659086584046
60649 75169.00032 0.3549922176555948 10.456014678675208 893.0469954681022
60649 75229.00032 0.47490816417741794 13.954700804860975 893.1966095831964
60649 75289.00032 0.5930447987161368 17.453378871467564 893.3141836189287
60649 75349.00032 0.7089618355740545 20.952106878194243 893.399272953236
60649 75409.00032 0.8222271681145892 24.45094063239008 893.4516452569322
60649 75469.00032 0.9324184335720969 27.949933362256555 893.4731031160744
60649 75529.00032 1.0391254490958894 31.449165747966624 893.4815529841494
60649 75589.00032 1.1419475276297029 34.94860394880173 893.4351578105984
60649 75649.00032 1.2405023634733567 38.44834780551077 893.356231764571
60649 75709.00032 1.33442156600945 41.94843536456916 893.244634079027
60649 75769.00032 1.4233538790288827 45.4489030237569 893.1007808983868
60649 75829.00032 1.5069664296929766 48.94978310650275 892.9252186803301
60649 75889.00032 1.5849459712996996 52.45110357437598 892.7186114607293
60649 75949.00032 1.6570000525556643 55.95288791693604 892.4817350258579
60649 76009.00032 1.722858104476285 59.45515510944556 892.2154719737505
60649 76069.00032 1.7822724417199602 62.95791962766504 891.9208077649608
60649 76129.00032 1.8350191780377225 66.46119151968578 891.5988279005434
60649 76189.00032 1.8808990573856528 69.96497653546217 891.2507160974335
60649 76249.00032 1.9197382029525845 73.46927631334934 890.8777531146638
60649 76309.00032 1.951388785807423 76.97408862117125 890.4813157740397
60649 76369.00032 1.9757296132293378 80.4794076477346 890.0628757058244
60649 76429.00032 1.9926666344560202 83.98522433969947 889.6239973905101
60649 76489.00032 2.0021333591276336 87.49152677799745 889.1663351130012
60649 76549.00032 2.0040911817143208 90.99830058744504 888.6916284671648
60649 76609.00032 1.998529604189186 94.50552937238092 888.2016960527022
60649 76669.00032 1.9854663494355669 98.0131951698446 887.6984270331601
60649 76729.00032 1.964947359371394 101.52127891007142 887.1837703292764
60649 76789.00032 1.9370466742717014 105.02976087231566 886.659721450278
60649 76849.00032 1.901866192794346 108.53862112285191 886.1283073221449
60649 76909.00032 1.859535315177222 112.04783992214799 885.5915699069144
60649 76969.00032 1.810210474423555 115.55739809000484 885.0515498200543
60649 77029.00032 1.7540745616280697 119.06727732108294 884.510271416996
60649 77089.00032 1.6913362517763755 122.57746044794598 883.9697308192937
60649 77149.00032 1.622229235504733 126.08793165379062 883.4318880243455
60649 77209.00032 1.5470113608109206 129.59867664104073 882.8986636105976
60649 77269.00032 1.465963687070917 133.10968276401925 882.3719397242625
60649 77329.00032 1.37938945245942 136.62093913333624 881.8535641940507
60649 77389.00032 1.2876129553867197 140.1324366965622 881.3453559723663
60649 77449.00032 1.190978351019718 143.64416829497807 880.8491098184479
60649 77509.00032 1.089848365260342 147.15612869107974 880.3665983109397
60649 77569.00032 0.9846029303957371 150.66831455753822 879.8995698800687
60649 77629.00032 0.8756377485638686 154.18072441679206 879.4497424445856
60649 77689.00032 0.7633627907466701 157.69335852187177 879.0187932078528
60649 77749.00032 0.6482007398697475 161.20621867344497 878.608345970081
60649 77809.00032 0.5305853866280009 164.7193079741543 878.2199577538254
60649 77869.00032 0.41095998595746813 168.2326305278821 877.8551065194505
60649 77929.00032 0.2897755809264587 171.74619109677636 877.5151812951101
60649 77989.00032 0.16748929960335598 175.25999473160917 877.2014753064957
60649 78049.00032 0.044562629542683675 178.77404639079492 876.915181883174
60649 78109.00032 -0.07854032583090617 -177.71164943953156 876.6573922680151
60649 78169.00032 -0.2013546043995272 -174.1970891164506 876.4290941336079
60649 78229.00032 -0.32341615077726443 -170.6822701988826 876.2311696798928
60649 78289.00032 -0.44426358365054397 -167.16719179379385 876.0643925952543
60649 78349.00032 -0.5634399577397889 -163.65185489091533 875.9294237551366
60649 78409.00032 -0.6804945124693786 -160.13626268544925 875.8268061073321
60649 78469.00032 -0.7949843993085495 -156.62042088514127 875.7569595676765
60649 78529.00032 -0.9064763801333787 -153.1043379942876 875.7201768158944
60649 78589.00032 -1.014548489712474 -149.5880255643768 875.7166206371678
60649 78649.00032 -1.118791656308337 -146.07149840009424 875.7463230035867
60649 78709.00032 -1.2188112751585993 -142.55477471074917 875.8091856005585
60649 78769.00032 -1.3142287300455067 -139.03787620069622 875.90498115512
60649 78829.00032 -1.4046828581860202 -135.52082809677825 876.0333548415788
60649 78889.00032 -1.4898313532976573 -132.0036591150888 876.1938252565595
60649 78949.00032 -1.5693521010585028 -128.48640137202966 876.3857848941929
60649 79009.00032 -1.6429444404831222 -124.96909024516262 876.6085005558264
60649 79069.00032 -1.7103303441995001 -121.45176418760184 876.8611145111868
60649 79129.00032 -1.7712555104036534 -117.93446449668156 877.1426473365947
60649 79189.00032 -1.8254903594856318 -114.41723503446003 877.4520031274698
60649 79249.00032 -1.8728309289568807 -110.90012189584628 877.7879772644994
60649 79309.00032 -1.9130996612789195 -107.38317302066334 878.1492662570145
60649 79369.00032 -1.946146080352735 -103.86643774908188 878.5344785988342
60649 79429.00032 -1.971847353618273 -100.34996632492381 878.9421452478176
60649 79489.00032 -1.9901087377964395 -96.83380935712583 879.3707284030669
60649 79549.00032 -2.0008639072023975 -93.31801725444097 879.8186277074791
60649 79609.00032 -2.004075164256149 -89.8026396509551 880.2841837300656
60649 79669.00032 -1.9997335323715832 -86.2877248392985 880.7656793725499
60649 79729.00032 -1.9878587319203809 -82.77331922487392 881.2613404613746
60649 79789.00032 -1.968499040556903 -79.25946680885103 881.7693370383575
60649 79849.00032 -1.941731039938253 -75.74620870191116 882.2877866670118
60649 79909.00032 -1.9076592517990811 -72.23358266638148 882.8147604790183
60649 79969.00032 -1.866415667374035 -68.72162268287146 883.3482918731831
60649 80029.00032 -1.8181591751466701 -65.21035853914186 883.8863869951933
60649 80089.00032 -1.763074892633086 -61.69981544328262 884.4270356159698
60649 80149.00032 -1.7013734081679284 -58.19001366877501 884.9682209551844
60649 80209.00032 -1.6332899383039083 -54.68096824389973 885.5079273975524
60649 80269.00032 -1.5590834054433422 -51.17268870047141 886.0441458093949
60649 80329.00032 -1.4790354388359783 -47.665178895897235 886.5748770528462
60649 80389.00032 -1.393449300409269 -44.15843691807437 887.0981350364436
60649 80449.00032 -1.302648735465311 -40.652455075653556 887.6119509915502
60649 80509.00032 -1.2069767475219912 -37.147219968397735 888.114380489392
60649 80569.00032 -1.1067942968456341 -33.64271262593238 888.603514033998
60649 80629.00032 -1.0024789236691893 -30.138908699800776 889.0774910535305
60649 80689.00032 -0.8944232995980032 -26.635778694267618 889.5345160440905
60649 80749.00032 -0.7830337138884884 -23.133288225631155 889.9728748023726
60649 80809.00032 -0.6687285045458846 -19.631398306554583 890.3909483612723
60649 80869.00032 -0.5519364468440932 -16.130065659112805 890.7872225301628
60649 80929.00032 -0.43309511332017825 -12.62924306579222 891.1602917863889
60649 80989.00032 -0.312649219154884 -9.128879769768307 891.5088574605891
60649 81049.00032 -0.19104896507589472 -5.628921933782993 891.8317214013816
60649 81109.00032 -0.06874838682112631 -2.129313161065825 892.1277772765875
60649 81169.00032 0.053796283602700494 1.3700049264040663 892.396002121403
60649 81229.00032 0.1761282433581665 4.8690920654810395 892.6354505713224
60649 81289.00032 0.29779173229035333 8.368008705172477 892.8452534762172
60649 81349.00032 0.4183336373586862 11.866815358658132 893.0246214882089
60649 81409.00032 0.5373050906194151 15.365571975390338 893.1728530576057
60649 81469.00032 0.6542630615645482 18.864337346470222 893.2893455137717
60649 81529.00032 0.7687719411251347 22.363168525825948 893.3736101087324
60649 81589.00032 0.8804051049100875 25.86212002684963 893.425378106578
60649 81649.00032 0.9887464832135299 29.361243898795824 893.4454283511669
60649 81709.00032 1.0933928669865325 32.86061637904264 893.4476036799889
60649 81769.00032 1.1939517668611876 36.36021268732109 893.4014895454116
60649 81829.00032 1.2900491503275289 39.8601216286291 893.3229761697997
60649 81889.00032 1.381325898596396 43.36037924343957 893.2118733803562
60649 81949.00032 1.4674406617761053 46.86101981205265 893.0685629067689
60649 82009.00032 1.5480710528466637 50.362073488223245 892.8935566730665
60649 82069.00032 1.6229148380455418 53.86356602276154 892.6874867183647
60649 82129.00032 1.6916910662434004 57.36551868056703 892.4511039471556
60649 82189.00032 1.7541411323821103 60.867948242369735 892.1852774440125
60649 82249.00032 1.8100297713479572 64.37086707684364 891.8909930331075
60649 82309.00032 1.8591459769779182 67.8742832757985 891.5693503265513
60649 82369.00032 1.901303839119562 71.37820084420972 891.2215579189296
60649 82429.00032 1.9363432905450262 74.88261993608816 890.8489268457676
60649 82489.00032 1.964130755458081 78.38753712778279 890.4528628206909
60649 82549.00032 1.9845596924623974 81.89294572200822 890.0348579943161
60649 82609.00032 1.9975510270264423 85.3988360778184 889.5964829915735
60649 82669.00032 2.0030534712979193 88.9051959633546 889.1393798054078
60649 82729.00032 2.001043732045089 92.41201092878106 888.6652558302545
60649 82789.00032 1.9915266099644973 95.91926469650112 888.175879006876
