CIC_AEM_VERS = 1.0
CREATION_DATE = 2024-12-05T10:40:45.736Z
ORIGINATOR = CS Group

META_START
OBJECT_NAME = BLUE1
OBJECT_ID = BLUE1
CENTER_NAME = null
REF_FRAME_A = EME2000
REF_FRAME_B = SC_BODY_1
ATTITUDE_DIR = A2B
TIME_SYSTEM = UTC
START_TIME = 2024-12-05T10:36:49.00032
STOP_TIME = 2024-12-05T23:00:00.0
ATTITUDE_TYPE = QUATERNION
QUATERNION_TYPE = LAST
META_STOP

60649 38209.00032 -0.01744642593109006 4.5685083246431283E-4 -0.07844715124420863 -0.9967654979839622
60649 38269.00032 -0.017423748915802693 9.89468177884439E-4 -0.10885003035718929 -0.9939049777607933
60649 38329.00032 -0.017384633348819793 0.0015211656828131958 -0.13915038179158418 -0.9901174838500474
60649 38389.00032 -0.017329113903581005 0.0020515057096423526 -0.16932295963585697 -0.9854061236240589
60649 38449.00032 -0.017257248250722158 0.0025799716616355076 -0.1993380896037536 -0.979775411592965
60649 38509.00032 -0.017169108526932583 0.0031060781958840273 -0.2291679570583078 -0.97323050786972
60649 38569.00032 -0.017064782639754764 0.003629342720361858 -0.25878498680727813 -0.9657773820441401
60649 38629.00032 -0.016944374293956784 0.0041492843195699925 -0.28816178863245606 -0.9574228194437218
60649 38689.00032 -0.016808002958278372 0.004665423983506396 -0.3172711781338477 -0.948174416645571
60649 38749.00032 -0.016655803811335468 0.005177284854947663 -0.3460861989755475 -0.9380405763076494
60649 38809.00032 -0.01648792758327296 0.005684392503535632 -0.37458014519648286 -0.9270305015210968
60649 38869.00032 -0.016304540222910512 0.006186275269071232 -0.4027265835222293 -0.915154189681131
60649 38929.00032 -0.016105822360311498 0.006682464716171854 -0.43049937570067237 -0.902422425847644
60649 38989.00032 -0.01589196858913653 0.007172496225143515 -0.4578727008737823 -0.8888467755619132
60649 39049.00032 -0.0156631866463003 0.0076559097139636 -0.48482107797202867 -0.8744395770918508
60649 39109.00032 -0.015419696602853614 0.008132250451451549 -0.5113193880950914 -0.8592139330907828
60649 39169.00032 -0.015161730188635652 0.008601069892153259 -0.5373428968322835 -0.8431837016678436
60649 39229.00032 -0.014889530350707275 0.009061926448689674 -0.5628672764825177 -0.8263634868749506
60649 39289.00032 -0.014603351097224474 0.009514386123121497 -0.5878686281525767 -0.8087686286123114
60649 39349.00032 -0.014303457616774581 0.009958022945316815 -0.6123235037373557 -0.7904151919403082
60649 39409.00032 -0.013990126604468748 0.010392419207174847 -0.6362089278055976 -0.7713199557648338
60649 39469.00032 -0.013663646685481456 0.010817165525993927 -0.6595024194213484 -0.7515004008426246
60649 39529.00032 -0.013324318814183535 0.011231860805788049 -0.6821820139202887 -0.7309746970413111
60649 39589.00032 -0.012972456544413612 0.011636112181690285 -0.7042262846334699 -0.709761689791607
60649 39649.00032 -0.012608386107218861 0.012029535024993657 -0.7256143645158382 -0.687880885688162
60649 39709.00032 -0.012232446283670055 0.012411753057491341 -0.7463259676038015 -0.6653524372272234
60649 39769.00032 -0.01184498810680455 0.012782398583137415 -0.7663414102054781 -0.6421971267044806
60649 39829.00032 -0.011446374455286398 0.013141112806462796 -0.7856416317252838 -0.6184363493247068
60649 39889.00032 -0.011036979605038853 0.013487546184486781 -0.8042082150415086 -0.59409209558693
60649 39949.00032 -0.01061718878507919 0.013821358761366441 -0.8220234063862849 -0.5691869329995027
60649 40009.00032 -0.01018739774892623 0.014142220463938704 -0.8390701347110301 -0.543743987151553
60649 40069.00032 -0.009748012336858874 0.014449811383579685 -0.8553320305468647 -0.5177869221282405
60649 40129.00032 -0.009299447980985722 0.014743822119663791 -0.8707934443793099 -0.4913399202207882
60649 40189.00032 -0.008842129104296843 0.015023954293206982 -0.8854394645477822 -0.4644276608597248
60649 40249.00032 -0.008376488388844928 0.015289921339240916 -0.8992559346554017 -0.43707529870120937
60649 40309.00032 -0.007902965930543057 0.015541449644496582 -0.9122294704428341 -0.4093084408218756
60649 40369.00032 -0.007422008345495358 0.01577828001651939 -0.9243474760512377 -0.3811531230221607
60649 40429.00032 -0.006934067929024301 0.0160001693676386 -0.9355981595837566 -0.3526357852879513
60649 40489.00032 -0.006439601979487283 0.01620689239823201 -0.9459705478770227 -0.3237832465004689
60649 40549.00032 -0.0059390723772822715 0.016398242997875817 -0.9554545004120665 -0.29462267850287516
60649 40609.00032 -0.005432945457411673 0.016574035075102703 -0.9640407223215485 -0.26518157962183814
60649 40669.00032 -0.004921692143561387 0.016734102589267955 -0.9717207764769152 -0.2354877477069174
60649 40729.00032 -0.004405788241476583 0.01687829868688103 -0.9784870946553649 -0.2055692527016399
60649 40789.00032 -0.003885714739600343 0.017006494017154514 -0.9843329877868414 -0.17545440871302367
60649 40849.00032 -0.003361957951267021 0.01711857448094257 -0.9892526552652972 -0.14517174551900056
60649 40909.00032 -0.0028350093616371116 0.017214438811422754 -0.9932411932825763 -0.11474997945503587
60649 40969.00032 -0.0023053651088128123 0.017293996456140062 -0.9962946021168078 -0.08421798365670931
60649 41029.00032 -0.0017735251160939467 0.017357166205309887 -0.9984097922909976 -0.05360475769398603
60649 41089.00032 -0.0012399919784153363 0.017403875888928895 -0.9995845895185065 -0.02293939670207391
60649 41149.00032 -7.052697673749388E-4 0.017434063266892525 -0.9998177383724014 0.007748939827980003
60649 41209.00032 -1.6986293879380358E-4 0.017447678002768034 -0.9991089046505525 0.03843105940339072
60649 41269.00032 3.6572450161648186E-4 0.017444684394036073 -0.9974586764485746 0.06907776783770035
60649 41329.00032 9.009894880207117E-4 0.01742506437848868 -0.9948685639869315 0.09965990036082106
60649 41389.00032 0.001435430044598744 0.01738882028320041 -0.991340998257381 0.13014835244368253
60649 41449.00032 0.0019685451897096195 0.01733597684152186 -0.9868793285527068 0.16051411032100893
60649 41509.00032 0.002499834749425054 0.017266582161269677 -0.9814878189240508 0.19072828125478258
60649 41569.00032 0.003028799253569874 0.01718070754707778 -0.9751716435792795 0.22076212361306446
60649 41629.00032 0.00355494005680548 0.01707844631089259 -0.9679368812042438 0.25058707683637654
60649 41689.00032 0.004077759757598637 0.01695991189417059 -0.9597905081669283 0.2801747913295748
60649 41749.00032 0.004596762899673811 0.016825235731774094 -0.9507403905591373 0.30949715826300167
60649 41809.00032 0.005111456859642382 0.016674565290149792 -0.9407952750433238 0.3385263392076211
60649 41869.00032 0.00562135277474308 0.016508062616015874 -0.9299647784993352 0.36723479548148746
60649 41929.00032 0.006125966360716436 0.016325903565138376 -0.9182593764990113 0.3955953170609784
60649 41989.00032 0.006624818512925044 0.016128277688488398 -0.9056903906665287 0.4235810509132632
60649 42049.00032 -0.007117435661001188 -0.015915388584097655 0.8922699750014381 -0.4511655286330747
60649 42109.00032 -0.007603349935112136 -0.015687454418114873 0.8780111012454503 -0.4783226933079752
60649 42169.00032 -0.00808209927309127 -0.015444708300614788 0.8629275433648772 -0.505026925578337
60649 42229.00032 -0.008553227629133705 -0.01518739827007087 0.8470338612026554 -0.5312530688918708
60649 42289.00032 -0.009016285424540419 -0.01491578677231829 0.830345383334703 -0.5569764539698704
60649 42349.00032 -0.009470830312256689 -0.014630149677052428 0.8128781891513891 -0.5821729225029123
60649 42409.00032 -0.00991642822753001 -0.014330775014186586 0.794649090180579 -0.6068188500812075
60649 42469.00032 -0.010352654594866768 -0.014017961696927973 0.7756756106745761 -0.6308911683462737
60649 42529.00032 -0.010779095486992945 -0.013692018507216982 0.7559759674968097 -0.6543673863335052
60649 42589.00032 -0.011195348508946717 -0.013353263551900836 0.7355690493604582 -0.6772256109652297
60649 42649.00032 -0.011601023220633175 -0.013002024274400156 0.7144743954856221 -0.6994445666530387
60649 42709.00032 -0.011995741008063514 -0.012638637960537876 0.6927121737498723 -0.7210036139763079
60649 42769.00032 -0.012379134444911713 -0.012263452547334663 0.6703031584085529 -0.7418827674164783
60649 42829.00032 -0.01275084631918427 -0.011876827463177371 0.6472687074554595 -0.7620627121415227
60649 42889.00032 -0.013110528599696383 -0.01147913421628794 0.6236307396848598 -0.7815248198474541
60649 42949.00032 -0.013457841655802086 -0.011070756506979881 0.5994117115040257 -0.8002511636730965
60649 43009.00032 -0.013792454008217507 -0.010652089751083983 0.5746345935336221 -0.8182245322103311
60649 43069.00032 -0.014114042784152854 -0.010223540037682026 0.5493228470223609 -0.8354284426356532
60649 43129.00032 -0.014422294899276492 -0.009785522669789675 0.5235004000927702 -0.851847152990856
60649 43189.00032 -0.014716908827278956 -0.009338460521999091 0.4971916238263834 -0.8674656736416334
60649 43249.00032 -0.014997596683319594 -0.008882782476054335 0.47042130819020433 -0.8822697779419991
60649 43309.00032 -0.015264086272474097 -0.008418922161127928 0.4432146378039574 -0.8962460121284882
60649 43369.00032 -0.015516122756243578 -0.007947317142636108 0.41559716755061976 -0.9093817044611957
60649 43429.00032 -0.015753469668362826 -0.007468408595276631 0.3875947980439101 -0.9216649736188104
60649 43489.00032 -0.01597590914650148 -0.006982641390361096 0.3592337509848656 -0.9330847363447223
60649 43549.00032 -0.016183241406671992 -0.0064904644491734585 0.33054054446361397 -0.9436307143340052
60649 43609.00032 -0.016375283634927986 -0.005992331178657773 0.30154196828549334 -0.953293440350573
60649 43669.00032 -0.016551868573154518 -0.005488699816693382 0.2722650594173224 -0.9620642635715876
60649 43729.00032 -0.0167128431115146 -0.004980033563053393 0.24273707765155583 -0.9699353541726496
60649 43789.00032 -0.01685806716529666 -0.004466800441875429 0.2129854815697015 -0.9768997071889136
60649 43849.00032 -0.01698741302141897 -0.0039494729118995375 0.18303790485138727 -0.9829511457087643
60649 43909.00032 -0.017100765215605426 -0.0034285272941294836 0.15292213292766504 -0.9880843234716801
60649 43969.00032 -0.017198020877049216 -0.002904443112102347 0.12266607992509587 -0.9922947269455437
60649 44029.00032 -0.01727909038265845 -0.0023777024358059133 0.09229776580467754 -0.9955786769483062
60649 44089.00032 -0.017343898117609467 -0.0018487892929814173 0.061845293575924186 -0.9979333298566312
60649 44149.00032 -0.017392383148872554 -0.0013181891731466682 0.03133682646929104 -0.9993566784149392
60649 44209.00032 -0.017424499675142178 -7.863886135164838E-4 8.00564978103702E-4 -0.9998475521296911
60649 44269.00032 -0.017440217200537112 -2.5387483262057363E-4 -0.02973527627786197 -0.9994056172126744
60649 44329.00032 -0.01743952046557763 2.78864628897949E-4 -0.060242491916509044 -0.9980313760238897
60649 44389.00032 -0.0174224092333834 8.113423009460485E-4 -0.09069291003253671 -0.9957261658960285
60649 44449.00032 -0.01738889802527641 0.0013430716026619502 -0.12105843920386727 -0.9924921544685682
60649 44509.00032 -0.01733901267757834 0.0018735966810450677 -0.15131276807591273 -0.9883320770328405
60649 44569.00032 -0.017272797858479832 0.0024024070238422915 -0.18142649502051955 -0.983249869463099
60649 44629.00032 -0.017190312667627286 0.0029290150185647197 -0.21137156027512854 -0.9772502123449592
60649 44689.00032 -0.01709163213557426 0.0034529344276397356 -0.24112002250612585 -0.9703386460929122
60649 44749.00032 -0.01697684652099669 0.003973685602723027 -0.27064436410324094 -0.9625214931024063
60649 44809.00032 -0.016846062057099844 0.004490791467306356 -0.29991727417797165 -0.9538058878172334
60649 44869.00032 -0.01669940114518152 0.005003777485507972 -0.32891165926481164 -0.9441997736771262
60649 44929.00032 -0.01653700233430636 0.005512171845081828 -0.3576006647356363 -0.9337118978014453
60649 44989.00032 -0.016359020118325625 0.006015505706238944 -0.385957697096315 -0.9223518050093334
60649 45049.00032 -0.016165624604330783 0.006513313509859768 -0.4139564464626738 -0.9101298312659956
60649 45109.00032 -0.015957001127484497 0.007005133329142075 -0.4415709090761356 -0.8970570965550262
60649 45169.00032 -0.015733349883223238 0.007490507236870505 -0.46877540977821464 -0.8831454971804212
60649 45229.00032 -0.015494885620698054 0.007968981660032307 -0.49554462438255614 -0.8684076975110567
60649 45289.00032 -0.015241837400844433 0.008440107706567548 -0.5218536019081712 -0.8528571211815117
60649 45349.00032 -0.014974448382529832 0.008903441471997923 -0.5476777866670548 -0.8365079417537348
60649 45409.00032 -0.014692975574290643 0.009358544358728316 -0.5729930402246632 -0.819375072827064
60649 45469.00032 -0.01439768948610951 0.009804983458484223 -0.597775663263788 -0.8014741575661556
60649 45529.00032 -0.014088873637091319 0.010242332050710016 -0.6220024173784365 -0.7828215576037635
60649 45589.00032 -0.013766823914631902 0.01067017025320291 -0.6456505468059024 -0.763434341273243
60649 45649.00032 -0.013431847826778611 0.01108808582816206 -0.6686978000789768 -0.7433302711353563
60649 45709.00032 -0.013084263727809589 0.011495675105292218 -0.6911224515559325 -0.7225277907817058
60649 45769.00032 -0.01272440011558848 0.01189254394532567 -0.7129033227715631 -0.7010460109161677
60649 45829.00032 -0.012352595091699715 0.012278308644205142 -0.734019803551993 -0.6789046947288195
60649 45889.00032 -0.011969196043075878 0.01265259667858855 -0.7544518728487392 -0.6561242425778835
60649 45949.00032 -0.011574559555344421 0.013015047219265082 -0.7741801192676924 -0.6327256759826029
60649 46009.00032 -0.011169051516665 0.013365311385015259 -0.7931857612870482 -0.6087306209082023
60649 46069.00032 -0.010753047330316349 0.013703052263688821 -0.8114506671674964 -0.5841612903002009
60649 46129.00032 -0.010326932135271262 0.014027944775025296 -0.828957374552802 -0.5590404658095761
60649 46189.00032 -0.009891100940584483 0.014339675477543326 -0.8456891097397823 -0.5333914786504528
60649 46249.00032 -0.009445958608242794 0.014637942421728018 -0.8616298065691897 -0.5072381895511913
60649 46309.00032 -0.008991919660550591 0.01492245512404125 -0.8767641248620905 -0.48060496779444745
60649 46369.00032 -0.008529407929385089 0.015192934689794824 -0.891077468308188 -0.4535166693842202
60649 46429.00032 -0.008058856093814947 0.015449114062739966 -0.9045560017103821 -0.42599861441425235
60649 46489.00032 -0.007580705162287001 0.015690738342134115 -0.9171866675037416 -0.39807656373228284
60649 46549.00032 -0.007095403945196212 0.01591756509733796 -0.9289572014930362 -0.3697766949909812
60649 46609.00032 -0.006603408539246857 0.01612936463083687 -0.9398561477824074 -0.3411255781495765
60649 46669.00032 -0.006105181817201398 0.01632592018767578 -0.9498728728942081 -0.31215015044799865
60649 46729.00032 -0.005601192896874516 0.01650702816765601 -0.9589975790841433 -0.28287769083113734
60649 46789.00032 -0.005091916559916007 0.01667249844546273 -0.9672213168537744 -0.25333579376981724
60649 46849.00032 -0.004577832606237206 0.01682215492267311 -0.9745359966424161 -0.22355234241796612
60649 46909.00032 -0.004059425158952154 0.01695583641073131 -0.9809343996557683 -0.1935554810667183
60649 46969.00032 -0.0035371819667626846 0.01707339787393124 -0.9864101877676618 -0.16337358690112277
60649 47029.00032 -0.003011593772831896 0.01717471195879835 -0.9909579124221566 -0.13303524112054332
60649 47089.00032 -0.0024831538205190686 0.01725967062569698 -0.9945730224694163 -0.10256919953400313
60649 47149.00032 -0.0019523575421456802 0.017328186611054727 -0.9972518708886171 -0.07200436277027306
60649 47209.00032 -0.0014197024308959117 0.017380194413439153 -0.9989917203776594 -0.04136974624098308
60649 47269.00032 -8.856880397177374E-4 0.01741565053260244 -0.9997907478133653 -0.010694449963159216
60649 47329.00032 -3.508160014096663E-4 0.017434532799462 -0.9996480475986615 0.019992371704773765
60649 47389.00032 1.844100621918658E-4 0.017436838799599085 -0.9985636339103887 0.050661540415634206
60649 47449.00032 7.194848652614335E-4 0.017422583579584646 -0.9965384418440654 0.08128388431874645
60649 47509.00032 0.001253902094640424 0.017391796991564682 -0.9935743274268376 0.11183026873458107
60649 47569.00032 0.001787155361116563 0.01734452113560899 -0.98967406644703 0.14227162705364407
60649 47629.00032 0.0023187393838020915 0.01728080837186796 -0.9848413520381217 0.17257899184260292
60649 47689.00032 0.0028481512543129133 0.017200720286310887 -0.9790807909629803 0.20272352607275135
60649 47749.00032 0.003374891589787064 0.01710432781909692 -0.9723978985712468 0.23267655432130924
60649 47809.00032 0.0038984653936019404 0.01699171253903231 -0.964799092442918 0.2624095937535206
60649 47869.00032 0.0044183825009453635 0.016862968819969522 -0.956291684773841 0.2918943846857299
60649 47929.00032 0.004934157580676004 0.01671820649606686 -0.9468838735921057 0.32110292055933287
60649 47989.00032 0.005445309771947001 0.016557553482740565 -0.9365847329087671 0.35000747721494063
60649 48049.00032 0.005951362125867185 0.016381157868745833 -0.9254042018980962 0.3785806414293704
60649 48109.00032 0.006451841073899798 0.01618918910666923 -0.9133530731745516 0.4067953387459446
60649 48169.00032 0.006946276140625564 0.01598183812478663 -0.9004429801949845 0.4346248606735538
60649 48229.00032 -0.007434200058470761 -0.0157593164066058 0.886686383776892 -0.4620428913429415
60649 48289.00032 -0.007915149340824476 -0.015521854284049199 0.8720965576990977 -0.4890235336871649
60649 48349.00032 -0.008388665254195118 -0.015269698821948167 0.8566875733463313 -0.5155413351683011
60649 48409.00032 -0.008854295030772102 -0.015003111709000212 0.8404742833761062 -0.5415713130160941
60649 48469.00032 -0.00931159310720817 -0.014722367510945461 0.8234723044187089 -0.5670889788948641
60649 48529.00032 -0.009760122179161394 -0.014427752506339184 0.8056979988601786 -0.5920703628838108
60649 48589.00032 -0.010199453923472164 -0.014119564152169091 0.7871684557919136 -0.6164920366509123
60649 48649.00032 -0.010629169343641238 -0.013798111061006601 0.7679014712304734 -0.6403311357198609
60649 48709.00032 -0.011048858810359804 -0.013463713254042784 0.7479155277129922 -0.6635653807653004
60649 48769.00032 -0.011458121963959133 -0.013116702411150299 0.7272297733582417 -0.6861730979135198
60649 48829.00032 -0.011856567691649366 -0.012757421875355876 0.7058640004577093 -0.7081332380615293
60649 48889.00032 -0.012243814374393529 -0.012386226269195118 0.6838386236332394 -0.729425395250104
60649 48949.00032 -0.0126194905190417 -0.012003480712998267 0.6611746575769316 -0.7500298241322405
60649 49009.00032 -0.012983235771297194 -0.011609559762094209 0.6378936943796777 -0.7699274565708666
60649 49069.00032 -0.013334702176894456 -0.011204846266768351 0.6140178804594635 -0.7890999173831281
60649 49129.00032 -0.013673555458454898 -0.010789730383659307 0.5895698931149665 -0.807529539231711
60649 49189.00032 -0.013999476033958139 -0.010364608926049472 0.5645729167493009 -0.825199376651347
60649 49249.00032 -0.014312159535009288 -0.009929885147133829 0.5390506188261438 -0.8420932191946213
60649 49309.00032 -0.014611316685039856 -0.009485968932238282 0.5130271256301646 -0.8581956036858948
60649 49369.00032 -0.014896672546162922 -0.00903327726605198 0.4865269979045757 -0.8734918255821562
60649 49429.00032 -0.015167965302111053 -0.008572234768595472 0.45957520642996397 -0.8879679494522998
60649 49489.00032 -0.015424944872788834 -0.008103274077011809 0.4321971075939776 -0.9016108185976386
60649 49549.00032 -0.01566737171911448 -0.007626835891877149 0.4044184189844917 -0.9144080638444619
60649 49609.00032 -0.015895016176091837 -0.007143368593563917 0.37626519502304007 -0.9263481115434801
60649 49669.00032 -0.0161076585491827 -0.006653327441859896 0.34776380264227874 -0.937420190811888
60649 49729.00032 -0.016305090046355532 -0.006157173471825516 0.31894089700162254 -0.947614340052544
60649 49789.00032 -0.016487114433220925 -0.005655372265557598 0.28982339722967015 -0.9569214127818735
60649 49849.00032 -0.01665355013498086 -0.005148392797879126 0.26043846217822103 -0.9653330827946092
60649 49909.00032 -0.016804232405214937 -0.004636706522313019 0.23081346617329898 -0.9728418486881435
60649 49969.00032 -0.016939015162169484 -0.004120786793436057 0.20097597475262957 -0.9794410377627483
60649 50029.00032 -0.017057772162263226 -0.003601108633634456 0.17095372038906795 -0.9851248093062145
60649 50089.00032 -0.017160397320992966 -0.0030781487703439732 0.14077457821523592 -0.9898881572643728
60649 50149.00032 -0.017246804169721408 -0.002552385814588983 0.11046654178447823 -0.9937269122947022
60649 50209.00032 -0.017316924611261598 -0.0020243004349075216 0.08005769892463306 -0.9966377432009336
60649 50269.00032 -0.017370707268225448 -0.0014943754031174123 0.04957620775651926 -0.9986181577538227
60649 50329.00032 -0.017408115777928123 -9.63095439896257E-4 0.019050272954097943 -0.9996665029161527
60649 50389.00032 -0.01742912736636369 -4.309468518032017E-4 -0.011491877687630239 -0.9997819645058968
60649 50449.00032 -0.017433731941110895 1.0158299160860236E-4 -0.042022016339737525 -0.9989645663456959
60649 50509.00032 -0.017421931805071577 6.340062566921384E-4 -0.07251193788771365 -0.9972151689540298
60649 50569.00032 -0.01739374194492192 0.001165835231172451 -0.10293348242007111 -0.9945354678271882
60649 50629.00032 -0.017349190724542433 0.0016965828365939793 -0.13325855804626838 -0.9909279912765162
60649 50689.00032 -0.01728832037253772 0.002225765843100863 -0.16345932405247965 -0.986396071223631
60649 50749.00032 -0.017211188985026972 0.0027528949587903766 -0.1935076308075031 -0.9809439297749565
60649 50809.00032 -0.01711786974784836 0.0032774876471902688 -0.22337575961672684 -0.9745765781228628
60649 50869.00032 -0.01700845142309347 0.0037990632600064687 -0.25303615193611206 -0.9672998426092602
60649 50929.00032 -0.016883038322293237 0.004317142580060011 -0.28246138729838 -0.959120373041062
60649 50989.00032 -0.016741749732378117 0.004831248968109886 -0.31162424735171995 -0.9500456311734614
60649 51049.00032 -0.0165847193323897 0.005340908872480065 -0.34049773896106816 -0.9400838853737905
60649 51109.00032 -0.016412094671174462 0.005845652373418788 -0.36905511704711136 -0.9292442047589947
60649 51169.00032 -0.01622403683230821 0.006345013704875607 -0.3972699072563092 -0.9175364528009294
60649 51229.00032 -0.016020720345656995 0.006838531696176455 -0.4251159284200041 -0.9049712804323928
60649 51289.00032 -0.015802333328609693 0.007325750097621463 -0.4525673147970672 -0.8915601186819938
60649 51349.00032 -0.015569077776076513 0.007806217787415436 -0.4795985381377942 -0.8773151708463434
60649 51409.00032 -0.015321169882978212 0.008279488891519759 -0.5061844296351553 -0.8622494041819018
60649 51469.00032 -0.015058840282883268 0.008745122872084376 -0.532300201836361 -0.8463765410739219
60649 51529.00032 -0.014782334117929789 0.009202684646594145 -0.5579214705707581 -0.8297110496247979
60649 51589.00032 -0.014491910905904558 0.00965174478716782 -0.5830242769167672 -0.8122681336027775
60649 51649.00032 -0.014187844223720549 0.010091879822270416 -0.6075851091904065 -0.794063721705014
60649 51709.00032 -0.013870421266711662 0.010522672630918687 -0.6315809249035419 -0.7751144561112074
60649 51769.00032 -0.013539942359705818 0.010943712893381726 -0.6549891726202515 -0.7554376803279285
60649 51829.00032 -0.013196720486348365 0.011354597551476796 -0.6777878136383343 -0.7350514263411886
60649 51889.00032 -0.012841080873411079 0.011754931239834539 -0.6999553434383146 -0.7139744010997177
60649 51949.00032 -0.012473360628510404 0.012144326674388667 -0.7214708128666875 -0.6922259723426578
60649 52009.00032 -0.012093908396355924 0.012522405017355192 -0.7423138490440336 -0.6698261537665676
60649 52069.00032 -0.011703083981543195 0.012888796267315225 -0.7624646760033289 -0.646795589505092
60649 52129.00032 -0.011301257890372873 0.013243139737362186 -0.7819041350645457 -0.623155537878752
60649 52189.00032 -0.010888810768343532 0.013585084676514952 -0.8006137049387726 -0.5989278543686167
60649 52249.00032 -0.010466132745541713 0.013914291059458506 -0.8185755215336241 -0.5741349737784841
60649 52309.00032 -0.01003362273722813 0.014230430524235721 -0.8357723974098744 -0.5487998915721585
60649 52369.00032 -0.00959168776984476 0.014533187389408472 -0.8521878408242088 -0.5229461443986397
60649 52429.00032 -0.00914074240567885 0.014822259645992493 -0.8678060742901191 -0.496597789838449
60649 52489.00032 -0.008681208321056606 0.015097359807154936 -0.8826120525977581 -0.46977938541203773
60649 52549.00032 -0.008213514058353652 0.015358215515861785 -0.8965914802498505 -0.4425159668829628
60649 52609.00032 -0.007738094931341171 0.015604569854500795 -0.9097308282877664 -0.41483302586624404
60649 52669.00032 -0.007255393028206568 0.01583618136004395 -0.9220173504915257 -0.38675648672585333
60649 52729.00032 -0.006765857236713466 0.016052823807562313 -0.9334390989365069 -0.3583126827231462
60649 52789.00032 -0.006269943216266515 0.016254285867380928 -0.9439849388763029 -0.3295283313733569
60649 52849.00032 -0.00576811326061502 0.016440370755012545 -0.9536445629016337 -0.3004305089816988
60649 52909.00032 -0.005260836025618268 0.01661089597469559 -0.9624085043052588 -0.27104662436589066
60649 52969.00032 -0.004748586128779329 0.016765693213139376 -0.9702681495710522 -0.2414043918176027
60649 53029.00032 -0.004231843651368514 0.016904608384344346 -0.9772157499066028 -0.2115318033988227
60649 53089.00032 -0.003711093583667605 0.0170275017774435 -0.9832444317533917 -0.181457100697609
60649 53149.00032 -0.003186825248393908 0.017134248233999623 -0.9883482062328457 -0.1512087461710078
60649 53209.00032 -0.002659531721474207 0.017224737288497775 -0.9925219775126307 -0.1208153941796394
60649 53269.00032 -0.002129709251412448 0.01729887324462651 -0.9957615500972593 -0.09030586177471675
60649 53329.00032 -0.0015978566673770709 0.017356575218039738 -0.998063635054262 -0.059709099248304955
60649 53389.00032 -0.0010644747676665707 0.017397777233422822 -0.9994258551805156 -0.029054160416371037
60649 53449.00032 -5.300656948817734E-4 0.01742242849756241 -0.9998467490961852 0.0016298274130638884
60649 53509.00032 4.867673586452608E-6 0.017430493963383215 -0.9993257742338512 0.032313693821848226
60649 53569.00032 5.398222711041885E-4 0.01742195524619874 -0.9978633086763712 0.06296825600856533
60649 53629.00032 0.0010742952677710396 0.017396811860599822 -0.9954606517956938 0.09356434979871907
60649 53689.00032 0.0016077843351095294 0.017355082635825542 -0.9921200236583705 0.1240728608211714
60649 53749.00032 0.002139787743728855 0.017296807069084562 -0.9878445631885352 0.15446475569682153
60649 53809.00032 0.002669804339485414 0.017222046320853893 -0.9826383251077772 0.18471111307848748
60649 53869.00032 0.0031973334964562937 0.017130883566413343 -0.9765062756938174 0.21478315440773427
60649 53929.00032 0.0037218751821864854 0.017023423501273616 -0.9694542874081672 0.2446522743065088
60649 53989.00032 0.004242930276772946 0.01689979094340708 -0.9614891324335654 0.2742900705838354
60649 54049.00032 0.004760001253988434 0.016760128653525566 -0.9526184751380451 0.3036683738904088
60649 54109.00032 0.005272593262101132 0.01660459466604514 -0.9428508634521527 0.3327592770814944
60649 54169.00032 0.00578021554795248 0.016433359546207046 -0.93219571912106 0.36153516434036426
60649 54229.00032 0.006282383072698828 0.016246604030469382 -0.9206633267844235 0.38996874007366655
60649 54289.00032 0.0067786180970861466 0.016044517452957485 -0.9082648218501568 0.41803305752762965
60649 54349.00032 0.007268451490113431 0.01582729721807072 -0.8950121771626878 0.44570154700899606
60649 54409.00032 -0.007751423548923067 -0.015595149377285723 0.8809181885144857 -0.47294804354518977
60649 54469.00032 -0.008227084206716676 -0.015348290150628592 0.8659964590979308 -0.49974681380150254
60649 54529.00032 -0.008694992631414359 -0.015086948048558943 0.8502613830302189 -0.5260725820922992
60649 54589.00032 -0.009154716351589137 -0.014811366139191439 0.8337281280956026 -0.5519005553755268
60649 54649.00032 -0.009605830154812417 -0.014521803992718244 0.8164126178337611 -0.5772064471899625
60649 54709.00032 -0.01004791505855758 -0.014218538920421452 0.7983315130641957 -0.6019665005650864
60649 54769.00032 -0.01048055763935849 -0.013901866287649656 0.7795021928855964 -0.6261575099859739
60649 54829.00032 -0.010903349923497315 -0.013572098879202089 0.7599427351406337 -0.6497568425183621
60649 54889.00032 -0.011315889911243479 -0.01322956548505216 0.7396718963039902 -0.6727424581893522
60649 54949.00032 -0.011717782658878038 -0.01287460901187506 0.7187090907438902 -0.6950929296823852
60649 55009.00032 -0.012108641715707793 -0.012507584483495584 0.697074369325592 -0.7167874613548406
60649 55069.00032 -0.012488090639448361 -0.012128857263940968 0.6747883973634257 -0.7378059075375796
60649 55129.00032 -0.012855764311625884 -0.011738801734554119 0.6518724319740706 -0.7581287900416468
60649 55189.00032 -0.013211309845035813 -0.01133780051268685 0.6283482989240334 -0.7777373147862885
60649 55249.00032 -0.01355438699862798 -0.010926244153016521 0.6042383690881643 -0.7966133874744231
60649 55309.00032 -0.013884668157969262 -0.010504531160307778 0.579565534637448 -0.8147396282712989
60649 55369.00032 -0.014201838062654557 -0.010073068089662232 0.5543531850545377 -0.8320993854791583
60649 55429.00032 -0.01450559353161779 -0.009632269524764649 0.5286251830420519 -0.8486767482344824
60649 55489.00032 -0.014795643433405399 -0.009182557795837109 0.5024058403518306 -0.864456558276984
60649 55549.00032 -0.01507170907111732 -0.008724362402143181 0.4757198935342439 -0.8794244208470217
60649 55609.00032 -0.015333525021101089 -0.008258119207343099 0.4485924795915012 -0.8935667147625481
60649 55669.00032 -0.015580840315855864 -0.007784269550443695 0.42104911152186764 -0.906870601711878
60649 55729.00032 -0.01581341973611169 -0.007303259441173666 0.3931156537572342 -0.9193240347825172
60649 55789.00032 -0.016031044910671824 -0.006815538981871441 0.36481829751953637 -0.9309157662336618
60649 55849.00032 -0.016233514936431853 -0.006321562089084588 0.33618353614335306 -0.9416353545145346
60649 55909.00032 -0.016420646325241574 -0.005821786499135332 0.30723814042477704 -0.9514731705332236
60649 55969.00032 -0.016592272237728058 -0.005316673959669505 0.2780091340583685 -0.9604204031881621
60649 56029.00032 -0.016748241139341837 -0.004806690457277196 0.24852376921342442 -0.9684690641840549
60649 56089.00032 -0.01688841516633266 -0.004292306323653283 0.21880950228234022 -0.9756119921621239
60649 56149.00032 -0.017012668579226366 -0.0037739961002495274 0.18889396981271947 -0.981842856178951
60649 56209.00032 -0.017120886683639605 -0.0032522381118451423 0.1588049646151619 -0.9871561585686466
60649 56269.00032 -0.017212965509362067 -0.002727513781879087 0.12857041202498629 -0.991547237220027
60649 56329.00032 -0.017288812377642654 -0.002200306792974701 0.09821834628851496 -0.9950122672957036
60649 56389.00032 -0.01734834729068923 -0.0016711022352503147 0.06777688704254697 -0.9975482624146176
60649 56449.00032 -0.01739150489259783 -0.001140385882714598 0.03727421585788893 -0.9991530753141827
60649 56509.00032 -0.017418236620878446 -6.086436963211048E-4 0.006738552821484167 -0.9998253980029423
60649 56569.00032 -0.01742851262285186 -7.636158427336925E-5 -0.023801866863161807 -0.9995647614089304
60649 56629.00032 -0.01742232306134807 4.5597462403910457E-4 -0.05431881627871245 -0.9983715345222778
60649 56689.00032 -0.017399678566441933 9.878790939963924E-4 -0.08478410026764506 -0.996246923017826
60649 56749.00032 -0.017360609771419847 0.0015188659322335433 -0.11516957957778111 -0.9931929672598984
60649 56809.00032 -0.01730516603468996 0.0020484494866894157 -0.14544720728436045 -0.9892125378180325
60649 56869.00032 -0.017233410412783944 0.0025761657694587923 -0.17559025851235885 -0.9843091150909027
60649 56929.00032 -0.017145430659303157 0.0031014849925962745 -0.2055683313851339 -0.9784876474079167
60649 56989.00032 -0.01704131886123423 0.003623947082695672 -0.23535506944356846 -0.9717532874892807
60649 57049.00032 -0.01692118394914701 0.00414306420236538 -0.2649225753493323 -0.9641123055033846
60649 57109.00032 -0.016785145242065324 0.004658359521581038 -0.29424360617646766 -0.9555716921351524
60649 57169.00032 -0.01663333424559072 0.005169358386142767 -0.32329106009229497 -0.9461392605690507
60649 57229.00032 -0.01646589504243831 0.0056755899526356 -0.35203807081483307 -0.9358236258377491
60649 57289.00032 -0.016282985140840523 0.006176587396159724 -0.3804580309306213 -0.9246341984068268
60649 57349.00032 -0.016084776289223425 0.006671887976939647 -0.4085246136541119 -0.9125811777158827
60649 57409.00032 -0.015871455022660127 0.0071610330934003255 -0.436211794558557 -0.8996755452986939
60649 57469.00032 -0.015643222804217524 0.007643568429664125 -0.46349387345577603 -0.8859290573803975
60649 57529.00032 -0.015400295740705401 0.00811904427531708 -0.4903454964495982 -0.871354236876571
60649 57589.00032 -0.015142903960458743 0.008587016043726647 -0.5167416781217754 -0.8559643647413135
60649 57649.00032 -0.014871290814762711 0.00904704495615613 -0.5426578237657563 -0.8397734706412661
60649 57709.00032 -0.01458571208926215 0.00949869880956461 -0.5680697515625565 -0.8227963229642131
60649 57769.00032 -0.014286435386001283 0.009941552720520464 -0.5929537145975511 -0.8050484181951
60649 57829.00032 -0.013973739772518375 0.01037518974307645 -0.6172864226429955 -0.7865459697024569
60649 57889.00032 -0.013647915712396826 0.010799201292664082 -0.641045063671186 -0.7673058959704095
60649 57949.00032 -0.013309265215182518 0.011213187360586374 -0.6642073251041865 -0.7473458082886328
60649 58009.00032 -0.01295810209209204 0.011616756558966712 -0.6867514148367848 -0.7266839978814003
60649 58069.00032 -0.012594752188231247 0.012009526078066135 -0.7086560820811469 -0.7053394224273134
60649 58129.00032 -0.012219553482060866 0.01239112165507086 -0.7299006380723856 -0.6833316919025142
60649 58189.00032 -0.01183285598878113 0.012761177641847136 -0.7504649766473721 -0.660681053678703
60649 58249.00032 -0.011435021460232828 0.013119337223597486 -0.7703295946743217 -0.6374083768228282
60649 58309.00032 -0.011026422922920456 0.01346525279275321 -0.7894756122777543 -0.6135351355736826
60649 58369.00032 -0.010607444124855007 0.013798586438097173 -0.8078847927818439 -0.5890833920025972
60649 58429.00032 -0.010178478965400577 0.01411901048191242 -0.8255395622901576 -0.5640757778904691
60649 58489.00032 -0.009739930962813621 0.014426207996045812 -0.8424230288298936 -0.5385354758646479
60649 58549.00032 -0.00929221278100517 0.014719873251091286 -0.8585190010090115 -0.5124861998333158
60649 58609.00032 -0.008835745802850549 0.014999712093127133 -0.87381200615635 -0.4859521747355863
60649 58669.00032 -0.008370959713786593 0.015265442285642701 -0.8882873079303023 -0.45895811560013866
60649 58729.00032 -0.007898292053637396 0.015516793885242255 -0.9019309233855095 -0.4315292058842838
60649 58789.00032 -0.007418187707263093 0.015753509726756806 -0.9147296394790577 -0.4036910750573288
60649 58849.00032 -0.006931098330131293 0.015975346072235184 -0.9266710289818686 -0.3754697754007573
60649 58909.00032 -0.006437481733597465 0.016182073433565453 -0.9377434657437216 -0.34689175802153904
60649 58969.00032 -0.005937801276170025 0.016373477522632636 -0.9479361392486307 -0.31798384810587627
60649 59029.00032 -0.005432525313717495 0.016549360232549926 -0.9572390683952935 -0.2887732194687033
60649 59089.00032 -0.004922126750974146 0.01670954052436978 -0.9656431144455738 -0.25928736846897155
60649 59149.00032 -0.0044070827121735654 0.01685385509583207 -0.9731399930983373 -0.2295540873583928
60649 59209.00032 -0.003887874317955382 0.016982158743224444 -0.9797222856612566 -0.19960143711003417
60649 59269.00032 -0.0033649865285152853 0.017094324385802714 -0.9853834493021056 -0.16945771974430832
60649 59329.00032 -0.002838907997400846 0.01719024278873894 -0.9901178263609482 -0.13915145014162625
60649 59389.00032 -0.002310130880516337 0.01726982207685773 -0.9939206526950185 -0.10871132731715234
60649 59449.00032 -0.0017791505596034176 0.017332987162018094 -0.996788065013418 -0.07816620514092809
60649 59509.00032 -0.001246465262896111 0.01737967920407569 -0.9987171071456776 -0.04754506251632028
60649 59569.00032 -7.125755895828779E-4 0.017409855191253803 -0.9997057351831491 -0.016876973074815328
60649 59629.00032 -1.7798396147078818E-4 0.01742348767237544 -0.9997528214390641 0.013808925507469497
60649 59689.00032 3.568059695426248E-4 0.017420564618672554 -0.9988581571914775 0.044483462431699684
60649 59749.00032 8.912899354728902E-4 0.017401089355114897 -0.9970224541983266 0.07511746478584008
60649 59809.00032 0.0014249636770513098 0.017365080493241276 -0.9942473449979403 0.1056817885093218
60649 59869.00032 0.001957323579311206 0.01731257182230968 -0.990535382023818 0.13614734922220204
60649 59929.00032 0.0024878673202478998 0.017243612164880778 -0.9858900355645802 0.16648515288209573
60649 59989.00032 0.0030160945253319047 0.017158265259140756 -0.9803156905886501 0.1966663262808591
60649 60049.00032 0.0035415074013235765 0.017056609771696003 -0.9738176424335031 0.226662147421391
60649 60109.00032 0.004063611301057004 0.016938739552253418 -0.9664020913398192 0.2564440758130286
60649 60169.00032 0.004581915157276862 0.01680476420565157 -0.9580761358005027 0.28598378269241226
60649 60229.00032 0.005095931728426553 0.01665480998040184 -0.9488477646994615 0.3152531811245863
60649 60289.00032 0.0056051776282069294 0.016489020873004617 -0.9387258482361072 0.3442244558827959
60649 60349.00032 0.006109173161886878 0.016307559750352172 -0.9277201276633563 0.3728700929634241
60649 60409.00032 0.006607442055387808 0.01611060922786819 -0.9158412038997817 0.40116290857853504
60649 60469.00032 0.007099511221100173 0.01589837203250756 -0.903100525099341 0.4290760774879346
60649 60529.00032 -0.0075849107379712686 -0.015671070638322612 0.8895103732662146 -0.4565831605807918
60649 60589.00032 -0.00806317421683837 -0.015428946081835482 0.8750838499850632 -0.4836581316794668
60649 60649.00032 -0.008533839668427953 -0.015172256021925578 0.859834861303113 -0.5102754035965039
60649 60709.00032 -0.008996450896483727 -0.014901272269368082 0.8437781017604666 -0.5364098535127082
60649 60769.00032 -0.009450559320276303 -0.01461627813608744 0.8269290375330915 -0.5620368477480613
60649 60829.00032 -0.009895726016543508 -0.014317566011474115 0.8093038886411685 -0.587132265967725
60649 60889.00032 -0.010331523690485227 -0.014005435545521304 0.7909196101907295 -0.611672524811404
60649 60949.00032 -0.010757538263178837 -0.013680192708710393 0.7717938726571352 -0.6356346008729156
60649 61009.00032 -0.011173369810492342 -0.013342149829016431 0.751945041275574 -0.6589960529063079
60649 61069.00032 -0.011578632701193798 -0.012991626514311095 0.7313921546603431 -0.6817350431117533
60649 61129.00032 -0.011972954937466316 -0.01262895119676774 0.7101549028156335 -0.7038303573650778
60649 61189.00032 -0.012355976865062719 -0.012254462922779496 0.688253604712573 -0.7252614242977035
60649 61249.00032 -0.012727349554218044 -0.011868512981488957 0.6657091855868362 -0.746008333196248
60649 61309.00032 -0.01308673322307586 -0.011471466021547775 0.6425431540619905 -0.7660518507574625
60649 61369.00032 -0.01343379606392773 -0.011063700432968972 0.6187775791398993 -0.7853734367864806
60649 61429.00032 -0.013768213739913977 -0.010645607936645677 0.5944350670373639 -0.803955258953106
60649 61489.00032 -0.014089669667026284 -0.01021759248846071 0.5695387378053393 -0.8217802067168051
60649 61549.00032 -0.014397856019705018 -0.009780068730492543 0.5441122016526496 -0.8388319045019503
60649 61609.00032 -0.014692475240777849 -0.009333460282879673 0.5181795349144365 -0.8550947241600227
60649 61669.00032 -0.01497324173623711 -0.00887819815799049 0.49176525564817386 -0.8705537967102676
60649 61729.00032 -0.0152398834162957 -0.008414719503728697 0.46489429889375267 -0.8851950233170187
60649 61789.00032 -0.015492142809493768 -0.007943466769922285 0.4375919916837477 -0.8990050854478501
60649 61849.00032 -0.015729777607942808 -0.007464887273025369 0.4098840279203291 -0.9119714541641161
60649 61909.00032 -0.015952560663691592 -0.006979433040630151 0.38179644323993495 -0.9240823985186807
60649 61969.00032 -0.01616027960553495 -0.006487560769927148 0.35335558996579874 -0.9353269930661949
60649 62029.00032 -0.01635273634273511 -0.0059897317402651095 0.32458811220969075 -0.9456951245194901
60649 62089.00032 -0.016529746741435525 -0.005486411571142096 0.2955209211396937 -0.9551774976042321
60649 62149.00032 -0.016691140696153395 -0.004978069793307596 0.2661811703940294 -0.9637656401693613
60649 62209.00032 -0.016836762689970062 -0.004465179276779733 0.23659623160029972 -0.9714519076046355
60649 62269.00032 -0.016966472777927948 -0.003948215612319889 0.20679366995957335 -0.9782294866030187
60649 62329.00032 -0.017080147782262866 -0.0034276565577860403 0.17680121987184602 -0.9840923982909761
60649 62389.00032 -0.017177682396084835 -0.0029039816357757948 0.14664676060628357 -0.9890355007388975
60649 62449.00032 -0.01725898988084528 -0.0023776719143809646 0.11635829204657075 -0.9930544908596736
60649 62509.00032 -0.0173240021183036 -0.0018492099377087966 0.08596391055885577 -0.9961459057059063
60649 62569.00032 -0.017372668922793284 -0.0013190797187729063 0.055491785034259195 -0.9983071231824934
60649 62629.00032 -0.01740495669880915 -7.877666820432981E-4 0.02497013314699149 -0.9995363621982888
60649 62689.00032 -0.017420846697018155 -2.557574547879612E-4 -0.0055728021515762186 -0.9998326822847224
60649 62749.00032 -0.017420333235364276 2.764605479649447E-4 -0.03610877590728798 -0.9991959827091037
60649 62809.00032 -0.017403422280654727 8.083997343616449E-4 -0.06660956423419664 -0.9976270011057846
60649 62869.00032 -0.017370130720386408 0.00133957306677481 -0.09704698723433455 -0.9951273116398195
60649 62929.00032 -0.01732048650838383 0.001869494793494575 -0.12739293188547685 -0.9916993226991497
60649 62989.00032 -0.017254529673368414 0.0023976810636064322 -0.15761937567430725 -0.9873462739805674
60649 63049.00032 -0.017172313925519544 0.0029236506696047925 -0.18769843072097592 -0.9820722290168318
60649 63109.00032 -0.01707390614318893 0.003446937054863667 -0.21760304666201763 -0.9758819162364682
60649 63169.00032 -0.01695938590283913 0.003967089627931232 -0.24730711316359777 -0.9687805908503587
60649 63229.00032 -0.016828870673440105 0.004483576739898845 -0.2767799609377008 -0.9607754887978767
60649 63289.00032 -0.016682484027938732 0.004995937355094691 -0.30599505884052003 -0.9518738147999388
60649 63349.00032 -0.016520371542803343 0.005503699195779207 -0.33492536326846695 -0.9420837476884608
60649 63409.00032 -0.016342696860280267 0.006006392372003859 -0.3635441050039413 -0.9314142597291979
60649 63469.00032 -0.016149640080838336 0.0065035495664041735 -0.39182478912849283 -0.9198751152154888
60649 63529.00032 -0.01594139584797426 0.006994706877377244 -0.4197412158830841 -0.9074768634312987
60649 63589.00032 -0.015718171567735948 0.007479404852498449 -0.4472675025233916 -0.8942308308105394
60649 63649.00032 -0.015480186067989695 0.007957189530904688 -0.4743781050769751 -0.8801491125926607
60649 63709.00032 -0.015227668872688773 0.00842761332973521 -0.501047839864595 -0.8652445640403015
60649 63769.00032 -0.014960860111485131 0.008890235655031893 -0.5272519047786147 -0.8495307912501142
60649 63829.00032 -0.014680010940116428 0.009344623193099193 -0.5529659003598574 -0.8330221415637098
60649 63889.00032 -0.014385384245083408 0.0097903499249188 -0.5781658507430689 -0.8157336935563053
60649 63949.00032 -0.01407725536761784 0.010226996980379521 -0.6028282245527226 -0.7976812465494538
60649 64009.00032 -0.013755912610270973 0.010654152490721245 -0.6269299558224012 -0.7788813095687205
60649 64069.00032 -0.013421657371436182 0.011071411595623453 -0.6504484649829206 -0.7593510896548752
60649 64129.00032 -0.013074803863454427 0.011478376716757093 -0.673361679921921 -0.7391084794430441
60649 64189.00032 -0.012715678478514706 0.011874658135028627 -0.6956480570708954 -0.718172043948033
60649 64249.00032 -0.012344618946461888 0.012259874824906451 -0.717286602435442 -0.6965610065306301
60649 64309.00032 -0.011961973462770139 0.012633655429099744 -0.7382568924605708 -0.674295234059856
60649 64369.00032 -0.011568099949596554 0.012995639219265805 -0.7585390946206568 -0.6513952213187575
60649 64429.00032 -0.011163365557396604 0.013345476892837733 -0.7781139876422095 -0.6278820747174377
60649 64489.00032 -0.010748146437917789 0.013682831100183316 -0.79696298130046 -0.6037774953721906
60649 64549.00032 -0.010322827743937255 0.01400737666693436 -0.8150681357677895 -0.5791037615853482
60649 64609.00032 -0.009887803756562525 0.01431880055328179 -0.8324121805220422 -0.5538837107246665
60649 64669.00032 -0.009443478019178355 0.014616801654045481 -0.8489785328377751 -0.5281407204646564
60649 64729.00032 -0.008990263369864429 0.014901090574020366 -0.8647513158796164 -0.5018986893275549
60649 64789.00032 -0.008528581803331728 0.015171389505591763 -0.8797153763975477 -0.4751820164553938
60649 64849.00032 -0.008058864144781762 0.015427432294132909 -0.8938563019951835 -0.44801558056054386
60649 64909.00032 -0.00758154956555713 0.01566896471513156 -0.907160437914271 -0.42042471803419096
60649 64969.00032 -0.0070970850011914345 0.015895744924494602 -0.9196149032596024 -0.39243520023134193
60649 65029.00032 -0.006605924540195305 0.01610754399871255 -0.9312076065831855 -0.3640732099851815
60649 65089.00032 -0.006108528838069707 0.01630414646718574 -0.9419272607550557 -0.33536531742249115
60649 65149.00032 -0.005605364583510258 0.016485350757979068 -0.9517633970655626 -0.30633845515131214
60649 65209.00032 -0.005096904013738286 0.01665096952317067 -0.9607063785235943 -0.2770198928732259
60649 65269.00032 -0.0045836244539968814 0.016800829865399308 -0.9687474123297126 -0.24743721144400307
60649 65329.00032 -0.004066007849158504 0.016934773534625348 -0.9758785615080763 -0.21761827637960315
60649 65389.00032 -0.0035445402639541585 0.01705265718749359 -0.9820927556763012 -0.18759121078902413
60649 65449.00032 -0.0030197113478325384 0.017154352792480496 -0.9873838009209812 -0.15738436771955117
60649 65509.00032 -0.0024920137824927654 0.01723974822383478 -0.9917463887349293 -0.12702630192095307
60649 65569.00032 -0.0019619427458855213 0.01730874802748461 -0.995176103965494 -0.09654574106838205
60649 65629.00032 -0.0014299954296727881 0.01736127428023721 -0.99766943172536 -0.06597155651668897
60649 65689.00032 -8.96670636227134E-4 0.01739726741840474 -0.9992237632276427 -0.0353327336804053
60649 65749.00032 -3.6246845977359925E-4 0.017416686897501185 -0.9998374005220407 -0.0046583421362522805
60649 65809.00032 1.7210996851256189E-4 0.01741951156602857 -0.9995095601225706 0.026022494471997608
60649 65869.00032 7.065627114179413E-4 0.01740573968828293 -0.9982403755246867 0.05668062867833348
60649 65929.00032 0.0012403872808037688 0.017375388619322626 -0.9960308986075865 0.08728691957381023
60649 65989.00032 0.0017730809594118276 0.01732849420087892 -0.9928830999075566 0.11781226332857905
60649 66049.00032 0.002304141214625618 0.01726510999221122 -0.9887998677351524 0.14822762386668994
60649 66109.00032 0.002833066207031315 0.0171853064632925 -0.9837850060996214 0.17850406368258737
60649 66169.00032 0.0033593553768316584 0.017089170257631816 -0.977843231404268 0.20861277474837714
60649 66229.00032 0.003882510080424802 0.01697680358707216 -0.9709801678893107 0.23852510941426538
60649 66289.00032 0.004402034250368858 0.016848323767021885 -0.9632023418222587 0.26821261116662076
60649 66349.00032 0.0049174350622243086 0.016703862856058876 -0.954517174463751 0.2976470450917194
60649 66409.00032 0.00542822360502992 0.016543567343380288 -0.9449329738607503 0.32680042790474945
60649 66469.00032 0.005933915560411374 0.01636759783743742 -0.9344589255309758 0.35564505744161273
60649 66529.00032 0.0064340318921115875 0.016176128744929748 -0.9231050820984462 0.38415354156438486
60649 66589.00032 0.006928099531195561 0.015969347977249127 -0.9108823519213421 0.41229882648427657
60649 66649.00032 0.007415652016511471 0.01574745676228336 -0.8978024867271096 0.4400542245420537
60649 66709.00032 -0.007896230024855308 -0.015510669654844286 0.8838780682458679 -0.46739344149464235
60649 66769.00032 -0.008369381713036412 -0.015259214817519831 0.8691224938219496 -0.4942906033353349
60649 66829.00032 -0.008834662805509257 -0.01499333458541713 0.8535499609913075 -0.5207202826305696
60649 66889.00032 -0.00929163640141373 -0.01471328624536823 0.8371754510389687 -0.5466575243043356
60649 66949.00032 -0.009739872539808743 -0.014419342874670131 0.8200147115892545 -0.572077870758136
60649 67009.00032 -0.010178947638284417 -0.014111794022076633 0.8020842383196771 -0.5969573861956975
60649 67069.00032 -0.01060844398775735 -0.013790945996724799 0.7834012559144786 -0.6212726800337285
60649 67129.00032 -0.011027949523078824 -0.013457121570728375 0.7639836983757103 -0.6450009293206628
60649 67189.00032 -0.011437058077718594 -0.013110658995402794 0.7438501887859332 -0.6681199001424553
60649 67249.00032 -0.011835370264401944 -0.012751910361595035 0.7230200185725678 -0.690607968051454
60649 67309.00032 -0.012222495009475183 -0.012381239472333008 0.7015131262729418 -0.7124441375937033
60649 67369.00032 -0.012598051628336118 -0.011999019507891062 0.6793500757567458 -0.733608061021226
60649 67429.00032 -0.01296167219379051 -0.011605630820865184 0.6565520338445089 -0.7540800562551891
60649 67489.00032 -0.013313003852633854 -0.011201459185574737 0.6331407472742889 -0.7738411241214107
60649 67549.00032 -0.0136517107158847 -0.010786894742506182 0.6091385190127127 -0.7928729648256037
60649 67609.00032 -0.013977474998655651 -0.010362331742194931 0.5845681839702948 -0.8111579935889176
60649 67669.00032 -0.014289997211600184 -0.00992816903447079 0.5594530842462166 -0.8286793553399958
60649 67729.00032 -0.014588995383259676 -0.009484811104417654 0.5338170440761761 -0.8454209383649038
60649 67789.00032 -0.014874203483437874 -0.009032669358185561 0.5076843446730003 -0.8613673868500857
60649 67849.00032 -0.015145369378637794 -0.008572163330854494 0.4810796991275128 -0.876504112306152
60649 67909.00032 -0.015402252743593603 -0.0081037215292367 0.45402822748201055 -0.8908173039166576
60649 67969.00032 -0.015644623355032975 -0.0076277817219065226 0.42655543201375395 -0.9042939379016327
60649 68029.00032 -0.015872260103239517 -0.007144790620515295 0.39868717269180043 -0.9169217860086118
60649 68089.00032 -0.016084950894247444 -0.006655203027832262 0.37044964271577063 -0.928689423240701
60649 68149.00032 -0.01628249341866863 -0.0061594806283616615 0.3418693440237513 -0.9395862349051468
60649 68209.00032 -0.016464696578710025 -0.005658090645975011 0.3129730626715103 -0.9496024230270412
60649 68269.00032 -0.01663138223620781 -0.005151504583450704 0.2837878440309235 -0.9587290121331054
60649 68329.00032 -0.016782386900851144 -0.004640197199997903 0.25434096781624965 -0.9669578543815385
60649 68389.00032 -0.01691756302718345 -0.004124645795504795 0.22465992300532528 -0.9742816340019576
60649 68449.00032 -0.017036779716152462 -0.0036053297806157136 0.1947723827622629 -0.9806938710154086
60649 68509.00032 -0.017139922787337256 -0.0030827304440474213 0.16470617947890817 -0.9861889242236069
60649 68569.00032 -0.01722689435658348 -0.0025573307985604444 0.13448928003366908 -0.9907619934807952
60649 68629.00032 -0.017297612176971847 -0.0020296153981881537 0.10414976132573533 -0.9944091212826353
60649 68689.00032 -0.017352009047683865 -0.0015000700628185132 0.0737157860936709 -0.9971271937182377
60649 68749.00032 -0.01739003255474324 -9.6918150421397E-4 0.0432155789842457 -0.9989139408317482
60649 68809.00032 -0.017411645292232412 -4.3743689918421746E-4 0.012677402811902307 -0.9997679364308106
60649 68869.00032 -0.01741682555454739 9.46765165301669E-5 -0.01787046505364921 -0.9996885973655627
60649 68929.00032 -0.017405568332908936 6.266717647840173E-4 -0.04839975621629219 -0.9986761822891899
60649 68989.00032 -0.017377886335829262 0.0011580623178842505 -0.07888223471209069 -0.9967317899038806
60649 69049.00032 -0.017333810715195488 0.001688362186006469 -0.10928972037307821 -0.9938573566966202
60649 69109.00032 -0.01727339122894585 0.002217085968300974 -0.13959411202004748 -0.9900556541804079
60649 69169.00032 -0.01719669569743168 0.0027437489651094375 -0.16976741020923436 -0.9853302857060449
60649 69229.00032 -0.01710380878820289 0.003267867415676951 -0.19978173743614588 -0.9796856833466971
60649 69289.00032 -0.01699483033175246 0.003788958949503155 -0.2296093571776997 -0.9731271050733904
60649 69349.00032 -0.0168698722156809 0.004306548218035348 -0.25922297579052483 -0.9656605562391877
60649 69409.00032 -0.016729062077284952 0.004820146851464845 -0.2885945668796134 -0.9572931006927361
60649 69469.00032 -0.016572533459050673 0.005329289661172149 -0.3176974108035662 -0.9480323332962679
60649 69529.00032 -0.01640043204769673 0.005833508457428275 -0.3465045737420213 -0.937886760959758
60649 69589.00032 -0.01621291432546313 0.0063323408181226535 -0.3749894019313074 -0.9268656813735412
60649 69649.00032 -0.016010148937929174 0.006825329887420484 -0.4031255237617665 -0.9149791812356797
60649 69709.00032 -0.015792318388219987 0.007312024133726521 -0.4308868704716462 -0.9022381292309385
60649 69769.00032 -0.015559620748351191 0.0077919768571658304 -0.4582476979126012 -0.8886541681985328
60649 69829.00032 -0.015312271008181867 0.00826474560396956 -0.48518260843515365 -0.8742397067216371
60649 69889.00032 -0.01505050176489545 0.008729891696859254 -0.5116665727677325 -0.859007910149673
60649 69949.00032 -0.014774563104874966 0.009186980077243346 -0.5376749518470011 -0.842972691039541
60649 70009.00032 -0.014484721705450105 0.009635579590120636 -0.5631835185650448 -0.8261486990002308
60649 70069.00032 -0.014181259344279168 0.010075263742369328 -0.5881684793937014 -0.8085513099313074
60649 70129.00032 -0.013864471112893333 0.010505611854783692 -0.6126064958396251 -0.7901966146570181
60649 70189.00032 -0.013534663666113434 0.010926210436079015 -0.6364747056803689 -0.7711014069718973
60649 70249.00032 -0.013192153797371577 0.01133665455707294 -0.6597507439363214 -0.7512831711259813
60649 70309.00032 -0.01283726752676606 0.011736549008487184 -0.6824127635465725 -0.7307600687835559
60649 70369.00032 -0.012470339752989397 0.012125509085024315 -0.704439455739021 -0.7095509254831438
60649 70429.00032 -0.01209171438690405 0.012503160936045102 -0.725810070110306 -0.687675216607568
60649 70489.00032 -0.01170174478501294 0.01286914153373737 -0.7465044344536494 -0.6651530528428836
60649 70549.00032 -0.01130079425602789 0.01322309840424861 -0.7665029743842044 -0.642005165071078
60649 70609.00032 -0.010889236428568523 0.013564689321480654 -0.7857867328077902 -0.6182528886118309
60649 70669.00032 -0.010467455332719462 0.013893582163648594 -0.8043373892577799 -0.5939181467134155
60649 70729.00032 -0.010035845141136666 0.014209455080318994 -0.822137279090142 -0.569023433198389
60649 70789.00032 -0.009594809609936902 0.014511997027509643 -0.8391694124867685 -0.5435917941961913
60649 70849.00032 -0.009144761331387552 0.01480090862533823 -0.8554174931807393 -0.5176468089387166
60649 70909.00032 -0.008686120943493835 0.015075903204391611 -0.870865936794415 -0.49121256964445914
60649 70969.00032 -0.008219316431916384 0.015336707856511131 -0.8854998886768211 -0.46431366056024376
60649 71029.00032 -0.007744782614977259 0.015583064305338894 -0.8993052411411416 -0.43697513625511414
60649 71089.00032 -0.0072629608390920326 0.015814729460139006 -0.9122686500314044 -0.40922249926150367
60649 71149.00032 -0.006774298849335852 0.016031475598401346 -0.9243775505801278 -0.38108167713591407
60649 71209.00032 -0.006279250755028759 0.016233090215181732 -0.9356201725467971 -0.3525789989711847
60649 71269.00032 -0.005778276993306001 0.016419375654668257 -0.9459855546421913 -0.32374117134897346
60649 71329.00032 -0.005271844205606102 0.01659014868184557 -0.9554635582429821 -0.2945952536872336
60649 71389.00032 -0.004760424975496669 0.01674524014970917 -0.9640448803865085 -0.2651686329243032
60649 71449.00032 -0.0042444974185873105 0.016884494873550412 -0.9717210660134051 -0.23548899749308946
60649 71509.00032 -0.003724544652799206 0.01700777175324573 -0.9784845194043228 -0.2055843105716246
60649 71569.00032 -0.0032010541996018087 0.01711494410899218 -0.9843285147432987 -0.1754827826409442
60649 71629.00032 -0.0026745173696640433 0.017205900137715023 -0.9892472057389468 -0.14521284342294316
60649 71689.00032 -0.002145428672182727 0.017280543372553338 -0.9932356342447611 -0.11480311329824151
60649 71749.00032 -0.0016142852636642886 0.01733879304198349 -0.9962897378371722 -0.08428237430965846
60649 71809.00032 -0.0010815864290394574 0.01738058427195824 -0.998406356328098 -0.053679540840182324
60649 71869.00032 -5.478330742467556E-4 0.017405868137923483 -0.9995832372012898 -0.02302363002391128
60649 71929.00032 -1.3527209143891351E-5 0.01741461163305776 -0.9998190399655783 0.0076562680852788135
60649 71989.00032 5.208285882604828E-4 0.01740679765549449 -0.9991133394134294 0.038331020585262436
60649 72049.00032 0.0010547317165748992 0.017382425118889332 -0.9974666277641533 0.0689714820400443
60649 72109.00032 0.001587680078106517 0.017341509256464386 -0.9948803156632984 0.09954852502359467
60649 72169.00032 0.0021191725538401546 0.017284082128498662 -0.9913567320083904 0.1300330708485605
60649 72229.00032 0.002648709397622678 0.017210193274865636 -0.9868991225785787 0.16039612040071352
60649 72289.00032 0.003175792539224299 0.017119910397840134 -0.9815116474604662 0.1906087849737239
60649 72349.00032 0.003699925811447177 0.017013319932636606 -0.9751993772796602 0.2206423169911486
60649 72409.00032 0.0042206151407474845 0.016890527372194878 -0.9679682882611611 0.2504681405162754
60649 72469.00032 0.004737368755691192 0.016751657256063594 -0.9598252561464898 0.28005788148126287
60649 72529.00032 0.005249697467734707 0.01659685279853498 -0.9507780489896004 0.3093833976043481
60649 72589.00032 0.005757115063936328 0.016426275200209322 -0.940835318839753 0.338416807994059
60649 72649.00032 0.006259138825974839 0.016240102741272733 -0.9300065923038486 0.36713052245147515
60649 72709.00032 0.006755290162457504 0.016038529780459988 -0.9183022599709713 0.395497270470365
60649 72769.00032 0.007245095320726196 0.015821765776452893 -0.9057335646845784 0.4234901299030183
60649 72829.00032 -0.007728086136476478 -0.015590034413855557 0.8923125886648089 -0.45108255521794416
60649 72889.00032 -0.008203800785826753 -0.015343572867369738 0.8780522395120942 -0.47824840523740986
60649 72949.00032 -0.008671784520858197 -0.01508263119226277 0.8629662351553041 -0.5049619702229291
60649 73009.00032 -0.00913159038772321 -0.014807471801519458 0.8470690878333651 -0.5311979981824
60649 73069.00032 -0.009582779936692236 -0.014518368988177672 0.8303760872096281 -0.5569317203042367
60649 73129.00032 -0.010024923929000592 -0.014215608473836374 0.8129032827089763 -0.5821388754729463
60649 73189.00032 -0.010457603024741264 -0.013899487000841123 0.7946674651412878 -0.6067957338726191
60649 73249.00032 -0.010880408405034053 -0.013570312020296483 0.7756861476396132 -0.6308791197247121
60649 73309.00032 -0.011292942251956883 -0.013228401544674378 0.755977545909986 -0.654366433222076
60649 73369.00032 -0.011694817995591194 -0.012874084221473235 0.7355605577731791 -0.677235671709574
60649 73429.00032 -0.012085660251155154 -0.012507699641552529 0.7144547419853194 -0.6994654501264955
60649 73489.00032 -0.012465104415871328 -0.012129598831358198 0.6926802963528043 -0.7210350206811615
60649 73549.00032 -0.01283279597009654 -0.011740144809733401 0.6702580352001563 -0.7419242916882169
60649 73609.00032 -0.013188389615086739 -0.011339713038515624 0.6472093662930303 -0.7621138454785735
60649 73669.00032 -0.01353154845779667 -0.010928691580243621 0.623556267347533 -0.7815849552980727
60649 73729.00032 -0.013861943496706455 -0.010507480806228358 0.5993212622600695 -0.8003196011423173
60649 73789.00032 -0.014179253652405749 -0.010076492572064348 0.5745273971645498 -0.8183004845230347
60649 73849.00032 -0.014483166514699697 -0.009636148881048509 0.5491982163734324 -0.8355110422099101
60649 73909.00032 -0.014773379851990355 -0.009186880165303524 0.5233577381978842 -0.8519354590278374
60649 73969.00032 -0.015049603771612598 -0.00872912340283925 0.4970304305908 -0.8675586798007726
60649 74029.00032 -0.01531156326572202 -0.008263320333288394 0.4702411865295097 -0.8823664205185667
60649 74089.00032 -0.015559000763462056 -0.007789916022817649 0.4430152990640353 -0.8963451787669767
60649 74149.00032 -0.015791678267564325 -0.007309357960809092 0.41537843600037183 -0.9094822434163184
60649 74209.00032 -0.01600937869864815 -0.006822095762378468 0.38735661425613405 -0.9217657035250969
60649 74269.00032 -0.016211906199740517 -0.006328581426932924 0.3589761739978359 -0.9331844563945378
60649 74329.00032 -0.016399085342950932 -0.005829269992918458 0.33026375272541186 -0.9437282147138509
60649 74389.00032 -0.016570759390169307 -0.005324620358097928 0.301246259491905 -0.9533875127635201
60649 74449.00032 -0.016726787943770072 -0.004815096018450175 0.27195084942696596 -0.9621537116861156
60649 74509.00032 -0.01686704443962197 -0.004301165518504698 0.24240489867609785 -0.9700190038782153
60649 74569.00032 -0.016991413955996373 -0.0037833024890966166 0.2126359797871638 -0.9769764165904952
60649 74629.00032 -0.01709979173276252 -0.0032619852523619332 0.182671837492921 -0.9830198148368472
60649 74689.00032 -0.01719208263360963 -0.0027376960715175475 0.15254036477437952 -0.9881439037050416
60649 74749.00032 -0.017268201577435277 -0.002210920191002332 0.12226957906042092 -0.9923442301351771
60649 74809.00032 -0.01732807476145438 -0.0016821448365840048 0.09188759843004314 -0.9956171841971037
60649 74869.00032 -0.017371641344759832 -0.001151858323371073 0.06142261772897242 -0.997959999865081
60649 74929.00032 -0.017398855191124957 -6.20549363029458E-4 0.030902884577744837 -0.9993707552661829
60649 74989.00032 -0.017409686296967698 -8.870658934897355E-5 3.56675314387115E-4 -0.9998483723729824
60649 75049.00032 -0.017404121643872828 4.4318174411116235E-4 -0.03018772903678054 -0.9993926161200857
60649 75109.00032 -0.01738216538324401 9.746279807094702E-4 -0.060702066659669214 -0.998004092942576
60649 75169.00032 -0.017343838439245994 0.0015051452833808989 -0.09115811860503314 -0.9956842487547244
60649 75229.00032 -0.017289177759631624 0.0020342479269238986 -0.12152773214619202 -0.992435366402856
60649 75289.00032 -0.01721823551708493 0.0025614516741542044 -0.15178284378441417 -0.9882605626370584
60649 75349.00032 -0.0171310785507235 0.003086274195362188 -0.18189550171000543 -0.9831637846854131
60649 75409.00032 -0.017027788251123954 0.0036082354247756795 -0.21183788579916524 -0.9771498069408467
60649 75469.00032 -0.016908460920479974 0.004126857880857133 -0.24158233118198635 -0.9702242267919353
60649 75529.00032 -0.016773207253136146 0.004641671288790923 -0.2711016069176041 -0.9623933879307272
60649 75589.00032 -0.016622158970131515 0.005152191824035837 -0.30036774842544106 -0.9536647075657204
60649 75649.00032 -0.016455459568943533 0.005657958549606846 -0.3293541725601515 -0.9440460975888009
60649 75709.00032 -0.01627327214074932 0.006158504640991269 -0.3580340527390279 -0.9335463944088087
60649 75769.00032 -0.01607577673486625 0.006653366426333351 -0.38638085174246223 -0.9221752217037373
60649 75829.00032 -0.01586316942014875 0.007142083474692188 -0.41436832486486747 -0.9099429882406215
60649 75889.00032 -0.01563566074690291 0.0076241993297593786 -0.44197054049456397 -0.8968608805341722
60649 75949.00032 -0.01539347395699159 0.008099262567040457 -0.46916190158683124 -0.8829408547602915
60649 76009.00032 -0.015136843289449645 0.008566828034950878 -0.4959171671200766 -0.868195628178493
60649 76069.00032 -0.014866012714126523 0.009026458087174586 -0.5222114734608567 -0.8526386700743902
60649 76129.00032 -0.014581235334372923 0.009477723591357899 -0.5480203556562419 -0.8362841921966812
60649 76189.00032 -0.014282773550728866 0.009920204529858142 -0.5733197686782292 -0.819147138653689
60649 76249.00032 -0.013970899907038899 0.010353490089402437 -0.5980861086325778 -0.801243175234271
60649 76309.00032 -0.013645898389485621 0.010777178250732282 -0.6222962339281618 -0.7825886781221167
60649 76369.00032 -0.013308065853158987 0.011190875009144783 -0.6459274863884668 -0.7632007219779439
60649 76429.00032 -0.012957713231108146 0.011594193451892226 -0.6689577122778002 -0.7430970673674283
60649 76489.00032 -0.012595166239410562 0.01198675296332359 -0.6913652832090235 -0.7222961475143728
60649 76549.00032 -0.012220765411703895 0.012368178810192618 -0.7131291168963033 -0.7008170543589602
60649 76609.00032 -0.011834865446930368 0.012738102280360973 -0.7342286977125543 -0.6786795239032004
60649 76669.00032 -0.0114378339980469 0.013096161426491051 -0.7546440970057943 -0.6559039208326429
60649 76729.00032 -0.011030050134046756 0.01344200233171548 -0.774355993122482 -0.6325112224163689
60649 76789.00032 -0.01061190275129471 0.013775280699806037 -0.7933456910818445 -0.6085230017045443
60649 76849.00032 -0.010183789187611324 0.014095663506224407 -0.8115951418464733 -0.5839614100600351
60649 76909.00032 -0.009746114214950533 0.014402830444492004 -0.829086961143545 -0.5588491590712634
60649 76969.00032 -0.009299289477662408 0.014696474963984636 -0.8458044478072734 -0.5332095018923398
60649 77029.00032 -0.008843733332588144 0.014976304803732283 -0.8617316016341385 -0.5070662140393799
60649 77089.00032 -0.008379870961738315 0.015242042053493615 -0.8768531407613338 -0.4804435736417845
60649 77149.00032 -0.007908134586149702 0.015493422885599918 -0.8911545185903169 -0.4533663411091695
60649 77209.00032 -0.007428963615928682 0.015730197170594287 -0.9046219402755226 -0.4258597381400551
60649 77269.00032 -0.006942804618595945 0.015952128200195363 -0.9172423787821616 -0.3979494259776662
60649 77329.00032 -0.006450111058018066 0.01615899269217089 -0.9290035904891792 -0.3696614828200617
60649 77389.00032 -0.005951342827708722 0.01635058115859145 -0.9398941302806195 -0.34102238031888954
60649 77449.00032 -0.0054469656555640525 0.016526698608131784 -0.9499033660394061 -0.3120589591491795
60649 77509.00032 -0.0049374504799404775 0.016687165454899556 -0.9590214924400259 -0.2827984036905871
60649 77569.00032 -0.0044232728871374674 0.016831818446524444 -0.9672395439354116 -0.2532682159142087
60649 77629.00032 -0.0039049126651056333 0.016960511417465247 -0.9745494068486013 -0.22349618860413556
60649 77689.00032 -0.0033828534813303817 0.017073115719305764 -0.9809438305063312 -0.19351037805121785
60649 77749.00032 -0.002857582649836826 0.017169520263562815 -0.9864164373819717 -0.16333907633501893
60649 77809.00032 -0.0023295909256812585 0.017249631209778835 -0.9909617322397932 -0.13301078326795154
60649 77869.00032 -0.0017993722611668152 0.017313371415330816 -0.9945751102855416 -0.10255417802412228
60649 77929.00032 -0.001267423474808372 0.017360679811285615 -0.9972528643269681 -0.07199809043220055
60649 77989.00032 -7.342438138027168E-4 0.01739151086955419 -0.9989921909351656 -0.0413714718888977
60649 78049.00032 -2.003344222348394E-4 0.017405834282972526 -0.9997911955795709 -0.01070336585403652
60649 78109.00032 3.3380225004940253E-4 0.01740363490663032 -0.9996488966939476 0.01997712208171666
60649 78169.00032 8.67663055520849E-4 0.01738491292835521 -0.9985652286239431 0.050640854519919336
60649 78229.00032 0.0014007447399607155 0.017349684172265636 -0.9965410434116483 0.08125869288463483
60649 78289.00032 0.0019325445014242236 0.017297980409392545 -0.9935781113873519 0.1118015282429063
60649 78349.00032 0.0024625605234449067 0.017229849560443967 -0.9896791205581503 0.14224031218694236
60649 78409.00032 0.0029902925032568033 0.0171453557223733 -0.9848476748004993 0.17254608766340732
60649 78469.00032 0.0035152421976401456 0.017044579016686025 -0.979088290873772 0.20269001966626737
60649 78529.00032 0.0040369139972849764 0.016927615322192783 -0.9724063942719323 0.2326434257483794
60649 78589.00032 0.004554815519701034 0.01679457599805201 -0.9648083139225788 0.2623778063375365
60649 78649.00032 0.0050684581888816695 0.016645587711279546 -0.9563012757320587 0.29186487485576385
60649 78709.00032 0.005577357756193896 0.01648079245395528 -0.9468933949682753 0.32107658763292424
60649 78769.00032 0.006081034717931021 0.01630034777781237 -0.9365936674746895 0.34998517357938513
60649 78829.00032 0.006579014602456579 0.016104427204763516 -0.9254119597208655 0.37856316354982855
60649 78889.00032 0.007070828129948364 0.01589322071135999 -0.9133589977143469 0.40678341930223794
60649 78949.00032 0.007556011281925913 0.01566693515051298 -0.9004463548189778 0.434619161944929
60649 79009.00032 -0.008034105345546104 -0.015425794474561966 0.8866864385390696 -0.4620439997738592
60649 79069.00032 -0.008504657010158526 -0.015170039659143559 0.8720924763309356 -0.489031955431193
60649 79129.00032 -0.008967218586361798 -0.01489992828678036 0.8566785004926216 -0.5155574923532646
60649 79189.00032 -0.009421348392490102 -0.014615733815828789 0.8404593321621276 -0.541595540510705
60649 79249.00032 -0.009866611317421722 -0.0143177446164489 0.8234505644325205 -0.5671215214625279
60649 79309.00032 -0.010302579532574128 -0.014006262886780514 0.8056685445780958 -0.5921113727436201
60649 79369.00032 -0.010728833300501912 -0.013681603563720661 0.7871303553866307 -0.6165415715820399
60649 79429.00032 -0.011144961819508284 -0.013344093317034674 0.7678537956110402 -0.6403891579073672
60649 79489.00032 -0.011550564053848982 -0.012994069674078658 0.7478573595859577 -0.6636317565762377
60649 79549.00032 -0.011945249521709313 -0.012631880279973662 0.7271602160910464 -0.6862475987199366
60649 79609.00032 -0.012328639037773578 -0.012257882268323538 0.7057821865720625 -0.7082155421192976
60649 79669.00032 -0.012700365422484932 -0.011872441708634478 0.6837437228416209 -0.7295150905366462
60649 79729.00032 -0.013060074187761228 -0.0114759331086762 0.661065884370252 -0.7501264119755229
60649 79789.00032 -0.01340742418736613 -0.011068738975510084 0.6377703152456903 -0.7700303558857695
60649 79849.00032 -0.013742088185662476 -0.010651249465219698 0.6138792208351882 -0.7892084693690946
60649 79909.00032 -0.014063753264196661 -0.0102238621652912 0.5894153441444051 -0.8076430124588966
60649 79969.00032 -0.01437212096749833 -0.009786982045993506 0.5644019418424938 -0.8253169725419133
60649 80029.00032 -0.014666907101426626 -0.009341021586297535 0.5388627599232074 -0.8422140779634036
60649 80089.00032 -0.014947841145624832 -0.00888640103273846 0.5128220089990211 -0.8583188108203027
60649 80149.00032 -0.01521466532156788 -0.008423548699790053 0.48630433926976463 -0.8736164189127015
60649 80209.00032 -0.01546713345334287 -0.007952901184258693 0.4593348152552095 -0.8880929268043701
60649 80269.00032 -0.015705009845447926 -0.007474903358048326 0.4319388904156026 -0.9017351459447948
60649 80329.00032 -0.015928068453980967 -0.006990008030528647 0.4041423817914385 -0.9145306838280505
60649 80389.00032 -0.016136092623150224 -0.006498675231015639 0.37597144476900823 -0.9264679521998608
60649 80449.00032 -0.01632887558855621 -0.006001371141142746 0.347452548026399 -0.937536174361503
60649 80509.00032 -0.016506221818828073 -0.0054985667869389574 0.3186124486491088 -0.9477253916459009
60649 80569.00032 -0.016667949100937763 -0.004990736660331271 0.2894781673453977 -0.9570264691484274
60649 80629.00032 -0.016813891106953586 -0.004478357462757854 0.26007696365708366 -0.9654311007809885
60649 80689.00032 -0.01694390005039971 -0.00396190714184928 0.23043631106322468 -0.9729318136881198
60649 80749.00032 -0.01705784898252782 -0.003441864329502686 0.2005838719140328 -0.9795219720281937
60649 80809.00032 -0.017155633312025437 -0.002918708200812333 0.17054747219969518 -0.9851957800936807
60649 80869.00032 -0.017237171255017617 -0.002392918680103152 0.14035507623462604 -0.9899482847313227
60649 80929.00032 -0.017302403113416326 -0.0018649768460549806 0.11003476140051677 -0.9937753770301395
60649 80989.00032 -0.01735128949947012 -0.0013353653510531237 0.07961469312152739 -0.9966737932700196
60649 81049.00032 -0.017383808825253436 -8.045686791147795E-4 0.04912310023321052 -0.9986411151577155
60649 81109.00032 -0.017399954513173433 -2.7307311847189574E-4 0.018588250853821008 -0.9996757694093654
60649 81169.00032 -0.01739973242636979 2.586335955187874E-4 -0.01196157121243887 -0.9997770267586087
60649 81229.00032 -0.017383158956500184 7.900629258124558E-4 -0.04249808959608182 -0.9989450004709717
60649 81289.00032 -0.017350260055148052 0.0013207263572597274 -0.07299305813216994 -0.997180644428291
60649 81349.00032 -0.017301071288976757 0.0018501362536273885 -0.10341828343852921 -0.9944857508173381
60649 81409.00032 -0.01723563878519703 0.0023778066107474076 -0.1337456474495335 -0.9908629474249672
60649 81469.00032 -0.01715402076134618 0.0029032536130687223 -0.16394712997871208 -0.9863156945227632
60649 81529.00032 -0.01705628924012632 0.003425995965204802 -0.19399483111583363 -0.9808482813612628
60649 81589.00032 -0.016942531561086754 0.003945555007941562 -0.22386099137537013 -0.9744658227769804
60649 81649.00032 -0.016812851349937867 0.0044614548791785886 -0.25351801899527765 -0.9671742539452526
60649 81709.00032 -0.016667367641737617 0.0049732265688897685 -0.2829387390619003 -0.9589802583012079
60649 81769.00032 -0.016506220006106513 0.0054803899574829874 -0.3120953701258081 -0.9498915674818146
60649 81829.00032 -0.01632955859197935 0.005982485601720778 -0.34096135030278857 -0.9399164393614549
60649 81889.00032 -0.01613755011431643 0.006479050957825138 -0.36950996248019186 -0.929064039236737
60649 81949.00032 -0.01593037498407139 0.0069696284705309955 -0.3977147879649066 -0.917344316418802
60649 82009.00032 -0.015708226965501993 0.007453765758764528 -0.4255497098757852 -0.9047680019796505
60649 82069.00032 -0.015471313205055176 0.007931015921248011 -0.45298893352189534 -0.8913466012505258
60649 82129.00032 -0.015219854658988554 0.008400937626920409 -0.4800070078204178 -0.877092385507044
60649 82189.00032 -0.014954086739732253 0.008863094993536727 -0.5065788468405056 -0.8620183830816254
60649 82249.00032 -0.014674259918153956 0.00931705735354781 -0.5326797513517441 -0.8461383699123739
60649 82309.00032 -0.014380640014045919 0.0097623990692105 -0.5582854303196272 -0.8294668595248569
60649 82369.00032 -0.014073507977298071 0.010198699579190373 -0.583372022291097 -0.8120190924529436
60649 82429.00032 -0.013753159087856784 0.01062554382721569 -0.60791611661768 -0.7938110251123748
60649 82489.00032 -0.013419901650204215 0.011042523143356275 -0.6318947744793594 -0.7748593181397555
60649 82549.00032 -0.01307405538907716 0.011449236537937939 -0.6552855496945867 -0.7551813241995892
60649 82609.00032 -0.012715949833694638 0.01184529225458203 -0.678066509322002 -0.7347950752469058
60649 82669.00032 -0.012345922987555819 0.012230309342935368 -0.7002162540723244 -0.7137192692171647
60649 82729.00032 -0.011964320518007474 0.012603918978490732 -0.721713938549814 -0.6919732561044837
60649 82789.00032 -0.011571495580756432 0.012965765289226982 -0.7425392913338443 -0.6695770233856009
