
Orbital parameters post-maneuver :
500.000000
15.170902
284.829098
2024-10-14T07:01:25.44133527292136Z
3621.862485
8635.965417393172
0.1579481
3.0000
3.0000
6.02809621
180.02173308
10.81773703675311
7986.882997

Orbital parameters post-maneuver :
500.000000
28.921387
271.078613
2024-10-14T07:01:26.44133527292136Z
3621.861867
9999.998891551999
0.0001044
3.0000
3.0000
276.08192156
270.00733706
8.68166121220697
9952.012396

Orbital parameters post-maneuver :
500.000000
6.819788
264.258825
2024-10-14T22:08:38.83624397548414Z
5283.401863
10923.093130354939
0.0845086
3.0000
3.0000
186.17172025
140.22153922
7.60473889374963
11361.336820

Orbital parameters post-maneuver :
500.000000
13.858489
257.220124
2024-10-14T22:08:39.83624397548414Z
5283.688687
10093.505762551970
0.1632710
3.0000
3.0000
167.34583536
159.23969169
8.56129987030347
10091.925445

Orbital parameters post-maneuver :
500.000000
139.396178
160.603822
2024-10-17T17:36:57.44127113832357Z
3621.862485
8635.965417393172
0.1579481
2.0000
3.0000
6.02809621
180.02173308
10.81773703675311
7986.882997

Orbital parameters post-maneuver :
500.000000
246.424719
53.575281
2024-10-17T17:36:58.44127113832357Z
3621.861867
9999.998891552003
0.0001044
2.0000
3.0000
276.08192156
270.00733706
8.68166121220696
9952.012396
