CIC_OEM_VERS = 2.0
CREATION_DATE = 2025-03-05T13:44:24.865386
ORIGINATOR = ISAE-SUPAERO


META_START
OBJECT_NAME = BLUE2
OBJECT_ID = BLUE2
CENTER_NAME = Earth
REF_FRAME = EME2000
TIME_SYSTEM = UTC
START_TIME = 2025-03-05T00:00:00.000
USEABLE_START_TIME = 2025-03-05T00:00:00.000
USEABLE_STOP_TIME = 2025-03-05T23:55:00.000
STOP_TIME = 2025-03-05T23:55:00.000
INTERPOLATION = lagrange
INTERPOLATION_DEGREE = 5
META_STOP



60739 0.0 -692.6690699999999 -1163.2397 6794.0482 -7.2858343 -1.8860932000000001 -1.0541932
60739 420.0 -3575.063 -1807.7465 5662.8967 -6.1989758 -1.1292862000000001 -4.2363285
60739 840.0 -5720.1433 -2079.3205000000003 3360.1238 -3.8381839 -0.14188905 -6.5351105
60739 1260.0 -6689.8172 -1923.5127 364.38506 -0.70203267 0.8698297700000001 -7.479784700000001
60739 1680.0 -6292.9079 -1374.6507 -2706.7499 2.5549416000000003 1.6974262000000002 -6.8916014
60739 2100.0 -4620.1068 -546.93533 -5228.5830000000005 5.2704123 2.1757381000000002 -4.9128394
60739 2520.0 -2017.257 391.01928000000004 -6696.0988 6.9112267 2.2144387 -1.9580671
60739 2940.0 989.8401200000001 1250.723 -6818.9596 7.1644725 1.8096694 1.3831576
60739 3360.0 3798.3187000000003 1859.7784 -5572.0858 5.9798192 1.0403775000000002 4.4554531
60739 3780.0 5841.2855 2094.1993 -3200.5151 3.5777592 0.055288586 6.6460176
60739 4200.0 6697.7888 1903.4023000000002 -178.27839000000003 0.42558712000000004 -0.9495261100000001 7.4965686
60739 4620.0 6183.0493 1323.0254 2879.7522999999997 -2.8373187 -1.7667138 6.8094524000000005
60739 5040.0 4394.884400000001 470.24378 5342.5166 -5.5296356 -2.2230656 4.7103090000000005
60739 5460.0 1698.7223999999999 -479.6428 6698.1807 -7.083578 -2.2206395000000003 1.6310162000000001
60739 5880.0 -1348.7894 -1330.3533 6664.965700000001 -7.1729501 -1.7591090999999999 -1.7859807
60739 6300.0 -4117.7348 -1906.1837 5250.813099999999 -5.7814641 -0.93509236 -4.8283862
60739 6720.0 -6038.0183 -2089.0503 2750.9614 -3.2044921 0.078812643 -6.8651854000000005
60739 7140.0 -6718.9868 -1843.0266000000001 -315.72319 0.01466891 1.071204 -7.4822859
60739 7560.0 -6029.568200000001 -1220.9883 -3318.6206 3.2071506 1.8386418000000002 -6.5707543
60739 7980.0 -4119.6864 -351.66902000000005 -5648.9947999999995 5.7284173 2.229482 -4.3381298
60739 8400.0 -1381.546 588.48865 -6841.6129 7.0871296 2.1711454 -1.2458263
60739 8820.0 1633.3152 1410.8473999999999 -6660.7735 7.0248382000000005 1.6780395000000001 2.0930746
60739 9240.0 4320.2825 1950.2249 -5140.9654 5.549926800000001 0.84563083 5.023129600000001
60739 9660.0 6135.1587 2096.101 -2581.8568 2.9394866000000004 -0.16444912 6.9552544
60739 10080.0 6701.5578 1815.573 502.96058000000005 -0.2936634 -1.1495488 7.4791644
60739 10500.0 5893.7936 1162.8499 3483.6198 -3.4884958999999998 -1.9049468999999999 6.4643058
60739 10920.0 3871.0395 270.46943 5743.6776 -5.9754534 -2.2699562 4.1072119
60739 11340.0 1048.2352 -677.7752800000001 6813.1743 -7.230073000000001 -2.1660518000000004 0.89564188
60739 11760.0 -1991.4361000000001 -1485.8936 6470.0569000000005 -6.989819499999999 -1.6144854 -2.500138
60739 12180.0 -4619.9216 -1987.1153000000002 4786.870599999999 -5.3078255 -0.73077742 -5.3727499
60739 12600.0 -6296.9445000000005 -2079.0016 2114.5822000000003 -2.5405402 0.30003673 -7.1277894
60739 13020.0 -6683.0775 -1744.5925 -993.06148 0.7298857900000001 1.2635343 -7.4120614
60739 13440.0 -5708.3501 -1054.83 -3898.7582 3.827364 1.9634383 -6.1870039
60739 13860.0 -3580.0298 -151.76345 -6015.4923 6.1312793 2.2628788 -3.7223447000000003
60739 14280.0 -732.73643 781.9095400000001 -6921.8886 7.1957162 2.1074805999999997 -0.52150964
60739 14700.0 2261.2464 1559.0303999999999 -6438.8241 6.8182672 1.5297927 2.7839693000000003
60739 15120.0 4800.8959 2023.1234 -4660.1720000000005 5.0661213 0.64128108 5.5436494000000005
60739 15540.0 6369.7928 2078.3143 -1937.8998000000001 2.2716494 -0.38452569000000003 7.197491200000001
60739 15960.0 6640.139700000001 1709.9649 1179.4841000000001 -1.0109764 -1.3402369 7.3883205
60739 16380.0 5546.9782000000005 990.5747700000001 4053.3246000000004 -4.1058717 -2.0259465 6.0549876000000005
60739 16800.0 3309.4162 66.886747 6088.1832 -6.362587 -2.2953191000000004 3.4631714000000002
60739 17220.0 387.69861 -870.58885 6860.8423 -7.3055826 -2.0903217 0.15128332
60739 17640.0 -2614.3157 -1628.1016000000002 6211.1697 -6.7383319 -1.4535616 -3.1896407
60739 18060.0 -5076.7349 -2049.51 4275.5465 -4.7827692 -0.5184175 -5.8641447
60739 18480.0 -6494.4314 -2049.0905000000002 1457.1057 -1.852829 0.51944295 -7.320499300000001
60739 18900.0 -6582.4710000000005 -1629.0585 -1661.1831000000002 1.4367149 1.4448195000000001 -7.2700069
60739 19320.0 -5332.3363 -877.7213 -4441.7225 4.409775400000001 2.0705223999999998 -5.7441184000000005
60739 19740.0 -3006.2595 50.873065000000004 -6324.673 6.475207500000001 2.275501 -3.0712468
60739 20160.0 -77.014989 969.3808100000001 -6936.1992 7.235785600000001 2.0239085 0.20807981
60739 20580.0 2867.5337999999997 1693.7465 -6155.2617 6.5463832 1.3662366 3.4491263
60739 21000.0 5235.3387 2077.6468 -4134.4604 4.5328466 0.42929507 6.0115406
60739 21420.0 6542.7473 2040.9123000000002 -1275.1892 1.5808815 -0.6027100900000001 7.3698902
60739 21840.0 6514.1089 1587.5709 1844.2609 -1.7188855 -1.5195232 7.224686
60739 22260.0 5146.1961 807.94698 4582.8747 -4.682811200000001 -2.1282666 5.5857371
60739 22680.0 2715.9341 -138.37395999999998 6372.4539 -6.6868466 -2.2988380999999998 2.7851754
60739 23100.0 -275.891 -1056.0642 6840.820900000001 -7.3092353 -1.9942554000000001 -0.5940043100000001
60739 23520.0 -3210.8192000000004 -1755.5073 5891.3078 -6.4211523 -1.2780833 -3.84685
60739 23940.0 -5483.3859 -2092.7672 3722.6922000000004 -4.2121996 -0.30032833 -6.2969417000000005
60739 24360.0 -6628.6541 -1999.7092 786.06023 -1.1492725000000001 0.7347233599999999 -7.441144599999999
60739 24780.0 -6418.7318 -1497.7045 -2312.4666 2.1272517 1.6131702 -7.0578088
60739 25200.0 -4906.1186 -691.61352 -4941.335599999999 4.9481013 2.1586393 -5.2471857
60739 25620.0 -2405.0377000000003 253.95492000000002 -6573.0116 6.7567569 2.2670494 -2.3921248999999998
60739 26040.0 578.21008 1148.7129 -6884.263900000001 7.2072536000000005 1.9211698 0.9350527
60739 26460.0 3445.4199 1813.3048000000001 -5812.9911 6.212322400000001 1.1889606000000001 4.0814809
60739 26880.0 5618.765200000001 2112.8938 -3569.2877000000003 3.9559355999999997 0.21178887000000002 6.4219197
60739 27300.0 6652.0093 1983.9263 -600.58422 0.8745746600000001 -0.81675275 7.470722
60739 27720.0 6324.652400000001 1449.3229 2490.454 -2.4098287000000003 -1.6854805 6.9901523
60739 28140.0 4695.5382 616.52239 5066.9343 -5.213321 -2.210929 5.061642300000001
60739 28560.0 2096.6386 -343.56041 6593.7435000000005 -6.9450265 -2.280511 2.0802213000000003
60739 28980.0 -935.82409 -1232.627 6753.4951 -7.2411272 -1.8786867 -1.3325648
60739 29400.0 -3775.0276000000003 -1867.0401000000002 5513.9462 -6.0418245 -1.0895283999999998 -4.465007
60739 29820.0 -5836.036700000001 -2116.5054 3134.1227000000003 -3.6022375 -0.078261409 -6.667006000000001
60739 30240.0 -6698.588400000001 -1931.2374 108.29243 -0.43690292000000003 0.94401784 -7.4889594
60739 30660.0 -6193.777900000001 -1351.6501 -2940.469 2.7947951 1.7670696000000001 -6.7781249
60739 31080.0 -4434.0892 -498.08196000000004 -5392.8548 5.437477100000001 2.2271729000000002 -4.7014805
60739 31500.0 -1782.2630000000001 455.83226 -6758.302900000001 6.9736801 2.2377512999999998 -1.6915739
60739 31920.0 1226.6785 1318.4971 -6766.7163 7.1106336 1.8001604 1.6526522000000001
60739 32340.0 3989.4316000000003 1916.7893000000001 -5415.353700000001 5.8192947 0.99939641 4.6750763
60739 32760.0 5947.5487 2128.6377 -2970.1334 3.3408995 -0.0094216195 6.7707543
60739 33180.0 6696.6051 1907.905 79.33532799999999 0.15967749 -1.0248633 7.4988598
60739 33600.0 6073.75 1296.4053000000001 3111.7322000000004 -3.0770293000000004 -1.8369187 6.6870137000000005
60739 34020.0 4199.5052000000005 417.8675 5500.7600999999995 -5.6923998000000005 -2.2733092999999998 4.4878331
60739 34440.0 1457.5614 -546.98649 6749.8635 -7.1349457 -2.2404199 1.3551246000000001
60739 34860.0 -1585.8321 -1398.7899 6599.6141 -7.102348 -1.7444678 -2.0574564
60739 35280.0 -4301.7789 -1961.6955 5082.454900000001 -5.6043314 -0.88932093 -5.0387928
60739 35700.0 -6131.592900000001 -2120.4179 2514.9379 -2.9585806 0.14594042 -6.9714832
60739 36120.0 -6703.742200000001 -1844.1245000000001 -570.49671 0.27780712999999996 1.1457057 -7.4640433
60739 36540.0 -5909.6719 -1191.8899 -3540.1424 3.4338865000000003 1.9055153 -6.4337502
60739 36960.0 -3920.2494 -298.43104 -5792.8121 5.874255000000001 2.2756711000000003 -4.111586900000001
60739 37380.0 -1143.0247 655.1305 -6879.233200000001 7.1244731 2.1877274000000004 -0.97512862
60739 37800.0 1863.1381000000001 1477.5286 -6584.6213 6.9466668 1.6615617 2.3552062
60739 38220.0 4495.112 2003.3982 -4965.6806 5.3703246 0.79877307 5.2249464
60739 38640.0 6218.944 2124.6875 -2342.1027999999997 2.6928185 -0.23268331 7.0547904
60739 39060.0 6676.1903 1813.3906000000002 758.67456 -0.55768686 -1.2252471 7.4539105
60739 39480.0 5763.5723 1130.0898 3702.6530000000002 -3.7148003 -1.9722312 6.3177612
60739 39900.0 3662.3619 213.78223000000003 5880.509 -6.1159774 -2.3145681 3.8692858
60739 40320.0 804.16102 -746.70212 6839.3865000000005 -7.255090600000001 -2.1787042000000003 0.6162081899999999
60739 40740.0 -2220.4132999999997 -1552.8527 6380.4287 -6.894278900000001 -1.5926637000000001 -2.7624643
60739 41160.0 -4786.6624 -2038.3905 4600.4256 -5.112404499999999 -0.6792861299999999 -5.5633519
60739 41580.0 -6367.6371 -2104.2509 1870.3221 -2.2868106 0.37026833 -7.2078579000000005
60739 42000.0 -6644.1547 -1738.9217 -1244.6766 0.98897736 1.3379815000000002 -7.3667556
60739 42420.0 -5568.8078 -1019.6508000000001 -4106.5662999999995 4.0393355 2.0271556 -6.027621
60739 42840.0 -3368.8611 -94.314932 -6137.95 6.2548638 2.3034683 -3.4823401
60739 43260.0 -492.63808 850.08315 -6934.8216 7.2077476 2.1171131 -0.24862936
60739 43680.0 2482.1869 1624.2627 -6339.513900000001 6.7163651 1.5062962 3.0367204
60739 44100.0 4958.0127 2072.1267 -4467.8805 4.868925 0.5886998 5.725971899999999
60739 44520.0 6430.450900000001 2100.8079 -1690.867 2.0173051 -0.45602316000000004 7.2709851
60739 44940.0 6590.885200000001 1700.9854 1431.0681000000002 -1.2708123 -1.4159359 7.3357441
60739 45360.0 5397.058099999999 951.7354 4257.5095 -4.3167448 -2.0898712 5.8856752
60739 45780.0 3089.3621000000003 6.114343300000001 6202.4614 -6.4796449 -2.3339804 3.2119848
60739 46200.0 142.9443 -940.7644 6861.4496 -7.3040286 -2.0956409 -0.12913074
60739 46620.0 -2833.1539 -1693.2033000000001 6098.210599999999 -6.6188143 -1.4245616 -3.4403788
60739 47040.0 -5224.7171 -2096.2129 4072.8741 -4.5710165 -0.46140485999999997 -6.0331253
60739 47460.0 -6541.7325 -2068.0018 1206.9998 -1.5937114 0.5924183399999999 -7.3736556
60739 47880.0 -6520.384599999999 -1616.5891000000001 -1907.2143 1.6894031 1.5186901000000002 -7.1981658
60739 48300.0 -5174.5312 -836.65551 -4633.839900000001 4.6052639 2.1305544 -5.5639126
60739 48720.0 -2785.2736 112.13757000000001 -6424.5938 6.5757623999999995 2.3100945000000004 -2.8199411
60739 49140.0 162.63271 1038.5681 -6924.1899 7.2227013 2.0263922 0.48098926999999997
60739 49560.0 3077.8142000000003 1756.9671 -6033.4005 6.4217378 1.3357086 3.6905816000000002
60739 49980.0 5373.527 2121.9508 -3926.4602000000004 4.3196921 0.37116996999999996 6.173049
60739 50400.0 6579.8285000000005 2056.9101 -1022.5602 1.320788 -0.67705705 7.4168381
60739 50820.0 6441.330400000001 1571.5973000000001 2090.0024 -1.9726526 -1.5946946 7.1451583
60739 51240.0 4977.6562 763.04214 4770.825400000001 -4.8767932 -2.1883728000000002 5.3948058
60739 51660.0 2486.0463 -203.03784 6463.381200000001 -6.779694800000001 -2.3311237 2.5223199
60739 52080.0 -519.6388400000001 -1127.1254 6815.7738 -7.281217400000001 -1.9919026 -0.87351283
60739 52500.0 -3418.0622000000003 -1818.2939 5755.7182 -6.2785783 -1.2417788 -4.0844121
60739 52920.0 -5611.659000000001 -2134.4325 3505.027 -3.985528 -0.23789151000000003 -6.4434011
60739 53340.0 -6652.2361 -2011.9136 531.5696 -0.88629496 0.81008086 -7.4672027
60739 53760.0 -6333.7839 -1478.2489 -2551.5369 2.3721412 1.6860031 -6.9599959
60739 54180.0 -4730.8651 -644.66691 -5116.7355 5.1260885 2.2145411 -5.0472437
60739 54600.0 -2175.3678 318.85947999999996 -6649.8919000000005 6.8337873 2.2952803 -2.1308702
60739 55020.0 816.1561300000001 1218.5977 -6847.401 7.168978500000001 1.9162124 1.2065071
60739 55440.0 3643.8757 1874.1073000000001 -5669.3206 6.065453499999999 1.1512852 4.3100667999999995
60739 55860.0 5737.2079 2152.1021 -3346.9392000000003 3.7279672 0.14830229 6.561294200000001
60739 56280.0 6665.3015000000005 1993.1723000000002 -344.1442 0.61042336 -0.89348194 7.4904646
60739 56700.0 6228.8883 1426.3293999999999 2728.4857 -2.655739 -1.7595024000000001 6.8839591
60739 57120.0 4509.6035999999995 565.82136 5237.1053 -5.389007899999999 -2.2664476000000002 4.8503174
60739 57540.0 1858.592 -411.51972 6660.4485 -7.0129765 -2.3056957000000002 1.8076453
60739 57960.0 -1176.8105 -1303.7551 6702.7969 -7.1869288 -1.8683468 -1.6090833
60739 58380.0 -3969.2073 -1926.6518999999998 5356.523700000001 -5.8771978 -1.0460428 -4.6877306
60739 58800.0 -5943.6591 -2152.4206 2902.8374 -3.3621232 -0.010953688 -6.7898879
60739 59220.0 -6698.2084 -1936.3031 -148.92928 -0.17184473 1.0210254 -7.4876966000000005
60739 59640.0 -6086.4314 -1325.0983 -3171.0018 3.0303473 1.8380491 -6.6548781
60739 60060.0 -4242.4184000000005 -445.49329 -5550.3303 5.5968497 2.2781428 -4.4830002
60739 60480.0 -1545.2922 523.83335 -6811.528200000001 7.026617000000001 2.2589859000000003 -1.4219494
60739 60900.0 1461.4133000000002 1388.3216000000002 -6705.1068 7.0471668 1.7873973 1.9208107
60739 61320.0 4174.7032 1974.3456 -5250.755 5.6509145 0.9546212500000001 4.889004600000001
60739 61740.0 6045.3403 2162.0374 -2735.0086 3.0995902 -0.07777070999999999 6.8865832000000005
60739 62160.0 6685.9417 1909.9798 337.59287 -0.10654131 -1.1030707 7.4908444
60739 62580.0 5955.719700000001 1266.4317 3340.0469 -3.3128945 -1.9085551 6.5546834
60739 63000.0 3997.7795 361.92121000000003 5651.6283 -5.847859499999999 -2.3231136 4.257883
60739 63420.0 1213.6128 -617.3130500000001 6791.7966 -7.176921500000001 -2.2578888999999998 1.075604
60739 63840.0 -1821.5955000000001 -1468.9282 6523.9576 -7.0221157000000005 -1.7261601000000002 -2.3279169000000004
60739 64260.0 -4480.7600999999995 -2017.2266000000002 4905.1433 -5.419071700000001 -0.83935158 -5.243858400000001
60739 64680.0 -6217.2908 -2150.0837 2272.9718 -2.707625 0.21692831 -7.0690184
60739 65100.0 -6679.3318 -1842.1114 -827.0957 0.54192838 1.2229242999999999 -7.4352654000000005
60739 65520.0 -5781.1274 -1158.9011 -3759.0546000000004 3.6572136 1.9733221 -6.2865396
60739 65940.0 -3714.3988 -241.31178 -5930.175 6.0130699000000005 2.3209047999999997 -3.8772341999999997
60739 66360.0 -901.55492 724.8989 -6907.8629 7.1525814 2.2017289 -0.70031742
60739 66780.0 2091.8238 1545.9847 -6498.689200000001 6.8585854 1.6413364 2.6168586
60739 67200.0 4664.8643 2056.6576 -4781.8248 5.1822204 0.7477504 5.4215801
60739 67620.0 6294.6983 2151.6566000000003 -2096.7589 2.4408024999999998 -0.30474043 7.1455661
60739 68040.0 6641.3845 1808.1876000000002 1015.8268 -0.82293017 -1.303673 7.417941
60739 68460.0 5624.3779 1093.5216 3918.5695 -3.9376649 -2.0404559 6.1606543
60739 68880.0 3447.0374 153.31673 6010.2475 -6.2490808 -2.3580967999999998 3.6233418000000004
60739 69300.0 557.12608 -818.5506700000001 6855.9853 -7.270300100000001 -2.1884381 0.33302717000000004
60739 69720.0 -2448.1019 -1621.2446000000002 6280.651900000001 -6.7886747 -1.5668313 -3.0235755
60739 70140.0 -4948.182900000001 -2089.3477 4405.3527 -4.9086583 -0.62362039 -5.7480436
60739 70560.0 -6430.2871 -2127.5516000000002 1620.694 -2.0281902 0.44393525 -7.2785809
60739 70980.0 -6596.0531 -1730.1616000000001 -1497.3467 1.2484829 1.4143421 -7.3106534000000005
60739 71400.0 -5420.8642 -980.94058 -4311.008400000001 4.2472943999999995 2.0910562 -5.8583333
60739 71820.0 -3151.732 -33.607854 -6253.3985 6.3710736 2.3426178 -3.2351236
60739 72240.0 -250.1476 920.6117700000001 -6938.4682 7.2103752000000005 2.1239336 0.027718251
60739 72660.0 2701.4159 1690.4631000000002 -6230.4220000000005 6.6046629999999995 1.4791189999999999 3.2882789
60739 73080.0 5109.577 2120.4977000000003 -4267.2803 4.6635512 0.5323160800000001 5.9025878
60739 73500.0 6482.7606 2121.1947 -1438.6879 1.7580363 -0.5306168400000001 7.3353742
60739 73920.0 6532.0839000000005 1688.8613 1683.5427 -1.5312898000000001 -1.4933893 7.272322600000001
60739 74340.0 5238.322700000001 909.37487 4458.0465 -4.523513299999999 -2.1537962000000004 5.7060205999999996
60739 74760.0 2863.0957000000003 -57.79816 6309.284000000001 -6.5886431000000005 -2.3708545 2.9533738
60739 75180.0 -104.11422 -1013.0206 6852.429 -7.292299600000001 -2.0978203 -0.41228873
60739 75600.0 -3049.9568 -1758.9179 5975.546200000001 -6.489190400000001 -1.3918556000000002 -3.6887392
60739 76020.0 -5366.8314 -2142.0026000000003 3862.5025 -4.3514612 -0.40096469 -6.1951238
60739 76440.0 -6580.688 -2084.7545 952.85047 -1.3308605 0.6677799400000001 -7.4167136000000005
60739 76860.0 -6449.4208 -1601.2608 -2152.8249 1.9408976 1.5934812999999999 -7.1156156
60739 77280.0 -5009.2898 -792.66403 -4821.3366 4.7952638 2.1900003999999997 -5.374757499999999
60739 77700.0 -2559.8098 175.80081 -6516.789400000001 6.667987699999999 2.3428054 -2.562973
60739 78120.0 402.91553000000005 1109.1354 -6902.9229000000005 7.199909 2.02598 0.75538954
60739 78540.0 3284.6934 1820.2388 -5902.63 6.2879192 1.3018574 3.928917
60739 78960.0 5504.898099999999 2164.9374 -3711.7327999999998 4.0997205999999995 0.30997078 6.327449
60739 79380.0 6607.9811 2070.4726 -766.79373 1.0576193 -0.7535574800000001 7.4540745
60739 79800.0 6359.2588 1552.5689 2334.5687000000003 -2.224995 -1.6705905 7.0551531999999995
60739 80220.0 4801.3903 715.12937 4953.4456 -5.0648422 -2.2475297999999997 5.1949772
60739 80640.0 2251.6795 -269.99313 6545.9721 -6.8633142 -2.3610386 2.2543638
60739 81060.0 -763.67551 -1199.3062 6781.2863 -7.2428349 -1.9864429000000001 -1.1531133
60739 81480.0 -3621.3989 -1880.8583999999998 5611.735900000001 -6.1267902 -1.2023269 -4.316956500000001
60739 81900.0 -5732.808400000001 -2174.6835 3281.9747 -3.7530699 -0.17302529000000003 -6.5808527
60739 82320.0 -6667.265200000001 -2021.9213000000002 275.95052000000004 -0.62244312 0.88667627 -7.4824402
60739 82740.0 -6240.9794 -1456.3708000000001 -2787.2947999999997 2.6129708000000003 1.7586761 -6.852305
60739 83160.0 -4550.2675 -595.61986 -5285.2721 5.2964804 2.2691264 -4.8405304
60739 83580.0 -1943.9556000000002 385.11508000000003 -6717.8906 6.9015557 2.3212972 -1.8668531000000002
60739 84000.0 1051.8924 1288.7681000000002 -6801.4025 7.121438100000001 1.9084780000000001 1.4763891000000002
60739 84420.0 3836.5423 1934.0089 -5518.033 5.9110633 1.110824 4.5331282
60739 84840.0 5847.308400000001 2189.3247 -3119.9602000000004 3.4955742 0.082528846 6.6921713
60739 85260.0 6669.2182 1999.6724 -87.00727099999999 0.34587278 -0.9714616300000001 7.5002454
60739 85680.0 6124.5055 1400.3535 2963.0418 -2.8976226 -1.8333682 6.768210900000001
60739 86100.0 4317.6232 512.50294 5400.2689 -5.5566436999999995 -2.3204223 4.632119800000001
