CIC_AEM_VERS = 1.0
CREATION_DATE = 2025-03-05T13:44:25.079Z
ORIGINATOR = CS Group

META_START
OBJECT_NAME = PLEIADES-NEO4
OBJECT_ID = PLEIADES-NEO4
CENTER_NAME = null
REF_FRAME_A = EME2000
REF_FRAME_B = SC_BODY_1
ATTITUDE_DIR = A2B
TIME_SYSTEM = UTC
START_TIME = 2025-03-05T04:57:11.407392
STOP_TIME = 2025-03-06T00:00:00.0
ATTITUDE_TYPE = QUATERNION
QUATERNION_TYPE = LAST
META_STOP

60739 17831.407392 -0.25435665954266123 -0.7099124541930324 -0.6187352391177128 -0.22021285385251982
60739 18251.407392 -0.40716804942536555 -0.6347462926843885 -0.652358995289652 -0.07575661499330248
60739 18671.407392 -0.5392249553751528 -0.5272222951068254 -0.6526899929920175 0.07258699670764711
60739 19091.407392 -0.6437885314086601 -0.3928027621249399 -0.6197100795322 0.2172596009843821
60739 19511.407392 -0.7155202101699786 -0.23830091972247558 -0.5550881883094474 0.3508854566622384
60739 19931.407392 0.7507356573562255 0.07156203995022736 0.4620895945990978 -0.4666348184344149
60739 20351.407392 0.7476050817488729 -0.09886672310790165 0.3454673876412283 -0.5585376414186531
60739 20771.407392 0.7063569807480712 -0.2640719599477749 0.21134809153337544 -0.6218181405547845
60739 21191.407392 0.6291187811369089 -0.41581789053746704 0.06644634407461726 -0.6533681385627087
60739 21611.407392 0.5198417435800142 -0.5463506576036573 -0.08183701172000521 -0.6515889993550242
60739 22031.407392 0.3840795067033441 -0.6490350390151192 -0.2259627267710187 -0.616585190197887
60739 22451.407392 0.22870340576813156 -0.7186478385715981 -0.35860740191423274 -0.5501279556600914
60739 22871.407392 0.06157600392149648 -0.7516212421499261 -0.473005955312757 -0.4555647817036874
60739 23291.407392 -0.10877663669190714 -0.7462277022014216 -0.5632714013198826 -0.33769392685140026
60739 23711.407392 -0.27341402998290243 -0.7027942425838442 -0.6246847209269529 -0.2027166008000439
60739 24131.407392 -0.4241283454851697 -0.6235477579456791 -0.6542249500042975 -0.05738514536710507
60739 24551.407392 -0.5532084716616329 -0.5125391301049638 -0.6503893198031363 0.09087221621079168
60739 24971.407392 -0.6540778962966795 -0.3754275087094827 -0.613389920755309 0.2344975402772858
60739 25391.407392 -0.7216161621681504 -0.21915418284713845 -0.545110066779437 0.36619199026471133
60739 25811.407392 0.7523698923098098 0.05163027831572956 0.4489937102492469 -0.47924785619069926
60739 26231.407392 0.7447335643049179 -0.11859354607563395 0.32992469423044246 -0.5678531369675156
60739 26651.407392 0.6990948604093898 -0.282756374752432 0.1940193719451705 -0.6274326194867775
60739 27071.407392 0.6178663272711278 -0.43237678019404024 0.04831985962014994 -0.6549478702460305
60739 27491.407392 0.5052072111753815 -0.5599225258417035 -0.09980621680478244 -0.6490694553886796
60739 27911.407392 0.366853161988227 -0.6589322631349989 -0.24283589766602873 -0.6101292952676198
60739 28331.407392 0.20979441933728674 -0.7243972590887853 -0.3735276915211809 -0.5401036718135173
60739 28751.407392 0.04195234415336968 -0.7529737292975891 -0.4852371041966285 -0.4425104705185951
60739 29171.407392 -0.12819290452109605 -0.7431423718456 -0.5722493928376082 -0.3222369109756514
60739 29591.407392 -0.2918313585591446 -0.6953566285446424 -0.6300114215730522 -0.1854702833018109
60739 30011.407392 -0.4406065611207875 -0.6120287078842814 -0.655555133171596 -0.03916869151735538
60739 30431.407392 -0.5668497053703857 -0.49742807359643565 -0.6475602865389001 0.1091439344045446
60739 30851.407392 -0.6641046355552404 -0.3574105992450511 -0.6064474598216413 0.25188127174765046
60739 31271.407392 -0.7274007053455853 -0.19913845783494216 -0.5343374312154852 0.38172712515081036
60739 31691.407392 0.7535190452716662 0.030701544773900715 0.4349300909182903 -0.49203890046944504
60739 32111.407392 0.7411476029236932 -0.1392865024566575 0.3133188520664891 -0.5771748416672305
60739 32531.407392 0.6909544950501203 -0.30212166686742803 0.17574013054686374 -0.6327873186898196
60739 32951.407392 0.60551449320067 -0.4495273155829684 0.029190344271334455 -0.6560680718264129
60739 33371.407392 0.48892236437019043 -0.5742093307509518 -0.11915621745230238 -0.6457866226081694
60739 33791.407392 0.347208969633975 -0.6694992787759765 -0.2614742572522554 -0.6023685416076624
60739 34211.407392 0.18761745245135372 -0.730459050041823 -0.39043023046386904 -0.5280089988698979
60739 34631.407392 0.018400909308037505 -0.7539193931949326 -0.4993203476518162 -0.42655145706244113
60739 35051.407392 -0.1517200487575657 -0.7387032245225092 -0.5825330917268464 -0.30323880016945504
60739 35471.407392 -0.31394911139239723 -0.6856637047612245 -0.6358062662715632 -0.16447380094972727
60739 35891.407392 -0.4599316014363703 -0.5976541457681519 -0.656481227696663 -0.017459717300076047
60739 36311.407392 -0.5822823032182616 -0.4792847040165742 -0.6436301675987457 0.13028315014379982
60739 36731.407392 -0.6748548436745916 -0.3366853803701896 -0.5980391871843467 0.27122504531442027
60739 37151.407392 -0.7330852557334507 -0.17708258476585392 -0.5221027326518972 0.39829198153651885
60739 37571.407392 0.7540979810823206 0.008487431974614856 0.41966208544275213 -0.5051217006503327
60739 37991.407392 0.7368158984031096 -0.16064557617181985 0.29583760110480606 -0.5863236687098657
60739 38411.407392 0.6820386723890473 -0.32175479833218557 0.1568465141336958 -0.6377274261940667
60739 38831.407392 0.5924387852952647 -0.46663471260196776 0.009693896587557083 -0.6566386822611807
60739 39251.407392 0.4724863054205803 -0.5878150703726791 -0.1381193035359114 -0.6419915826734235
60739 39671.407392 0.3282434409868681 -0.6790023157257193 -0.2790018751521743 -0.5944493690380885
60739 40091.407392 0.16706955054212952 -0.7354312148062543 -0.40567341809389984 -0.5163891666391345
60739 40511.407392 -0.002539903679823453 -0.7541393210737939 -0.5114443475569539 -0.41193702510419733
60739 40931.407392 -0.1718030111489393 -0.7342927255795452 -0.5909104499590654 -0.28657068700461197
60739 41351.407392 -0.3321748914556376 -0.6770261749732338 -0.6401406349100629 -0.1466811761082151
60739 41771.407392 -0.47568500988953855 -0.5852022755749716 -0.656705003030179 7.791170626098204E-4
60739 42191.407392 -0.5949662527182065 -0.46345659553706087 -0.6397146482723033 0.14828456077925284
60739 42611.407392 -0.6838779234425226 -0.3179677489215695 -0.5900011038866888 0.2882814490843654
60739 43031.407392 -0.7378289001226275 -0.15614995868300668 -0.5100757822824903 0.4135799812322094
60739 43451.407392 0.7540215383701492 -0.013688071046513543 0.4040312106179806 -0.5177093173118563
60739 43871.407392 0.7316201760924151 -0.18285855761552036 0.2772830828123296 -0.5953223982241602
60739 44291.407392 0.6718049600238654 -0.3426138277421874 0.13638701620042296 -0.6424114277774992
60739 44711.407392 0.5777266969474194 -0.4847363338764871 -0.011378673414901846 -0.6566072464156366
60739 45131.407392 0.45419667514734907 -0.6020628403432733 -0.15853032327098893 -0.6372549357725519
60739 45551.407392 0.30761028705411186 -0.6885953897288427 -0.29749218493435275 -0.5854149813983709
60739 45971.407392 0.145432032078589 -0.7400113898130998 -0.42122786974152027 -0.5037854193457738
60739 46391.407392 -0.024131540836000925 -0.7537537532380537 -0.5234899031668581 -0.3965239835101798
60739 46811.407392 -0.19250636862941573 -0.7291355018100002 -0.5990933152749368 -0.26905374487317557
60739 47231.407392 -0.3511463300582829 -0.6673818173287147 -0.6441736961501159 -0.127820240861609
60739 47651.407392 -0.49191392853626353 -0.5716258286367926 -0.6564040366293866 0.019958447934826967
60739 48071.407392 -0.6076359384119224 -0.4467092829604573 -0.635150524054022 0.16677288347065777
60739 48491.407392 -0.6923949200300408 -0.2989503872904247 -0.5814656452868981 0.305148560551397
60739 48911.407392 -0.7418274832454895 -0.1358347098452677 -0.49804281614324497 0.428011997484908
60739 49331.407392 0.7533528731965492 -0.03430067989231058 0.3891199397497296 -0.5290260714696355
60739 49751.407392 0.7263958454616187 -0.20257518822335782 0.26039142636481055 -0.6029168051133346
60739 50171.407392 0.662321330562987 -0.3605909629663681 0.1182801747343799 -0.6459987714950134
60739 50591.407392 0.5644001428663448 -0.5001843826433839 -0.02990113783880294 -0.6560289506173118
60739 51011.407392 0.4376389794384388 -0.6141983707348473 -0.17656061578676893 -0.6325020426968896
60739 51431.407392 0.28852936597116885 -0.6967980168723308 -0.314181350720879 -0.5766397554056313
60739 51851.407392 0.12469901052316232 -0.7437761987322912 -0.43572011763727586 -0.49131975541397294
60739 52271.407392 -0.04548283466128454 -0.7527574355742188 -0.5349680639916429 -0.38091564085494517
60739 52691.407392 -0.21331295746611414 -0.72331293674079 -0.6068546073437264 -0.2510845739311062
60739 53111.407392 -0.37021838795891915 -0.6569838176092017 -0.6477232008092161 -0.10846780052256252
60739 53531.407392 -0.5082284144360724 -0.5571583669248511 -0.6555176031480494 0.03968759111441936
60739 53951.407392 -0.6202656333024271 -0.42898193857530825 -0.629868193017252 0.18577163385536388
60739 54371.407392 -0.7006700981289521 -0.2789686550750677 -0.5721121254336983 0.32237496646810065
60739 54791.407392 -0.7453691547822768 -0.11471343420954994 -0.4851838327909858 0.4425633282472172
60739 55211.407392 0.7520748035866781 -0.055464121514662665 0.37347680576386855 -0.5402057909640399
60739 55631.407392 0.7204149747909985 -0.2228758305585644 0.24267085300375946 -0.6102782032418845
60739 56051.407392 0.651958559203025 -0.3789878943327247 0.09939984583565974 -0.6491824733301188
60739 56471.407392 0.5501935879030495 -0.515755697948954 -0.04898377482510659 -0.6548921023095637
60739 56891.407392 0.4203144830259572 -0.6261673349168724 -0.1948849707867768 -0.6271124717330703
60739 57311.407392 0.2689567749889625 -0.7045685670670855 -0.33082862499267696 -0.5672722524273731
60739 57731.407392 0.10385295365808242 -0.7469555342649455 -0.44985351015994557 -0.4784389336626335
60739 58151.407392 -0.06656044293570412 -0.7511723505449123 -0.5458656282268742 -0.3651582165767522
60739 58571.407392 -0.2335428838559778 -0.7170243968847928 -0.6139463664845415 -0.23324578185395223
60739 58991.407392 -0.38855443056394107 -0.6462974052313886 -0.6506322948961107 -0.08945800868858061
60739 59411.407392 -0.5238229783572603 -0.542514399597357 -0.6540674922103095 0.05901973575139887
60739 59831.407392 -0.6324061738089504 -0.41086246810100097 -0.6240008334563901 0.2046397407152584
60739 60251.407392 -0.7086911895536125 -0.25788538384779713 -0.5618251657285421 0.34000648493941427
60739 60671.407392 0.7485234132691273 0.09181698499190608 0.470870964028995 -0.4577803799742143
60739 61091.407392 0.7499891250967308 -0.07871227613959668 0.35595169691423867 -0.551923073702702
60739 61511.407392 0.7132053598021597 -0.24494396923140657 0.2230666261829642 -0.6177231151332978
60739 61931.407392 0.6402453157050187 -0.3984480587792122 0.07905638753254504 -0.6519778890140081
60739 62351.407392 0.5349344936738615 -0.5315614344698062 -0.06879606883229496 -0.653111498731659
60739 62771.407392 0.4026174433034623 -0.6376849911555242 -0.21309079931197394 -0.6211677371301139
60739 63191.407392 0.24986960599454347 -0.7115537218110165 -0.3466504425080549 -0.5577543829375006
60739 63611.407392 0.08424497654297544 -0.7494112571466812 -0.46278215463082456 -0.46595947135384647
60739 64031.407392 -0.0860002466577173 -0.7491878033245141 -0.555553955091186 -0.3502590411497488
60739 64451.407392 -0.25218803468323653 -0.71067955447723 -0.620077235367178 -0.2164254795305998
60739 64871.407392 -0.40572514978486923 -0.63566616169309 -0.6528695556900695 -0.07125290845622358
60739 65291.407392 -0.5385493785920605 -0.5279108081534223 -0.6520976937748965 0.07773894279167344
60739 65711.407392 -0.6436749617319244 -0.39298727984170295 -0.6177543442193993 0.22276245581355192
60739 66131.407392 -0.7156417626682929 -0.23793144991797388 -0.5516585201409374 0.3562560453113185
60739 66551.407392 0.7508105009516858 0.07075578954781943 0.4572789575472855 -0.47135248476125724
60739 66971.407392 0.7474745353271918 -0.09983158529028685 0.3395978098071725 -0.5621288119194732
60739 67391.407392 0.705987643590956 -0.26504989879349633 0.20476317593505514 -0.624020865057761
60739 67811.407392 0.6286655237537911 -0.416496803539954 0.05973395527982097 -0.654019821160644
60739 68231.407392 0.5195702276911394 -0.546603689860133 -0.08814033812732651 -0.6507706704539361
60739 68651.407392 0.38425828621757807 -0.6489238249247223 -0.2314459315261415 -0.6145536751970448
60739 69071.407392 0.2294724183385848 -0.7183975711051543 -0.36305551333825187 -0.5472093139619926
60739 69491.407392 0.0628772977695042 -0.7515095597119198 -0.4763829523554752 -0.4520388365969039
60739 69911.407392 -0.10722358658703181 -0.7464496537146236 -0.5656517534959459 -0.3336976336681062
60739 70331.407392 -0.2721741682368569 -0.7032739436404404 -0.6261689797110757 -0.1980893515275072
60739 70751.407392 -0.4234623121465462 -0.624000554387746 -0.6546678186345579 -0.05208671192882351
60739 71171.407392 -0.5531586684266496 -0.5125953630536608 -0.6495364897610902 0.09676688374223132
60739 71591.407392 -0.6544420192476091 -0.37479597967102085 -0.6109785125650629 0.24070495268966763
60739 72011.407392 -0.7220209148134731 -0.21782074589906278 -0.5410380189162475 0.37217977284515835
60739 72431.407392 0.752502046972651 0.04966969811062575 0.44331420411849126 -0.48450604415049187
60739 72851.407392 0.7443590884503444 -0.1209183507018894 0.32291406636472075 -0.5718695704867571
60739 73271.407392 0.6981352224092294 -0.2851154966594733 0.18612562864280727 -0.6298203038633777
60739 73691.407392 0.6163738234752625 -0.43450246519485136 0.0400465086921017 -0.6555052971682658
60739 74111.407392 0.5033882723802162 -0.5615598213016776 -0.10786727795390527 -0.6477773264606475
60739 74531.407392 0.36499939012479604 -0.6599616402268261 -0.25013999654125213 -0.6071705368082237
60739 74951.407392 0.20817101857114884 -0.7248655495576688 -0.3796732784928313 -0.5358012352449497
60739 75371.407392 0.040716080877077586 -0.7530415690686543 -0.4899975539606651 -0.4372333394483952
60739 75791.407392 -0.1290100725518827 -0.7430015169500707 -0.5755304437471269 -0.31633819767819193
60739 76211.407392 -0.29241289619630334 -0.6951140161306255 -0.6318351862008355 -0.17915217050149873
60739 76631.407392 -0.44112941927217103 -0.6116535795924973 -0.6559135443182491 -0.032590741080158095
60739 77051.407392 -0.5674295497827531 -0.49676901296586196 -0.6463946934983883 0.11583675585663805
60739 77471.407392 -0.6647027471672193 -0.3563002884606496 -0.6036751577059345 0.25845051038820704
60739 77891.407392 -0.7278493644798777 -0.1974950245181934 -0.5299318410278031 0.3878185939091621
60739 78311.407392 0.7535982706094222 0.028681058462825666 0.42905829159076225 -0.49716800564513025
60739 78731.407392 0.7407392755162698 -0.14143708353675405 0.30631663802709125 -0.5809225373283677
60739 79151.407392 0.6899351407440613 -0.3044402491097018 0.16778581860149305 -0.6349437418895646
60739 79571.407392 0.6037715221098001 -0.451867275508168 0.02061777820091184 -0.6563922772520245
60739 79991.407392 0.4866767314788761 -0.5761163417030327 -0.12760933243903452 -0.6441673525833301
60739 80411.407392 0.3444979148122447 -0.6709000031397565 -0.2694326064718771 -0.5988492657145542
60739 80831.407392 0.18461964211777784 -0.7312231532796862 -0.39742108611709265 -0.5227664566147359
60739 81251.407392 0.015371234429334305 -0.7539875280604971 -0.5049154852801806 -0.4199129497950967
60739 81671.407392 -0.1544885388327343 -0.7381282891763663 -0.586412543560962 -0.29566915436220303
60739 82091.407392 -0.3162297210662968 -0.6846136085952254 -0.6378187285780552 -0.15649357787343465
60739 82511.407392 -0.46162378874507065 -0.5963465935180848 -0.6566451986662685 -0.00955516261291007
60739 82931.407392 -0.5834044205360892 -0.47791597740810593 -0.642083762851627 0.13770999280843946
60739 83351.407392 -0.675525959873682 -0.3353317795522814 -0.5949644359619771 0.27791112805982965
60739 83771.407392 -0.7334112991943397 -0.1757136510374181 -0.5176635723593922 0.40405074545814623
60739 84191.407392 0.7541092756248697 0.007005736002324482 0.41399559138061715 -0.5097820812827899
60739 84611.407392 0.7364414713160005 -0.1623359102675119 0.28907628876660657 -0.5896913691385252
60739 85031.407392 0.6811353296526853 -0.32365760296356344 0.14918378227492368 -0.6395659605145948
60739 85451.407392 0.5908755143162671 -0.468610666380844 0.0014529102011722902 -0.65671002656236
60739 85871.407392 0.47022856263436547 -0.5896213504426849 -0.14648321788054586 -0.6401362580453662
60739 86291.407392 0.32540731778566967 -0.6803644364586002 -0.28693804781892107 -0.5906613817135621
