CIC_AEM_VERS = 1.0
CREATION_DATE = 2025-03-05T13:44:25.134Z
ORIGINATOR = CS Group

META_START
OBJECT_NAME = PLEIADES1B
OBJECT_ID = PLEIADES1B
CENTER_NAME = null
REF_FRAME_A = EME2000
REF_FRAME_B = SC_BODY_1
ATTITUDE_DIR = A2B
TIME_SYSTEM = UTC
START_TIME = 2025-03-05T04:29:52.006272
STOP_TIME = 2025-03-06T00:00:00.0
ATTITUDE_TYPE = QUATERNION
QUATERNION_TYPE = LAST
META_STOP

60739 16192.006272 -0.2539266867791634 -0.7119433574726383 -0.6171287184539207 -0.21865506706080556
60739 16612.006272 -0.40497598302099164 -0.6382418256711572 -0.6501787768953184 -0.07687251274049535
60739 17032.006272 -0.536014786598332 -0.5329961898419497 -0.6510595592700695 0.0687361654805674
60739 17452.006272 -0.6405523919005521 -0.4013987272283151 -0.6197293361574429 0.2109674024958018
60739 17872.006272 -0.7134193204445559 -0.24992373941503893 -0.5577318631302293 0.34279172472875585
60739 18292.006272 0.7509976740216927 0.08602991303553321 0.46811087072428903 -0.45768281635522856
60739 18712.006272 0.7513963816164115 -0.0822400151841956 0.35523913322498735 -0.5499501939465311
60739 19132.006272 0.7145716523548703 -0.24643055220234666 0.2247679772390553 -0.6149298277038937
60739 19552.006272 0.6423723627780787 -0.3983900115031886 0.08317476063008562 -0.6494036537220327
60739 19972.006272 0.5383650630796403 -0.5306213681425394 -0.0625591052048688 -0.6516827302313302
60739 20392.006272 0.4076035882935773 -0.6366223408178141 -0.20529859289580918 -0.6216299524128865
60739 20812.006272 0.2562143420625481 -0.7111856486148159 -0.33818376950057494 -0.560536280870526
60739 21232.006272 0.09227744215660788 -0.7502567912162491 -0.45405204028648016 -0.47163159946574434
60739 21652.006272 -0.07595729833960792 -0.7520579573384909 -0.5471779399897277 -0.3594935599164501
60739 22072.006272 -0.24012703588874218 -0.7167147893607513 -0.6130644694528027 -0.22980616536858703
60739 22492.006272 -0.39218656734107565 -0.6461769273994943 -0.6486278742646209 -0.08903345225662007
60739 22912.006272 -0.5248036488596829 -0.5440339484465199 -0.6522873529096308 0.05594106108574191
60739 23332.006272 -0.6316287151340269 -0.4152955307794291 -0.6239603921801646 0.19811162843999305
60739 23752.006272 -0.7075318691537025 -0.266135331842639 -0.5650199007878076 0.33064051625687446
60739 24172.006272 -0.7487683448221683 -0.10367566545023646 -0.4782235566686942 0.4471012771541425
60739 24592.006272 0.7531513363118055 -0.0642543317197311 0.3676455240874789 -0.5417298349596735
60739 25012.006272 0.7202325049954076 -0.22937459460379156 0.2386041498116104 -0.6096888499809269
60739 25432.006272 0.651432797743056 -0.3834014603423702 0.09743798393088005 -0.6474136772724826
60739 25852.006272 0.5500750526269846 -0.5184747708762334 -0.04875985654290591 -0.652858196572711
60739 26272.006272 0.42124416634015255 -0.6276829023858657 -0.19256358494998832 -0.6256890538662591
60739 26692.006272 0.2714627070154598 -0.7055110856669987 -0.3266943419771657 -0.5673031937341072
60739 27112.006272 0.10837115667408849 -0.748108018062161 -0.4443703902282307 -0.48075465884444174
60739 27532.006272 -0.059830215932765406 -0.7535189191852563 -0.5397774740394116 -0.3704994766675849
60739 27952.006272 -0.22476436398186156 -0.7216853359668315 -0.6082937270760593 -0.2421363213856762
60739 28372.006272 -0.37833401979209863 -0.6543895744951671 -0.646697918562963 -0.10207573848039199
60739 28792.006272 -0.5131196005876378 -0.5550751228267872 -0.653273744997604 0.042817024749686655
60739 29212.006272 -0.6226651708354589 -0.42862912614339244 -0.627808667915412 0.18553014240353644
60739 29632.006272 -0.7017181868708701 -0.28112940707099726 -0.5715487930714489 0.31920184810420216
60739 30052.006272 -0.7463977812909759 -0.11961768333852844 -0.48713233162611397 0.4373603244478604
60739 30472.006272 0.7543633591649053 -0.04813331400322521 0.37851868915019693 -0.5341747919890302
60739 30892.006272 0.7249938604633163 -0.21387464414885468 0.2509175974168766 -0.6047163783024572
60739 31312.006272 0.6595288447308147 -0.36931182096704157 0.11057877066062086 -0.6452928151941802
60739 31732.006272 0.5611074060602794 -0.5065213486914877 -0.035458820299876855 -0.6537103901935489
60739 32152.006272 0.4346525155499478 -0.6184802250317388 -0.17978390580589373 -0.6294737080958741
60739 32572.006272 0.28656814633257843 -0.6995198185218553 -0.3150808903693196 -0.573824671416921
60739 32992.006272 0.12443628096780741 -0.7456135273937857 -0.43448736411648387 -0.4896905248924133
60739 33412.006272 -0.04361063786843414 -0.7546407763447445 -0.5321186216580238 -0.38139898194315414
60739 33832.006272 -0.20920125458064773 -0.7263581269787627 -0.6032360325939701 -0.254450379119532
60739 34252.006272 -0.364198871654631 -0.662366334237259 -0.6444857277439895 -0.11518753356544079
60739 34672.006272 -0.5011035361835503 -0.5659509425912805 -0.6540039712815751 0.029556423198870828
60739 35092.006272 -0.6133492931093572 -0.4418638578305733 -0.6314344084182408 0.17277026263463544
60739 35512.006272 -0.6955501028484729 -0.29607681472806585 -0.5778873457665165 0.30756265997499127
60739 35932.006272 -0.7436766620221233 -0.13555304480517635 -0.4958756196990109 0.4274081938800428
60739 36352.006272 0.755227443229778 -0.03198345320425907 0.38924575172166614 -0.5263993849544076
60739 36772.006272 0.7294114766327794 -0.19830515521145844 0.26310703398401575 -0.5995070073327597
60739 37192.006272 0.6672918806373886 -0.35509709723038035 0.12363192289019635 -0.6429173704423046
60739 37612.006272 0.571839115205291 -0.49437436132334267 -0.02219015072236482 -0.6542947458128374
60739 38032.006272 0.4478234261838712 -0.609013013696488 -0.16696384438762416 -0.6329932091077797
60739 38452.006272 0.30152863417778714 -0.6932063329455731 -0.3033461691799649 -0.5801090969626916
60739 38872.006272 0.14045509881790622 -0.7427682212530053 -0.4244162191831187 -0.4984361620177712
60739 39292.006272 -0.027333712458007666 -0.7554109694353405 -0.5242217940101376 -0.3921717048753198
60739 39712.006272 -0.19348530278640264 -0.7307052818534968 -0.5979128248779894 -0.26670860976631194
60739 40132.006272 -0.3498346249053051 -0.6700666410510419 -0.6419988820165901 -0.12831160219320542
60739 40552.006272 -0.48880465087834996 -0.5766093830644788 -0.6544680098453644 0.016225188157409306
60739 40972.006272 -0.603717604093758 -0.4549406729357278 -0.6348133430057352 0.15989389656257175
60739 41392.006272 -0.68904820750539 -0.3109211086963873 -0.5840032473452681 0.29577159936478
60739 41812.006272 -0.7406123845624366 -0.15143712928323788 -0.5044212486201617 0.4172760425038447
60739 42232.006272 0.7557452539286124 -0.015833180990753176 0.3998026009831537 -0.5184171117847061
60739 42652.006272 0.733485388597857 -0.18267718094190108 0.27516040662384733 -0.59406648020501
60739 43072.006272 0.6747271434536504 -0.3407583775858591 0.1365940919216198 -0.6402882663644853
60739 43492.006272 0.5822782467019636 -0.482033274767098 -0.008953894594978685 -0.6546111771170552
60739 43912.006272 0.4607599757226372 -0.5992842333965467 -0.15410581338957563 -0.6362468472644289
60739 44332.006272 0.3163334351776076 -0.6865780145771547 -0.29150192876684383 -0.5861487978433773
60739 44752.006272 0.15640723064803472 -0.7395768872314252 -0.4141719905778912 -0.5069757077955863
60739 45172.006272 -0.011029776866999678 -0.7558278093895269 -0.5161025047313675 -0.40279134944249
60739 45592.006272 -0.17765292142769087 -0.7347146061726368 -0.5923364961520092 -0.2788751733502905
60739 46012.006272 -0.3352777404336401 -0.6774638350765327 -0.6392463360835946 -0.14140619058870477
60739 46432.006272 -0.4762537944170312 -0.5870117938454233 -0.6546688193302004 0.00286604022302542
60739 46852.006272 -0.5937914172462003 -0.4678133897875055 -0.6379427846099622 0.14694008542382075
60739 47272.006272 -0.682222582576518 -0.325616659547486 -0.5898878569492672 0.2838634444086869
60739 47692.006272 -0.7372046541281905 -0.16723003902351 -0.5127573501157959 0.4069930120802536
60739 48112.006272 0.7559078226700201 2.882119926072255E-4 0.41017666629201016 -0.5102532537766805
60739 48532.006272 0.7372041921988826 -0.16701026114406378 0.28706628017134367 -0.5884135471465389
60739 48952.006272 0.6818242081340016 -0.3263068956156358 0.14945558858026667 -0.637418689809339
60739 49372.006272 0.5924180103238021 -0.46950336977447926 0.004240422567539634 -0.6546674771445767
60739 49792.006272 0.4734577588971891 -0.5892954675327523 -0.14121981106291892 -0.6392382712641348
60739 50212.006272 0.3309758389653558 -0.6796352241516783 -0.27955979113290697 -0.5919436453710796
60739 50632.006272 0.17228530208728363 -0.7360373623109906 -0.40376663443892236 -0.5153050367314865
60739 51052.006272 0.005289874956533465 -0.7558878933241917 -0.5077704817126868 -0.41324889334410275
60739 51472.006272 -0.16172017007917205 -0.7383806129470867 -0.5865127951532815 -0.2909353848106709
60739 51892.006272 -0.32054609562126846 -0.6845469377225087 -0.6362312257298995 -0.15445231640518042
60739 52312.006272 -0.46346749276113663 -0.5971413738609656 -0.6546066075982585 -0.01050009837307585
60739 52732.006272 -0.5835823771085004 -0.48046613453333387 -0.640817266552045 0.13392958442313493
60739 53152.006272 -0.675078779773131 -0.3401528438578669 -0.5955341587551735 0.27185244098810996
60739 53572.006272 -0.7334552913900537 -0.182931376142284 -0.5208814369742203 0.39656270093176055
60739 53992.006272 0.7557191202423942 0.016393972290044 0.42037628313608055 -0.5019000194753024
60739 54412.006272 0.7405811807780298 -0.1512799547576286 0.29884641504037635 -0.5825330120975667
60739 54832.006272 0.688607063275354 -0.31171096314046787 0.16225195477926574 -0.6342955864860179
60739 55252.006272 0.6022861981188499 -0.4567513341217264 0.017440544446833087 -0.6544657223590573
60739 55672.006272 0.4859472555680026 -0.5790198942140569 -0.128258265010367 -0.6419821215320558
60739 56092.006272 0.3454846372552676 -0.6723610748275114 -0.26748239807794216 -0.5975149514412699
60739 56512.006272 0.18811025522062766 -0.7321413344561047 -0.393175691765366 -0.5234467247643169
60739 56932.006272 0.02163315243128269 -0.7555873989429679 -0.49921420050417115 -0.4235621221137064
60739 57352.006272 -0.14569463737594882 -0.7417000845320527 -0.5804370173420511 -0.3028975505746129
60739 57772.006272 -0.3056583541149227 -0.691308797835922 -0.6329503343266829 -0.1674484722837124
60739 58192.006272 -0.450470153656633 -0.60698895027987 -0.6542718367727898 -0.023862491669369892
60739 58612.006272 -0.5731154195132607 -0.4928862394652995 -0.6434211197818547 0.12087652162665286
60739 59032.006272 -0.6676386210039337 -0.35451287583976737 -0.6009241674128364 0.25974879716174404
60739 59452.006272 -0.7293820570884173 -0.19852204210231228 -0.5287762219777958 0.38598772087708366
60739 59872.006272 0.7551941225266555 0.032462538594394706 0.4303876781528476 -0.49335024818419126
60739 60292.006272 0.7436232683951008 -0.13550660963772893 0.31049098868043146 -0.5764180248692125
60739 60712.006272 0.6950727697217358 -0.2969894072786401 0.17497530785322296 -0.6309158251282867
60739 61132.006272 0.6118808157966159 -0.44379747008122006 0.030634163551154222 -0.6539932880642564
60739 61552.006272 0.4982231886502138 -0.5684777997522102 -0.11523411961511663 -0.6444592641561051
60739 61972.006272 0.3598461409825463 -0.6647760077065482 -0.25528216541975457 -0.6028388096467527
60739 62392.006272 0.20383992696098796 -0.7279121467970598 -0.3824239791302896 -0.5313615444384271
60739 62812.006272 0.037939269321368096 -0.7549391733727185 -0.4904614031602738 -0.4336762252657303
60739 63232.006272 -0.12964182746105885 -0.7446695865723149 -0.5741299910281387 -0.31469819956396966
60739 63652.006272 -0.29067569684483546 -0.6977397726587783 -0.6294024073447738 -0.18033152398415847
60739 64072.006272 -0.4373080186690699 -0.6165392979402822 -0.6536505786477532 -0.03717407613504001
60739 64492.006272 -0.5624195030034168 -0.5050587182228267 -0.6457386615877078 0.10780340773565912
60739 64912.006272 -0.6599179441943885 -0.368692409961036 -0.6060454097973501 0.24755438802601978
60739 65332.006272 -0.724994984686411 -0.21400955516972797 -0.5364369598652906 0.3752566729134745
60739 65752.006272 0.7543409124846846 0.04850910582548475 0.4402120914508747 -0.48459258036440483
60739 66172.006272 0.7463399675536735 -0.11967891779558237 0.3220005167030099 -0.5700607658050627
60739 66592.006272 0.7012340118404332 -0.2821457271407093 0.18761795670193795 -0.6272672091042232
60739 67012.006272 0.6211995358290957 -0.4306616761501064 0.043802687051875865 -0.6532403707582166
60739 67432.006272 0.5102606268543255 -0.5577024206814138 -0.10218124106772233 -0.646653768737322
60739 67852.006272 0.37400715655526157 -0.6569188272842215 -0.24300790225503924 -0.6078844138868642
60739 68272.006272 0.21939329768939408 -0.7233835067961208 -0.37156871651394463 -0.5389986752604309
60739 68692.006272 0.05410966500236395 -0.7539599266113309 -0.48156570082485667 -0.4435211934131595
60739 69112.006272 -0.11365960049084403 -0.7472813883926673 -0.5676338158661818 -0.32625737212113215
60739 69532.006272 -0.27567622519620866 -0.7038046573720256 -0.6256217113508629 -0.19302615731924205
60739 69952.006272 -0.4240299546332413 -0.6257488062345754 -0.6527629609674368 -0.05037405938337678
60739 70372.006272 -0.5515135379141046 -0.5169497410430633 -0.6477794161730407 0.09475025443497133
60739 70792.006272 -0.6519130671195426 -0.38267737179018546 -0.610906945928694 0.23528724031409526
60739 71212.006272 -0.7202791576495325 -0.22940362791133181 -0.543878899908239 0.36437295837013317
60739 71632.006272 0.7531450643504527 0.06456163522001147 0.449871978367708 -0.4756253887060647
60739 72052.006272 0.7487270452880606 -0.10376544362505244 0.3334005235892333 -0.5634577492890942
60739 72472.006272 0.7070902055705788 -0.26715428307892186 0.20020048290173006 -0.6233552733912324
60739 72892.006272 0.6302391128819362 -0.41733520146552516 0.056947913935692915 -0.6522169311738945
60739 73312.006272 0.5220393800401318 -0.5467037954879692 -0.08912343049263466 -0.648572941020197
60739 73732.006272 0.3879616848028578 -0.648786914021768 -0.23067031155671744 -0.6126601657406542
60739 74152.006272 0.23486881280291874 -0.71852061973265 -0.36054460053074483 -0.5464177438733863
60739 74572.006272 0.07033112244649552 -0.7526325569356503 -0.472425639969038 -0.45322376609768145
60739 74992.006272 -0.09752155892362485 -0.7495696592038295 -0.5608540792880171 -0.3377537169183362
60739 75412.006272 -0.2604525156835771 -0.7095893941836071 -0.6215507490000549 -0.2057232246337496
60739 75832.006272 -0.41049446610961515 -0.6347182400517675 -0.6515979430901561 -0.06361736869477369
60739 76252.006272 -0.5403384690366083 -0.5286273800909546 -0.6495560838814809 0.08163532195013665
60739 76672.006272 -0.6436314252414752 -0.39646146177118324 -0.6155077275094377 0.2229509702783367
60739 77092.006272 -0.715269067437315 -0.2446057219025709 -0.5510539485258997 0.35340875455185145
60739 77512.006272 0.7516245517882648 0.0804451265403339 0.459259407968883 -0.46655108075865664
60739 77932.006272 0.7507555362739794 -0.08797380486318283 0.34453631537402385 -0.5567059024299593
60739 78352.006272 0.7125650986542599 -0.252206577801206 0.21255338679736197 -0.6192446043807085
60739 78772.006272 0.6389109135636593 -0.40394277174453047 0.06993745262242422 -0.6509468752557943
60739 79192.006272 0.5335124648079915 -0.5355199468918871 -0.07611521946580825 -0.650222507870255
60739 79612.006272 0.40165626378368446 -0.6404066013003064 -0.21832270131975368 -0.6171602943018671
60739 80032.006272 0.25003615583199995 -0.713393330345342 -0.3495325718177387 -0.5535150027180968
60739 80452.006272 0.08622994106479787 -0.7509867436671691 -0.46327294933464286 -0.462559706972975
60739 80872.006272 -0.0816557508030154 -0.751471864367376 -0.5539939275052559 -0.3488740513599675
60739 81292.006272 -0.2453805911343912 -0.7149462036538059 -0.6173124478081654 -0.2180954679873895
60739 81712.006272 -0.3969451019527961 -0.6432811053015106 -0.6501913492930813 -0.07664995043829728
60739 82132.006272 -0.5289794984693643 -0.5399949891881118 -0.6510636009654254 0.06857324076317267
60739 82552.006272 -0.635035225547153 -0.41009234691964297 -0.6198740249198073 0.21050112242440402
60739 82972.006272 -0.7098812792033348 -0.2598380314748771 -0.558080452629399 0.34219727530894084
60739 83392.006272 0.7497341890446929 0.09652219141290017 0.46860658370553143 -0.4571542212975606
60739 83812.006272 0.7524720044146979 -0.0718687562127746 0.35573610678733736 -0.5496113051787997
60739 84232.006272 0.7178052141637781 -0.2368891233177078 0.22504070154776742 -0.6148137119648107
60739 84652.006272 0.6473948180623291 -0.3902006799382424 0.08306510894337756 -0.6494024688881325
60739 85072.006272 0.5447874754970268 -0.524042588746343 -0.06301944873736876 -0.6516245244022403
60739 85492.006272 0.41519800586228345 -0.6317101170352768 -0.20585629435127742 -0.6214307121789365
60739 85912.006272 0.2652720334987053 -0.7078707203866857 -0.33823752106732485 -0.560486548281872
60739 86332.006272 0.10238708399951103 -0.7489579601991466 -0.45375022000276294 -0.4718999859417828
