CIC_OEM_VERS = 2.0
CREATION_DATE = 2025-03-05T13:44:25.307547
ORIGINATOR = ISAE-SUPAERO


META_START
OBJECT_NAME = PLEIADES1A
OBJECT_ID = PLEIADES1A
CENTER_NAME = Earth
REF_FRAME = EME2000
TIME_SYSTEM = UTC
START_TIME = 2025-03-05T03:49:20.890
USEABLE_START_TIME = 2025-03-05T03:49:20.890
USEABLE_STOP_TIME = 2025-03-05T23:53:20.890
STOP_TIME = 2025-03-05T23:53:20.890
INTERPOLATION = lagrange
INTERPOLATION_DEGREE = 5
META_STOP



60739 13760.89 -4432.3237 4248.7127 3516.9711 3.5085223 -1.6594147000000001 6.4242999
60739 14180.89 -2569.7992999999997 3155.4747 5778.6766 5.1960067 -3.4415953 4.1899351
60739 14600.89 -208.08151 1448.3882 6910.1607 5.867947600000001 -4.5532064000000005 1.1234753000000002
60739 15020.89 2196.5072999999998 -542.68287 6692.4216 5.3877127 -4.7691296 -2.1551832
60739 15440.89 4170.2129 -2426.3052000000002 5163.804 3.8533931 -4.0527911 -5.0157091000000005
60739 15860.89 5327.698200000001 -3835.2626 2620.5638 1.5652427 -2.5441468 -6.8954177
60739 16280.89 5441.5069 -4492.8946 -437.45714000000004 -1.0323325 -0.53526507 -7.4234349
60739 16700.89 4489.4641 -4270.4846 -3409.754 -3.4248876 1.5759688 -6.4944099
60739 17120.89 2660.6837 -3214.1497999999997 -5714.6863 -5.141155800000001 3.3726753 -4.2973937
60739 17540.89 313.10934000000003 -1531.3222 -6903.561900000001 -5.8526419 4.5077340999999995 -1.2718072
60739 17960.89 -2095.3985000000002 448.84464 -6748.9995 -5.4273952 4.7661019 1.9951002000000002
60739 18380.89 -4097.517 2341.93 -5282.2024 -3.9490046000000003 4.0998107 4.8747069000000005
60739 18800.89 -5304.0041 3780.2217 -2787.3079 -1.7003781 2.6354606 6.8096205
60739 19220.89 -5478.352400000001 4482.8718 251.27795 0.8839855700000001 0.6549147799999999 7.4190894
60739 19640.89 -4585.31 4312.0503 3240.6235 3.2979491 -1.454747 6.579280600000001
60739 20060.89 -2798.728 3300.9267000000004 5596.8357000000005 5.0684995 -3.2801942 4.4546417
60739 20480.89 -467.00193 1646.8693 6860.2069 5.8510776 -4.4658179 1.4616047
60739 20900.89 1955.6325 -327.86557 6784.2002999999995 5.4940641999999995 -4.7819403000000005 -1.8181509000000002
60739 21320.89 3997.8874 -2239.0375 5384.161400000001 4.0620785 -4.1636028 -4.7475901
60739 21740.89 5261.0651 -3713.7219 2933.1325 1.8317968 -2.7282335 -6.7482037
60739 22160.89 5491.711 -4459.527599999999 -94.792613 -0.75377053 -0.7628660700000001 -7.4319081
60739 22580.89 4648.607 -4333.4353 -3104.2417 -3.1943562 1.3534021 -6.659944
60739 23000.89 2896.8589 -3360.3389 -5505.5106 -5.0083599 3.2030066 -4.5848111
60739 23420.89 579.83185 -1731.526 -6829.6992 -5.8426376 4.4247314 -1.6176180999999998
60739 23840.89 -1850.3634 234.74565 -6820.0795 -5.5381941 4.783434100000001 1.6623351
60739 24260.89 -3920.19 2155.2635 -5478.87 -4.15472 4.2103771 4.6187393000000005
60739 24680.89 -5225.8488 3655.6141000000002 -3067.0669 -1.9591751 2.8154187000000004 6.6755762999999995
60739 25100.89 -5511.7547 4442.6086 -55.277561999999996 0.62037852 0.86993931 7.4276776
60739 25520.89 -4721.7952000000005 4362.428400000001 2967.286 3.0766430000000002 -1.2432788000000001 6.7276499
60739 25940.89 -3011.0292000000004 3431.7037000000005 5410.6323 4.930162500000001 -3.1111224 4.7160943
60739 26360.89 -715.32007 1834.2382 6799.726000000001 5.8209491 -4.3698045 1.7901119
60739 26780.89 1719.3044 -119.28593 6865.7316 5.581242100000001 -4.7792312 -1.4809616
60739 27200.89 3820.1389 -2049.5914 5595.8237 4.257116 -4.2607603 -4.4670992
60739 27620.89 5177.799 -3581.0950000000003 3235.0474 2.1006048 -2.9113037 -6.5889938
60739 28040.89 5527.389700000001 -4415.2458 243.76382 -0.46977879 -0.9910330199999999 -7.4245441
60739 28460.89 4796.8837 -4386.7689 -2795.9703 -2.9511686 1.124459 -6.8095042
60739 28880.89 3129.8732000000005 -3501.8795 -5288.5356 -4.854958 3.0190645 -4.8628256
60739 29300.89 852.4588100000001 -1934.0727 -6747.2783 -5.8100327 4.3227279 -1.9688733
60739 29720.89 -1591.0371000000002 10.466955 -6888.4947 -5.6330163 4.7836571 1.3075208
60739 30140.89 -3724.6192 1952.9308 -5684.5706 -4.358038400000001 4.3126315 4.3309446
60739 30560.89 -5131.644 3514.3703 -3369.2371000000003 -2.2302383 2.9990247 6.5117759
60739 30980.89 -5536.2316 4389.2841 -394.15775 0.33584239000000005 1.0978762 7.419427600000001
60739 31400.89 -4859.102900000001 4406.6343 2658.3673 2.834947 -1.0166988000000001 6.8736133
60739 31820.89 -3233.1507 3563.6397 5191.0904 4.7765348 -2.9288652 4.9859945
60739 32240.89 -978.0990300000001 2027.1784 6710.7946 5.7839416 -4.2661641 2.1319623
60739 32660.89 1466.9912 96.998585 6924.1155 5.6672224 -4.7734597999999995 -1.1326524999999998
60739 33080.89 3627.2947000000004 -1851.9741999999999 5790.126200000001 4.4498163 -4.3540524 -4.178688
60739 33500.89 5082.3845 -3440.8458 3527.8895 2.3635973 -3.0862419 -6.4161721
60739 33920.89 5551.2136 -4362.5235999999995 576.54647 -0.18593647000000002 -1.2144591 -7.398205600000001
60739 34340.89 4934.9607000000005 -4430.988 -2485.102 -2.6998783 0.89364878 -6.939515500000001
60739 34760.89 3357.6329 -3636.5622000000003 -5061.7354000000005 -4.686440800000001 2.8262828 -5.1269758
60739 35180.89 1127.0861000000002 -2134.6769 -6651.2546 -5.7594865 4.2071479 -2.317062
60739 35600.89 -1322.5502 -217.83502 -6944.5132 -5.7126030000000005 4.7698398 0.9441502
60739 36020.89 -3514.7586 1741.2516 -5883.3736 -4.5532224 4.4045777 4.0262801
60739 36440.89 -5025.009 3362.7881 -3676.0869 -2.5018966000000002 3.1773476 6.3221245
60739 36860.89 -5550.6705999999995 4324.7548 -750.39301 0.038058418000000004 1.3311081 7.3881992
60739 37280.89 -4992.9733 4443.0207 2324.1603 2.5737596 -0.77749588 7.0086226
60739 37700.89 -3460.6144 3693.955 4943.688 4.6033845 -2.7311457 5.2587609
60739 38120.89 -1253.3129 2224.5986000000003 6597.400900000001 5.7329947 -4.1493112000000005 2.4863721
60739 38540.89 1197.864 322.44953000000004 6964.5145999999995 5.7462979999999995 -4.7587306 -0.76684188
60739 38960.89 3416.1077999999998 -1642.3707 5974.1143 4.6419403 -4.4428090000000005 -3.8716761
60739 39380.89 4969.3235 -3287.4232 3818.0298 2.6311619 -3.2606471000000004 -6.225734800000001
60739 39800.89 5552.901900000001 -4291.0421 914.94527 0.10275843000000001 -1.4396912 -7.3664919
60739 40220.89 5052.3838 -4456.8639 -2166.9359 -2.4469711000000003 0.66352073 -7.0645621
60739 40640.89 3564.1853 -3751.5278 -4824.736900000001 -4.5170442 2.6352486 -5.3820803
60739 41060.89 1381.6943999999999 -2315.3377 -6539.962500000001 -5.702674200000001 4.0894891 -2.6511904
60739 41480.89 -1069.6494 -428.65171999999995 -6979.5275 -5.7773631 4.746078000000001 0.5922526800000001
60739 41900.89 -3313.0004 1541.3476 -6058.653 -4.7285303 4.479756 3.7205832
60739 42320.89 -4911.5387 3211.2982 -3955.8191 -2.7569562000000003 3.3404129 6.127472399999999
60739 42740.89 -5552.260200000001 4255.0190999999995 -1079.4329 -0.24376984999999998 1.5471999 7.3402991
60739 43160.89 -5109.3596 4468.2645999999995 2007.9408 2.3183995 -0.5491502500000001 7.1163634
60739 43580.89 -3668.1079 3808.5797000000002 4702.6885 4.4258147 -2.5360445 5.502403
60739 44000.89 -1512.824 2407.413 6479.0212 5.6670217 -4.0251402 2.816901
60739 44420.89 936.75287 538.00454 6992.1984 5.8048436 -4.729599 -0.41326585
60739 44840.89 3204.2653999999998 -1435.9427 6143.091 4.8142264 -4.514768500000001 -3.5636205
60739 45260.89 4848.2661 -3130.4066000000003 4095.9136000000003 2.8842465 -3.4202806999999997 -6.023905399999999
60739 45680.89 5548.4863 -4215.5112 1249.2153 0.38812673000000003 -1.6562225000000002 -7.308652200000001
60739 46100.89 5164.7442 -4477.0443 -1842.1487 -2.1845377 0.43121814999999997 -7.1660266
60739 46520.89 3772.8853 -3864.7432000000003 -4573.3387 -4.3299172 2.4334002 -5.622946700000001
60739 46940.89 1646.4083 -2499.8522000000003 -6411.3139 -5.6281123 3.9579798 -2.9849801000000005
60739 47360.89 -800.33729 -648.7430300000001 -6999.3225 -5.8304647 4.7110536000000005 0.23097336999999998
60739 47780.89 -3091.4845 1328.4261000000001 -6223.4817 -4.8992612 4.5483815000000005 3.4028435
60739 48200.89 -4780.900000000001 3046.9486 -4233.6118 -3.0119691 3.4993881 5.916291500000001
60739 48620.89 -5540.9506 4173.1126 -1418.8442 -0.5332250900000001 1.7646631 7.2729776
60739 49040.89 -5216.1467 4482.1750999999995 1674.2397 2.0472742 -0.31127945999999995 7.213646300000001
60739 49460.89 -3872.0861 3915.1035 4437.7792 4.2320844 -2.3286603 5.7478714
60739 49880.89 -1769.9989 2582.227 6333.9576 5.5950423 -3.8958809000000003 3.1519439000000005
60739 50300.89 676.38244 746.18837 6990.2402 5.8608541 -4.6994517 -0.065567129
60739 50720.89 2992.3971 -1236.1827 6282.0363 4.9742118 -4.5785791 -3.2685063
60739 51140.89 4725.3184 -2977.7407000000003 4346.0408 3.1155016 -3.5614002 -5.8228745
60739 51560.89 5529.8329 -4134.0255 1554.9965 0.6531723500000001 -1.8538626999999999 -7.244099
60739 51980.89 5255.200400000001 -4483.4637999999995 -1539.829 -1.9395635 0.2177783 -7.247709700000001
60739 52400.89 3954.795 -3957.7515000000003 -4333.1775 -4.1510473 2.2446776 -5.8335597
60739 52820.89 1883.0843 -2660.2811 -6279.9179 -5.5501609 3.8306928 -3.2837152
60739 53240.89 -555.0202400000001 -845.2407900000001 -7001.9306 -5.8678826 4.6693468000000005 -0.097960296
60739 53660.89 -2885.2212999999997 1134.087 -6359.4936 -5.0448011 4.6002228999999994 3.1069074999999997
60739 54080.89 -4653.9708 2892.6647000000003 -4476.7505 -3.2379482 3.6351278000000002 5.710589
60739 54500.89 -5515.1283 4087.0412 -1719.1653999999999 -0.7957510200000001 1.9588904 7.2028732
60739 54920.89 -5299.653 4483.549599999999 1374.9811000000002 1.8050046 -0.10228918000000001 7.2858355
60739 55340.89 -4048.6509 4003.879 4199.365400000001 4.0517116 -2.142018 5.9434554
60739 55760.89 -2007.4372 2742.9337 6203.222400000001 5.5048817 -3.7607247000000004 3.4420167000000004
60739 56180.89 424.47909999999996 948.09994 6996.4873 5.8839988000000005 -4.644506000000001 0.27344465
60739 56600.89 2773.8727000000003 -1031.1362 6425.5416 5.1185491 -4.624563 -2.9473255
60739 57020.89 4583.4498 -2809.6235 4601.1900000000005 3.3554372 -3.7040513 -5.5965876
60739 57440.89 5499.731400000001 -4040.5061 1877.8355000000001 0.9346911800000001 -2.0594775 -7.1560596
60739 57860.89 5342.6260999999995 -4482.7723 -1212.795 -1.6704942 -0.011501908 -7.3162896
60739 58280.89 4138.9578 -4046.4732000000004 -4062.9314 -3.9495402 2.0372339 -6.0526543
60739 58700.89 2128.1285000000003 -2821.4106 -6120.7351 -5.4599041 3.6910907 -3.5991167
60739 59120.89 -301.47265000000004 -1042.4080000000001 -6977.933400000001 -5.9045612 4.6254006 -0.43636921
60739 59540.89 -2671.1114 938.85596 -6471.4232 -5.1856809 4.6490299 2.8167943
60739 59960.89 -4519.897900000001 2736.5578 -4702.561900000001 -3.4503914 3.7593502 5.5050877
60739 60380.89 -5483.2876 3998.2132 -2010.1919 -1.048263 2.1412328000000005 7.1165463
60739 60800.89 -5374.5635999999995 4478.264099999999 1077.0387 1.5610433000000001 0.1039602 7.3403667
60739 61220.89 -4215.883 4083.4512999999997 3953.4022000000004 3.8645586 -1.9524565 6.1290664
60739 61640.89 -2234.944 2892.2604 6056.977400000001 5.4115553 -3.6252051 3.7225471
60739 62060.89 181.17493 1137.9865 6978.5178 5.903361 -4.5901269000000005 0.59346977
60739 62480.89 2562.0692999999997 -837.6225400000001 6539.2195 5.2466309 -4.661929 -2.6509758000000003
60739 62900.89 4444.1597 -2650.0778 4823.9082 3.5668059 -3.8256569000000002 -5.3823631
60739 63320.89 5459.2701 -3945.5436 2165.1423999999997 1.1871767 -2.240879 -7.0664721
60739 63740.89 5408.0650000000005 -4470.2908 -917.3079200000001 -1.4270236 -0.21637581 -7.3674694
60739 64160.89 4299.8588 -4121.3065 -3819.9516000000003 -3.7604729000000003 1.8486024 -6.2265983
60739 64580.89 2346.7547000000004 -2962.7895 -5971.6228 -5.363518600000001 3.5545798 -3.8728725
60739 65000.89 -63.968681 -1226.3344 -6954.807400000001 -5.9176299 4.5670694 -0.75077709
60739 65420.89 -2462.0841 749.01589 -6579.1174 -5.305591300000001 4.680257 2.5233741
60739 65840.89 -4378.9933 2577.3594 -4917.7051 -3.6577456 3.8768559000000002 5.2879976
60739 66260.89 -5441.5524000000005 3902.7758 -2294.9035 -1.2968598999999998 2.3175304999999997 7.018200200000001
60739 66680.89 -5440.6567000000005 4465.6714 778.56426 1.3112067 0.31145063 7.3796902
60739 67100.89 -4372.5079000000005 4152.5773 3698.8154 3.6690375 -1.7577341 6.309092
60739 67520.89 -2452.1838 3030.3846000000003 5897.3544 5.311018600000001 -3.4842212 4.0030306
60739 67940.89 -55.24924 1319.2165 6946.657099999999 5.9131551 -4.528041 0.9139483
60739 68360.89 2352.6132000000002 -648.8291 6640.4664 5.363304100000001 -4.6885671 -2.3471664000000003
60739 68780.89 4302.9493 -2490.6947999999998 5039.5673 3.7704165 -3.9372024000000003 -5.1499503
60739 69200.89 5416.1273 -3847.9736000000003 2455.7735000000002 1.4424114 -2.4188931 -6.9499976
60739 69620.89 5474.804 -4456.071900000001 -607.38623 -1.1675693 -0.42888805 -7.3941988
60739 70040.89 4467.5858 -4196.638 -3552.0793 -3.5485635 1.6431984 -6.395681400000001
60739 70460.89 2591.6232999999997 -3121.1767999999997 -5804.4195 -5.2365134 3.3929327 -4.152722
60739 70880.89 212.39388 -1439.6478000000002 -6926.889700000001 -5.9061573 4.4821593 -1.1041059
60739 71300.89 -2208.0027999999998 521.2932000000001 -6701.3071 -5.4290913000000005 4.7015355 2.1614848
60739 71720.89 -4198.8065 2380.6553 -5169.433400000001 -3.8935906 4.005953 5.013590199999999
60739 72140.89 -5369.7317 3774.8942 -2627.0302 -1.5946505 2.5272530000000004 6.8929276
60739 72560.89 -5491.6 4431.7717 430.51140999999996 1.0244183 0.5483386 7.4238836
60739 72980.89 -4537.6338 4220.463900000001 3403.5505000000003 3.4420688 -1.5373067 6.4973985
60739 73400.89 -2695.3098999999997 3182.7252000000003 5707.5662 5.1830518 -3.318626 4.301799600000001
60739 73820.89 -325.41058000000004 1522.6332 6894.8451 5.9106670999999995 -4.4504016 1.2667238
60739 74240.89 2107.6648999999998 -433.76336 6736.2177 5.4835956 -4.7114310999999995 -2.0088857
60739 74660.89 4130.386100000001 -2305.7169 5262.7135 3.9889733 -4.0550926 -4.8914258
60739 75080.89 5348.7227 -3728.6342999999997 2761.7617 1.7163634 -2.6083875 -6.8203621000000005
60739 75500.89 5524.9051 -4425.0792 -278.72902000000005 -0.8912755499999999 -0.65305038 -7.417462700000001
60739 75920.89 4624.981900000001 -4259.6338 -3264.7327000000005 -3.3230470999999997 1.4276381 -6.566326500000001
60739 76340.89 2825.3065 -3265.6043 -5614.3963 -5.1044543 3.2268657 -4.437986700000001
60739 76760.89 477.13461 -1637.6480000000001 -6871.5053 -5.8927928000000005 4.3972983 -1.4496506999999998
60739 77180.89 -1963.5699 307.95068 -6792.2835000000005 -5.5377903 4.714688600000001 1.8214215999999999
60739 77600.89 -4022.6812999999997 2193.5592 -5390.423400000001 -4.1047263 4.1157112 4.745031200000001
60739 78020.89 -5297.2447 3651.3952000000004 -2934.3003 -1.8652158 2.7113876 6.7517376
60739 78440.89 -5536.3954 4395.357 95.939064 0.74624961 0.77168281 7.4375141000000005
60739 78860.89 -4690.812 4278.1511 3107.3032000000003 3.2130709000000004 -1.3203443 6.6629011
60739 79280.89 -2926.7922000000003 3323.3809 5509.076 5.0469186 -3.1503020999999998 4.5831067999999995
60739 79700.89 -588.7569599999999 1716.9643 6828.3739000000005 5.8957272000000005 -4.3654572 1.6061164
60739 80120.89 1863.6921000000002 -224.1755 6811.4719000000005 5.590607100000001 -4.724916599999999 -1.6788028
60739 80540.89 3952.9886 -2121.7856 5463.104 4.193217300000001 -4.161327 -4.635405700000001
60739 80960.89 5270.4282 -3605.0860000000002 3045.3534 1.9760294 -2.784667 -6.686181400000001
60739 81380.89 5558.4812 -4384.2753 31.215621 -0.62676593 -0.86441363 -7.4277819
60739 81800.89 4761.7941 -4307.9038 -2989.1563 -3.1028483000000002 1.2209391 -6.71665
60739 82220.89 3037.9286 -3392.8442000000005 -5426.5763 -4.968607100000001 3.0628914 -4.698848600000001
60739 82640.89 724.48114 -1819.3775 -6808.4053 -5.865946 4.3058662000000005 -1.7737125
60739 83060.89 -1729.3438999999998 106.45591 -6868.4344 -5.6266095 4.7138498 1.4927076
60739 83480.89 -3848.0888 2011.5618000000002 -5594.6783 -4.2957577 4.208334600000001 4.4739166
60739 83900.89 -5219.4218 3525.8877 -3231.8559 -2.1246430999999997 2.8823311 6.5923494
60739 84320.89 -5573.3746 4352.8207999999995 -238.07468 0.46838965000000005 0.98934183 7.4278851999999995
60739 84740.89 -4838.129599999999 4329.0756 2802.3388 2.9749839000000002 -1.1008948 6.8087663
60739 85160.89 -3156.4446000000003 3458.4658 5293.1738 4.899655800000001 -2.9757467 4.8546416
60739 85580.89 -857.60732 1911.6849 6746.6786 5.8648748 -4.2670728 1.952
60739 86000.89 1609.1749 -9.3117696 6876.529500000001 5.6856658 -4.7261458 -1.3346824
