CIC_AEM_VERS = 1.0
CREATION_DATE = 2025-03-05T13:48:56.234Z
ORIGINATOR = CS Group

META_START
OBJECT_NAME = RED1
OBJECT_ID = RED1
CENTER_NAME = null
REF_FRAME_A = EME2000
REF_FRAME_B = SC_BODY_1
ATTITUDE_DIR = A2B
TIME_SYSTEM = UTC
START_TIME = 2025-03-05T13:48:26.000352
STOP_TIME = 2025-03-05T23:59:60.0
ATTITUDE_TYPE = QUATERNION
QUATERNION_TYPE = LAST
META_STOP

60739 49706.000352 -0.04360444008472856 0.0011418226764915314 -0.07838442526632121 -0.9959684889199765
60739 49796.000352 -0.043602596233965354 0.0012101708702448124 -0.07994550037430062 -0.9958443985171707
60739 49886.000352 -0.04360064523319878 0.0012785160960349573 -0.08150637915970911 -0.9957178612880833
60739 49976.000352 -0.04359858709013808 0.0013468581787670123 -0.08306705762192969 -0.995588877556808
60739 50066.000352 -0.043596421809059975 0.0014151969524650021 -0.08462753197110931 -0.9954574476367692
60739 50156.000352 -0.043594149396073666 0.0014835322488646226 -0.08618779836438406 -0.9953235718516866
60739 50246.000352 -0.04359176986163098 0.0015518639011529122 -0.08774785298886655 -0.9951872505285662
60739 50336.000352 -0.04358928320912435 0.0016201917419184555 -0.08930769202386422 -0.9950484840013599
60739 50426.000352 -0.04358668944484124 0.0016885156029465402 -0.09086731162870204 -0.9949072726117092
60739 50516.000352 -0.043583988574228696 0.0017568353163791538 -0.09242670797215002 -0.9947636167065337
60739 50606.000352 -0.04358118060456514 0.0018251507144942712 -0.09398587722502401 -0.994617516638544
60739 50696.000352 -0.04357826554341719 0.0018934616294531313 -0.09554481555568017 -0.9944689727667305
60739 50786.000352 -0.04357524339747086 0.0019617678934398105 -0.09710351913439533 -0.9943179854560108
60739 50876.000352 -0.04357211417399254 0.0020300693386344987 -0.09866198413140635 -0.9941645550773489
60739 50966.000352 -0.043568877880988385 0.0020983657972912045 -0.1002202067184469 -0.994008682007599
60739 51056.000352 -0.04356553452628279 0.0021666571016180475 -0.10177818306698398 -0.9938503666297189
60739 51146.000352 -0.04356208411819464 0.002234943083869746 -0.10333590934961073 -0.9936896093326025
60739 51236.000352 -0.04355852666502773 0.002303223576280946 -0.10489338173910291 -0.9935264105111975
60739 51326.000352 -0.04355486217567418 0.0023714984111517187 -0.10645059640966359 -0.9933607705663491
60739 51416.000352 -0.043551090659037416 0.0024397674207408122 -0.10800754953517457 -0.9931926899050092
60739 51506.000352 -0.04354721212441063 0.002508030437355477 -0.10956423729078728 -0.9930221689400518
60739 51596.000352 -0.04354322658140033 0.0025762872933063024 -0.11112065585197592 -0.9928492080903776
60739 51686.000352 -0.04353913403983773 0.0026445378209261406 -0.11267680139508182 -0.9926738077808581
60739 51776.000352 -0.043534934509655156 0.0027127818525424915 -0.11423267009686829 -0.9924959684423915
60739 51866.000352 -0.043530628001315505 0.0027810192205284462 -0.115788258135081 -0.99231569051182
60739 51956.000352 -0.04352621452530624 0.0028492497572459126 -0.1173435616878664 -0.9921329744320183
60739 52046.000352 -0.043521694092522316 0.0029174732950971102 -0.11889857693439802 -0.9919478206518043
60739 52136.000352 -0.04351706671407363 0.002985689666484199 -0.12045330005423514 -0.9917602296260234
60739 52226.000352 -0.043512332401317154 0.0030538987038352286 -0.12200772722786955 -0.9915702018154811
60739 52316.000352 -0.04350749116591363 0.0031221002395936115 -0.12356185463639592 -0.9913777376869808
60739 52406.000352 -0.04350254301972997 0.0031902941062192033 -0.12511567846169291 -0.9911828377133064
60739 52496.000352 -0.043497487974947575 0.003258480136194894 -0.12666919488639755 -0.9909855023732199
60739 52586.000352 -0.04349232604402326 0.0033266581620259488 -0.1282224000939487 -0.990785732151458
60739 52676.000352 -0.043487057239622165 0.0033948280162278245 -0.12977529026842882 -0.9905835275387549
60739 52766.000352 -0.04348168157467902 0.003462989531339135 -0.13132786159475573 -0.9903788890318154
60739 52856.000352 -0.04347619906243024 0.003531142539920193 -0.13288011025858887 -0.9901718171333256
60739 52946.000352 -0.043470609716339 0.003599286874554339 -0.13443203244649438 -0.9899623123519345
60739 53036.000352 -0.043464913550159 0.003667422367843738 -0.13598362434573322 -0.9897503752022787
60739 53126.000352 -0.04345911057788215 0.003735548852411634 -0.1375348821444095 -0.9895360062049657
60739 53216.000352 -0.043453200813777695 0.0038036661609051506 -0.1390858020314608 -0.989319205886573
60739 53306.000352 -0.04344718427238201 0.003871774125994284 -0.14063638019665295 -0.9890999747796486
60739 53396.000352 -0.04344106096846423 0.003939872580366361 -0.14218661283052508 -0.9888783134227219
60739 53486.000352 -0.04343483091709299 0.004007961356737447 -0.14373649612451264 -0.9886542223602822
60739 53576.000352 -0.04342849413358407 0.004076040287849005 -0.14528602627097675 -0.988427702142777
60739 53666.000352 -0.043422050633508465 0.004144109206461381 -0.14683519946304263 -0.9881987533266344
60739 53756.000352 -0.04341550043269654 0.004212167945360632 -0.1483840118947457 -0.987967376474243
60739 53846.000352 -0.04340884354725658 0.0042802163373603565 -0.1499324597610319 -0.9877335721539497
60739 53936.000352 -0.04340207999354705 0.004348254215297423 -0.1514805392577215 -0.9874973409400669
60739 54026.000352 -0.04339520978819627 0.004416281412035135 -0.15302824658153732 -0.9872586834128675
60739 54116.000352 -0.04338823294808819 0.004484297760463082 -0.15457557793013346 -0.9870176001585803
60739 54206.000352 -0.043381149490384636 0.004552303093498437 -0.1561225295020724 -0.986774091769394
60739 54296.000352 -0.04337395943248485 0.004620297244081385 -0.15766909749681707 -0.9865281588434588
60739 54386.000352 -0.04336666279206332 0.004688280045183468 -0.15921527811483077 -0.9862798019848701
60739 54476.000352 -0.04335925958706016 0.004756251329803134 -0.160761067557498 -0.9860290218036806
60739 54566.000352 -0.04335174983567222 0.004824210930966574 -0.16230646202716534 -0.9857758189158949
60739 54656.000352 -0.04334413355635618 0.004892158681727403 -0.16385145772712742 -0.9855201939434711
60739 54746.000352 -0.04333641076782806 0.0049600944151688186 -0.16539605086167636 -0.9852621475143133
60739 54836.000352 -0.0433285814890708 0.00502801796440534 -0.16694023763612278 -0.9850016802622671
60739 54926.000352 -0.04332064573933306 0.005095929162581404 -0.16848401425676468 -0.9847387928271251
60739 55016.000352 -0.0433126035381196 0.005163827842869889 -0.1700273769308812 -0.9844734858546282
60739 55106.000352 -0.043304454905194474 0.005231713838473206 -0.17157032186674828 -0.9842057599964636
60739 55196.000352 -0.04329619986058396 0.0052995869826271335 -0.1731128452737176 -0.9839356159102505
60739 55286.000352 -0.043287838424588054 0.005367447108599245 -0.1746549433621486 -0.9836630542595507
60739 55376.000352 -0.04327937061775653 0.005435294049687611 -0.17619661234344575 -0.9833880757138648
60739 55466.000352 -0.04327079646090056 0.005503127639223221 -0.17773784843008017 -0.9831106809486262
60739 55556.000352 -0.0432621159750849 0.005570947710567724 -0.17927864783556324 -0.9828308706452075
60739 55646.000352 -0.043253329181653186 0.005638754097118975 -0.1808190067744971 -0.982548645490909
60739 55736.000352 -0.043244436102206595 0.005706546632307615 -0.18235892146255858 -0.982264006178964
60739 55826.000352 -0.043235436758601045 0.005774325149598177 -0.18389838811653259 -0.9819769534085313
60739 55916.000352 -0.04322633117294567 0.00584208948248634 -0.18543740295425695 -0.9816874878847066
60739 56006.000352 -0.04321711936763047 0.005909839464508685 -0.18697596219475693 -0.9813956103184958
60739 56096.000352 -0.0432078013652996 0.0059775749292319234 -0.18851406205808358 -0.9811013214268459
60739 56186.000352 -0.04319837718885078 0.006045295710260961 -0.19005169876549743 -0.980804621932612
60739 56276.000352 -0.04318884686144199 0.006113001641232943 -0.19158886853931514 -0.9805055125645843
60739 56366.000352 -0.04317921040650439 0.006180692555826428 -0.1931255676030733 -0.9802039940574574
60739 56456.000352 -0.04316946784771812 0.006248368287753376 -0.19466179218142543 -0.9799000671518504
60739 56546.000352 -0.04315961920903183 0.0063160286707638095 -0.1961975385001847 -0.9795937325942985
60739 56636.000352 -0.043149664514652034 0.006383673538646046 -0.19773280278636202 -0.9792849911372453
60739 56726.000352 -0.04313960378904271 0.006451302725225297 -0.1992675812681378 -0.9789738435390488
60739 56816.000352 -0.04312943705693034 0.006518916064364996 -0.20080187017487455 -0.9786602905639785
60739 56906.000352 -0.043119164343304255 0.006586513389968739 -0.20233566573715778 -0.9783443329822072
60739 56996.000352 -0.043108785673414925 0.006654094535979602 -0.20386896418678715 -0.9780259715698129
60739 57086.000352 -0.043098301072767436 0.006721659336379202 -0.20540176175677802 -0.9777052071087781
60739 57176.000352 -0.04308771056713092 0.006789207625188719 -0.2069340546813518 -0.9773820403869924
60739 57266.000352 -0.043077014182537045 0.006856739236470632 -0.20846583919597975 -0.9770564721982432
60739 57356.000352 -0.04306621194527302 0.0069242540043278735 -0.20999711153738776 -0.9767285033422145
60739 57446.000352 -0.04305530388188965 0.0069917517629059225 -0.2115278679435753 -0.9763981346244827
60739 57536.000352 -0.04304429001919623 0.007059232346390169 -0.213058104653775 -0.9760653668565257
60739 57626.000352 -0.04303317038425976 0.007126695589008207 -0.21458781790850623 -0.9757302008557113
60739 57716.000352 -0.04302194500441031 0.007194141325031461 -0.21611700394959166 -0.9753926374452931
60739 57806.000352 -0.04301061390723604 0.007261569388772326 -0.21764565902011193 -0.9750526774544214
60739 57896.000352 -0.04299917712059302 0.007328979614589426 -0.2191737793644859 -0.9747103217181239
60739 57986.000352 -0.04298763467257969 0.007396371836881503 -0.22070136122843034 -0.9743655710773166
60739 58076.000352 -0.04297598659156948 0.0074637458900938475 -0.22222840085898043 -0.9740184263787979
60739 58166.000352 -0.04296423290619175 0.007531101608715779 -0.22375489450450484 -0.9736688884752454
60739 58256.000352 -0.042952373645333775 0.007598438827281632 -0.22528083841472077 -0.9733169582252126
60739 58346.000352 -0.04294040883813753 0.007665757380369962 -0.22680622884068904 -0.9729626364931306
60739 58436.000352 -0.04292833851401427 0.00773305710260603 -0.2283310620348117 -0.9726059241493078
60739 58526.000352 -0.042916162702627575 0.007800337828661201 -0.22985533425088547 -0.9722468220699175
60739 58616.000352 -0.04290388143389921 0.007867599393253362 -0.23137904174408747 -0.9718853311370025
60739 58706.000352 -0.04289149473801441 0.00793484163114652 -0.23290218077094613 -0.97152145223848
60739 58796.000352 -0.04287900264541947 0.00800206437715339 -0.2344247475894061 -0.9711551862681274
60739 58886.000352 -0.04286640518681305 0.008069267466133236 -0.23594673845881792 -0.9707865341255854
60739 58976.000352 -0.04285370239315597 0.008136450732994271 -0.23746814963994883 -0.9704154967163536
60739 59066.000352 -0.04284089429566599 0.008203614012692949 -0.2389889773949908 -0.9700420749517904
60739 59156.000352 -0.042827980925822386 0.008270757140233901 -0.24050921798753927 -0.9696662697491168
60739 59246.000352 -0.042814962315365995 0.008337879950672956 -0.24202886768265747 -0.9692880820314013
60739 59336.000352 -0.04280183849628703 0.008404982279114627 -0.24354792274687478 -0.9689075127275605
60739 59426.000352 -0.042788609500842775 0.00847206396071357 -0.24506637944814308 -0.9685245627723691
60739 59516.000352 -0.04277527536154515 0.008539124830674776 -0.2465842340558935 -0.9681392331064466
60739 59606.000352 -0.04276183611116393 0.008606164724254359 -0.24810148284104047 -0.9677515246762558
60739 59696.000352 -0.042748291782727356 0.008673183476760379 -0.24961812207599696 -0.9673614384340994
60739 59786.000352 -0.04273464240952821 0.008740180923553166 -0.25113414803465356 -0.9669689753381243
60739 59876.000352 -0.042720888025102884 0.00880715690004245 -0.25264955699241076 -0.9665741363523148
60739 59966.000352 -0.04270702866326184 0.008874111241693867 -0.25416434522618325 -0.9661769224464901
60739 60056.000352 -0.04269306435806977 0.008941043784025939 -0.2556785090144224 -0.965777334596299
60739 60146.000352 -0.04267899514383888 0.009007954362606808 -0.25719204463707845 -0.9653753737832307
60739 60236.000352 -0.04266482105514753 0.009074842813062372 -0.25870494837568975 -0.9649710409945897
60739 60326.000352 -0.042650542126830567 0.009141708971069985 -0.2602172165132923 -0.9645643372235209
60739 60416.000352 -0.0426361583939818 0.009208552672364699 -0.26172884533454266 -0.9641552634689761
60739 60506.000352 -0.0426216698919505 0.00927537375273375 -0.26323983112561394 -0.9637438207357425
60739 60596.000352 -0.042607076656345076 0.0093421720480219 -0.2647501701742954 -0.9633300100344155
60739 60686.000352 -0.042592378723028984 0.009408947394127787 -0.26625985876993313 -0.9629138323814151
60739 60776.000352 -0.042577576128124975 0.009475699627007925 -0.2677688932034948 -0.9624952887989675
60739 60866.000352 -0.04256266890801238 0.009542428582674678 -0.26927726976754013 -0.962074380315114
60739 60956.000352 -0.042547657099323864 0.009609134097195826 -0.27078498475622725 -0.9616511079637097
60739 61046.000352 -0.042532540738957895 0.009675816006700245 -0.2722920344653735 -0.9612254727844041
60739 61136.000352 -0.042517319864062986 0.009742474147372497 -0.27379841519241677 -0.9607974758226553
60739 61226.000352 -0.04250199451204686 0.009809108355454992 -0.27530412323641695 -0.9603671181297269
60739 61316.000352 -0.042486564720570656 0.009875718467249281 -0.27680915489811136 -0.9599344007626738
60739 61406.000352 -0.04247103052755415 0.009942304319115672 -0.2783135064798827 -0.9594993247843512
60739 61496.000352 -0.04245539197117865 0.010008865747474793 -0.2798171742857757 -0.9590618912634087
60739 61586.000352 -0.042439649089873986 0.010075402588806178 -0.2813201546215339 -0.958622101274281
60739 61676.000352 -0.04242380192232989 0.01014191467965018 -0.28282244379458205 -0.9581799558971926
60739 61766.000352 -0.04240785050749284 0.010208401856607418 -0.2843240381140311 -0.9577354562181559
60739 61856.000352 -0.042391794884565896 0.01027486395633986 -0.28582493389070185 -0.9572886033289645
60739 61946.000352 -0.04237563509300525 0.01034130081557049 -0.2873251274371349 -0.9568393983271908
60739 62036.000352 -0.042359371172526944 0.010407712271084632 -0.28882461506758567 -0.9563878423161868
60739 62126.000352 -0.0423430031631004 0.010474098159729843 -0.2903233930980543 -0.9559339364050754
60739 62216.000352 -0.04232653110495034 0.010540458318415208 -0.2918214578462618 -0.9554776817087576
60739 62306.000352 -0.04230995503856221 0.010606792584115446 -0.2933188056317077 -0.955019079347895
60739 62396.000352 -0.042293275004665336 0.010673100793865376 -0.2948154327756424 -0.9545581304489185
60739 62486.000352 -0.04227649104425624 0.010739382784765716 -0.2963113356010671 -0.9540948361440277
60739 62576.000352 -0.04225960319858367 0.010805638393981404 -0.2978065104327755 -0.9536291975711786
60739 62666.000352 -0.04224261150915084 0.010871867458741004 -0.2993009535973323 -0.9531612158740902
60739 62756.000352 -0.04222551601771422 0.010938069816339506 -0.3007946614231366 -0.9526908922022248
60739 62846.000352 -0.0422083167662873 0.011004245304135633 -0.3022876302403464 -0.9522182277108114
60739 62936.000352 -0.04219101379713749 0.011070393759555205 -0.30377985638096494 -0.9517432235608186
60739 63026.000352 -0.04217360715279362 0.011136515020091421 -0.30527133617880725 -0.9512658809189651
60739 63116.000352 -0.0421560968760246 0.011202608923299875 -0.3067620659695108 -0.950786200957717
60739 63206.000352 -0.04213848300986804 0.01126867530680811 -0.30825204209058005 -0.9503041848552726
60739 63296.000352 -0.0421207655976114 0.011334714008307987 -0.3097412608813299 -0.9498198337955809
60739 63386.000352 -0.04210294468279446 0.011400724865560269 -0.3112297186829679 -0.9493331489683156
60739 63476.000352 -0.042085020309212115 0.011466707716393854 -0.31271741183856344 -0.9488441315688843
60739 63566.000352 -0.042066992520915586 0.011532662398706166 -0.3142043366930489 -0.9483527827984288
60739 63656.000352 -0.0420488613622093 0.011598588750463771 -0.3156904895932489 -0.9478591038638148
60739 63746.000352 -0.04203062687765009 0.011664486609702542 -0.31717586688789073 -0.9473630959776294
60739 63836.000352 -0.042012289112052265 0.011730355814529116 -0.31866046492760325 -0.94686476035818
60739 63926.000352 -0.041993848110479085 0.011796196203117379 -0.320144280064895 -0.9463640982295036
60739 64016.000352 -0.04197530391824966 0.011862007613715682 -0.32162730865426303 -0.9458611108213288
60739 64106.000352 -0.04195665658093806 0.011927789884640664 -0.3231095470520708 -0.9453557993691173
60739 64196.000352 -0.04193790614437161 0.011993542854281784 -0.324590991616651 -0.9448481651140291
60739 64286.000352 -0.0419190526546279 0.012059266361099948 -0.3260716387082958 -0.9443382093029261
60739 64376.000352 -0.04190009615804123 0.012124960243627901 -0.3275514846892265 -0.9438259331883824
60739 64466.000352 -0.04188103670119759 0.012190624340470753 -0.32903052592363385 -0.9433113380286698
60739 64556.000352 -0.04186187433093571 0.012256258490307627 -0.3305087587777074 -0.9427944250877489
60739 64646.000352 -0.04184260909434788 0.012321862531890427 -0.33198617961960375 -0.9422751956352788
60739 64736.000352 -0.041823241038777555 0.012387436304044023 -0.33346278481946473 -0.9417536509466119
60739 64826.000352 -0.041803770211821696 0.012452979645668806 -0.33493857074945793 -0.9412297923027788
60739 64916.000352 -0.04178419666133283 0.01251849239573988 -0.33641353378374517 -0.9407036209904998
60739 65006.000352 -0.041764520435412206 0.012583974393305821 -0.33788767029849953 -0.9401751383021789
60739 65096.000352 -0.04174474158241238 0.012649425477491533 -0.33936097667194914 -0.9396443455358883
60739 65186.000352 -0.04172486015094074 0.01271484548749701 -0.34083344928433007 -0.9391112439953849
60739 65276.000352 -0.04170487618985635 0.012780234262599867 -0.34230508451795627 -0.9385758349900858
60739 65366.000352 -0.041684789748270404 0.012845591642152614 -0.3437758787571628 -0.9380381198350876
60739 65456.000352 -0.041664600875545146 0.01291091746558578 -0.3452458283883751 -0.9374980998511426
60739 65546.000352 -0.041644309621294194 0.012976211572406634 -0.3467149298000817 -0.9369557763646683
60739 65636.000352 -0.04162391603538395 0.013041473802200559 -0.3481831793828532 -0.93641115070774
60739 65726.000352 -0.04160342016793148 0.013106703994630785 -0.34965057352935064 -0.935864224218088
60739 65816.000352 -0.04158282206930551 0.013171901989438883 -0.3511171086343283 -0.9353149982390971
60739 65906.000352 -0.041562121790125583 0.013237067626445723 -0.35258278109466024 -0.9347634741197961
60739 65996.000352 -0.04154131938126195 0.013302200745551671 -0.35404758730934366 -0.934209653214856
60739 66086.000352 -0.04152041489383485 0.013367301186735289 -0.35551152367947786 -0.9336535368846
60739 66176.000352 -0.04149940837921995 0.013432368790057306 -0.3569745866083091 -0.9330951264949836
60739 66266.000352 -0.04147829988903804 0.013497403395657602 -0.35843677250123795 -0.9325344234175946
60739 66356.000352 -0.04145708947516328 0.013562404843757281 -0.35989807776580496 -0.931971429029657
60739 66446.000352 -0.041435777189720864 0.013627372974659172 -0.3613584988117187 -0.9314061447140203
60739 66536.000352 -0.04141436308508364 0.013692307628746755 -0.3628180320508549 -0.9308385718591604
60739 66626.000352 -0.04139284721387781 0.01375720864648622 -0.36427667389726137 -0.9302687118591778
60739 66716.000352 -0.04137122962897732 0.01382207586842604 -0.36573442076718515 -0.9296965661137861
60739 66806.000352 -0.041349510383506656 0.013886909135197573 -0.3671912690790674 -0.9291221360283152
60739 66896.000352 -0.041327689530839325 0.013951708287515045 -0.36864721525355343 -0.9285454230137064
60739 66986.000352 -0.041305767124601114 0.014016473166176935 -0.3701022557134976 -0.927966428486511
60739 67076.000352 -0.041283743218664695 0.014081203612065227 -0.371556386883985 -0.9273851538688817
60739 67166.000352 -0.04126161786715376 0.014145899466146123 -0.3730096051923187 -0.9268016005885775
60739 67256.000352 -0.04123939112443951 0.014210560569471776 -0.3744619070680776 -0.9262157700789408
60739 67346.000352 -0.04121706304514532 0.014275186763177723 -0.3759132889430324 -0.9256276637789307
60739 67436.000352 -0.0411946336841401 0.014339777888486567 -0.37736374725126764 -0.9250372831330745
60739 67526.000352 -0.041172103096544205 0.014404333786706185 -0.37881327842910173 -0.9244446295914994
60739 67616.000352 -0.04114947133772495 0.014468854299230371 -0.3802618789151334 -0.9238497046099142
60739 67706.000352 -0.04112673846329827 0.014533339267540404 -0.38170954515026023 -0.9232525096496015
60739 67796.000352 -0.04110390452912913 0.01459778853320434 -0.38315627357766274 -0.9226530461774238
60739 67886.000352 -0.04108096959133148 0.014662201937877962 -0.3846020606428224 -0.9220513156658168
60739 67976.000352 -0.04105793370626723 0.014726579323305046 -0.38604690279353443 -0.9214473195927836
60739 68066.000352 -0.041034796930544556 0.014790920531316658 -0.3874907964799068 -0.9208410594418956
60739 68156.000352 -0.041011559321022115 0.01485522540383347 -0.3889337381543756 -0.9202325367022856
60739 68246.000352 -0.04098822093480445 0.01491949378286524 -0.3903757242717273 -0.9196217528686385
60739 68336.000352 -0.0409647818292447 0.014983725510510486 -0.39181675128907323 -0.9190087094412025
60739 68426.000352 -0.040941242061943404 0.015047920428958595 -0.3932568156659002 -0.9183934079257676
60739 68516.000352 -0.040917601690748116 0.015112078380488352 -0.39469591386404296 -0.9177758498336765
60739 68606.000352 -0.04089386077375319 0.015176199207468726 -0.39613404234770305 -0.917156036681818
60739 68696.000352 -0.040870019369300535 0.015240282752361339 -0.3975711975834913 -0.9165339699926073
60739 68786.000352 -0.040846077535978714 0.01530432885771715 -0.3990073760403688 -0.9159096512940124
60739 68876.000352 -0.04082203533262445 0.015368337366180969 -0.40044257418972407 -0.9152830821195204
60739 68966.000352 -0.04079789281831892 0.015432308120487825 -0.4018767885053306 -0.9146542640081557
60739 69056.000352 -0.0407736500523903 0.0154962409634661 -0.4033100154633887 -0.9140231985044628
60739 69146.000352 -0.04074930709441439 0.015560135738037677 -0.4047422515425238 -0.9133898871585054
60739 69236.000352 -0.04072486400421126 0.015623992287216244 -0.40617349322377766 -0.9127543315258719
60739 69326.000352 -0.04070032084184861 0.015687810454110968 -0.4076037369906568 -0.9121165331676528
60739 69416.000352 -0.04067567766763919 0.01575159008192388 -0.40903297932909843 -0.9114764936504565
60739 69506.000352 -0.04065093454214247 0.015815331013952407 -0.4104612167275097 -0.9108342145463916
60739 69596.000352 -0.040626091526161846 0.015879033093587427 -0.4118884456767486 -0.9101896974330751
60739 69686.000352 -0.040601148680748225 0.01594269616431665 -0.41331466267016453 -0.9095429438936152
60739 69776.000352 -0.040576106067196846 0.016006320069722833 -0.4147398642035865 -0.9088939555166157
60739 69866.000352 -0.04055096374704661 0.01606990465348379 -0.4161640467753292 -0.9082427338961735
60739 69956.000352 -0.04052572178208351 0.01613344975937479 -0.4175872068862121 -0.9075892806318697
60739 70046.000352 -0.04050038023433629 0.01619695523126685 -0.4190093410395621 -0.9069335973287694
60739 70136.000352 -0.040474939166081185 0.01626042091312958 -0.42043044574122956 -0.906275685597413
60739 70226.000352 -0.04044939863983561 0.016323846649028837 -0.4218505174995928 -0.9056155470538149
60739 70316.000352 -0.04042375871836509 0.01638723228312959 -0.4232695528255596 -0.9049531833194626
60739 70406.000352 -0.040398019464676305 0.01645057765969385 -0.42468754823258165 -0.9042885960213104
60739 70496.000352 -0.040372180942021926 0.016513882623083002 -0.4261045002366606 -0.9036217867917757
60739 70586.000352 -0.04034624321389822 0.01657714701775852 -0.4275204053563821 -0.902952757268724
60739 70676.000352 -0.040320206344044006 0.0166403706882787 -0.42893526011286026 -0.9022815090954946
60739 70766.000352 -0.04029407039644134 0.016703553479303523 -0.4303490610298254 -0.9016080439208594
60739 70856.000352 -0.04026783543531808 0.016766695235593036 -0.4317618046335738 -0.9009323633990459
60739 70946.000352 -0.0402415015251439 0.016829795802007764 -0.4331734874530056 -0.9002544691897204
60739 71036.000352 -0.040215068730632075 0.016892855023509235 -0.4345841060196227 -0.8995743629579883
60739 71126.000352 -0.04018853711673787 0.016955872745159663 -0.43599365686753266 -0.8988920463743924
60739 71216.000352 -0.04016190674866071 0.017018848812123986 -0.4374021365334738 -0.8982075211149004
60739 71306.000352 -0.04013517769184135 0.017081783069668413 -0.43880954155680646 -0.8975207888609101
60739 71396.000352 -0.04010835001196332 0.017144675363161894 -0.44021586847953253 -0.8968318512992391
60739 71486.000352 -0.04008142377495431 0.017207525538076588 -0.441621113846291 -0.8961407101221271
60739 71576.000352 -0.04005439904698094 0.017270333439987465 -0.4430252742043936 -0.8954473670272188
60739 71666.000352 -0.04002727589445473 0.01733309891457355 -0.44442834610379955 -0.894751823717576
60739 71756.000352 -0.04000005438402702 0.017395821807617628 -0.4458303260971515 -0.8940540819016599
60739 71846.000352 -0.0399727345825924 0.017458501965006746 -0.44723121073975813 -0.89335414329334
60739 71936.000352 -0.03994531655728567 0.017521139232732994 -0.4486309965896307 -0.8926520096118756
60739 72026.000352 -0.03991780037548348 0.01758373345689315 -0.45002968020746603 -0.8919476825819247
60739 72116.000352 -0.039890186104804354 0.017646284483690298 -0.45142725815667495 -0.891241163933529
60739 72206.000352 -0.039862473813106696 0.017708792159432378 -0.45282372700337253 -0.8905324554021199
60739 72296.000352 -0.03983466356849043 0.017771256330535164 -0.4542190833164192 -0.8898215587284967
60739 72386.000352 -0.039806755439295405 0.01783367684351897 -0.45561332366737284 -0.8891084756588516
60739 72476.000352 -0.039778749494104 0.017896053545013148 -0.45700644463055146 -0.8883932079447378
60739 72566.000352 -0.03975064580173566 0.017958386281753107 -0.4583984427830233 -0.8876757573430738
60739 72656.000352 -0.03972244443125234 0.01802067490058248 -0.45978931470460055 -0.8869561256161476
60739 72746.000352 -0.03969414545195593 0.018082919248453667 -0.46117905697787226 -0.8862343145315991
60739 72836.000352 -0.039665748933387354 0.018145119172426432 -0.46256766618818457 -0.8855103258624307
60739 72926.000352 -0.039637254945326265 0.018207274519669962 -0.4639551389236825 -0.8847841613869855
60739 73016.000352 -0.0396086635577951 0.018269385137463224 -0.46534147177528273 -0.8840558228889611
60739 73106.000352 -0.03957997484105207 0.01833145087319412 -0.4667266613367151 -0.883325312157389
60739 73196.000352 -0.03955118886559662 0.01839347157436123 -0.4681107042045107 -0.8825926309866394
60739 73286.000352 -0.039522305702166485 0.01845544708857237 -0.46949359697799975 -0.8818577811764235
60739 73376.000352 -0.03949332542173859 0.018517377263547935 -0.47087533625936423 -0.8811207645317655
60739 73466.000352 -0.03946424809552688 0.018579261947118085 -0.4722559186536065 -0.8803815828630182
60739 73556.000352 -0.03943507379498571 0.01864110098722477 -0.47363534076855596 -0.8796402379858609
60739 73646.000352 -0.03940580259180682 0.01870289423192231 -0.47501359921490643 -0.8788967317212787
60739 73736.000352 -0.03937643455792081 0.018764641529376937 -0.476390690606195 -0.8781510658955738
60739 73826.000352 -0.03934696976549487 0.018826342727867557 -0.47776661155883476 -0.877403242340348
60739 73916.000352 -0.03931740828693556 0.01888799767578667 -0.4791413586921087 -0.8766532628925063
60739 74006.000352 -0.039287750194884376 0.018949606221638486 -0.4805149286281725 -0.875901129394255
60739 74096.000352 -0.03925799556222337 0.01901116821404305 -0.4818873179920826 -0.8751468436930863
60739 74186.000352 -0.03922814446206934 0.0190726835017332 -0.483258523411789 -0.8743904076417829
60739 74276.000352 -0.03919819696777853 0.019134151933557258 -0.48462854151814505 -0.8736318230984116
60739 74366.000352 -0.03916815315294147 0.01919557335847743 -0.48599736894492285 -0.8728710919263162
60739 74456.000352 -0.03913801309138604 0.019256947625571404 -0.4873650023288151 -0.8721082159941154
60739 74546.000352 -0.03910777685717802 0.019318274584033436 -0.4887314383094503 -0.8713431971756944
60739 74636.000352 -0.03907744452461851 0.01937955408317284 -0.49009667352938735 -0.8705760373502086
60739 74726.000352 -0.03904701616824425 0.019440785972415258 -0.49146070463413716 -0.8698067384020711
60739 74816.000352 -0.039016491862828025 0.019501970101303393 -0.49282352827217 -0.8690353022209485
60739 74906.000352 -0.03898587168337933 0.01956310631949709 -0.49418514109491385 -0.8682617307017622
60739 74996.000352 -0.038955155705142304 0.01962419447677332 -0.4955455397567694 -0.867486025744679
60739 75086.000352 -0.038924344003596595 0.019685234423027328 -0.49690472091512483 -0.8667081892551045
60739 75176.000352 -0.038893436654457575 0.019746226008272718 -0.49826268123035516 -0.8659282231436815
60739 75266.000352 -0.0388624337336758 0.019807169082641463 -0.4996194173658261 -0.8651461293262889
60739 75356.000352 -0.03883133531743457 0.019868063496383453 -0.5009749259879093 -0.864361909724033
60739 75446.000352 -0.03880014148215457 0.019928909099869725 -0.5023292037659974 -0.8635755662632385
60739 75536.000352 -0.0387688523044887 0.01998970574358945 -0.5036822473724968 -0.8627871008754525
60739 75626.000352 -0.03873746786132631 0.020050453278152747 -0.5050340534828396 -0.8619965154974384
60739 75716.000352 -0.038705988229788574 0.0201111515542897 -0.5063846187755082 -0.8612038120711607
60739 75806.000352 -0.03867441348723155 0.020171800422851077 -0.5077339399320199 -0.8604089925437944
60739 75896.000352 -0.038642743711245736 0.020232399734809392 -0.5090820136369494 -0.859612058867712
60739 75986.000352 -0.03861097897965394 0.02029294934125835 -0.5104288365779391 -0.858813013000477
60739 76076.000352 -0.038579119370513726 0.020353449093414303 -0.5117744054457016 -0.8580118569048426
60739 76166.000352 -0.038547164962113745 0.02041389884261415 -0.5131187169340166 -0.8572085925487539
60739 76256.000352 -0.038515115832977204 0.020474298440318714 -0.514461767739759 -0.8564032219053308
60739 76346.000352 -0.038482972061859334 0.02053464773811139 -0.5158035545628968 -0.8555957469528694
60739 76436.000352 -0.03845073372774816 0.020594946587699305 -0.5171440741065055 -0.8547861696748332
60739 76526.000352 -0.038418400909863384 0.02065519484091229 -0.5184833230767608 -0.8539744920598579
60739 76616.000352 -0.03838597368765768 0.020715392349705285 -0.5198212981829669 -0.8531607161017338
60739 76706.000352 -0.038353452140815404 0.020775538966157126 -0.5211579961375497 -0.8523448437994106
60739 76796.000352 -0.03832083634925232 0.02083563454247155 -0.5224934136560729 -0.8515268771569868
60739 76886.000352 -0.03828812639311627 0.020895678930977577 -0.5238275474572431 -0.8507068181837077
60739 76976.000352 -0.0382553223527868 0.020955671984130054 -0.5251603942629186 -0.8498846688939588
60739 77066.000352 -0.03822242430887358 0.021015613554509156 -0.5264919507981175 -0.8490604313072613
60739 77156.000352 -0.03818943234221841 0.021075503494821565 -0.527822213791019 -0.848234107448272
60739 77246.000352 -0.03815634653389173 0.021135341657899858 -0.5291511799729859 -0.8474056993467687
60739 77336.000352 -0.03812316696519785 0.02119512789670522 -0.5304788460785601 -0.8465752090376526
60739 77426.000352 -0.03808989371766779 0.021254862064324205 -0.5318052088454774 -0.8457426385609403
60739 77516.000352 -0.03805652687306613 0.021314544013973192 -0.5331302650146759 -0.8449079899617575
60739 77606.000352 -0.03802306651338498 0.02137417359899517 -0.5344540113303008 -0.8440712652903364
60739 77696.000352 -0.03798951272084733 0.02143375067286129 -0.5357764445396974 -0.84323246660202
60739 77786.000352 -0.03795586557790562 0.02149327508917276 -0.5370975613934571 -0.8423915959572333
60739 77876.000352 -0.03792212516724088 0.02155274670165846 -0.538417358645386 -0.8415486554215033
60739 77966.000352 -0.03788829157176435 0.021612165364177788 -0.539735833052536 -0.8407036470654384
60739 78056.000352 -0.03785436487461587 0.021671530930719902 -0.5410529813752091 -0.8398565729647272
60739 78146.000352 -0.03782034515916388 0.021730843255403785 -0.542368800376957 -0.8390074352001365
60739 78236.000352 -0.03778623250900537 0.021790102192479236 -0.5436832868245989 -0.8381562358575027
60739 78326.000352 -0.0377520270079663 0.02184930759632757 -0.5449964374882291 -0.8373029770277242
60739 78416.000352 -0.037717728740099654 0.021908459321460162 -0.5463082491412112 -0.8364476608067671
60739 78506.000352 -0.03768333778968669 0.021967557222520587 -0.5476187185602017 -0.8355902892956489
60739 78596.000352 -0.037648854241237074 0.022026601154284703 -0.5489278425251504 -0.8347308646004387
60739 78686.000352 -0.037614278179488043 0.022085590971660587 -0.5502356178193069 -0.8338693888322525
60739 78776.000352 -0.037579609689402896 0.022144526529689127 -0.5515420412292457 -0.8330058641072373
60739 78866.000352 -0.03754484885617227 0.022203407683543338 -0.5528471095448415 -0.8321402925465871
60739 78956.000352 -0.03750999576521454 0.022262234288530993 -0.5541508195593101 -0.8312726762765158
60739 79046.000352 -0.03747505050217436 0.022321006200092922 -0.5554531680691929 -0.8304030174282677
60739 79136.000352 -0.03744001315292302 0.02237972327380436 -0.5567541518743769 -0.8295313181381038
60739 79226.000352 -0.03740488380355836 0.022438385365375797 -0.5580537677781086 -0.8286575805472934
60739 79316.000352 -0.037369662540403886 0.022496992330651014 -0.5593520125869712 -0.8277818068021281
60739 79406.000352 -0.03733434945000798 0.02255554402560953 -0.5606488831109312 -0.8269039990538919
60739 79496.000352 -0.037298944619145964 0.022614040306367 -0.5619443761633267 -0.8260241594588681
60739 79586.000352 -0.0372634481348177 0.022672481029174112 -0.5632384885608701 -0.8251422901783376
60739 79676.000352 -0.03722786008424921 0.022730866050418706 -0.5645312171236693 -0.8242583933785655
60739 79766.000352 -0.03719218055489143 0.022789195226625234 -0.5658225586752297 -0.823372471230798
60739 79856.000352 -0.0371564096344186 0.022847468414453946 -0.5671125100424567 -0.8224845259112625
60739 79946.000352 -0.03712054741073058 0.022905685470703558 -0.5684010680556778 -0.8215945596011512
60739 80036.000352 -0.037084593971951636 0.02296384625231016 -0.5696882295486332 -0.8207025744866282
60739 80126.000352 -0.03704854940643013 0.02302195061634783 -0.5709739913584932 -0.8198085727588174
60739 80216.000352 -0.03701241380273792 0.023079998420028936 -0.5722583503258669 -0.818912556613796
60739 80306.000352 -0.03697618724967073 0.023137989520704366 -0.5735413032948004 -0.8180145282525971
60739 80396.000352 -0.03693986983624826 0.023195923775865067 -0.5748228471128037 -0.8171144898811888
60739 80486.000352 -0.03690346165171242 0.02325380104314049 -0.5761029786308414 -0.8162124437104834
60739 80576.000352 -0.036866962785530234 0.023311621180300612 -0.5773816947033357 -0.8153083919563324
60739 80666.000352 -0.03683037332738876 0.023369384045254668 -0.5786589921881985 -0.8144023368395065
60739 80756.000352 -0.03679369336719836 0.023427089496052 -0.5799348679468107 -0.8134942805857087
60739 80846.000352 -0.036756922995092964 0.023484737390884195 -0.5812093188440544 -0.8125842254255521
60739 80936.000352 -0.03672006230142814 0.023542327588083754 -0.5824823417483098 -0.8116721735945615
60739 81026.000352 -0.03668311137678105 0.023599859946123666 -0.5837539335314508 -0.8107581273331773
60739 81116.000352 -0.036646070311951086 0.023657334323620202 -0.5850240910688811 -0.8098420888867295
60739 81206.000352 -0.036608939197957775 0.023714750579329955 -0.5862928112395096 -0.8089240605054551
60739 81296.000352 -0.03657171812604354 0.023772108572153883 -0.587560090925785 -0.8080040444444732
60739 81386.000352 -0.03653440718767103 0.023829408161135712 -0.5888259270136986 -0.8070820429637832
60739 81476.000352 -0.0364970064745235 0.023886649205460884 -0.5900903163927638 -0.8061580583282795
60739 81566.000352 -0.036459516078505685 0.02394383156446016 -0.5913532559560633 -0.8052320928077177
60739 81656.000352 -0.036421936091741686 0.024000955097607773 -0.5926147426002409 -0.8043041486767191
60739 81746.000352 -0.03638426660657604 0.024058019664521677 -0.5938747732254968 -0.8033742282147766
60739 81836.000352 -0.03634650771557341 0.02411502512496489 -0.5951333447356087 -0.8024423337062366
60739 81926.000352 -0.03630865951151848 0.024171971338846247 -0.596390454037947 -0.8015084674402898
60739 82016.000352 -0.03627072208741409 0.024228858166218243 -0.5976460980434578 -0.8005726317109826
60739 82106.000352 -0.036232695536483915 0.02428568546728026 -0.5989002736666876 -0.7996348288171992
60739 82196.000352 -0.03619457995216925 0.024342453102377367 -0.6001529778257971 -0.7986950610626516
60739 82286.000352 -0.036156375428130716 0.024399160932000882 -0.6014042074425512 -0.7977533307558867
60739 82376.000352 -0.036118082058247264 0.0244558088167887 -0.6026539594423355 -0.7968096402102739
60739 82466.000352 -0.03607969993661628 0.024512396617526307 -0.6039022307541703 -0.7958639917439949
60739 82556.000352 -0.03604122915755368 0.024568924195146242 -0.6051490183107007 -0.794916387680051
60739 82646.000352 -0.03600266981559292 0.024625391410728927 -0.6063943190482198 -0.7939668303462454
60739 82736.000352 -0.035964022005484444 0.02468179812550311 -0.6076381299066819 -0.7930153220751737
60739 82826.000352 -0.03592528582219622 0.02473814420084469 -0.6088804478296777 -0.792061865204242
60739 82916.000352 -0.035886461360913634 0.024794429498279747 -0.6101212697644822 -0.7911064620756314
60739 83006.000352 -0.035847548717039476 0.02485065387948342 -0.6113605926620373 -0.7901491150363101
60739 83096.000352 -0.03580854798619191 0.02490681720627906 -0.6125984134769603 -0.7891898264380279
60739 83186.000352 -0.035769459264207056 0.02496291934064095 -0.6138347291675578 -0.7882285986373051
60739 83276.000352 -0.03573028264713664 0.025018960144693392 -0.6150695366958365 -0.7872654339954237
60739 83366.000352 -0.035691018231247845 0.025074939480710844 -0.6163028330275064 -0.7863003348784261
60739 83456.000352 -0.035651666113023874 0.02513085721111863 -0.6175346151319857 -0.7853333036571097
60739 83546.000352 -0.0356122263891638 0.025186713198493128 -0.6187648799824053 -0.784364342707025
60739 83636.000352 -0.03557269915658123 0.025242507305562215 -0.619993624555629 -0.7833934544084585
60739 83726.000352 -0.03553308451240549 0.025298239395205896 -0.621220845832251 -0.7824206411464358
60739 83816.000352 -0.035493382553980386 0.0253539093304562 -0.6224465407966057 -0.7814459053107127
60739 83906.000352 -0.03545359337886325 0.025409516974496688 -0.623670706436772 -0.7804692492957725
60739 83996.000352 -0.035413717084827795 0.025465062190665667 -0.6248933397445906 -0.7794906755008125
60739 84086.000352 -0.035373753769860246 0.025520544842452794 -0.6261144377156529 -0.7785101863297522
60739 84176.000352 -0.035333703532160525 0.025575964793501993 -0.6273339973493335 -0.7775277841912077
60739 84266.000352 -0.03529356647014332 0.025631321907611554 -0.6285520156487788 -0.776543471498501
60739 84356.000352 -0.03525334268243566 0.025686616048732805 -0.6297684896209138 -0.7755572506696542
60739 84446.000352 -0.03521303226787888 0.025741847080973004 -0.6309834162764624 -0.774569124127373
60739 84536.000352 -0.03517263532552512 0.025797014868592524 -0.6321967926299451 -0.7735790942990493
60739 84626.000352 -0.035132151954640395 0.02585211927600797 -0.6334086156996905 -0.7725871636167513
60739 84716.000352 -0.03509158225470289 0.02590716016779102 -0.634618882507837 -0.7715933345172222
60739 84806.000352 -0.035050926325403096 0.025962137408669983 -0.6358275900803525 -0.7705976094418641
60739 84896.000352 -0.03501018426664376 0.02601705086352891 -0.637034735447024 -0.7695999908367465
60739 84986.000352 -0.03496935617853794 0.02607190039740769 -0.6382403156414787 -0.7686004811525894
60739 85076.000352 -0.03492844216141149 0.02612668587550405 -0.6394443277011851 -0.7675990828447615
60739 85166.000352 -0.034887442315800224 0.026181407163172278 -0.6406467686674668 -0.76659579837327
60739 85256.000352 -0.03484635674245177 0.02623606412592488 -0.6418476355855051 -0.7655906302027572
60739 85346.000352 -0.03480518554232366 0.026290656629430944 -0.6430469255043354 -0.7645835808025042
60739 85436.000352 -0.03476392881658351 0.026345184539517803 -0.6442446354768713 -0.7635746526464112
60739 85526.000352 -0.03472258666661096 0.026399647722173483 -0.6454407625599151 -0.7625638482129874
60739 85616.000352 -0.03468115919399409 0.026454046043542654 -0.6466353038141419 -0.7615511699853657
60739 85706.000352 -0.034639646500529954 0.026508379369929107 -0.6478282563041258 -0.7605366204512799
60739 85796.000352 -0.034598048688226295 0.026562647567797255 -0.6490196170983458 -0.7595202021030598
60739 85886.000352 -0.03455636585929959 0.02661685050377125 -0.6502093832691913 -0.7585019174376265
60739 85976.000352 -0.034514598116174515 0.026670988044633758 -0.6513975518929528 -0.757481768956501
60739 86066.000352 -0.03447274556148573 0.026725060057330056 -0.6525841200498574 -0.7564597591657725
60739 86156.000352 -0.03443080829807558 0.026779066408965407 -0.6537690848240606 -0.7554358905761068
60739 86246.000352 -0.03438878642899423 0.026833006966805458 -0.654952443303646 -0.7544101657027461
60739 86336.000352 -0.034346680057499974 0.02688688159827851 -0.6561341925806564 -0.7533825870654816
