CIC_OEM_VERS = 2.0
CREATION_DATE = 2025-03-05T13:48:56.076083
ORIGINATOR = ISAE-SUPAERO


META_START
OBJECT_NAME = RED1
OBJECT_ID = RED1
CENTER_NAME = Earth
REF_FRAME = EME2000
TIME_SYSTEM = UTC
START_TIME = 2025-03-05T13:48:26.000
USEABLE_START_TIME = 2025-03-05T13:48:26.000
USEABLE_STOP_TIME = 2025-03-05T23:58:56.000
STOP_TIME = 2025-03-05T23:58:56.000
INTERPOLATION = lagrange
INTERPOLATION_DEGREE = 5
META_STOP


60739 49706.0 68152.205 10766.614 628.61024 -0.37551365 2.364822 0.20833097
60739 49796.0 68118.07400000001 10979.395 647.3569100000001 -0.38295421 2.3636345999999997 0.2082613
60739 49886.0 68083.274 11192.068000000001 666.09721 -0.39039100000000004 2.362424 0.20818958
60739 49976.0 68047.804 11404.630000000001 684.83097 -0.39782396000000003 2.3611902000000002 0.20811582
60739 50066.0 68011.66500000001 11617.081 703.558 -0.405253 2.3599332 0.20804001
60739 50156.0 67974.85800000001 11829.418 722.27811 -0.41267806 2.358653 0.20796215
60739 50246.0 67937.383 12041.638 740.99113 -0.42009907 2.3573496 0.20788225
60739 50336.0 67899.241 12253.74 759.69686 -0.42751595 2.356023 0.20780031
60739 50426.0 67860.431 12465.721 778.39512 -0.43492862000000004 2.3546733 0.20771633
60739 50516.0 67820.954 12677.58 797.08573 -0.44233702 2.3533004 0.20763030000000002
60739 50606.0 67780.81 12889.315 815.76851 -0.44974108 2.3519044 0.20754223
60739 50696.0 67740.001 13100.922 834.4432800000001 -0.45714071 2.3504853 0.20745213
60739 50786.0 67698.525 13312.401 853.10984 -0.46453585 2.3490431 0.20735998
60739 50876.0 67656.384 13523.75 871.76801 -0.47192643 2.3475778000000003 0.20726580000000003
60739 50966.0 67613.57800000001 13734.965 890.41762 -0.47931236000000005 2.3460895 0.20716957
60739 51056.0 67570.10800000001 13946.045 909.0584699999999 -0.48669359 2.3445781 0.20707132
60739 51146.0 67525.974 14156.988000000001 927.69039 -0.49407003 2.3430436 0.20697102
60739 51236.0 67481.176 14367.792 946.3131999999999 -0.50144162 2.3414861 0.2068687
60739 51326.0 67435.714 14578.455 964.9267 -0.50880828 2.3399056000000003 0.20676434000000002
60739 51416.0 67389.59 14788.974 983.53072 -0.51616994 2.3383021 0.20665795
60739 51506.0 67342.804 14999.349 1002.1251 -0.52352652 2.3366756 0.20654952000000001
60739 51596.0 67295.356 15209.575 1020.7096 -0.5308779600000001 2.3350261 0.20643907
60739 51686.0 67247.246 15419.653 1039.284 -0.53822418 2.3333537 0.20632659
60739 51776.0 67198.475 15629.578 1057.8483 -0.54556512 2.3316584 0.20621208
60739 51866.0 67149.044 15839.35 1076.4022 -0.5529006900000001 2.3299402000000002 0.20609554
60739 51956.0 67098.954 16048.967 1094.9453999999998 -0.56023082 2.328199 0.20597698
60739 52046.0 67048.20300000001 16258.426 1113.4778999999999 -0.56755545 2.326435 0.20585639
60739 52136.0 66996.794 16467.725 1131.9995000000001 -0.57487451 2.3246481 0.20573378
60739 52226.0 66944.726 16676.862 1150.51 -0.58218791 2.3228383 0.20560915
60739 52316.0 66892.0 16885.835 1169.0091000000002 -0.58949559 2.3210058 0.20548249999999998
60739 52406.0 66838.617 17094.642 1187.4968000000001 -0.59679748 2.3191504 0.20535382000000002
60739 52496.0 66784.577 17303.281 1205.9727 -0.6040935 2.3172722 0.20522313
60739 52586.0 66729.88 17511.75 1224.4369 -0.61138358 2.3153713 0.20509042
60739 52676.0 66674.528 17720.047 1242.8889 -0.61866766 2.3134475 0.20495570000000002
60739 52766.0 66618.52 17928.170000000002 1261.3288 -0.62594566 2.3115011 0.20481896000000002
60739 52856.0 66561.85800000001 18136.117000000002 1279.7563 -0.6332175 2.3095319 0.20468021
60739 52946.0 66504.541 18343.885000000002 1298.1712 -0.64048312 2.3075401 0.20453944999999998
60739 53036.0 66446.571 18551.473 1316.5733 -0.64774245 2.3055255000000003 0.20439667
60739 53126.0 66387.948 18758.879 1334.9625 -0.6549954100000001 2.3034883 0.20425189000000002
60739 53216.0 66328.672 18966.101 1353.3386 -0.6622419300000001 2.3014285 0.20410509999999998
60739 53306.0 66268.744 19173.136 1371.7014 -0.66948194 2.299346 0.20395631
60739 53396.0 66208.16500000001 19379.982 1390.0507 -0.67671538 2.297241 0.20380551
60739 53486.0 66146.936 19586.638 1408.3863000000001 -0.68394216 2.2951133 0.20365270000000002
60739 53576.0 66085.056 19793.102 1426.7081 -0.69116222 2.2929632 0.20349789999999998
60739 53666.0 66022.527 19999.371 1445.0158999999999 -0.69837549 2.2907904 0.20334109
60739 53756.0 65959.349 20205.443 1463.3095 -0.7055819 2.2885952 0.20318229
60739 53846.0 65895.522 20411.317 1481.5886 -0.7127813700000001 2.2863775 0.20302149
60739 53936.0 65831.048 20616.991 1499.8533 -0.71997383 2.2841372 0.20285869
60739 54026.0 65765.927 20822.461 1518.1031 -0.72715922 2.2818746 0.2026939
60739 54116.0 65700.16 21027.727 1536.3381000000002 -0.73433746 2.2795895 0.20252712
60739 54206.0 65633.747 21232.787 1554.558 -0.7415084900000001 2.277282 0.20235835
60739 54296.0 65566.689 21437.638 1572.7626 -0.74867223 2.2749522000000004 0.20218758
60739 54386.0 65498.986000000004 21642.278000000002 1590.9517 -0.75582861 2.2725999000000003 0.20201484
60739 54476.0 65430.64 21846.705 1609.1252 -0.76297756 2.2702253999999997 0.20184010000000002
60739 54566.0 65361.65 22050.917 1627.2828000000002 -0.77011901 2.2678285000000002 0.20166338
60739 54656.0 65292.018000000004 22254.913 1645.4245 -0.7772529 2.2654093 0.20148468
60739 54746.0 65221.745 22458.69 1663.55 -0.78437914 2.2629679 0.201304
60739 54836.0 65150.83 22662.247 1681.6592 -0.79149768 2.2605041999999997 0.20112134
60739 54926.0 65079.276 22865.581000000002 1699.7518 -0.79860844 2.2580183000000003 0.20093671000000002
60739 55016.0 65007.081 23068.69 1717.8277 -0.80571135 2.2555103 0.20075010000000001
60739 55106.0 64934.248 23271.572 1735.8868 -0.81280634 2.25298 0.20056151
60739 55196.0 64860.776 23474.225000000002 1753.9287 -0.81989334 2.2504276 0.20037096000000001
60739 55286.0 64786.667 23676.648 1771.9535 -0.82697228 2.2478531 0.20017843
60739 55376.0 64711.921 23878.838 1789.9608 -0.8340431 2.2452565 0.19998394
60739 55466.0 64636.54 24080.794 1807.9505000000001 -0.8411057200000001 2.2426378000000002 0.19978748999999998
60739 55556.0 64560.523 24282.512 1825.9225000000001 -0.84816007 2.2399971 0.19958905999999998
60739 55646.0 64483.871 24483.992000000002 1843.8765 -0.85520609 2.2373344000000004 0.19938867999999998
60739 55736.0 64406.586 24685.232 1861.8124 -0.8622437000000001 2.2346497 0.19918634000000002
60739 55826.0 64328.668 24886.229 1879.73 -0.86927284 2.2319430000000002 0.19898204000000003
60739 55916.0 64250.117 25086.981 1897.6291 -0.8762934400000001 2.2292144 0.19877578
60739 56006.0 64170.935000000005 25287.487 1915.5096 -0.88330542 2.2264639 0.19856758
60739 56096.0 64091.122 25487.744 1933.3712 -0.89030872 2.2236915 0.19835740999999998
60739 56186.0 64010.68 25687.75 1951.2138 -0.89730327 2.2208972 0.1981453
60739 56276.0 63929.608 25887.505 1969.0373000000002 -0.90428901 2.2180811 0.19793125
60739 56366.0 63847.908 26087.004 1986.8414 -0.91126585 2.2152431999999997 0.19771524
60739 56456.0 63765.58 26286.248 2004.626 -0.91823374 2.2123836000000003 0.1974973
60739 56546.0 63682.626000000004 26485.233 2022.3908999999999 -0.92519261 2.2095021999999997 0.19727741000000001
60739 56636.0 63599.046 26683.958000000002 2040.1359 -0.93214238 2.2065991 0.19705558
60739 56726.0 63514.841 26882.420000000002 2057.8608 -0.9390829900000001 2.2036743000000003 0.19683182
60739 56816.0 63430.011 27080.618000000002 2075.5655 -0.94601437 2.2007278 0.19660612
60739 56906.0 63344.558000000005 27278.55 2093.2498 -0.95293646 2.1977597 0.19637849000000002
60739 56996.0 63258.483 27476.214 2110.9136000000003 -0.9598491800000001 2.19477 0.19614893
60739 57086.0 63171.786 27673.608 2128.5566000000003 -0.96675246 2.1917587 0.19591744
60739 57176.0 63084.468 27870.73 2146.1787000000004 -0.97364625 2.1887259 0.19568403
60739 57266.0 62996.53 28067.578 2163.7797 -0.98053046 2.1856716 0.19544869
60739 57356.0 62907.973 28264.151 2181.3594 -0.98740504 2.1825958 0.19521143000000002
60739 57446.0 62818.797 28460.445 2198.9177000000004 -0.99426991 2.1794986 0.19497225
60739 57536.0 62729.004 28656.46 2216.4543 -1.001125 2.1763799 0.19473116
60739 57626.0 62638.595 28852.193 2233.9692000000005 -1.0079703 2.1732397999999997 0.19448815
60739 57716.0 62547.57 29047.642 2251.4621 -1.0148056 2.1700784 0.19424323000000002
60739 57806.0 62455.93 29242.806 2268.9329 -1.021631 2.1668957 0.19399641
60739 57896.0 62363.677 29437.683 2286.3813999999998 -1.0284464 2.1636916 0.19374767
60739 57986.0 62270.81 29632.27 2303.8075 -1.0352516 2.1604663 0.19349703
60739 58076.0 62177.332 29826.566 2321.2108 -1.0420467000000002 2.1572198 0.19324449000000002
60739 58166.0 62083.242 30020.569 2338.5914 -1.0488315 2.1539520000000003 0.19299005
60739 58256.0 61988.542 30214.277000000002 2355.949 -1.055606 2.1506631 0.19273372
60739 58346.0 61893.233 30407.688000000002 2373.2834 -1.0623701 2.1473530999999997 0.19247548
60739 58436.0 61797.316 30600.8 2390.5945 -1.0691238 2.1440219000000003 0.19221536
60739 58526.0 61700.791000000005 30793.611 2407.8821000000003 -1.075867 2.1406697 0.19195335
60739 58616.0 61603.66 30986.12 2425.1461 -1.0825996 2.1372964000000003 0.19168945
60739 58706.0 61505.924 31178.324 2442.3862000000004 -1.0893216000000001 2.1339021 0.19142367
60739 58796.0 61407.583 31370.221 2459.6023 -1.0960329 2.1304868999999997 0.19115600000000002
60739 58886.0 61308.638 31561.811 2476.7942000000003 -1.1027334000000002 2.1270507 0.19088646
60739 58976.0 61209.091 31753.09 2493.9618 -1.109423 2.1235936000000004 0.19061503999999999
60739 59066.0 61108.942 31944.057 2511.1049 -1.1161018 2.1201156 0.19034175
60739 59156.0 61008.193 32134.71 2528.2232000000004 -1.1227696 2.1166167999999996 0.19006659
60739 59246.0 60906.844000000005 32325.047000000002 2545.3168 -1.1294263000000002 2.1130972000000003 0.18978955
60739 59336.0 60804.897000000004 32515.067 2562.3853 -1.136072 2.1095569000000003 0.18951066
60739 59426.0 60702.352 32704.767 2579.4286 -1.1427065 2.1059958 0.18922989999999998
60739 59516.0 60599.21 32894.146 2596.4466 -1.1493297 2.1024140000000004 0.18894728000000002
60739 59606.0 60495.473 33083.201 2613.4391 -1.1559417 2.0988115 0.18866280000000002
60739 59696.0 60391.141 33271.931000000004 2630.4058999999997 -1.1625423000000001 2.0951884 0.18837647000000002
60739 59786.0 60286.215000000004 33460.334 2647.3468 -1.1691315 2.0915447 0.18808829
60739 59876.0 60180.697 33648.408 2664.2617 -1.1757091 2.0878805000000003 0.18779826
60739 59966.0 60074.588 33836.152 2681.1504 -1.1822753000000001 2.0841957000000004 0.18750638
60739 60056.0 59967.888 34023.563 2698.0128 -1.1888298 2.0804904 0.18721266
60739 60146.0 59860.599 34210.64 2714.8487000000005 -1.1953726 2.0767648 0.1869171
60739 60236.0 59752.721 34397.38 2731.6578 -1.2019037000000001 2.0730185999999997 0.18661971
60739 60326.0 59644.257 34583.782 2748.4402000000005 -1.208423 2.0692521999999998 0.18632048
60739 60416.0 59535.206 34769.845 2765.1955000000003 -1.2149303 2.0654653 0.18601941
60739 60506.0 59425.57 34955.566 2781.9236 -1.2214258 2.0616582 0.18571652
60739 60596.0 59315.349 35140.943 2798.6244 -1.2279092 2.0578308 0.18541181
60739 60686.0 59204.546 35325.974 2815.2977 -1.2343806 2.0539832000000002 0.18510527
60739 60776.0 59093.161 35510.659 2831.9433 -1.2408398999999999 2.0501154 0.18479691
60739 60866.0 58981.195 35694.995 2848.5611000000004 -1.2472869 2.0462275 0.18448674
60739 60956.0 58868.65 35878.979 2865.1508 -1.2537217 2.0423194000000002 0.18417475
60739 61046.0 58755.526 36062.612 2881.7125 -1.2601442 2.0383913000000002 0.18386095
60739 61136.0 58641.824 36245.889 2898.2457999999997 -1.2665543000000001 2.0344432 0.18354535000000002
60739 61226.0 58527.547 36428.811 2914.7506000000003 -1.2729519 2.030475 0.18322794
60739 61316.0 58412.693 36611.374 2931.2267 -1.279337 2.0264869 0.18290873
60739 61406.0 58297.266 36793.578 2947.6741 -1.2857096 2.0224789000000003 0.18258773
60739 61496.0 58181.266 36975.42 2964.0925 -1.2920695 2.0184509 0.18226492
60739 61586.0 58064.694 37156.898 2980.4817000000003 -1.2984167 2.0144032 0.18194032999999998
60739 61676.0 57947.551 37338.012 2996.8417000000004 -1.3047511999999999 2.0103357 0.18161395
60739 61766.0 57829.839 37518.758 3013.1722000000004 -1.3110728 2.0062484 0.18128577999999998
60739 61856.0 57711.559 37699.136 3029.4731 -1.3173816 2.0021413 0.18095584
60739 61946.0 57592.711 37879.143000000004 3045.7442 -1.3236774 1.9980146 0.18062411
60739 62036.0 57473.297 38058.778 3061.9854 -1.3299602 1.9938683000000001 0.18029061
60739 62126.0 57353.319 38238.039000000004 3078.1964 -1.3362299 1.9897023999999999 0.17995533
60739 62216.0 57232.776 38416.924 3094.3773 -1.3424865 1.9855169000000001 0.17961829
60739 62306.0 57111.671 38595.431000000004 3110.5277 -1.3487299000000001 1.9813119 0.17927948000000002
60739 62396.0 56990.005000000005 38773.559 3126.6475 -1.3549600000000002 1.9770873999999998 0.17893891
60739 62486.0 56867.779 38951.306000000004 3142.7366 -1.3611768 1.9728435 0.17859658
60739 62576.0 56744.994 39128.671 3158.7947999999997 -1.3673803 1.9685802000000001 0.1782525
60739 62666.0 56621.651 39305.65 3174.822 -1.3735703000000001 1.9642976 0.17790666
60739 62756.0 56497.752 39482.244 3190.818 -1.3797468 1.9599956 0.17755908
60739 62846.0 56373.297 39658.449 3206.7826 -1.3859097999999999 1.9556744000000001 0.17720975000000003
60739 62936.0 56248.288 39834.264 3222.7157 -1.3920591 1.9513340000000001 0.17685868
60739 63026.0 56122.727 40009.688 3238.6171 -1.3981947000000001 1.9469743000000002 0.17650586999999998
60739 63116.0 55996.614 40184.719 3254.4867000000004 -1.4043166 1.9425956000000002 0.17615132
60739 63206.0 55869.950000000004 40359.355 3270.3242999999998 -1.4104247 1.9381977 0.17579505
60739 63296.0 55742.738 40533.594 3286.1297999999997 -1.416519 1.9337809 0.17543704
60739 63386.0 55614.977 40707.435 3301.9029 -1.4225993000000001 1.929345 0.17507731999999998
60739 63476.0 55486.67 40880.876000000004 3317.6436000000003 -1.4286656 1.9248901 0.17471587
60739 63566.0 55357.818 41053.915 3333.3517 -1.4347179 1.9204163 0.1743527
60739 63656.0 55228.421 41226.55 3349.0271000000002 -1.4407561 1.9159237 0.17398782000000002
60739 63746.0 55098.482 41398.78 3364.6695 -1.4467801999999998 1.9114122 0.17362123
60739 63836.0 54968.001000000004 41570.604 3380.2788 -1.45279 1.9068819000000001 0.17325293
60739 63926.0 54836.98 41742.018000000004 3395.855 -1.4587855 1.9023329000000002 0.17288293
60739 64016.0 54705.42 41913.023 3411.3977000000004 -1.4647667 1.8977652 0.17251123999999998
60739 64106.0 54573.323000000004 42083.616 3426.9069 -1.4707335000000001 1.8931788 0.17213784000000001
60739 64196.0 54440.689 42253.795 3442.3825 -1.4766858999999999 1.8885739000000001 0.17176276
60739 64286.0 54307.520000000004 42423.558 3457.8242000000005 -1.4826237000000002 1.8839503 0.17138598
60739 64376.0 54173.817 42592.905 3473.2318999999998 -1.488547 1.8793083 0.17100752
60739 64466.0 54039.582 42761.833 3488.6055 -1.4944557 1.8746478 0.17062738
60739 64556.0 53904.815 42930.341 3503.9447999999998 -1.5003496 1.8699688 0.17024556999999998
60739 64646.0 53769.519 43098.427 3519.2496 -1.5062288000000001 1.8652715000000002 0.16986208
60739 64736.0 53633.695 43266.090000000004 3534.5199 -1.5120932 1.8605559 0.16947692
60739 64826.0 53497.343 43433.327 3549.7554 -1.5179428000000001 1.8558219 0.16909009
60739 64916.0 53360.465000000004 43600.137 3564.9561000000003 -1.5237774 1.8510697 0.16870161
60739 65006.0 53223.063 43766.519 3580.1217 -1.529597 1.8462994000000001 0.16831146000000002
60739 65096.0 53085.138 43932.47 3595.2521 -1.5354016 1.8415108 0.16791966
60739 65186.0 52946.691 44097.99 3610.3472 -1.5411912 1.8367042 0.16752621
60739 65276.0 52807.724 44263.077 3625.4067000000005 -1.5469655 1.8318796 0.16713112000000002
60739 65366.0 52668.238 44427.728 3640.4307000000003 -1.5527247 1.8270369000000002 0.16673438
60739 65456.0 52528.234000000004 44591.943 3655.4189 -1.5584685999999999 1.8221763000000002 0.166336
60739 65546.0 52387.714 44755.719 3670.3711000000003 -1.5641972000000002 1.8172977000000001 0.16593599
60739 65636.0 52246.679000000004 44919.056000000004 3685.2873 -1.5699105 1.8124013 0.16553434
60739 65726.0 52105.131 45081.951 3700.1673 -1.5756083 1.8074871000000001 0.16513107
60739 65816.0 51963.07 45244.403 3715.0108999999998 -1.5812906 1.8025551 0.16472618
60739 65906.0 51820.499 45406.41 3729.8179 -1.5869573000000001 1.7976054 0.16431967
60739 65996.0 51677.418 45567.971 3744.5883 -1.5926085 1.7926381 0.16391154
60739 66086.0 51533.83 45729.084 3759.322 -1.598244 1.7876531 0.1635018
60739 66176.0 51389.735 45889.748 3774.0186000000003 -1.6038638 1.7826505 0.16309045
60739 66266.0 51245.135 46049.961 3788.6782000000003 -1.6094679 1.7776304 0.16267751000000003
60739 66356.0 51100.031 46209.721 3803.3005000000003 -1.6150561 1.7725929 0.16226295999999998
60739 66446.0 50954.425 46369.027 3817.8855 -1.6206285 1.7675379 0.16184682
60739 66536.0 50808.319 46527.878000000004 3832.4329 -1.6261849 1.7624656 0.16142908
60739 66626.0 50661.712 46686.271 3846.9427 -1.6317254 1.7573759 0.16100976
60739 66716.0 50514.608 46844.205 3861.4146 -1.6372498 1.752269 0.16058886000000003
60739 66806.0 50367.008 47001.678 3875.8486000000003 -1.6427581 1.7471448 0.16016638
60739 66896.0 50218.912000000004 47158.69 3890.2445000000002 -1.6482503 1.7420035 0.15974232000000002
60739 66986.0 50070.323000000004 47315.239 3904.6022000000003 -1.6537262000000001 1.7368451 0.1593167
60739 67076.0 49921.242 47471.322 3918.9215 -1.659186 1.7316695 0.15888951
60739 67166.0 49771.67 47626.939 3933.2022 -1.6646294000000001 1.726477 0.15846076
60739 67256.0 49621.609000000004 47782.087 3947.4444 -1.6700564 1.7212675 0.15803045000000002
60739 67346.0 49471.061 47936.766 3961.6477000000004 -1.6754671 1.7160411 0.15759858
60739 67436.0 49320.026 48090.974 3975.8121 -1.6808613000000001 1.7107978000000001 0.15716517
60739 67526.0 49168.506 48244.709 3989.9374 -1.6862389 1.7055377 0.15673021
60739 67616.0 49016.503000000004 48397.97 4004.0235000000002 -1.6916 1.7002608000000001 0.15629371
60739 67706.0 48864.019 48550.756 4018.0702 -1.6969445 1.6949672 0.15585568
60739 67796.0 48711.054000000004 48703.064 4032.0774 -1.7022722000000001 1.689657 0.15541611
60739 67886.0 48557.61 48854.894 4046.045 -1.7075833 1.6843301 0.15497502
60739 67976.0 48403.689 49006.243 4059.9729 -1.7128776000000001 1.6789867 0.15453241
60739 68066.0 48249.293 49157.111000000004 4073.8608 -1.718155 1.6736268 0.15408827
60739 68156.0 48094.422 49307.495 4087.7087 -1.7234156 1.6682505 0.15364262
60739 68246.0 47939.078 49457.395000000004 4101.5165 -1.7286592 1.6628577 0.15319546
60739 68336.0 47783.264 49606.809 4115.2839 -1.7338858000000001 1.6574486 0.15274679000000002
60739 68426.0 47626.98 49755.735 4129.0108 -1.7390954 1.6520232000000001 0.15229663
60739 68516.0 47470.227 49904.173 4142.6972000000005 -1.7442879 1.6465816 0.15184496
60739 68606.0 47313.008 50052.12 4156.3429 -1.7494631999999999 1.6411238000000001 0.15139181
60739 68696.0 47155.324 50199.575000000004 4169.947700000001 -1.7546214 1.6356499 0.15093716000000001
60739 68786.0 46997.177 50346.536 4183.5115000000005 -1.7597623000000002 1.6301599000000002 0.15048103000000002
60739 68876.0 46838.568 50493.003000000004 4197.0342 -1.7648859000000001 1.6246538000000001 0.15002342999999999
60739 68966.0 46679.498 50638.973 4210.5157 -1.7699921 1.6191318000000001 0.14956434999999998
60739 69056.0 46519.97 50784.446 4223.9558 -1.775081 1.6135939000000001 0.14910379
60739 69146.0 46359.984000000004 50929.42 4237.3543 -1.7801524 1.6080402 0.14864178
60739 69236.0 46199.543 51073.893000000004 4250.7113 -1.7852064 1.6024706000000002 0.1481783
60739 69326.0 46038.647000000004 51217.864 4264.026400000001 -1.7902428000000001 1.5968852 0.14771336
60739 69416.0 45877.299 51361.332 4277.299599999999 -1.7952615 1.5912842 0.14724698
60739 69506.0 45715.501000000004 51504.295 4290.5307999999995 -1.8002627 1.5856676 0.14677914
60739 69596.0 45553.253000000004 51646.752 4303.7198 -1.8052461000000002 1.5800353 0.14630986999999998
60739 69686.0 45390.557 51788.701 4316.8665 -1.8102119 1.5743875 0.14583915
60739 69776.0 45227.415 51930.141 4329.9708 -1.8151598 1.5687243000000002 0.14536701
60739 69866.0 45063.829 52071.071 4343.0326 -1.8200899 1.5630456 0.14489343
60739 69956.0 44899.799 52211.489 4356.0516 -1.825002 1.5573516 0.14441843000000001
60739 70046.0 44735.329 52351.393000000004 4369.0278 -1.8298963000000001 1.5516422 0.14394201
60739 70136.0 44570.419 52490.784 4381.9610999999995 -1.8347726 1.5459176000000001 0.14346417
60739 70226.0 44405.07 52629.658 4394.8513 -1.8396308 1.5401779 0.14298492999999998
60739 70316.0 44239.286 52768.015 4407.6984 -1.844471 1.5344229 0.14250428
60739 70406.0 44073.066 52905.854 4420.5021 -1.8492929999999999 1.5286529 0.14202223
60739 70496.0 43906.414000000004 53043.172 4433.2623 -1.8540969 1.5228679 0.14153878
60739 70586.0 43739.329 53179.97 4445.979 -1.8588825 1.5170679 0.14105394000000002
60739 70676.0 43571.815 53316.244 4458.652 -1.8636499 1.511253 0.14056772
60739 70766.0 43403.873 53451.995 4471.2812 -1.8683988999999999 1.5054232 0.14008010999999998
60739 70856.0 43235.504 53587.22 4483.866400000001 -1.8731296 1.4995787 0.13959113
60739 70946.0 43066.71 53721.918 4496.4075 -1.8778419 1.4937194 0.13910077
60739 71036.0 42897.493 53856.089 4508.9045 -1.8825357 1.4878453999999999 0.13860905
60739 71126.0 42727.854 53989.73 4521.3571 -1.887211 1.4819567999999999 0.13811597
60739 71216.0 42557.796 54122.841 4533.7653 -1.8918678 1.4760536 0.13762152
60739 71306.0 42387.319 54255.419 4546.128900000001 -1.896506 1.4701359999999999 0.13712573
60739 71396.0 42216.425 54387.465000000004 4558.4479 -1.9011255000000002 1.4642038 0.13662859
60739 71486.0 42045.117 54518.976 4570.722 -1.9057263 1.4582573 0.1361301
60739 71576.0 41873.395000000004 54649.951 4582.9513 -1.9103085000000002 1.4522964999999999 0.13563028
60739 71666.0 41701.262 54780.389 4595.1355 -1.9148718 1.4463214 0.13512912
60739 71756.0 41528.718 54910.288 4607.2745 -1.9194164 1.4403320000000002 0.13462664000000002
60739 71846.0 41355.767 55039.648 4619.3682 -1.923942 1.4343285000000001 0.13412283
60739 71936.0 41182.409 55168.467000000004 4631.4165 -1.9284488 1.4283109 0.1336177
60739 72026.0 41008.647000000004 55296.743 4643.419400000001 -1.9329366000000001 1.4222793 0.13311125999999998
60739 72116.0 40834.481 55424.477 4655.3765 -1.9374054 1.4162337 0.13260351
60739 72206.0 40659.915 55551.665 4667.2879 -1.9418551 1.4101742 0.13209446
60739 72296.0 40484.948000000004 55678.308000000005 4679.1535 -1.9462858 1.4041008 0.13158411
60739 72386.0 40309.584 55804.403 4690.973 -1.9506974000000001 1.3980136 0.13107247000000002
60739 72476.0 40133.823000000004 55929.950000000004 4702.7465 -1.9550898 1.3919127000000002 0.13055954
60739 72566.0 39957.668 56054.947 4714.4737000000005 -1.9594629000000001 1.3857981 0.13004532000000002
60739 72656.0 39781.12 56179.393000000004 4726.1546 -1.9638168 1.3796697999999998 0.12952983
60739 72746.0 39604.182 56303.287000000004 4737.7891 -1.9681514 1.373528 0.12901305999999998
60739 72836.0 39426.854 56426.627 4749.3769 -1.9724667 1.3673727 0.12849503
60739 72926.0 39249.138 56549.414000000004 4760.9181 -1.9767626 1.361204 0.12797573
60739 73016.0 39071.037000000004 56671.644 4772.4125 -1.981039 1.3550219 0.12745518
60739 73106.0 38892.552 56793.317 4783.86 -1.9852960000000002 1.3488265 0.12693337
60739 73196.0 38713.684 56914.432 4795.2605 -1.9895335 1.3426178 0.12641031
60739 73286.0 38534.436 57034.988 4806.6138 -1.9937514 1.3363959 0.12588602000000002
60739 73376.0 38354.81 57154.983 4817.919900000001 -1.9979497 1.3301609 0.12536048
60739 73466.0 38174.806000000004 57274.416000000005 4829.1787 -2.0021284 1.3239128 0.12483371
60739 73556.0 37994.427 57393.287000000004 4840.39 -2.0062874 1.3176516999999999 0.12430572
60739 73646.0 37813.675 57511.593 4851.5537 -2.0104267 1.3113776000000001 0.1237765
60739 73736.0 37632.551 57629.334 4862.6697 -2.0145462 1.3050907 0.12324607
60739 73826.0 37451.057 57746.509 4873.7379 -2.0186459 1.2987909 0.12271443
60739 73916.0 37269.195 57863.116 4884.7582999999995 -2.0227258 1.2924784 0.12218158
60739 74006.0 37086.967000000004 57979.155 4895.7306 -2.0267858000000003 1.2861531 0.12164753
60739 74096.0 36904.374 58094.624 4906.6548 -2.0308259 1.2798152 0.12111228
60739 74186.0 36721.419 58209.521 4917.5307999999995 -2.0348461 1.2734648 0.12057584
60739 74276.0 36538.103 58323.847 4928.3584 -2.0388462 1.2671017999999998 0.12003822
60739 74366.0 36354.427 58437.599 4939.1376 -2.0428263 1.2607264 0.11949942000000001
60739 74456.0 36170.395000000004 58550.777 4949.8683 -2.0467863 1.2543385 0.11895944
60739 74546.0 35986.006 58663.380000000005 4960.5503 -2.0507262 1.2479384 0.11841829
60739 74636.0 35801.265 58775.406 4971.1835 -2.0546460000000004 1.2415260000000001 0.11787598
60739 74726.0 35616.171 58886.854 4981.767900000001 -2.0585455 1.2351013 0.11733251
60739 74816.0 35430.727 58997.724 4992.3033 -2.0624247999999996 1.2286646 0.11678789
60739 74906.0 35244.935 59108.013 5002.7897 -2.0662838999999997 1.2222157 0.11624212
60739 74996.0 35058.796 59217.722 5013.226900000001 -2.0701226000000004 1.2157548999999999 0.11569521
60739 75086.0 34872.313 59326.849 5023.6148 -2.073941 1.2092821 0.11514716
60739 75176.0 34685.488 59435.393000000004 5033.9533 -2.0777390000000002 1.2027974 0.11459798000000002
60739 75266.0 34498.321 59543.352 5044.2424 -2.0815166 1.1963009 0.11404767
60739 75356.0 34310.815 59650.726 5054.481900000001 -2.0852738 1.1897926 0.11349624
60739 75446.0 34122.972 59757.514 5064.6717 -2.0890104000000003 1.1832727 0.11294370000000001
60739 75536.0 33934.794 59863.715000000004 5074.8117 -2.0927265000000004 1.1767411 0.11239004
60739 75626.0 33746.282 59969.328 5084.901900000001 -2.0964221 1.1701979 0.11183528
60739 75716.0 33557.439 60074.35 5094.942 -2.1000970000000003 1.1636433 0.11127942
60739 75806.0 33368.265 60178.783 5104.9321 -2.1037513 1.1570772 0.11072247
60739 75896.0 33178.764 60282.624 5114.872 -2.1073849 1.1504997000000001 0.11016443
60739 75986.0 32988.937 60385.873 5124.7617 -2.1109978000000003 1.1439109 0.10960531000000001
60739 76076.0 32798.785 60488.528 5134.601 -2.11459 1.1373109 0.10904511
60739 76166.0 32608.311 60590.588 5144.3898 -2.1181614 1.1306996999999999 0.10848383
60739 76256.0 32417.517 60692.053 5154.128 -2.1217118999999998 1.1240774 0.1079215
60739 76346.0 32226.404000000002 60792.922 5163.8156 -2.1252416 1.1174439999999999 0.1073581
60739 76436.0 32034.974000000002 60893.193 5173.4525 -2.1287505 1.1107997 0.10679364
60739 76526.0 31843.229 60992.865 5183.0384 -2.1322384000000003 1.1041444 0.10622814
60739 76616.0 31651.172000000002 61091.939 5192.5735 -2.1357053 1.0974783 0.10566159
60739 76706.0 31458.803 61190.411 5202.0575 -2.1391513 1.0908014000000001 0.10509399999999999
60739 76796.0 31266.125 61288.282 5211.490400000001 -2.1425762 1.0841138000000001 0.10452538
60739 76886.0 31073.14 61385.551 5220.872 -2.1459801 1.0774155 0.10395573000000001
60739 76976.0 30879.849000000002 61482.217000000004 5230.2024 -2.1493628 1.0707066 0.10338506
60739 77066.0 30686.255 61578.278 5239.4813 -2.1527244999999997 1.0639872000000001 0.10281338
60739 77156.0 30492.359 61673.734000000004 5248.7088 -2.156065 1.0572574 0.10224068
60739 77246.0 30298.164 61768.584 5257.884599999999 -2.1593843 1.0505171 0.10166698
60739 77336.0 30103.671000000002 61862.827000000005 5267.0088 -2.1626824 1.0437665 0.10109228
60739 77426.0 29908.882 61956.462 5276.0812000000005 -2.1659591999999996 1.0370057 0.10051658999999999
60739 77516.0 29713.799 62049.488000000005 5285.1017 -2.1692148 1.0302347 0.099939903
60739 77606.0 29518.424 62141.904 5294.0703 -2.1724490000000003 1.0234535 0.099362238
60739 77696.0 29322.759000000002 62233.709 5302.986900000001 -2.1756618 1.0166623 0.098783597
60739 77786.0 29126.805 62324.903 5311.8514000000005 -2.1788533 1.0098611 0.09820398500000001
60739 77876.0 28930.566 62415.484000000004 5320.6636 -2.1820234000000003 1.00305 0.097623407
60739 77966.0 28734.042 62505.451 5329.4235 -2.185172 0.99622902 0.09704187
60739 78056.0 28537.235 62594.805 5338.1311 -2.1882992 0.98939824 0.096459379
60739 78146.0 28340.149 62683.543 5346.7862000000005 -2.1914048 0.98255774 0.09587594
60739 78236.0 28142.783 62771.665 5355.3887 -2.1944889 0.97570758 0.09529155900000001
60739 78326.0 27945.141 62859.17 5363.938700000001 -2.1975515 0.96884782 0.09470624100000001
60739 78416.0 27747.225000000002 62946.057 5372.4358 -2.2005924 0.9619785500000001 0.094119992
60739 78506.0 27549.035 63032.326 5380.8802000000005 -2.2036117 0.95509982 0.093532818
60739 78596.0 27350.575 63117.975 5389.2717 -2.2066094 0.9482117 0.09294472399999999
60739 78686.0 27151.846 63203.004 5397.6103 -2.2095854 0.94131426 0.092355717
60739 78776.0 26952.850000000002 63287.411 5405.8957 -2.2125396 0.93440757 0.091765802
60739 78866.0 26753.59 63371.197 5414.1281 -2.2154721 0.9274917 0.091174986
60739 78956.0 26554.066 63454.359000000004 5422.3072 -2.2183828 0.9205667 0.09058327199999999
60739 79046.0 26354.281 63536.898 5430.433 -2.2212718000000002 0.91363266 0.089990669
60739 79136.0 26154.238 63618.813 5438.5055 -2.2241389 0.9066896400000001 0.089397181
60739 79226.0 25953.937 63700.102 5446.5245 -2.2269841 0.89973771 0.088802814
60739 79316.0 25753.381 63780.766 5454.49 -2.2298074999999997 0.89277693 0.08820757500000001
60739 79406.0 25552.572 63860.802 5462.4018 -2.2326089000000002 0.88580738 0.087611468
60739 79496.0 25351.512 63940.211 5470.26 -2.2353883999999997 0.87882912 0.0870145
60739 79586.0 25150.203 64018.991 5478.0644 -2.2381459 0.87184222 0.08641667700000001
60739 79676.0 24948.647 64097.142 5485.8150000000005 -2.2408814 0.86484676 0.085818005
60739 79766.0 24746.845 64174.663 5493.5116 -2.2435949 0.8578427900000001 0.08521848900000001
60739 79856.0 24544.8 64251.553 5501.1543 -2.2462864 0.8508303899999999 0.084618135
60739 79946.0 24342.514 64327.812 5508.7429 -2.2489558 0.84380963 0.084016949
60739 80036.0 24139.989 64403.439 5516.2773 -2.2516030000000002 0.8367805700000001 0.08341493800000001
60739 80126.0 23937.226 64478.432 5523.7575 -2.2542282 0.82974329 0.082812107
60739 80216.0 23734.229 64552.792 5531.1835 -2.2568312 0.8226978500000001 0.082208461
60739 80306.0 23530.997 64626.518000000004 5538.555 -2.2594119999999998 0.81564433 0.08160400799999999
60739 80396.0 23327.535 64699.608 5545.872200000001 -2.2619706 0.8085827900000001 0.08099875299999999
60739 80486.0 23123.843 64772.063 5553.1348 -2.2645068999999998 0.8015133 0.08039270100000001
60739 80576.0 22919.924 64843.880000000005 5560.3428 -2.267021 0.79443593 0.079785859
60739 80666.0 22715.78 64915.061 5567.4962000000005 -2.2695129 0.78735075 0.079178233
60739 80756.0 22511.413 64985.603 5574.5949 -2.2719823999999997 0.78025784 0.07856982800000001
60739 80846.0 22306.824 65055.507 5581.6388 -2.2744296 0.77315725 0.07796065199999999
60739 80936.0 22102.016 65124.771 5588.6278 -2.2768544000000004 0.7660490600000001 0.07735070899999999
60739 81026.0 21896.991 65193.396 5595.561900000001 -2.2792569 0.7589333500000001 0.076740005
60739 81116.0 21691.751 65261.379 5602.441 -2.2816369 0.7518101699999999 0.07612854799999999
60739 81206.0 21486.297 65328.721 5609.265 -2.2839946 0.74467961 0.075516342
60739 81296.0 21280.632 65395.421 5616.0339 -2.2863298 0.7375417200000001 0.074903393
60739 81386.0 21074.758 65461.478 5622.7476 -2.2886425 0.73039659 0.07428970900000001
60739 81476.0 20868.677 65526.892 5629.406 -2.2909327 0.72324427 0.073675294
60739 81566.0 20662.391 65591.662 5636.009099999999 -2.2932004000000004 0.71608485 0.073060155
60739 81656.0 20455.902000000002 65655.787 5642.5568 -2.2954456 0.70891839 0.072444298
60739 81746.0 20249.212 65719.267 5649.0491 -2.2976682 0.70174496 0.071827729
60739 81836.0 20042.322 65782.101 5655.4858 -2.2998682 0.69456463 0.071210453
60739 81926.0 19835.236 65844.289 5661.866900000001 -2.3020457000000003 0.68737747 0.070592478
60739 82016.0 19627.955 65905.829 5668.192400000001 -2.3042004 0.68018356 0.069973809
60739 82106.0 19420.481 65966.722 5674.4622 -2.3063326 0.67298296 0.069354452
60739 82196.0 19212.816 66026.966 5680.6762 -2.3084421 0.66577575 0.06873441300000001
60739 82286.0 19004.962 66086.561 5686.834400000001 -2.3105289 0.65856199 0.068113698
60739 82376.0 18796.921000000002 66145.507 5692.9366 -2.3125929999999997 0.65134176 0.067492314
60739 82466.0 18588.696 66203.802 5698.983 -2.3146343000000003 0.64411512 0.066870267
60739 82556.0 18380.288 66261.447 5704.9733 -2.3166529000000002 0.63688216 0.06624756200000001
60739 82646.0 18171.699 66318.441 5710.9075 -2.3186488 0.62964293 0.065624206
60739 82736.0 17962.931 66374.783 5716.7856 -2.3206218 0.62239752 0.06500020499999999
60739 82826.0 17753.988 66430.472 5722.6075 -2.3225721 0.61514598 0.064375565
60739 82916.0 17544.869 66485.509 5728.3732 -2.3244995 0.6078884000000001 0.063750293
60739 83006.0 17335.578 66539.892 5734.0825 -2.3264041000000004 0.6006248500000001 0.063124393
60739 83096.0 17126.117000000002 66593.621 5739.7356 -2.3282858 0.59335539 0.062497873
60739 83186.0 16916.488 66646.696 5745.3321 -2.3301446 0.5860801 0.061870739
60739 83276.0 16706.692 66699.115 5750.8723 -2.3319805000000002 0.57879904 0.061242997
60739 83366.0 16496.732 66750.879 5756.3559000000005 -2.3337935 0.5715123 0.060614652
60739 83456.0 16286.61 66801.98700000001 5761.7829 -2.3355836 0.56421994 0.059985712000000004
60739 83546.0 16076.327000000001 66852.439 5767.1533 -2.3373507 0.55692203 0.059356182
60739 83636.0 15865.887 66902.23300000001 5772.467000000001 -2.3390948 0.54961865 0.058726069000000006
60739 83726.0 15655.291000000001 66951.37 5777.724 -2.340816 0.5423098599999999 0.058095377999999996
60739 83816.0 15444.541000000001 66999.849 5782.9241 -2.3425141 0.5349957500000001 0.057464115999999996
60739 83906.0 15233.639000000001 67047.669 5788.0675 -2.3441891999999998 0.52767637 0.05683229
60739 83996.0 15022.588 67094.83 5793.1539 -2.3458413 0.52035181 0.056199903999999995
60739 84086.0 14811.388 67141.332 5798.183400000001 -2.3474703 0.51302213 0.055566966
60739 84176.0 14600.044 67187.174 5803.156 -2.3490763 0.5056874100000001 0.054933482
60739 84266.0 14388.555 67232.356 5808.0715 -2.3506591 0.49834772 0.054299458
60739 84356.0 14176.926 67276.87700000001 5812.9299 -2.3522189 0.49100313 0.053664901
60739 84446.0 13965.157000000001 67320.736 5817.7311 -2.3537555 0.48365371 0.053029815
60739 84536.0 13753.25 67363.93400000001 5822.4752 -2.355269 0.47629953999999997 0.052394209
60739 84626.0 13541.209 67406.47 5827.1621 -2.3567594 0.46894069000000005 0.051758087
60739 84716.0 13329.034 67448.34300000001 5831.7916 -2.3582266 0.46157723 0.051121457
60739 84806.0 13116.729000000001 67489.554 5836.3639 -2.3596706 0.45420923 0.050484324000000004
60739 84896.0 12904.294 67530.101 5840.8787999999995 -2.3610914 0.44683676000000006 0.049846694000000004
60739 84986.0 12691.733 67569.984 5845.3363 -2.362489 0.4394599 0.049208575000000004
60739 85076.0 12479.047 67609.204 5849.7363 -2.3638634 0.43207871999999997 0.048569972
60739 85166.0 12266.238 67647.758 5854.0789 -2.3652146 0.42469330000000005 0.047930892
60739 85256.0 12053.309000000001 67685.648 5858.3639 -2.3665425 0.41730369 0.04729134
60739 85346.0 11840.261 67722.873 5862.5913 -2.3678472000000004 0.40990999 0.046651324
60739 85436.0 11627.097 67759.432 5866.7611 -2.3691286000000003 0.40251226 0.046010849
60739 85526.0 11413.819 67795.325 5870.8732 -2.3703867 0.39511057 0.045369921
60739 85616.0 11200.428 67830.552 5874.9277 -2.3716215000000003 0.38770499 0.04472854800000001
60739 85706.0 10986.928 67865.11200000001 5878.924400000001 -2.372833 0.38029561 0.044086734999999995
60739 85796.0 10773.319 67899.005 5882.8633 -2.3740210999999998 0.37288248 0.043444488
60739 85886.0 10559.605 67932.231 5886.7444000000005 -2.3751860000000002 0.36546569 0.042801814
60739 85976.0 10345.786 67964.789 5890.567599999999 -2.3763275 0.35804531 0.042158720000000004
60739 86066.0 10131.867 67996.679 5894.3329 -2.3774456 0.3506214 0.041515211
60739 86156.0 9917.847 68027.9 5898.0403 -2.3785404 0.34319405000000003 0.040871294
60739 86246.0 9703.7299 68058.45300000001 5901.6897 -2.3796118 0.33576333 0.040226976000000005
60739 86336.0 9489.5175 68088.338 5905.2812 -2.3806598 0.3283293 0.039582261

