CIC_AEM_VERS = 1.0
CREATION_DATE = 2025-03-05T13:44:24.807Z
ORIGINATOR = CS Group

META_START
OBJECT_NAME = Sat
OBJECT_ID = Sat
CENTER_NAME = null
REF_FRAME_A = EME2000
REF_FRAME_B = SC_BODY_1
ATTITUDE_DIR = A2B
TIME_SYSTEM = UTC
START_TIME = 2025-03-04T11:52:23.094336
STOP_TIME = 2025-03-06T00:00:00.0
ATTITUDE_TYPE = QUATERNION
QUATERNION_TYPE = LAST
META_STOP

60738 42743.094336 -0.734617097396269 0.1625691244046127 0.14094324620022727 -0.6434625096724287
60738 43163.094336 -0.6776469711979798 0.32696150349547615 -0.010628923986410433 -0.6586180863239889
60738 43583.094336 -0.5843982343848789 0.47394951095804444 -0.1617311108545642 -0.6385088977392683
60738 44003.094336 -0.4597227132819999 0.5956794323402371 -0.3043358140769277 -0.5841239192582193
60738 44423.094336 -0.31014116074529685 0.6855558792061703 -0.43079124610493136 -0.4982414065257674
60738 44843.094336 0.1435741164923015 -0.7385970518611669 0.5342063101330224 0.38533684779619637
60738 45263.094336 -0.030950335967559067 -0.7517607642908768 0.6088188880476263 0.2514704585686833
60738 45683.094336 -0.20394700595812604 -0.7242238842359408 0.6504740777688738 0.1038694296396005
60738 46103.094336 -0.3658699155839161 -0.6574653957990823 0.6568434464422164 -0.04934718901098276
60738 46523.094336 -0.5078037043363008 -0.5552456005944014 0.6276542301298779 -0.1997195240404995
60738 46943.094336 -0.6221640736977049 -0.42319891002409793 0.5646174501172359 -0.33914846745548327
60738 47363.094336 -0.7028729826788334 -0.2685899518669324 0.4712998925876742 -0.46011457184393345
60738 47783.094336 -0.7457729939479577 -0.09976935579214963 0.3528255734185381 -0.5562219268283106
60738 48203.094336 -0.7487212855792075 0.0742527999437542 0.21556837799481524 -0.6224413487468647
60738 48623.094336 -0.7116459164475825 0.2442425306338383 0.06683302807785019 -0.6553159712619587
60738 49043.094336 -0.636521380931404 0.40120339095678614 -0.08551495424151737 -0.6531183379013531
60738 49463.094336 -0.5272734118220593 0.5367890188176266 -0.2334034718234716 -0.6159246039923106
60738 49883.094336 -0.38959957050765137 0.6437277469387128 -0.36895629781649164 -0.5456170935583035
60738 50303.094336 0.23073856664792525 -0.7161779379630426 0.4848598805633019 0.4458248212654895
60738 50723.094336 0.05909997938272797 -0.7500790176145945 0.5747695629095856 0.32175861965767105
60738 51143.094336 -0.1159231053129891 -0.7434025402639611 0.6336119085726487 0.1801400735500257
60738 51563.094336 -0.2847050347911298 -0.6964457633085769 0.6580892182261617 0.028721469123192747
60738 51983.094336 -0.4379489114890288 -0.6118253493064499 0.6468816020942375 -0.12415589290729556
60738 52403.094336 -0.5673304049463712 -0.4942694541716315 0.600712539008565 -0.27014507912258406
60738 52823.094336 -0.6659206817594908 -0.3503156745085785 0.5222683976249883 -0.401328163278883
60738 53243.094336 -0.7286198419114068 -0.18776220544876787 0.4159043812282129 -0.5107661165868275
60738 53663.094336 -0.7522414500554853 -0.015312460220313198 0.28738016758513896 -0.5927149134779383
60738 54083.094336 -0.7356351882849832 0.1578793673006144 0.14354941846059047 -0.6428907680137439
60738 54503.094336 -0.6797119165160943 0.3226362264591892 -0.007965818557758778 -0.658660854808374
60738 54923.094336 -0.5873947435587386 0.4702198290008841 -0.15915261576405051 -0.6391644331073214
60738 55343.094336 -0.4634910615146107 0.5927423329633051 -0.3019777904214857 -0.5853562818501522
60738 55763.094336 -0.31448684514374003 0.6835653729513701 -0.4287796086880741 -0.4999844520649554
60738 56183.094336 0.14827451298458988 -0.7376596894117854 0.5326478741017215 0.3875036691839286
60738 56603.094336 -0.026139863193844454 -0.7519319177045626 0.6078021272250036 0.2539521073551202
60738 57023.094336 -0.1992874453014117 -0.7255030744398969 0.6500616993292516 0.10653445540603157
60738 57443.094336 -0.3616189448120019 -0.6597918585152285 0.6570621319506117 -0.046645438647226055
60738 57863.094336 -0.5042009631343436 -0.5584956379126063 0.6284909506073899 -0.1971373536689853
60738 58283.094336 -0.6194110106332176 -0.4271889807116421 0.5660239419815803 -0.3368330027899833
60738 58703.094336 -0.7011165711776476 -0.2730975970440444 0.4731950203792932 -0.45819180350275523
60738 59123.094336 -0.7451023654383707 -0.10454702169675271 0.3551018236161471 -0.5547928263207536
60738 59543.094336 -0.7491652687075908 0.06946321291714404 0.21810009322984164 -0.6215775185338069
60738 59963.094336 -0.7131755398784383 0.23969542073181566 0.06948405974406321 -0.6550562724230486
60738 60383.094336 -0.639054048534975 0.3971363701592823 -0.08288304618509662 -0.6534699895196766
60738 60803.094336 -0.5306770877541418 0.5334127596334914 -0.23092472402147945 -0.6168682421948544
60738 61223.094336 -0.39369889265910657 0.6412204291979504 -0.36675598503593043 -0.5471083901189178
60738 61643.094336 0.235322931134016 -0.7146775384510513 0.4830522951010125 0.447794165117954
60738 62063.094336 0.06393115786893201 -0.7496737448161285 0.5734601052725499 0.32410737579958904
60738 62483.094336 -0.11109733309687729 -0.7441262176583748 0.6328783041125322 0.1827528575859969
60738 62903.094336 -0.28015518374076287 -0.698271232173783 0.6579825590421362 0.03145331998451123
60738 63323.094336 -0.433935364189615 -0.6146614933107919 0.6474084179152957 -0.12146476344597762
60738 63743.094336 -0.564076690679474 -0.49795976219319205 0.6018473202246917 -0.26764410213369155
60738 64163.094336 -0.6636049555300876 -0.3546562235392663 0.5239492343247305 -0.3991548896748044
60738 64583.094336 -0.7273673541245815 -0.19250824319144524 0.41803077940460204 -0.5090457503285238
60738 65003.094336 -0.7521123969188598 -0.020197535055459563 0.2898261078904075 -0.5915402177060733
60738 65423.094336 -0.7366235560457067 0.15312308077004474 0.14617443138622283 -0.642317751913321
60738 65843.094336 -0.6817525661924049 0.31826036900508675 -0.0053047723385850265 -0.6587075492213919
60738 66263.094336 -0.5903739096038655 0.46644880079752754 -0.1565948380596636 -0.6398142072404013
60738 66683.094336 -0.4672523330216692 0.5897651585058377 -0.2996512861018527 -0.5865674912879991
60738 67103.094336 -0.31883362214232974 0.6815350771274633 -0.42679408126726226 -0.5016989856793597
60738 67523.094336 0.15298954959281605 -0.7366853763047624 0.5310988446143929 0.3896445448140586
60738 67943.094336 -0.021290745439301567 -0.7520775858418368 0.6067720625442743 0.2564247904332202
60738 68363.094336 -0.19456243928752165 -0.7267812411750434 0.6496201331468926 0.10921614946868717
60738 68783.094336 -0.35728179404174637 -0.6621495752780142 0.6572522790285652 -0.04389876213760049
60738 69203.094336 -0.5005006845893853 -0.5618123959318869 0.6293199338939789 -0.19447960640259326
60738 69623.094336 -0.6165731370896197 -0.43127237343114005 0.5674478870824218 -0.3344317598258744
60738 70043.094336 -0.699300412321297 -0.27771246420649004 0.47512485615588446 -0.4561919460210504
60738 70463.094336 -0.7444001545872366 -0.10942749798944189 0.3574174957992703 -0.5533053101415597
60738 70883.094336 -0.7495996910925702 0.06459037350147197 0.22066318322396972 -0.6206739452678263
60738 71303.094336 -0.7147048686995946 0.2350904576490613 0.07215156070640366 -0.6547698677146654
60738 71723.094336 -0.6415829563554081 0.3930324164624672 -0.08024746459152489 -0.6538020909652708
60738 72143.094336 -0.5340716714454274 0.5300104600343809 -0.2284478455685543 -0.6177928001107793
60738 72563.094336 -0.39779112612800843 0.6386878883279049 -0.36455488038684547 -0.548579748498963
60738 72983.094336 0.23990940673449643 -0.7131506775429773 0.4812326976691964 0.4497495729562421
60738 73403.094336 0.06877728090013713 -0.7492476339299206 0.5721217239499773 0.32645735045623575
60738 73823.094336 -0.1062413783302997 -0.7448429114487553 0.6321024320029603 0.1853869527527838
60738 74243.094336 -0.2755678642806718 -0.7001072489885768 0.6578304900380227 0.03422336140373946
60738 74663.094336 -0.429887049424379 -0.6175131500495785 0.6479038189684001 -0.11872352597194429
60738 75083.094336 -0.5607974470486332 -0.501664939826783 0.6029642054808028 -0.2650899440590497
60738 75503.094336 -0.6612696277725364 -0.35901354953167164 0.5256236846864041 -0.3969275661061208
60738 75923.094336 -0.7261047054524546 -0.1972588736301608 0.4201532009493415 -0.5072791945526511
60738 76343.094336 -0.751977852180235 -0.025062770326197092 0.2922600775696457 -0.5903263626443948
60738 76763.094336 -0.7375994098061991 0.14841475905359355 0.14877204914269102 -0.6417063560091134
60738 77183.094336 -0.683762557434698 0.3139540731037703 -0.002686145996263858 -0.6587066036192445
60738 77603.094336 -0.5932939577864222 0.4627545357144128 -0.15408330780035723 -0.6404052260773343
60738 78023.094336 -0.4709266002039588 0.5868554679212221 -0.2973583497219895 -0.5877132028820852
60738 78443.094336 -0.32308418855952464 0.6795483790402244 -0.4248219848428939 -0.5033456951646467
60738 78863.094336 0.15761621212716442 -0.7357269050363416 0.5295411206701179 0.3917259914784391
60738 79283.094336 -0.016494395983679126 -0.752215395970718 0.6057119285266772 0.2588686783028087
60738 79703.094336 -0.189856883499677 -0.7280415212416972 0.6491439717144406 0.11190179231212931
60738 80123.094336 -0.3529457817812523 -0.6644884400460814 0.6574138571834135 -0.04112673766751186
60738 80543.094336 -0.49680504077744597 -0.5651027176214753 0.6301242008109724 -0.1917997954828852
60738 80963.094336 -0.6137705154978814 -0.4352776413341199 0.5688232561258845 -0.3320530568304059
60738 81383.094336 -0.6975337244716323 -0.28216237011722894 0.4769511531050974 -0.45425620267232325
60738 81803.094336 -0.7437219413521011 -0.11405123443119924 0.3595554692936528 -0.5518965975408823
60738 82223.094336 -0.7499953719275124 0.060041427272259064 0.22298009301200866 -0.619824045369957
60738 82643.094336 -0.7161115951129193 0.23082724817244119 0.07453511735391721 -0.6544826056718439
60738 83063.094336 -0.643914623656313 0.38923333232444174 -0.07788850343736366 -0.6540678492950462
60738 83483.094336 -0.5372316060330402 0.5268309854413477 -0.22619087011925948 -0.6186024608201547
60738 83903.094336 -0.40166238919036373 0.6362804275555421 -0.3624876123272119 -0.5499247889747672
60738 84323.094336 -0.2443357432144359 0.7116646319941862 -0.47946494878585527 -0.4516047597647814
60738 84743.094336 0.07358100810353242 -0.7488076455588886 0.5707650097269795 0.3287860229243067
60738 85163.094336 -0.10130637931036804 -0.7455444436341304 0.6312835854971844 0.1880997999975485
60738 85583.094336 -0.2708437711415224 -0.7019613931613452 0.6576588098094536 0.037131442536411916
60738 86003.094336 -0.4257137977356315 -0.6204109572836557 0.6484113291348127 -0.11584798120601611
60739 23.094336 -0.5574898085781761 -0.5053552427135907 0.6040778498129026 -0.2625093205179135
60739 443.094336 -0.6591651907990836 -0.362887968229838 0.527015822869587 -0.39505429525309527
60739 863.094336 -0.7251360110379907 -0.20083838129371248 0.4214686441864651 -0.5061678496930196
60739 1283.094336 -0.751891313814805 -0.027867372603596657 0.2930875916722957 -0.5899004368211235
60739 1703.094336 -0.7379817558026943 0.1465630389717459 0.1488946842367196 -0.6416639125864775
60739 2123.094336 -0.6842520767962587 0.31291497808656804 -0.003206838147190733 -0.6586903886335275
60739 2543.094336 -0.5937796366012805 0.4621521469210191 -0.15490630230041996 -0.6401915133470256
60739 2963.094336 -0.4715701557052557 0.5863548173830663 -0.2980768923505893 -0.5873327699238372
60739 3383.094336 -0.32422025286804496 0.6790211322326689 -0.4251419383987835 -0.5030565195146269
60739 3803.094336 0.15955962475557384 -0.7353204468306594 0.5294056189694386 0.39188551545598793
60739 4223.094336 -0.013711572190571132 -0.7522822334228989 0.6053439599710516 0.25969621520323244
60739 4643.094336 -0.18640061949868336 -0.7289424449292158 0.6488620441312061 0.11347144450035451
60739 5063.094336 -0.34927796444940146 -0.666430448589597 0.6575349428369989 -0.03902767852557831
60739 5483.094336 -0.4935185671235415 -0.5679826146135405 0.630782806504282 -0.1896001698830309
60739 5903.094336 -0.6112599872083521 -0.4388064393801162 0.5699549354398876 -0.3300931813356691
60739 6323.094336 -0.6960495005567113 -0.28582192671072004 0.4782767826034342 -0.4528490236366111
60739 6743.094336 -0.7432044431987168 -0.11741921322127502 0.3607725074281433 -0.5510926254815902
60739 7163.094336 -0.7502370820367005 0.05698649464431339 0.22406469555990802 -0.6194286660858185
60739 7583.094336 -0.7169498489963299 0.22821694446344495 0.07540057987214419 -0.6543811525700088
60739 8003.094336 -0.6451059227999906 0.3872588650132927 -0.07740108828159352 -0.6541238348889405
60739 8423.094336 -0.5385497332241307 0.5254843579288108 -0.22607372295056571 -0.6186445232988277
60739 8843.094336 -0.4029887233905241 0.6354419054492443 -0.3626134816192759 -0.549841010263018
60739 9263.094336 -0.2456859773513105 0.7111993927136939 -0.47965763562644914 -0.4514004618095213
60739 9683.094336 0.07507299092749244 -0.7486567887137465 0.5708796523866235 0.32859318501294177
60739 10103.094336 -0.09956663111297288 -0.7457727882509833 0.6312911819497573 0.1880980538592723
60739 10523.094336 -0.26881511427078214 -0.7027347378108841 0.6576448170095994 0.03749156270235811
60739 10943.094336 -0.4235813928348883 -0.6218640951556342 0.648541403235066 -0.11514295067528818
60739 11363.094336 -0.5557224665582687 -0.5072924442426803 0.6043820583325662 -0.26181910499879785
60739 11783.094336 -0.657827165629966 -0.3653003310236954 0.527544798440352 -0.3943546296821583
60739 12203.094336 -0.7243593472811223 -0.20361095971234763 0.4222277587731946 -0.5055391506232214
60739 12623.094336 -0.7517646649560854 -0.031007630460271086 0.29417694389000604 -0.5893626566556793
60739 13043.094336 -0.7386470335151971 0.14313164644688864 0.15037813316822388 -0.6413269904888163
60739 13463.094336 -0.6858372682125893 0.3093944535319138 -0.0013634557936860216 -0.658711207315224
60739 13883.094336 -0.5962786827222379 0.4588959505261202 -0.15290437514853814 -0.640692196910651
60739 14303.094336 -0.4748565849118769 0.5836745146113724 -0.2961353469310418 -0.5883359083525668
60739 14723.094336 -0.32804366153187803 0.6771636658495814 -0.4234797836247512 -0.5044815146693179
60739 15143.094336 0.16359307901279754 -0.7344143303393484 0.5281842885979288 0.393566072178
60739 15563.094336 -0.00980385952616346 -0.7523235680030761 0.6046221418924949 0.26142914699559455
60739 15983.094336 -0.18285169962459147 -0.7298224977263081 0.6485943846853052 0.11510734951175584
60739 16403.094336000002 -0.3462366088058642 -0.667995124976862 0.6576400732712144 -0.03758001806270513
60739 16823.094336000002 -0.49105342598801177 -0.5700909402579665 0.6311752867869428 -0.18836297409694036
60739 17243.094336000002 -0.6093907694086261 -0.4413671228523757 0.5705916561504444 -0.32903360763920697
60739 17663.094336000002 -0.6948032353847687 -0.28879140673373915 0.4791724287371929 -0.4519311574053131
60739 18083.094336 -0.7426703764638103 -0.12064898348770837 0.36189691677472785 -0.550377285446475
60739 18503.094336 -0.7504484022049566 0.05392191062116875 0.22515871290686656 -0.6190502218601602
60739 18923.094336 -0.7178062433028797 0.22544271845761882 0.07640625205634342 -0.6542872934854753
60739 19343.094336000002 -0.6466490594926567 0.3846346708652136 -0.07627744148703186 -0.6542804564908414
60739 19763.094336000002 -0.5408867440129881 0.5230498755887331 -0.22474700248211626 -0.6191519544287516
60739 20183.094336000002 -0.4062134621113089 0.6333625862443163 -0.3611034494259049 -0.5508600152109139
60739 20603.094336000002 -0.24977258180479314 0.7097544316865092 -0.4781256141657349 -0.4530543026598105
60739 21023.094336000002 0.07982722044952649 -0.7481477333988451 0.5695705002393908 0.3308957980127935
60739 21443.094336000002 -0.09463562647751321 -0.7463992111687117 0.6304979784334965 0.190799934379464
60739 21863.094336 -0.2642015193697073 -0.7044640414993634 0.6575002820416608 0.040265996973352404
60739 22283.094336 -0.41964371380493654 -0.6245054356844406 0.6490150858425482 -0.1125679022340623
60739 22703.094336000002 -0.5524711739276917 -0.5108038269411747 0.6054532413476258 -0.2593866320820375
60739 23123.094336000002 -0.655446274774251 -0.36951821410527774 0.5291791536220575 -0.39219369411152705
60739 23543.094336000002 -0.7230062198093686 -0.20830240679155237 0.4243437768299748 -0.5037901075919277
60739 23963.094336000002 -0.7515315182338459 -0.03591551134310931 0.296665547406253 -0.5881326433112193
60739 24383.094336000002 -0.7395589420110301 0.13828708060633618 0.15309828939715675 -0.64069506663667
60739 24803.094336000002 -0.6878433165410206 0.3048927083991049 0.0014267596016206729 -0.6587184319661527
60739 25223.094336 -0.5992562279292676 0.4549962101349366 -0.15021343839608584 -0.6413316965315652
60739 25643.094336 -0.4786266009193759 0.5805860273957282 -0.29369333182132434 -0.5895597243103542
60739 26063.094336 -0.33238923998266934 0.6750412128047768 -0.42140997221354126 -0.5062118029815007
60739 26483.094336000002 0.16827602238284803 -0.7333581279876489 0.5265796595124259 0.3957055705865615
60739 26903.094336000002 -0.005022158974592321 -0.7523736185291134 0.6035590087931105 0.26386594885532305
60739 27323.094336000002 -0.1782080041080461 -0.730971177873673 0.6481234400653185 0.11772446996142812
60739 27743.094336000002 -0.34196557777025466 -0.670193292652146 0.6577856378252224 -0.034907717988953944
60739 28163.094336000002 -0.48737823032182487 -0.5732392313663615 0.631941346760934 -0.1857670005271283
60739 28583.094336000002 -0.6065158757116469 -0.4453147294837668 0.5719546025402363 -0.32665152203468123
60739 29003.094336 -0.6929022370003617 -0.2933322384861452 0.4810701867663151 -0.44990461570117785
60739 29423.094336 -0.7418631557542527 -0.12553650675748174 0.3642321957982477 -0.5488301660345002
60739 29843.094336000002 -0.7507918356095578 0.0489670237364312 0.2277982868674387 -0.618079113600101
60739 30263.094336000002 -0.7192852464356421 0.2207101867236036 0.07919073821660799 -0.6539453912347409
60739 30683.094336000002 -0.6491675810452465 0.38039292687825615 -0.07351249251018782 -0.6545827574461434
60739 31103.094336000002 -0.5442817048731866 0.5195356570472136 -0.22216539482300374 -0.6200666610454042
60739 31523.094336000002 -0.41028076128298613 0.6307524530229035 -0.358841060772289 -0.5523170584279121
60739 31943.094336000002 -0.2542819014046302 0.7081680086125866 -0.47628539218107485 -0.45496264834670674
60739 32363.094336000002 0.08454415647310576 -0.7476459378072526 0.568233540010773 0.33314933782523126
60739 32783.094336 -0.08996043425477426 -0.7469950757388013 0.6297222211075754 0.1932754545564873
60739 33203.094336 -0.25979672787696145 -0.7061209397499337 0.6573149656357954 0.04284757382055066
60739 33623.094336 -0.41572622926107683 -0.6271443216103968 0.6494320365842499 -0.10999878196705368
60739 34043.094336 -0.5492383332246116 -0.5143089802595103 0.606466442126379 -0.2569474279218308
60739 34463.094336 -0.6530871378297487 -0.3737156075568471 0.5307495291570434 -0.3900240663976266
60739 34883.094336 -0.7216662194810509 -0.21297310393223867 0.42639810542397094 -0.5020208963302658
60739 35303.094336 -0.7513016010736059 -0.040800560277897274 0.29909427603362093 -0.5868763349711508
60739 35723.094336 -0.7404619452703541 0.13347198901359816 0.1557579751770909 -0.6400318655535283
60739 36143.094336 -0.6898219968832365 0.30043293095315265 0.004150709906997787 -0.6586869045473654
60739 36563.094336 -0.6021693096878744 0.4511616357481094 -0.1476078248173227 -0.6419168411498622
60739 36983.094336 -0.4822884083214511 0.5775698178896816 -0.2913471672610343 -0.5907011298369187
60739 37403.094336 -0.3365881550136566 0.6729769819492649 -0.4194296970212456 -0.5078278496967525
60739 37823.094336 0.17279450477366054 -0.7323250165396701 0.5250472007417677 0.3977028617742539
60739 38243.094336 -4.0118966303298375E-4 -0.7524089505296271 0.6025314063664466 0.2661513001129835
60739 38663.094336 -0.1736958174053629 -0.7320759047148029 0.6476458494231543 0.12020601680800641
60739 39083.094336 -0.3377789789341596 -0.6723358071588242 0.6578939726238043 -0.03233333554642892
60739 39503.094336 -0.4837408866129876 -0.5763397435574863 0.632658264749293 -0.18322329180370378
60739 39923.094336 -0.6036482168157312 -0.4492317247365878 0.5732691866260855 -0.32428710657447485
60739 40343.094336 -0.6909934323153295 -0.29785799377810146 0.48292547510399314 -0.4478746225621039
60739 40763.094336 -0.7410449012679339 -0.13040549966544196 0.3665215281761287 -0.5472739984187444
60739 41183.094336 -0.7511172052778194 0.04404116652906299 0.23038285253764965 -0.6170956658760562
60739 41603.094336 -0.7207260491451546 0.21602215902624608 0.08190452222864016 -0.6535901147751193
60739 42023.094336 -0.6516137641126925 0.37621913081831493 -0.07084583640818719 -0.6548584087333875
60739 42443.094336 -0.5475549382361741 0.5161065301901201 -0.21971112450133554 -0.6209224274244352
60739 42863.094336 -0.4141847290424198 0.628213543441298 -0.35670614017682606 -0.5536781408229302
60739 43283.094336 -0.25861895402659135 0.7066116820796308 -0.47455121740633466 -0.4567464388749545
60739 43703.094336 0.08911459353816015 -0.747129610429785 0.5669618160071298 0.33527635411323564
60739 44123.094336 -0.08536213489453236 -0.7475476140996784 0.6289686237317589 0.19566384679113097
60739 44543.094336 -0.2553356675334814 -0.7077594444462993 0.6571259000870535 0.04545126089644661
60739 44963.094336 -0.41165559507979727 -0.6298367799236079 0.649869236105719 -0.10730926175465011
60739 45383.094336 -0.545830515362414 -0.5179403846034806 0.6075463497579834 -0.2543506229435072
60739 45803.094336 -0.6505813270277189 -0.37808473917111085 0.532425932320405 -0.3877092899602909
60739 46223.094336 -0.7202334435681358 -0.21781165662994903 0.4285681427304876 -0.5001511931792654
60739 46643.094336 -0.7510247845460365 -0.045806275290148316 0.3016103369609123 -0.5855721670126984
60739 47063.094336 -0.741330451345782 0.12861132289901459 0.15844145417315003 -0.6393626475867371
60739 47483.094336 -0.6917419545008521 0.29599929128521335 0.006824450166204728 -0.6586584204441035
60739 47903.094336 -0.6049693067739325 0.4474050267482543 -0.1451205546957306 -0.6424802755779082
60739 48323.094336 -0.4857792369279743 0.5746380777721427 -0.28914801970537357 -0.5917795495321486
60739 48743.094336 -0.34060021975231847 0.6709566788463718 -0.41758029525316587 -0.5093479384785984
60739 49163.094336 0.17717044433391022 -0.7312798047171029 0.5235951276125239 0.39961058945912026
60739 49583.094336 0.004171432639114763 -0.7523992447595846 0.6015304526116524 0.2684009877324681
60739 50003.094336 -0.16917949385712397 -0.7331345522300728 0.647179259560533 0.1226826523162022
60739 50423.094336 -0.3336348124685718 -0.6744005423577497 0.6580139807074968 -0.02982149510182265
60739 50843.094336 -0.48014335166903077 -0.5793363016619408 0.6333700524919191 -0.18076002885338796
60739 51263.094336 -0.6007835508458329 -0.45305169539973655 0.5745688525693775 -0.3219843474232958
60739 51683.094336 -0.689040920993689 -0.302342838209109 0.48478903203976376 -0.4458598566744693
60739 52103.094336 -0.7401599215476791 -0.1353306122649714 0.3688810304748747 -0.5456882821486237
60739 52523.094336 -0.7513969987822475 0.038956360043302794 0.2331166997319132 -0.6160694413289046
60739 52943.094336 -0.7221833362347118 0.21109238474624 0.08484328369200253 -0.6532173077769793
60739 53363.094336 -0.6541103067676437 0.37185196191173164 -0.0679937510443972 -0.6551661429146409
60739 53783.094336 -0.5508441763795484 0.5125831582827313 -0.21717388079801497 -0.6218236926113115
60739 54203.094336 -0.41800461352794827 0.6256687213870964 -0.3546101395090934 -0.555033731501544
60739 54623.094336 -0.26271582354900225 0.7050904514731996 -0.4729585526785726 -0.45840817918802346
60739 55043.094336 0.0932885750839206 -0.7466108638390846 0.5658711122062976 0.3371340150840246
60739 55463.094336 -0.08121651523980046 -0.7479973591317104 0.6283487560386591 0.19769084240034968
60739 55883.094336 -0.25136195894307484 -0.709163804648547 0.656991266094346 0.04760609255594903
60739 56303.094336 -0.4079935193880279 -0.6321948958320353 0.6502566036587271 -0.1050583229425925
60739 56723.094336 -0.5426535099922207 -0.5212447987757857 0.608517649470294 -0.25206605905092033
60739 57143.094336 -0.6481133386521094 -0.382269594774148 0.5340377638100253 -0.3855161786452191
60739 57563.094336 -0.7187193389581193 -0.22270650393546726 0.4308175548000765 -0.4982374528159526
60739 57983.094336 -0.7506686016929193 -0.051106135414873334 0.3043867109172571 -0.5841519867057956
60739 58403.094336 -0.7422202424049407 0.12329230638129073 0.161539396236926 -0.6386024917074333
60739 58823.094336 -0.6938170771911344 0.29107535486935215 0.009969842269388697 -0.658630096056015
60739 59243.094336 -0.6080484162393885 0.4431975388009313 -0.14216586153583943 -0.6431500081033512
60739 59663.094336 -0.48956594042717105 0.571406746125102 -0.28661538216969795 -0.5930186701614891
60739 60083.094336 -0.3447676150668159 0.6688181696929156 -0.41560145953645977 -0.5109725768775877
60739 60503.094336 0.1814378673983714 -0.7302259802494522 0.5222000761692168 0.4014441411847007
60739 60923.094336 0.008345111588364765 -0.7523543041199966 0.600680923398007 0.2703253381583218
60739 61343.094336 -0.16519978245071773 -0.7340252276646086 0.6468183759097947 0.12466750023791433
60739 61763.094336 -0.3298455374321339 -0.6762421476424405 0.6581275167780669 -0.02768846054914951
60739 62183.094336 -0.47689862439925024 -0.5819896782759187 0.6339644958169038 -0.1787308995949333
60739 62603.094336 -0.5982291273586897 -0.4563941616498716 0.5756211735175902 -0.3201351979864193
60739 63023.094336 -0.6872842742613566 -0.306278575906505 0.48629999847863864 -0.4442365043233162
60739 63443.094336 -0.7393272784832464 -0.13972726258958648 0.37084347241768856 -0.5443772463512485
60739 63863.094336 -0.7516073458567203 0.034304782764606405 0.23547564969924636 -0.6151916757665105
60739 64283.094336 -0.7235024177896334 0.20646046090196818 0.08747946836643966 -0.6528902451032843
60739 64703.094336 -0.6564758142016616 0.36762524870154323 -0.06533000724539818 -0.6554564608261256
60739 65123.094336 -0.5539621552298273 0.5091918444667956 -0.2148500479766649 -0.6226468123953197
60739 65543.094336 -0.42147733334679416 0.6233202474700423 -0.3528501014623546 -0.5561704167490092
60739 65963.094336 -0.2662990953239566 0.7037328891732946 -0.4717266804658459 -0.45969419341788864
60739 66383.094336 0.09689751120583368 -0.7461412094893392 0.5650523695723297 0.3385261990815435
60739 66803.094336 -0.07755730521038805 -0.7483782898942356 0.627858975205068 0.19926842920524077
60739 67223.094336 -0.2476794891562014 -0.7104532512842037 0.6568606644832309 0.049448112660399106
60739 67643.094336 -0.40438943847561437 -0.6345027803945594 0.6506035266973337 -0.10290993523437238
60739 68063.094336 -0.5393712616078127 -0.52463560852368 0.6094977414071686 -0.24969706373953401
60739 68483.094336 -0.6454918660143311 -0.3866736412771878 0.535746061166776 -0.3831447559279163
60739 68903.094336 -0.7170953971689495 -0.22787176256037675 0.4332154771936571 -0.4961582424051886
60739 69323.094336 -0.7502698642553699 -0.05661172810344937 0.30727921185227425 -0.5826403084191956
60739 69743.094336 -0.743089485508092 0.11790934836577407 0.1646446911214534 -0.6378146500205203
60739 70163.094336 -0.6958049418820789 0.2862719281746448 0.012951531241095975 -0.6585864588876382
60739 70583.094336 -0.6108953868857661 0.4392509363582046 -0.13953723071261154 -0.6437350405525445
60739 71003.094336 -0.4929363625850516 0.5684926385418163 -0.284519352379583 -0.5940358579132115
60739 71423.094336 -0.348143978030056 0.6670598512611944 -0.4142381176496094 -0.5120875972750264
60739 71843.094336 0.18476168598857318 -0.7293877251769773 0.5213273927056058 0.40258466856872394
60739 72263.094336 0.011434875271180613 -0.7523133778431508 0.6002099714490812 0.2713702550370146
60739 72683.094336 -0.16239358171008492 -0.7346579780558772 0.6466281469561532 0.1256105865851753
60739 73103.094336 -0.3273008892714155 -0.6774876554591357 0.6581551549528509 -0.026765585956836372
60739 73523.094336 -0.4744605102364773 -0.5839892006332602 0.6342821253921781 -0.177566954070425
60739 73943.094336 -0.59602494519935 -0.4592805267199553 0.5764051780010135 -0.3187047744379931
60739 74363.094336 -0.6856069356130854 -0.31003324078386507 0.4876759526841032 -0.44271286927526843
60739 74783.094336 -0.7384871627323071 -0.14414366577710475 0.3728100562292508 -0.5430211561903164
60739 75203.094336 -0.7518159780237769 0.02961180141971698 0.23786703864831668 -0.6142598377962792
60739 75623.094336 -0.7247903507115417 0.20193360020330592 0.09002875694692275 -0.6525309123305681
60739 76043.094336 -0.6587493786036389 0.3635630001880666 -0.06281238304942569 -0.6556872773046795
60739 76463.094336 -0.5571543847821623 0.5057167807647799 -0.21239991129597782 -0.6234707746577851
60739 76883.094336 -0.42543148230065114 0.6206447997540289 -0.3506143252066622 -0.5575640603245775
60739 77303.094336 -0.2706650906321193 0.7020808894793581 -0.4699354553604742 -0.461501355508436
60739 77723.094336 0.10132080635559802 -0.7455693690676909 0.5638181322283935 0.3405429838918174
60739 78143.094336 -0.07344708077962739 -0.7488091690410139 0.6272095557130741 0.20124246049794048
60739 78563.094336 -0.24413345258458027 -0.7116969689156958 0.6567082484519153 0.051191387757718566
60739 78983.094336 -0.40147432457585186 -0.6363697474467443 0.6508173250668464 -0.1014333309803293
60739 79403.094336 -0.537119163779448 -0.5269624174385157 0.6099731667402583 -0.24848812922367794
60739 79823.094336 -0.6438827119114159 -0.3893764936224965 0.5364407772042153 -0.3821417172573387
60739 80243.094336 -0.7161333767587436 -0.23092795136045552 0.43416112729515993 -0.4953073626732985
60739 80663.094336 -0.7500223061382436 -0.06000547361019024 0.3085493251699394 -0.581947761718406
60739 81083.094336 -0.7436650529398923 0.11433790774243373 0.16622264527319416 -0.6373846280601468
60739 81503.094336 -0.6972739215885133 0.2827213544208152 0.014783139624356186 -0.658528034946032
60739 81923.094336 -0.613266118176837 0.435965080148981 -0.1375620686638312 -0.644139576840248
60739 82343.094336 -0.49614609291982353 0.5657162897732683 -0.2825366867807594 -0.5949597924133297
60739 82763.094336 -0.3522338863368666 0.6649291598849165 -0.41227066345391766 -0.5136471568168492
60739 83183.094336 0.18931993028994717 -0.7282362462841813 0.5197254140797002 0.40461763129233386
60739 83603.094336 0.016242959807729055 -0.752241523648241 0.5990838307730761 0.27380178973540986
60739 84023.094336 -0.15761167149051228 -0.7357133504468034 0.6460809263883066 0.12831158771339943
60739 84443.094336 -0.32284597618446087 -0.679636218256055 0.6582481629125017 -0.023967530503310505
60739 84863.094336 -0.47064237960611344 -0.5870867206813155 0.6350108094341131 -0.17488912150327232
60739 85283.094336 -0.593064634700244 -0.4631181115449874 0.5777005172550362 -0.3163195634008976
60739 85703.094336 -0.683647522710321 -0.31436339456770385 0.48943145212564526 -0.4407477447680174
60739 86123.094336 -0.7375947123750861 -0.14871494772590615 0.3749015768735121 -0.541559518665261
