CIC_OEM_VERS = 2.0
CREATION_DATE = 2025-03-05T13:44:24.597167
ORIGINATOR = ISAE-SUPAERO


META_START
OBJECT_NAME = Sat
OBJECT_ID = Sat
CENTER_NAME = Earth
REF_FRAME = EME2000
TIME_SYSTEM = UTC
START_TIME = 2025-03-05T00:00:00.000
USEABLE_START_TIME = 2025-03-05T00:00:00.000
USEABLE_STOP_TIME = 2025-03-05T23:55:00.000
STOP_TIME = 2025-03-05T23:55:00.000
INTERPOLATION = lagrange
INTERPOLATION_DEGREE = 5
META_STOP



60739 0.0 -1803.5131000000001 1750.1680000000001 -6381.2204 6.6665446 -2.6309598999999997 -2.6069703
60739 420.0 1089.0287 498.21449 -6756.8918 6.8533998 -3.2213269 0.85501675
60739 840.0 3749.1065 -859.41173 -5690.852900000001 5.5847431 -3.1266543 4.1287994
60739 1260.0 5613.0585 -2034.5583000000001 -3412.8659 3.1310153 -2.3681936 6.5218154
60739 1680.0 6285.7635 -2777.9386 -408.4248 0.015172875 -1.1080339 7.5254979
60739 2100.0 5626.3824 -2932.6542000000004 2682.9669 -3.0969645 0.38379615 6.9299390999999995
60739 2520.0 3777.791 -2467.6141000000002 5206.2528 -5.546013200000001 1.7899914000000001 4.870225400000001
60739 2940.0 1133.1207 -1482.6566 6629.8442000000005 -6.821570800000001 2.8159464 1.7877292
60739 3360.0 -1749.9471 -185.76265 6654.782400000001 -6.6612203 3.2491776 -1.6720799
60739 3780.0 -4263.9248 1150.1254 5273.6129 -5.0937715 2.9976743000000003 -4.7887271
60739 4200.0 -5875.1241 2242.4267000000004 2773.378 -2.4372838000000003 2.1086779 -6.902258300000001
60739 4620.0 -6236.325 2857.494 -317.70008 0.7505194300000001 0.7662327299999999 -7.5498799
60739 5040.0 -5266.3779 2862.5865 -3340.5838 3.7846202 -0.7426141199999999 -6.582025300000001
60739 5460.0 -3171.5642000000003 2256.2508 -5648.0466 6.0087042 -2.0918012 -4.2064003
60739 5880.0 -401.47443 1169.3364 -6748.3673 6.9475593 -2.9919309 -0.9396571800000001
60739 6300.0 2454.9212 -166.64072000000002 -6409.835 6.408964200000001 -3.2550325 2.5220468
60739 6720.0 4790.156900000001 -1467.3458 -4706.0972 4.5104066000000005 -2.8268702 5.4435465
60739 7140.0 6108.793000000001 -2456.6403 -2000.7406 1.655735 -1.7990714 7.205422899999999
60739 7560.0 6132.0177 -2925.0047999999997 1130.2516 -1.5460064 -0.39147157 7.4340326
60739 7980.0 4857.487 -2774.3743 4021.643 -4.4125898 1.0951319000000002 6.0867481
60739 8400.0 2557.7636 -2038.2649 6062.403700000001 -6.3410051 2.3466651 3.4573847
60739 8820.0 -280.50462 -873.02677 6823.5326 -6.932354500000001 3.1026551 0.10183235
60739 9240.0 -3059.5443 475.94162 6144.0774 -6.0631589 3.2057544 -3.2809696
60739 9660.0 -5192.0422 1724.1814 4163.5922 -3.9062872000000004 2.6304254 -5.9818025
60739 10080.0 -6222.044 2606.1346000000003 1297.501 -0.9076870699999999 1.4926346000000001 -7.4199091
60739 10500.0 -5925.576 2932.4344 -1845.6896000000002 2.2948932 0.032423262 -7.2746876
60739 10920.0 -4363.3076 2632.3282000000004 -4593.4801 5.0087486 -1.4352994000000001 -5.5715256
60739 11340.0 -1869.7223000000001 1770.4347 -6358.4799 6.649458 -2.5941824 -2.6807265000000005
60739 11760.0 1022.9296 530.7965300000001 -6763.5497000000005 6.8739913 -3.1999310000000003 0.77799512
60739 12180.0 3698.2366 -821.62982 -5727.6257000000005 5.6352246 -3.123687 4.0651441
60739 12600.0 5587.7174 -1999.4926 -3471.1521000000002 3.1997929 -2.3837797999999997 6.4847535
60739 13020.0 6290.5594 -2752.7302999999997 -475.33764 0.08731222 -1.1385087 7.522079300000001
60739 13440.0 5659.5045 -2922.259 2621.7512 -3.0364132 0.34492869000000004 6.959835600000001
60739 13860.0 3831.7859 -2473.9467999999997 5163.5171 -5.508753 1.7505377000000002 4.9267783
60739 14280.0 1196.5366999999999 -1504.3056000000001 6614.5695000000005 -6.8147188 2.7837009 1.8597908
60739 14700.0 -1690.4288000000001 -218.24826000000002 6670.6023 -6.6864197 3.2307559 -1.5985331
60739 15120.0 -4221.1003 1113.5991999999999 5318.0369 -5.1468617000000005 2.9972961000000002 -4.7284797
60739 15540.0 -5858.8735 2209.7674 2838.0052 -2.5083205 2.1271863 -6.8685542
60739 15960.0 -6251.147900000001 2836.0517999999997 -246.13771 0.67640537 0.8001750500000001 -7.5515605
60739 16380.0 -5310.0117 2857.3634 -3277.4475 3.7242433000000004 -0.70081805 -6.6198109999999994
60739 16800.0 -3235.1112000000003 2268.5796 -5607.078 5.9761256000000005 -2.0516361 -4.272031699999999
60739 17220.0 -470.6352 1196.0361 -6736.9137 6.9518254 -2.9633613000000003 -1.0161727
60739 17640.0 2394.4377000000004 -131.1647 -6429.6978 6.446386 -3.2431722 2.4528792
60739 18060.0 4750.6669 -1430.7332 -4750.817 4.5706804000000005 -2.8332037 5.3964167
60739 18480.0 6096.854200000001 -2426.1313999999998 -2059.0365 1.7241525 -1.8211324 7.1886213
60739 18900.0 6147.9905 -2906.1966 1071.5332 -1.48374 -0.42411039 7.448384
60739 19320.0 4896.37 -2770.4459 3974.7118 -4.3674764999999995 1.0580534 6.127549500000001
60739 19740.0 2610.6589 -2049.6906000000004 6036.8355 -6.3201936 2.3117068 3.516834
60739 20160.0 -224.66342000000003 -897.5214300000001 6825.1557 -6.9394636 3.0764544000000003 0.17007782000000002
60739 20580.0 -3012.6515 443.33764 6174.1883 -6.098345 3.1941943999999998 -3.2156765999999997
60739 21000.0 -5165.1138 1690.5152 4218.1404 -3.9652518 2.6374332 -5.9330858
60739 21420.0 -6222.9863 2579.3319 1366.4735 -0.9793958800000001 1.5178387 -7.4009775
60739 21840.0 -5956.5396 2919.1684 -1776.366 2.2265537 0.070423478 -7.2923941999999995
60739 22260.0 -4419.2075 2636.1521000000002 -4539.027700000001 4.961003300000001 -1.3936391000000001 -5.6232238
60739 22680.0 -1938.9573 1790.6772 -6330.615400000001 6.6349164 -2.5590233 -2.7538727
60739 23100.0 953.42463 564.4777700000001 -6772.1962 6.8907457999999995 -3.1774688 0.70545681
60739 23520.0 3643.5199 -782.33375 -5767.2923 5.6788184 -3.1184218 4.0093537
60739 23940.0 5559.9978 -1963.1493 -3533.8262000000004 3.2526077 -2.3929630000000004 6.456243000000001
60739 24360.0 6286.666700000001 -2723.6895 -543.41105 0.14113177 -1.1618483000000002 7.5288484
60739 24780.0 5674.2034 -2904.1099 2563.322 -3.0050054 0.31842717 6.9959438
60739 25200.0 3853.2053 -2466.0503 5122.872 -5.5086031 1.7295137 4.9705651
60739 25620.0 1210.6133 -1502.7042 6590.5755 -6.8381887 2.771499 1.8862672
60739 26040.0 -1687.5094 -220.78122000000002 6653.6056 -6.7134434 3.2227251999999997 -1.5911590000000002
60739 26460.0 -4227.7075 1107.9618 5301.4947 -5.1639598 2.9902912 -4.7313801
60739 26880.0 -5870.1893 2201.4066000000003 2820.8006 -2.5153467000000003 2.1222177 -6.8676522
60739 27300.0 -6264.9817 2826.9371 -261.05752 0.6693026700000001 0.80261736 -7.5413608000000005
60739 27720.0 -5328.5213 2851.7586 -3287.2292 3.707279 -0.68533285 -6.6096119
60739 28140.0 -3261.7579 2271.7975 -5615.1458 5.9530499 -2.0245613000000002 -4.277129
60739 28560.0 -505.60507 1211.6863999999998 -6753.0438 6.9350915 -2.9324897 -1.0447727
60739 28980.0 2357.3297000000002 -104.17708999999999 -6461.900000000001 6.4528388 -3.2209322000000005 2.406548
60739 29400.0 4722.2785 -1397.9606 -4802.4944000000005 4.6051399 -2.8288142 5.3541389
60739 29820.0 6087.6163 -2395.8641000000002 -2123.4838 1.7742331 -1.8351220000000001 7.171843300000001
60739 30240.0 6159.5172999999995 -2884.5975 1007.0346999999999 -1.4394349 -0.44950518 7.465237
60739 30660.0 4921.524 -2759.9085 3922.799 -4.3489456 1.0324852 6.1671685
60739 31080.0 2637.2864 -2048.5561000000002 6002.5171 -6.3312004 2.2933569000000005 3.5572302000000002
60739 31500.0 -206.8688 -902.36201 6804.7258 -6.9677543 3.0660561 0.19408031
60739 31920.0 -3007.1926000000003 435.21909999999997 6159.7563 -6.1260576 3.1883219 -3.2101968000000003
60739 32340.0 -5169.1146 1680.3547 4203.9591 -3.9819836 2.6335169 -5.9351845
60739 32760.0 -6232.1945000000005 2568.2677000000003 1352.2216 -0.98817076 1.5179116 -7.3981758
60739 33180.0 -5969.6708 2909.9379 -1788.0453 2.2151628000000003 0.07978036299999999 -7.2835328
60739 33600.0 -4438.1533 2633.1545 -4547.9115 4.9436355 -1.3733016 -5.618026700000001
60739 34020.0 -1965.902 1798.208 -6340.871400000001 6.6161023 -2.5304713000000003 -2.7668918
60739 34440.0 921.9916 583.17749 -6790.198200000001 6.8883386 -3.1512362 0.66550441
60739 34860.0 3615.0847000000003 -755.00239 -5801.352400000001 5.7047055 -3.1063227 3.9592703
60739 35280.0 5542.9417 -1933.2701000000002 -3581.7087 3.3088987000000003 -2.4029681000000003 6.4204279
60739 35700.0 6298.738 -2702.8687000000004 -601.83083 0.21172816 -1.1899193000000001 7.5142052
60739 36120.0 5716.1062 -2897.9977000000003 2505.2499 -2.9361745000000004 0.27747915 7.0140864
60739 36540.0 3920.9356000000002 -2478.4647999999997 5079.9147 -5.4566007 1.6835018 5.025206
60739 36960.0 1295.8507 -1534.3969 6576.7047999999995 -6.8183456 2.7308534 1.9742973
60739 37380.0 -1603.1997 -265.98958000000005 6679.5407000000005 -6.7380580000000005 3.2004825 -1.4938368
60739 37800.0 -4162.9332 1058.5886 5365.6696 -5.2306099 2.9931764 -4.6510078
60739 38220.0 -5839.7834 2158.7228 2910.3233999999998 -2.607971 2.1496147000000003 -6.8269562
60739 38640.0 -6274.344400000001 2799.4902 -164.8126 0.57680124 0.84609652 -7.5506227
60739 39060.0 -5372.657 2844.0674 -3204.7988 3.6387925 -0.63753132 -6.6622957
60739 39480.0 -3326.0316000000003 2282.7557 -5561.1345 5.9218069 -1.9825843 -4.3582145
60739 39900.0 -574.6762600000001 1237.6265 -6734.8382 6.9429536 -2.903878 -1.1318384000000001
60739 40320.0 2298.6422000000002 -69.64196799999999 -6478.743 6.4929565 -3.2089482 2.3287168
60739 40740.0 4685.6319 -1362.1496000000002 -4848.2303 4.668614300000001 -2.8349018999999998 5.2957037
60739 41160.0 6080.3639 -2366.1609 -2188.4109 1.8524666 -1.8596078 7.141344
60739 41580.0 6185.9903 -2868.5157000000004 936.64286 -1.3586123 -0.48927825 7.469943000000001
60739 42000.0 4979.2193 -2762.3575 3862.8286000000003 -4.2802461 0.9840173600000001 6.211444900000001
60739 42420.0 2718.3674 -2071.3847 5968.7469 -6.2910899 2.2466554999999997 3.6362398
60739 42840.0 -117.45736000000001 -942.34032 6809.0703 -6.9696392 3.0329086000000003 0.29317757
60739 43260.0 -2928.3487999999998 385.89912 6205.8436 -6.1740841 3.1781033 -3.1149103
60739 43680.0 -5118.2085 1632.0854 4284.3578 -4.0678077 2.6499555 -5.8692301
60739 44100.0 -6224.163500000001 2532.4418 1454.4063 -1.0927059 1.5570417 -7.3749253
60739 44520.0 -6004.6845 2893.6891 -1687.2408 2.1189179 0.13202968 -7.3136115
60739 44940.0 -4503.910400000001 2637.3095 -4466.6878 4.8800126 -1.3201524 -5.6993673
60739 45360.0 -2048.6362 1822.2291000000002 -6298.379400000001 6.5990324000000005 -2.4897888 -2.8690588
60739 45780.0 841.52723 620.60152 -6791.153 6.9150339999999995 -3.1287260999999997 0.5639763799999999
60739 46200.0 3553.5605 -712.45829 -5841.8382 5.7665264 -3.1047077 3.874775
60739 46620.0 5512.905400000001 -1894.5696 -3651.9573 3.3949336 -2.4227158 6.365025800000001
60739 47040.0 6303.3454 -2674.9494 -685.7286300000001 0.30061615999999997 -1.2260528 7.5040372
60739 47460.0 5756.5037999999995 -2887.7781 2426.1277999999998 -2.8577291000000002 0.23080204 7.0469554
60739 47880.0 3989.0417 -2488.3342000000002 5022.640200000001 -5.4057045 1.6363641 5.0943992
60739 48300.0 1377.4287 -1562.327 6553.6027 -6.806297300000001 2.6935788 2.064803
60739 48720.0 -1525.3581000000001 -306.04845 6695.5074 -6.7675742 3.1810308000000003 -1.4017904
60739 49140.0 -4105.212 1014.8741 5417.0576 -5.2951413 2.9955381 -4.577515
60739 49560.0 -5821.1096 2123.1569 2988.9782999999998 -2.6858582 2.1690225 -6.7819552000000005
60739 49980.0 -6290.8575 2776.1738 -75.446115 0.4899521 0.88439285 -7.547876100000001
60739 50400.0 -5423.3603 2839.0901000000003 -3123.9702 3.5663987 -0.59034978 -6.7050860000000005
60739 50820.0 -3402.346 2298.1515 -5506.3009 5.8828016 -1.9386774 -4.4336139999999995
60739 51240.0 -658.42058 1268.9519 -6715.666 6.9472162 -2.873571 -1.2212475999999999
60739 51660.0 2225.3421000000003 -29.564139 -6495.888900000001 6.5366671 -3.1981315 2.2495046000000003
60739 52080.0 4636.5246 -1321.7027 -4893.387 4.7372158 -2.8436842 5.2442863
60739 52500.0 6062.1115 -2332.8613 -2247.94 1.9278368000000001 -1.8839922 7.1246922
60739 52920.0 6198.0163 -2847.7208 877.07449 -1.291945 -0.5234697 7.4858129
60739 53340.0 5016.6567000000005 -2757.329 3815.0696000000003 -4.2307030999999995 0.94528775 6.2532962
60739 53760.0 2771.4269 -2082.3199 5942.8601 -6.2654944 2.2096511 3.6978856
60739 54180.0 -59.389529 -967.3394499999999 6811.8601 -6.9720531 3.0040864000000003 0.36661982
60739 54600.0 -2877.7203 351.71757 6240.072700000001 -6.2073344 3.1642989 -3.0408758
60739 55020.0 -5088.2806 1596.4007 4347.311 -4.1285433000000005 2.6557861 -5.811002800000001
60739 55440.0 -6221.3454 2503.0439 1531.1704 -1.1665854999999998 1.5820114 -7.3544305
60739 55860.0 -6032.6688 2877.7612000000004 -1610.3185 2.0494254 0.16976168000000003 -7.3333944
60739 56280.0 -4561.1601 2640.5026000000003 -4408.3757000000005 4.8307185 -1.2790318999999999 -5.7487148
60739 56700.0 -2120.0742999999998 1841.9766000000002 -6266.9343 6.5828454 -2.4544358 -2.9415323
60739 57120.0 771.17449 652.42396 -6791.5303 6.9362135 -3.1077515 0.48879562
60739 57540.0 3498.7735000000002 -675.54253 -5870.9912 5.817255100000001 -3.1015825 3.8160924
60739 57960.0 5483.0832 -1859.928 -3700.1741 3.4601466999999997 -2.4361438 6.3346244
60739 58380.0 6301.0959 -2648.6845 -740.20988 0.36444737 -1.2517378000000001 7.504381400000001
60739 58800.0 5778.7129 -2874.0446 2377.8551 -2.8061775 0.19776203 7.0734226
60739 59220.0 4029.3046000000004 -2489.2161 4989.9941 -5.3731704 1.6014065000000002 5.1397015
60739 59640.0 1426.7314 -1577.3861000000002 6543.0746 -6.796288 2.6619845 2.123895
60739 60060.0 -1477.1477 -332.5504 6711.4143 -6.783232 3.1592519 -1.3365151000000002
60739 60480.0 -4069.2308 982.39724 5459.7561 -5.3375014 2.9897188000000003 -4.5174569
60739 60900.0 -5800.5498 2089.4243 3050.6207000000004 -2.7569827 2.1864224 -6.748391400000001
60739 61320.0 -6301.1158 2752.9661 -6.7577029 0.41647414 0.91646133 -7.548778500000001
60739 61740.0 -5462.2626 2831.3114 -3062.9732999999997 3.5059357 -0.5502337700000001 -6.740178200000001
60739 62160.0 -3461.6211000000003 2307.4759 -5466.0572999999995 5.8479868 -1.8988052 -4.4956363
60739 62580.0 -725.6033100000001 1293.5072 -6704.981 6.9452311 -2.8422979 -1.297541
60739 63000.0 2164.4604 5.0888324 -6517.43 6.5684654 -3.1822651 2.1746383000000002
60739 63420.0 4595.160400000001 -1284.3444 -4943.160400000001 4.7966265 -2.8468457 5.1869084
60739 63840.0 6049.415599999999 -2300.8154 -2315.8154 2.0024291 -1.9056748000000001 7.097610800000001
60739 64260.0 6217.0223 -2827.9146 805.4388700000001 -1.2184253 -0.55898221 7.4953970000000005
60739 64680.0 5063.3679 -2753.9845 3754.8985000000002 -4.1745489 0.903738 6.2974714
60739 65100.0 2835.7455 -2096.0773 5906.8157 -6.2390068 2.1710882000000002 3.7665566
60739 65520.0 8.7860813 -995.22073 6807.2020999999995 -6.9803999 2.9765880000000005 0.44464869
60739 65940.0 -2820.0758 315.66014 6267.2434 -6.2481403 3.1535239 -2.9700145000000004
60739 66360.0 -5053.1366 1559.7703000000001 4400.1356 -4.1929628 2.6638808 -5.7618134
60739 66780.0 -6216.1212000000005 2473.6341 1598.307 -1.241143 1.6072799 -7.3366667
60739 67200.0 -6058.2876 2861.7651 -1543.141 1.9797168 0.20725017 -7.3510386
60739 67620.0 -4612.4023 2641.4675 -4355.5831 4.7806141 -1.237213 -5.7984143
60739 68040.0 -2186.3197999999998 1859.8665 -6240.0685 6.5628842999999994 -2.4171433 -3.0132176
60739 68460.0 703.81866 683.57073 -6796.8063 6.951087800000001 -3.0830434 0.40984084000000004
60739 68880.0 3444.7088 -637.69978 -5907.967900000001 5.864411199999999 -3.0949206 3.7467869
60739 69300.0 5454.022599999999 -1823.444 -3761.4746 3.5299044 -2.4491756999999996 6.290311399999999
60739 69720.0 6303.492700000001 -2621.3957 -812.981 0.44164107 -1.2816609 7.4951839
60739 70140.0 5812.1088 -2861.7642 2309.1219 -2.7386698000000003 0.1576372 7.1013926000000005
60739 70560.0 4086.5199 -2494.4863 4939.8715 -5.3304723 1.5601386 5.197578000000001
60739 70980.0 1495.0689 -1598.7368000000001 6521.4758 -6.7869475 2.6280658 2.1991928
60739 71400.0 -1412.2638000000002 -365.32676000000004 6722.2122 -6.8085705 3.1397004 -1.2603769
60739 71820.0 -4021.3071 945.1685 5499.849700000001 -5.3913573 2.9884043 -4.456526
60739 72240.0 -5779.1107 2055.5034 3110.8099 -2.8275634000000003 2.2034314 -6.7151242
60739 72660.0 -6311.6187 2729.9163 61.355777 0.34299351 0.9483907400000001 -7.5477166
60739 73080.0 -5501.652599999999 2823.7808999999997 -3001.7352 3.4443083000000003 -0.5095877600000001 -6.7735681
60739 73500.0 -3522.0781 2317.3589 -5425.0702 5.8111992 -1.8580409 -4.557207900000001
60739 73920.0 -794.66423 1318.9381 -6693.6324 6.9417029 -2.8102721 -1.3748878
60739 74340.0 2101.3323 40.828199 -6538.992200000001 6.599735300000001 -3.166066 2.0980079000000003
60739 74760.0 4551.610900000001 -1245.8969 -4993.6897 4.8565409 -2.8502193000000005 5.1280022
60739 75180.0 6034.8853 -2267.8631 -2384.9469 2.0780081 -1.9279545 7.069822
60739 75600.0 6234.5689 -2807.4669 732.42385 -1.1441534999999998 -0.59512633 7.505072
60739 76020.0 5108.061900000001 -2749.8665 3693.3475 -4.1185203 0.8618818 6.3427536
60739 76440.0 2896.8455 -2108.5588 5869.3059 -6.2141417 2.133321 3.835158
60739 76860.0 73.25162 -1021.4517 6800.6292 -6.989186800000001 2.9498965 0.5207934900000001
60739 77280.0 -2765.901 281.44734000000005 6291.6009 -6.2873542 3.1427975999999997 -2.9011898
60739 77700.0 -5020.452 1524.8179 4449.573200000001 -4.2544454 2.6711888 -5.7130339
60739 78120.0 -6211.2457 2445.0319 1662.7848999999999 -1.3143112000000001 1.6320436 -7.317694400000001
60739 78540.0 -6083.7877 2846.3574 -1478.0221000000001 1.9083434 0.24522437 -7.3667206
60739 78960.0 -4664.651 2643.3499 -4304.0022 4.7264527 -1.1940523 -5.8466995
60739 79380.0 -2255.5602999999996 1879.4053999999999 -6214.3764 6.5375287 -2.3776173 -3.0866715
60739 79800.0 631.41564 717.33788 -6804.9412 6.9619824 -3.0561553 0.32496739
60739 80220.0 3384.6561 -596.55675 -5950.8697 5.9120019 -3.0876294 3.6690625
60739 80640.0 5420.5104 -1784.0108 -3831.9202999999998 3.60493 -2.4637842 6.238928700000001
60739 81060.0 6304.4933 -2592.2747000000004 -897.07724 0.52709722 -1.3149876 7.4834748
60739 81480.0 5847.4668 -2849.1532 2229.0917999999997 -2.6638405 0.11383863 7.1327191
60739 81900.0 4142.0485 -2497.6826 4877.5013 -5.2890839 1.5176983 5.2685487
60739 82320.0 1554.4986000000001 -1613.9591 6482.055200000001 -6.7965496000000005 2.6022774 2.2778095
60739 82740.0 -1364.4276000000002 -388.33563000000004 6715.802900000001 -6.8435368 3.1269988 -1.1989771
60739 83160.0 -3991.3714 919.43588 5515.1313 -5.4395746 2.9878522 -4.4145254000000005
60739 83580.0 -5770.7515 2031.9784 3140.1175000000003 -2.8805466 2.2141998 -6.6898924
60739 84000.0 -6324.9942 2713.1534 96.530505 0.28843232 0.97106368 -7.540399000000001
60739 84420.0 -5538.084900000001 2819.0546 -2967.6946000000003 3.3898411000000004 -0.47518677000000004 -6.7880189
60739 84840.0 -3579.7256 2328.7354 -5403.0427 5.7662336 -1.816767 -4.6008384
60739 85260.0 -866.4401 1347.3666 -6696.2039 6.922081400000001 -2.7723373000000002 -1.4470728
60739 85680.0 2029.2774 82.29950199999999 -6575.5244 6.619624300000001 -3.1438244 2.0122878
60739 86100.0 4496.7402999999995 -1199.9632 -5064.4846 4.9177275 -2.8521912000000005 5.0555229
