CIC_MEM_VERS = 1.0
CREATION_DATE = 2025-01-18T19:14:08.463182
ORIGINATOR = CS Group

META_START
OBJECT_NAME = BLUE1
OBJECT_ID = BLUE1
USER_DEFINED_PROTOCOL = NONE
USER_DEFINED_CONTENT = LLA
USER_DEFINED_SIZE = 3.0
USER_DEFINED_TYPE = REAL
USER_DEFINED_UNIT = [deg] [km]
TIME_SYSTEM = UTC
META_STOP

60693 35581.639392 0.12117613149519506 -29.50851581610132 620.9037032625953
60693 35761.639392 11.174606404999306 -31.03490130328833 626.580025116905
60693 35941.639392 22.19569001470824 -32.680154762770094 632.2465183897647
60693 36121.639392 33.169296012199176 -34.60404593599029 637.4744936416184
60693 36301.639392 44.07574228728777 -37.0780013311032 641.7523364966804
60693 36481.639392 54.878328385700556 -40.67115586187845 644.5512193493313
60693 36661.639392 65.4774085834592 -46.88911056817964 645.3973196758764
60693 36841.639392 75.47134522321483 -61.26090389945749 643.9411450894847
60693 37021.639392 82.1211404461659 -110.00461167290366 640.0139147169363
60693 37201.639392 77.5596195517354 -171.2475648820567 633.6671790847839
60693 37381.639392 67.84865116762624 170.119687818623 625.1883478652675
60693 37561.639392 57.25296308559973 162.78467430403583 615.0829837025399
60693 37741.639392 46.376261809600656 158.76748437616646 604.0292235838209
60693 37921.639392 35.35509971012955 156.09283998595154 592.8154716984011
60693 38101.639392 24.239299257209726 154.06097914658335 582.2613418186592
60693 38281.639392 13.056895801216198 152.35369887042407 573.122749872294
60693 38461.639392 1.8305914946983324 150.79175420548742 566.0039800608494
60693 38641.639392 -9.41743088792287 149.246677544874 561.2922710055677
60693 38821.639392 -20.664154962346668 147.59517652455997 559.1223284528953
60693 39001.639392 -31.884796935000722 145.67728651794064 559.3770068060323
60693 39181.639392 -43.04959949433017 143.22482962213843 561.7225393002972
60693 39361.639392 -54.11224581823467 139.6785657171085 565.6730410065857
60693 39541.639392 -64.96541853926294 133.5613242163676 570.6752732576473
60693 39721.639392 -75.20673779876996 119.43415222081254 576.1947221365585
60693 39901.639392 -82.10214384141146 70.83453226240894 581.7828934433194
60693 40081.639392 -77.51682315576367 8.626358842499025 587.1284479310096
60693 40261.639392 -67.67829403806986 -10.018942733869155 592.083814945894
60693 40441.639392 -56.995857848740606 -17.303480552882554 596.6610052988034
60693 40621.639392 -46.081349356312906 -21.283770761537664 601.0002637025057
60693 40801.639392 -35.072793993084574 -23.931453853384383 605.3163540390503
60693 40981.639392 -24.01967812758672 -25.94145972129014 609.8324583158322
60693 41161.639392 -12.947750764616114 -27.62851841620435 614.7136326468819
60693 41341.639392 -1.8752595414830668 -29.168845389133356 620.0098581829881
60693 41521.639392 9.182198228329066 -30.68728005519228 625.6180748137402
60693 41701.639392 20.210040950817074 -32.30135927428463 631.2732084988613
60693 41881.639392 31.193426280045433 -34.15990615493566 636.5702184321202
60693 42061.639392 42.11403233156484 -36.505751734888804 641.0103319201455
60693 42241.639392 52.9399802081043 -39.82924635012704 644.0644264812412
60693 42421.639392 63.59019540513788 -45.368438808158 645.2460024297193
60693 42601.639392 73.76320733072319 -57.36573797566955 644.1805508979548
60693 42781.639392 81.56646947222727 -96.45076447604217 640.6646073094635
60693 42961.639392 79.03736705481569 -164.59273461009738 634.7106372581468
60693 43141.639392 69.6986164303486 172.25239845946345 626.5655159266051
60693 43321.639392 59.18760672513429 163.83063195339045 616.6967104614548
60693 43501.639392 48.345800001544845 159.4284334497106 605.7549267728647
60693 43681.639392 37.34494489539423 156.58149281604122 594.5166269527357
60693 43861.639392 26.24294242360926 154.46330826089448 583.8033874048596
60693 44041.639392 15.069971209990038 152.71286942832228 574.3865962718887
60693 44221.639392 3.849206924841545 151.1346087855877 566.9004985589099
60693 44401.639392 -7.397185064180127 149.59482465397934 561.7746114097587
60693 44581.639392 -18.646365737531784 147.97207522511468 559.1903676813082
60693 44761.639392 -29.873976587596072 146.11674246772074 559.073134548536
60693 44941.639392 -41.05160376908088 143.78835620881983 561.1219600004762
60693 45121.639392 -52.13755371239981 140.50444517068686 564.8711694890151
60693 45301.639392 -63.04247618847873 135.04920399656186 569.7724885590416
60693 45481.639392 -73.4617492749547 123.24932078631893 575.280506656027
60693 45661.639392 -81.51163049302228 84.44323589431546 580.9240532914396
60693 45841.639392 -79.01266362466804 15.314848452754616 586.3619101106166
60693 46021.639392 -69.54356984916457 -7.899443806820658 591.4155874780172
60693 46201.639392 -58.93877072804085 -16.266187499875105 596.0699949930964
60693 46381.639392 -48.05180282044277 -20.628081959188982 600.4462619350593
60693 46561.639392 -37.056109942579546 -23.44628849966096 604.7502190130543
60693 46741.639392 -26.00949938637596 -25.541776989773485 609.2075106261642
60693 46921.639392 -14.940172762000975 -27.271772059559932 613.9971424361677
60693 47101.639392 -3.867179206763551 -28.828765933496644 619.1929825480835
60693 47281.639392 7.1935878664441555 -30.343005850114544 624.7226428470152
60693 47461.639392 18.22745523099483 -31.930689124790327 630.352617712618
60693 47641.639392 29.219784374076134 -33.73159964510762 635.7029254821979
60693 47821.639392 40.15331975099005 -35.96450233292221 640.288888459786
60693 48001.639392 51.00001897183959 -39.05498479527275 643.582845353335
60693 48181.639392 61.69311132959172 -44.03138582267565 645.0860435342796
60693 48361.639392 72.00217769233623 -54.19725250820375 644.3995534650493
60693 48541.639392 80.61987406700827 -85.09303010967461 641.2874329758013
60693 48721.639392 80.32963388086709 -156.08033535318492 635.7243665423133
60693 48901.639392 71.51582932063673 174.77231993848014 627.916484957374
60693 49081.639392 61.109720392824904 164.99217768946164 618.2933016913003
60693 49261.639392 50.30758359460328 160.13634924745858 607.4771030782963
60693 49441.639392 39.32873881319012 157.09275921381615 596.228757226727
60693 49621.639392 28.241416208171195 154.8773158842108 585.3686166381955
60693 49801.639392 17.078535606085484 153.07773021070525 575.6835472390943
60693 49981.639392 5.863927097108064 151.47904547896644 567.8390081669511
60693 50161.639392 -5.380214947025651 149.94080336663885 562.30592985166
60693 50341.639392 -16.631204592280053 148.34217351518672 559.3089973176774
60693 50521.639392 -27.865022868498755 146.5420159310144 558.8132544701713
60693 50701.639392 -39.054324020120546 144.32317918944423 560.5517242519394
60693 50881.639392 -50.161104005930575 141.26635771254314 564.0826316228122
60693 51061.639392 -61.10986576371306 136.36079442734774 568.8657030283717
60693 51241.639392 -71.66535269489329 126.3558967226662 574.3469975546661
60693 51421.639392 -80.52710757496314 95.76758021193757 580.035214712382
60693 51601.639392 -80.3212694058717 23.889975739608808 585.5610582559166
60693 51781.639392 -71.37697200701675 -5.397061035922091 590.7157152257453
60693 51961.639392 -60.86981279480223 -15.116295877008028 595.4563828630105
60693 52141.639392 -50.01503424612128 -19.927238279399827 599.8828818823429
60693 52321.639392 -39.033856981011574 -22.93970765183571 604.1895724838968
60693 52501.639392 -27.994623001544007 -25.131272608557772 608.6031112003627
60693 52681.639392 -16.928554346849396 -26.90997288539051 613.315698494328
60693 52861.639392 -5.855666144245529 -28.487545887582087 618.4234872991293
60693 53041.639392 5.207807195220669 -30.00108526321354 623.8815685848742
60693 53221.639392 16.247071841578055 -31.566589567150626 629.4851712728708
60693 53401.639392 27.24761836328244 -33.31647086225464 634.8798565998669
60693 53581.639392 38.193034119765706 -35.449183913665486 639.5980896923038
60693 53761.639392 49.05835766788026 -38.336660131194776 643.1161414092387
60693 53941.639392 59.78797308315512 -42.84083643338599 644.9250215291598
60693 54121.639392 70.20294964639167 -51.56996039372159 644.6047384829851
60693 54301.639392 79.38807933974148 -76.06318934353406 641.8898289131524
60693 54481.639392 81.35739212654036 -145.32210435390093 636.717665982221
60693 54661.639392 73.29277884090736 177.79188605394884 629.2533884877222
60693 54841.639392 63.01911057817651 166.29066045926868 619.8888533505885
60693 55021.639392 52.26255836127118 160.89666373714041 609.216851962885
60693 55201.639392 41.30773669062994 157.62814282684033 597.9799994057994
60693 55381.639392 30.23613882499401 155.30330861312092 586.9952659545173
60693 55561.639392 19.084142669400485 153.44818456675674 577.062687567364
60693 55741.639392 7.8764292128588265 151.82487020346943 568.87414511538
60693 55921.639392 -3.3647188910498604 150.28453655367005 562.936924225932
60693 56101.639392 -14.616730893422401 148.7057849832703 559.5193213261317
60693 56281.639392 -25.85586866390922 146.95430981994326 558.6317213996541
60693 56461.639392 -37.05566431499508 144.83262773969872 560.0459994038018
60693 56641.639392 -48.18108271103037 141.97381678243252 563.345452371098
60693 56821.639392 -59.167418325893 137.53001088678045 567.9980770932129
60693 57001.639392 -69.82968180373538 128.93414220732015 573.4426644492205
60693 57181.639392 -79.2564057902107 104.72916038622522 579.169129366214
60693 57361.639392 -81.36145436234969 34.770454750512414 584.7811875962735
60693 57541.639392 -73.17264663279369 -2.394334410370371 590.0398749406617
60693 57721.639392 -62.790839711848385 -13.830512143727924 594.8731709524145
60693 57901.639392 -51.97421922008495 -19.17473673878975 599.3567068428778
60693 58081.639392 -41.00959962345033 -22.409568798293353 603.6710767718173
60693 58261.639392 -29.97876123880965 -24.709223807837308 608.0426820351931
60693 58441.639392 -18.916651059461095 -26.542908505391154 612.6757972518989
60693 58621.639392 -7.844459759877554 -28.14513212917324 617.6882560950489
60693 58801.639392 3.2211704799245275 -29.66142077535646 623.0636484180787
60693 58981.639392 14.26529791438736 -31.208694718924416 628.6278147876378
60693 59161.639392 25.273486321342777 -32.91347240825592 634.0527768219391
60693 59341.639392 36.229973588695806 -34.95703005844063 638.888494666709
60693 59521.639392 47.112255886434696 -37.66651515121218 642.6175656874689
60693 59701.639392 57.873487174608684 -41.77032222574406 644.7252989493896
60693 59881.639392 68.37275758858286 -49.35369635597386 644.7737347543356
60693 60061.639392 77.95718286534816 -69.00042468439847 642.4674445942298
60693 60241.639392 82.02062120711733 -132.28489068478098 637.7046021299614
60693 60421.639392 75.0190885396671 -178.5239237140354 630.6082522481156
60693 60601.639392 64.91679266728967 167.7576571359879 621.5315109337315
60693 60781.639392 54.21354171655322 161.71828539132503 611.0348262197504
60693 60961.639392 43.285318512780385 158.1908415811153 599.8375401693876
60693 61141.639392 32.23076766305848 155.7426218888686 588.7474488759141
60693 61321.639392 21.090620299270785 153.82491897654754 578.5739831150287
60693 61501.639392 9.890657381489259 152.17263686024927 570.0353190572029
60693 61681.639392 -1.3466915929716476 150.6267502021932 563.6769775937581
60693 61861.639392 -12.598961811776027 149.06408255322128 559.8130919813233
60693 62041.639392 -23.84266222611578 147.35566792737924 558.502100177102
60693 62221.639392 -35.052046989530155 145.3206158709281 559.5577714084815
60693 62401.639392 -46.19447223570783 142.63573646577566 562.5913029525767
60693 62581.639392 -57.213708198275704 138.58400758716556 567.0819837538847
60693 62761.639392 -67.96186871912043 131.1126680526629 572.4643293941955
60693 62941.639392 -77.78686364167028 111.71856443045584 578.2114342994422
60693 63121.639392 -82.02872956742733 47.99187790195245 583.9014544726109
60693 63301.639392 -74.91921065307355 1.273187030224829 589.2655343293864
60693 63481.639392 -64.70129263795525 -12.378463216966516 594.2013299771268
60693 63661.639392 -53.92999375829665 -18.36221264195942 598.7588971328627
60693 63841.639392 -42.98399167817539 -21.852853002290697 603.1040670273694
60693 64021.639392 -31.962386406968907 -24.27431849991704 607.4603033756489
60693 64201.639392 -20.904749045333944 -26.169907829908055 612.0392308741888
60693 64381.639392 -9.833715587788449 -27.801099315201384 616.9765191597684
60693 64561.639392 1.2335757185089287 -29.32364803723853 622.2829432112812
60693 64741.639392 12.281998049128335 -30.85655917367187 627.8156173908789
60693 64921.639392 23.29713341571735 -32.521823174321725 633.275281981929
60693 65101.639392 34.26371507906984 -34.48623050604622 638.2323806732962
60693 65281.639392 45.16120364291568 -37.03942719406736 642.1780610883171
60693 65461.639392 55.94968409142551 -40.801782919675645 644.5928226558111
60693 65641.639392 66.51671882305459 -47.459852832073835 645.020439984653
60693 65821.639392 76.38697269678833 -63.46138866494272 643.1345688245325
60693 66001.639392 82.22294896281208 -117.76525687351067 638.7936053879821
60693 66181.639392 76.67565548767423 -173.93354977315482 632.0782242858556
60693 66361.639392 66.80169429399574 169.4418287891336 623.3017899962144
60693 66541.639392 56.162222861953175 162.617697888958 612.9912708542081
60693 66721.639392 45.26405466619777 158.78911634029754 601.8428415552548
60693 66901.639392 34.22834349617254 156.20056120094338 590.6555013949647
60693 67081.639392 23.101347524335022 154.2119056767187 580.2469523073017
60693 67261.639392 11.91027784665788 152.52561237183755 571.3591096453919
60693 67441.639392 0.6778028756544288 150.97030965442428 564.5727495616188
60693 67621.639392 -10.573700367273291 149.41975709803162 560.2464320436789
60693 67801.639392 -21.820966131479132 147.74892589069245 558.4872939303195
60693 67981.639392 -33.038846910275765 145.79086594682863 559.1519646104915
60693 68161.639392 -44.196619874391295 143.25906706908353 561.8804959451697
60693 68341.639392 -55.24474530773422 139.54262575771858 566.1662287109503
60693 68521.639392 -66.06314506090337 132.98160253418627 571.4439602384331
60693 68701.639392 -76.17515763881521 117.20160662473047 577.1741626894196
60693 68881.639392 -82.22267858089958 62.74655205653772 582.9123823070211
60693 69061.639392 -76.59989251447769 5.857282174861262 588.3609576061248
60693 69230.999808 0.315453999532416 8.991837668895588 321.8633952171863
60693 69410.999808 0.9261412050219763 20.84877173261047 321.93579263870754
60693 69527.999808 0.315453999532416 8.991837668895588 321.8633952171863
60693 69682.99968 0.315453999532416 8.991837668895588 321.8633952171863
60693 69862.99968 0.9262316878008818 20.85059656195219 321.84744857020115
60693 70042.99968 1.4972832633636886 32.711986074349724 321.94462272381475
60693 70222.99968 2.0042039098085787 44.57918054102414 321.5187437318605
60693 70402.99968 2.4252630500372074 56.454337009165606 320.91591367186726
60693 70582.99968 2.7423382095427975 68.33902719683697 320.48301658988413
60693 70678.000224 0.315453999532416 8.991837668895588 321.8633952171863
60693 70858.000224 0.9262131254183915 20.85029158721881 321.8242397082773
60693 71038.000224 1.4972552340522272 32.71160073359332 322.2221825098655
60693 71218.000224 2.0041913476556674 44.57933480312757 322.05776817254605
60693 71398.000224 2.425226443063046 56.453967103565844 321.46457403645735
60693 71578.000224 2.7422851209010446 68.3377915944764 320.4677136445653
60693 71758.000224 2.9416200954482634 80.23084974655028 319.1095207575442
60693 71938.000224 3.0144896290989287 92.13213184301945 317.44835841143197
60693 72118.000224 2.9575671376597525 104.03990623437127 315.55476222424994
60693 72298.000224 2.773103214298814 115.95212395513994 313.5097544518611
60693 72478.000224 2.4688595645613907 127.86685801436587 311.4034718617357
60693 72658.000224 2.05781448774066 139.78269869646996 309.3311459447155
60693 72838.000224 1.5576197059643626 151.69902213113815 307.38510185828824
60693 73018.000224 0.989832858585934 163.6160546951677 305.6462973927818
60693 73198.000224 0.3789860156531488 175.53473057109318 304.1830712057375
60693 73378.000224 -0.24847131421294727 -172.54357401300032 303.0550173080563
60693 73558.000224 -0.8653229889067854 -160.61738639151258 302.3112912130565
60693 73738.000224 -1.444772944699133 -148.6855563991722 301.984473343555
60693 73918.000224 -1.9616137729234946 -136.74765521035533 302.08870714723747
60693 74098.000224 -2.3933401893185597 -124.80424076920991 302.6202581290145
60693 74278.000224 -2.721157323576342 -112.85695951754559 303.5567143130391
60693 74458.000224 -2.930826263703465 -100.9084634547413 304.85768812503085
60693 74638.000224 -3.0133071262403806 -88.96212651246616 306.46653607992715
60693 74818.000224 -2.965167906313931 -77.0216199102947 308.3121030622294
60693 74998.000224 -2.7887251658160763 -65.09041319834314 310.31386128258174
60693 75178.000224 -2.491900289136682 -53.17125418956339 312.38747596273697
60693 75358.000224 -2.087807040094771 -41.26574377667122 314.44617924508117
60693 75538.000224 -1.594109489941555 -29.37409850117069 316.40296341661394
60693 75718.000224 -1.0322066451228842 -17.495096047832288 318.1752455361272
60693 75898.000224 -0.426304322382529 -5.6262158870487635 319.68684204989165
60693 76078.000224 0.19759812896999565 6.236011536811216 320.87114093994194
60693 76258.000224 0.8128030879119172 18.095547507745774 321.67880007291086
60693 76438.000224 1.393044196803843 29.956388746382814 322.0797442163502
60693 76618.000224 1.9135964680093822 41.82291653559715 322.153323895551
60693 76798.000224 2.3521285836151598 53.69622670559012 322.0619246525336
60693 76978.000224 2.6897404821739817 65.5745610368878 320.4536416130728
60693 77158.000224 2.9120247762040345 77.46465878684619 320.4119061808401
60693 77338.000224 3.009170644945022 89.35877348553649 319.9871167369758
60693 77518.000224 2.9769368200718 101.25568786744873 319.22506213423816
60693 77698.000224 2.816633236039687 113.15379809963069 318.15498501434564
60693 77878.000224 2.535082707667539 125.05171681685934 316.8232807728166
60693 78058.000224 2.144316474713165 136.9486240707752 315.28757090330737
60693 78238.000224 1.6610536516156988 148.84450751119576 313.6158826651933
60693 78418.000224 1.106006688547583 160.74025322570773 311.8843663379951
60693 78598.000224 0.503017653657656 172.63756261770172 310.171319221357
60693 78778.000224 -0.12195411933015664 -175.46132148947274 308.548792310355
60693 78958.000224 -0.7419364314079826 -163.55404640334703 307.0794622698676
60693 79138.000224 -1.3300948612564207 -151.63861362761565 305.82070227551753
60693 79318.000224 -1.8608963987024396 -139.71377564920985 304.82539691937615
60693 79498.000224 -2.311232694347372 -127.77935293675137 304.13620692222617
60693 79678.000224 -2.661447434938467 -115.8364200146379 303.7822312933338
60693 79858.000224 -2.8962282014143006 -103.88727481414483 303.7792747424249
60693 80038.000224 -3.0053156208661953 -91.93519883060495 304.12862481604026
60693 80218.000224 -2.983977640205317 -79.9840617820688 304.81621256801714
60693 80398.000224 -2.8332220777576906 -68.03781086875883 305.81325499661807
60693 80578.000224 -2.5597433061391373 -56.0999372128693 307.07641482100763
60693 80758.000224 -2.1756022171570204 -44.17302015812475 308.550624538753
60693 80938.000224 -1.6976506078875109 -32.258391023954964 310.17418102950023
60693 81118.000224 -1.146738473955038 -20.355978119630358 311.8801239310048
60693 81298.000224 -0.5467594094178154 -8.464390315095793 313.59653751716365
60693 81478.000224 0.07640500735421434 3.4188116916843274 315.2502301012692
60693 81658.000224 0.6959791292409255 15.296722566814196 316.76938030442574
60693 81838.000224 1.2853922516118175 27.172602618129464 318.08591864229123
60693 82018.000224 1.819385146406858 39.04939219006564 319.14276513525243
60693 82198.000224 2.275091636616654 50.9293503288385 319.89848175331326
60693 82378.000224 2.633007446349587 62.81381924236995 320.3242700686644
60693 82558.000224 2.877793774034265 74.7031648802623 320.35359406590123
60693 82738.000224 2.9989172039855214 86.59683532985642 320.06503620106474
60693 82918.000224 2.9911199947832747 98.49332346679219 319.4326208130944
60693 83098.000224 2.8546700935948364 110.39109899631643 318.4813453125749
60693 83278.000224 2.595354471424117 122.28870625316199 317.25216937015244
60693 83458.000224 2.2242475715289065 134.18521776412555 315.80000551273366
60693 83638.000224 1.7572474050998568 146.0805020565889 314.18903797697595
60693 83818.000224 1.2143837547307768 157.97532134885734 312.4893829433555
60693 83998.000224 0.6189528226821372 169.87125271749255 310.7754615677827
60693 84178.000224 -0.003455925830650257 -178.229547959675 309.12410438993385
60693 84358.000224 -0.6260197936526897 -166.32469885088952 307.6100007609681
60693 84538.000224 -1.2218181584338814 -154.4120265300785 306.2976882082951
60693 84718.000224 -1.7649958231128653 -142.49003585494177 305.23664863689277
60693 84898.000224 -2.2318993587962215 -130.5582924776469 304.46495788582405
60693 85078.000224 -2.602140433780649 -118.61760444529259 304.0129629737877
60693 85258.000224 -2.8595277259686953 -106.67001152900524 303.8997175113039
60693 85438.000224 -2.9928098139984676 -94.71860773892102 304.1296246388188
60693 85618.000224 -2.996194117638751 -82.76717498066687 304.6935951886433
60693 85798.000224 -2.869613030505435 -70.81967846033024 305.5694305559851
60693 85978.000224 -2.618711502720933 -58.87973575682065 306.7215269964113
60693 86158.000224 -2.2545601495336705 -46.95013180068684 308.10226294465224
60693 86338.000224 -1.7931273214206027 -35.03245607913294 309.65295556216955
