CIC_MEM_VERS = 1.0
CREATION_DATE = 2025-01-18T19:10:36.618440
ORIGINATOR = CS Group

META_START
OBJECT_NAME = PLEIADES1B
OBJECT_ID = PLEIADES1B
USER_DEFINED_PROTOCOL = NONE
USER_DEFINED_CONTENT = LLA
USER_DEFINED_SIZE = 3.0
USER_DEFINED_TYPE = REAL
USER_DEFINED_UNIT = [deg] [km]
TIME_SYSTEM = UTC
META_STOP

60693 43095.457728 0.11945124376390673 95.79394289863866 697.8714069562798
60693 43545.457728 27.31147233109616 91.58174788539773 700.5455060361078
60693 43995.457728 54.174054935799646 84.3971253022703 707.6034486461001
60693 44445.457728 78.77090513377063 49.7526822240499 711.886771965847
60693 44895.457728 68.97422392341062 -62.32977958362829 708.9422670212853
60693 45345.457728 42.688008799958105 -76.58490344587102 700.1956888100332
60693 45795.457728 15.617863288324704 -81.86787599513087 698.1024814015942
60693 46245.457728 -11.610586808716047 -85.83696452856874 698.1875864236059
60693 46695.457728 -38.72699606548293 -90.73243022644445 698.2843451852691
60693 47145.457728 -65.25271345283318 -102.21391869869349 707.787031991916
60693 47595.457728 -81.04017429200208 160.93603139080622 714.5920885483321
60693 48045.457728 -58.084093969758385 109.13785288144447 713.4255582064914
60693 48495.457728 -31.364439564482883 100.87129265112561 707.4835178710644
60693 48945.457728 -4.242541876467289 96.48436053035363 703.1561075885458
60693 49395.457728 22.92715098418921 92.41479644120952 704.4091134919422
60693 49845.457728 49.84777862648631 86.13006683536388 709.3279490178462
60693 50295.457728 75.36559621510824 62.69663326298592 711.915510495571
60693 50745.457728 72.96726726387294 -56.286875483335095 707.5727899870079
60693 51195.457728 47.03574202787098 -75.26883633619768 697.0006472046615
60693 51645.457728 19.985860115986704 -81.11272303113486 691.4637938744703
60693 52095.457728 -7.29173439233996 -85.1357484275839 690.5203104814663
60693 52545.457728 -34.48100160676391 -89.7168199176903 698.4839793763347
60693 52995.457728 -61.19078073971816 -99.14326742119648 698.9259606958586
60693 53445.457728 -81.85343702408908 -171.03553563356292 698.6143816623229
60693 53895.457728 -62.01155146870247 111.53570976715041 699.4843750924771
60693 54345.457728 -35.3095022365284 101.74822208580639 694.3308879160987
60693 54795.457728 -8.122389189798707 97.11124195315206 693.0316298554549
60693 55245.457728 19.116200654533678 93.1076932498303 699.4919249021694
60693 55695.457728 46.102854218860166 87.40988891105468 711.356895772095
60693 56145.457728 72.03760616930565 69.79765469173537 720.8318146309928
60693 56595.457728 76.3002435873253 -48.14114935737002 721.8056509656465
60693 57045.457728 51.021320049237865 -73.85868034532697 713.6007380518522
60693 57495.457728 24.12685164737343 -80.35695123463154 701.9534364236949
60693 57945.457728 -3.0820475572899175 -84.46296920025073 694.329936653961
60693 58395.457728 -30.296407840619654 -88.80692923980305 694.3139880591932
60693 58845.457728 -57.14894614783664 -96.79911320303124 699.1009129397768
60693 59295.457728 -80.65028743053378 -144.23447954299675 702.3535018836697
60693 59745.457728 -65.99871420996887 114.71923549905634 703.1435346633377
60693 60195.457728 -39.494407763730365 102.7667433940377 699.2300429468864
60693 60645.457728 -12.371473134911945 97.80360429945168 701.8483860088386
60693 61095.457728 14.829034034901019 93.84376521344426 700.4330810697459
60693 61545.457728 41.886896819585516 88.65329510912456 704.9696742981919
60693 61995.457728 68.20623703668436 75.0797472212069 709.7422533310911
60693 62445.457728 79.32410054055468 -34.672736969275505 708.9216786594129
60693 62895.457728 54.94247581609311 -72.21510676100559 701.4605237225187
60693 63345.457728 28.052733709416714 -79.59400514542804 698.0986517285628
60693 63795.457728 0.8557330075000911 -83.83444558362852 696.8054830714698
60693 64245.457728 -26.33707025681271 -88.00863562542051 701.7201539170221
60693 64695.457728 -53.21013765889407 -94.96414731021919 710.0472503430449
60693 65145.457728 -78.05191742644269 -126.42449653169875 716.3346183256099
60693 65595.457728 -69.94391605408003 119.108479836205 714.5118323968145
60693 66045.457728 -43.771758787453635 103.93723667953562 705.8240734916997
60693 66495.457728 -16.721566589605917 98.53351574499644 698.1123523614929
60693 66945.457728 10.516292201876958 94.55735693653877 695.4096108499745
60693 67395.457728 37.65237824646868 89.75134017191023 700.1880631694613
60693 67845.457728 64.21453051448725 78.87825785277454 706.9309062931628
60693 68295.457728 81.43544494724185 -12.261425873393877 709.3028040133892
60693 68745.457728 59.068962019642285 -70.10072573265317 704.8333994866753
60693 69195.457728 32.30181383002376 -78.71145951791574 697.373757052764
60693 69645.457728 5.109614877555731 -83.15898777073922 693.7859231838914
60693 70095.457728 -22.125691930047243 -87.21811863039214 698.2045262172269
60693 70545.457728 -49.120457019639744 -93.3866617201218 700.409965043595
60693 70995.457728 -74.81715293706688 -115.66281105606234 702.5499754454602
60693 71445.457728 -73.49746145525947 124.97807988924248 704.7132253382089
60693 71895.457728 -47.635251478599834 105.15171152321273 701.7297938918484
60693 72345.457728 -20.628189475889457 99.22353671457319 698.5275278955642
60693 72795.457728 6.58104351502409 95.19889170716446 700.6647882416348
60693 73245.457728 33.6908751177456 90.67991253224163 708.9409606585372
60693 73695.457728 60.32330529206723 81.62482902179815 717.7115030419495
60693 74145.457728 81.73187161745435 16.482504920367315 720.3858617101706
60693 74595.457728 63.131363040056655 -67.44524238292321 713.7808081457682
60693 75045.457728 36.55580691938534 -77.7457119843297 701.4262335446064
60693 75495.457728 9.399719038859665 -82.46960151083456 690.7559765832393
60693 75945.457728 -17.89180728106325 -86.46612233237083 688.6267861126249
60693 76395.457728 -45.00187945599198 -92.03600182916212 694.4109224245896
60693 76845.457728 -71.16427277445605 -108.59020104481351 700.9608069194561
60693 77295.457728 -76.94809809129023 134.2743116162921 704.1177956889372
60693 77745.457728 -51.7096146470273 106.63405280325789 701.700032791194
60693 78195.457728 -24.767160302053668 99.98746345211185 698.269320107942
60693 78645.457728 2.43522580341364 95.86188884985438 699.6372775937065
60693 79095.457728 29.579031779564986 91.56040078085506 707.457959992944
60693 79545.457728 56.33079259275346 83.82584257108373 716.951312486
60693 79995.457728 80.1239742696229 41.01120595173066 721.262667812027
60693 80445.457728 67.04424729643505 -64.04038122061331 716.1944606634823
60693 80895.457728 40.67716047495315 -76.70585025812655 704.2322713008984
60693 81345.457728 13.57098397540608 -81.78157191269628 692.0846627450466
60693 81795.457728 -13.719461199963266 -85.75487921521349 688.2598402246651
60693 82245.457728 -40.883064935579675 -90.85994233399066 692.8703915567314
60693 82695.457728 -67.33877846989996 -103.77207772726236 700.3437505371876
60693 83145.457728 -79.86468816420901 149.38007259539322 693.4962406206473
60693 83595.457728 -55.69353593981656 108.36318174116506 690.3427964231627
60693 84045.457728 -28.746707355557636 100.77023713297721 687.6994224927305
60693 84495.457728 -1.487762671311297 96.48953062463337 691.582242919365
60693 84945.457728 25.720896220935213 92.3322472292438 703.7138859469651
60693 85395.457728 52.55823260721603 85.52458586173923 719.2448007535431
60693 85845.457728 77.48718424343858 56.18072681131193 729.6211956189729
60693 86295.457728 70.72663417347063 -59.56810125524734 728.9965642813195
60694 345.457728 44.724626332416456 -75.55767306784514 718.2182851308118
60694 795.457728 17.76497822494484 -81.06830085980484 704.1345490299856
60694 1245.457728 -9.45067443511631 -85.0527509787145 694.4081060482462
60694 1695.457728 -36.63161279735971 -89.78661960821702 692.0021101380482
60694 2145.457728 -63.31485172602335 -100.20620820498092 693.7289184008613
60694 2595.457728 -81.65641342323099 173.46945424609373 694.1549865965079
60694 3045.457728 -59.76456112356425 110.53269909303638 691.1518727517466
60694 3495.457728 -32.93021646589779 101.65065317770848 687.908824002614
60694 3945.457728 -5.69102838925394 97.15867175955997 690.3962766224845
60694 4395.457728 21.54492776074029 93.11128660794417 701.338040812395
60694 4845.457728 48.46932329051463 87.06261104084875 716.8573016089766
60694 5295.457728 74.09938562658687 66.23381613579697 728.5082819503664
60694 5745.457727999999 74.39494676037194 -52.8514252634886 729.7369469457068
60694 6195.457727999999 48.82635836889832 -74.22645411400165 720.2432865558142
60694 6645.457727999999 21.93875647028226 -80.32780399133195 706.1927796540637
60694 7095.457727999999 -5.256544342998286 -84.37723822768662 695.4737295317132
60694 7545.457728 -32.46270787869389 -88.83614458341471 692.0549620479946
60694 7995.457728 -59.28663991777819 -97.53674710864522 693.561175592514
60694 8445.457728 -81.53157939430118 -157.36980477096498 694.4391033584253
60694 8895.457728 -63.79022595781633 113.27812984284361 692.5966402756311
60694 9345.457728 -37.11274048619909 102.61166085409009 689.5340059924594
60694 9795.457728 -9.912704651676114 97.8388771715778 691.0337652148487
60694 10245.457728 17.33138094136221 93.85551286252375 700.618159191509
60694 10695.457728 44.31932192550906 88.3926189945878 715.4761276218185
60694 11145.457728 70.36864674208897 72.7952789531606 727.5987576519981
60694 11595.457728 77.78192679491433 -42.25779287822552 729.9438545833183
60694 12045.457728 52.949115858663774 -72.6523852608035 721.213462777539
60694 12495.457728 26.1393785441258 -79.53969734353524 706.9314101118937
60694 12945.457728 -1.0402781029580428 -83.70584048865258 695.1919784203579
60694 13395.457728 -28.27470997489046 -87.96115098476218 690.9452099681926
60694 13845.457728 -55.21174821472796 -95.41949702024193 692.612244770642
60694 14295.457728 -79.55731874299842 -134.39303773770973 694.5824198045422
60694 14745.457728 -67.7514254575651 116.91418316364913 694.4611387006837
60694 15195.457728 -41.29357710756296 103.68103618800461 691.8529059393818
60694 15645.457728 -14.146531088615372 98.53890180086997 692.4630939158611
60694 16095.457728 13.094715259754256 94.57437940015362 700.5077578392064
60694 16545.457728 40.13291162774335 89.56403561896931 714.2531994550241
60694 16995.457728 66.45667533938656 77.34058910848321 726.3433981569976
60694 17445.457728 80.5053384174905 -24.79195874908176 729.4688398484742
60694 17895.457728 57.05848132940655 -70.75738701585283 721.4321443530987
60694 18345.457728 30.340804671303225 -78.69666478187202 707.0471793584582
60694 18795.457728 3.178453083085841 -83.03548771519051 694.4764863688681
60694 19245.457728 -24.08068477605344 -87.14728879541637 689.5897840509
60694 19695.457728 -51.10825175316082 -93.68535373931246 691.5885600980906
60694 20145.457728 -76.52413871393621 -120.08923560845531 694.8916981920254
60694 20595.457728 -71.60366404051207 121.98168892574786 697.2270540904468
60694 21045.457728 -45.47137352214035 104.89033528057007 695.1165282951484
60694 21495.457728 -18.39372321096768 99.26526780094761 694.67746601314
60694 21945.457728 8.834500074154581 95.2734116301446 700.7267682901793
60694 22395.457728 35.913795346778976 90.60993442207068 712.7464262336673
60694 22845.457728 62.43337276958689 80.6673638074102 724.2614343568974
60694 23295.457728 81.83853721333077 1.8137040887060063 727.8858011482412
60694 23745.457728 61.1332209609993 -68.40756794166337 720.6111591929662
60694 24195.457728 34.52922740645091 -77.78558008869012 706.4481553683268
60694 24645.457728 7.386249837460431 -82.36248105252629 693.4190057372938
60694 25095.457728 -19.893361122814607 -86.38394695434202 688.1960240340873
60694 25545.457728 -46.99359968745618 -92.22912584958418 690.7515368686555
60694 25995.457728 -72.99608197944258 -111.2753922666803 695.6109265785957
60694 26445.457728 -75.27501214448482 129.54454521976507 701.6221340199539
60694 26895.457728 -49.657368406267 106.29009194069718 698.0018426360524
60694 27345.457728 -22.650868050079787 100.02630996883575 694.5964285970283
60694 27795.457728 4.582578893953956 95.95535264742833 697.1414339276668
60694 28245.457728 31.72758765618816 91.54654223836712 706.6035753842295
60694 28695.457728 58.4261052803285 83.17211963398063 717.6932040066108
60694 29145.457728 81.16452046585995 29.755649358042785 723.1036306954933
60694 29595.457728 65.03743161487037 -65.48484291228182 718.6858581469265
60694 30045.457728 38.58557725125579 -76.81415221309953 707.1475640355806
60694 30495.457728 11.48385433189656 -81.69431881716612 695.559832090239
60694 30945.457728 -15.780640298556197 -85.66898385215954 691.2043868202559
60694 31395.457728 -42.9052355968667 -90.9840452433042 694.443531323798
60694 31845.457728 -69.2319750758503 -105.49029695133898 700.0352847028017
60694 32295.457728 -78.51828264569677 141.39644812305988 697.3542614340363
60694 32745.457728 -53.73095794787017 107.90220597075296 695.106397535543
60694 33195.457728 -26.765941521366063 100.80715052823442 689.2279904349557
60694 33645.457728 0.5026974797837238 96.60525839701182 689.862135292601
60694 34095.457728 27.728150258134075 92.37247308752578 699.1708017456958
60694 34545.457728 54.56911263745052 85.09503709132858 712.6520203007827
60694 34995.457728 79.0071886072071 49.30038253415237 721.9691182432584
60694 35445.457728 68.73795836429574 -61.74666751439439 721.8418872638242
60694 35895.457728 42.53431639515935 -75.76122979982138 713.3845778578935
60694 36345.457728 15.526381328436239 -81.01685076405737 703.17401275598
60694 36795.457728 -11.68149913311418 -84.9821842038645 697.7843472017654
60694 37245.457728 -38.80398806775547 -89.88511871563449 698.7822060199527
60694 37695.457728 -65.33884689963833 -101.42193385900958 701.9732787829937
60694 38145.457728 -80.97044398771617 160.84453527741871 701.682368706497
60694 38595.457728 -57.8126958742411 109.86126774209052 699.6906807374783
60694 39045.457728 -30.989563486649537 101.66323332407183 694.2623442444744
60694 39495.457728 -3.76262409037667 97.28088219133735 690.0490951998318
60694 39945.457728 23.496494374843838 93.18349178622515 694.4131347154783
60694 40395.457728 50.477674869288855 86.77180095334944 699.5881497245857
60694 40845.457728 75.96796857978006 61.85964894657377 702.8449999706455
60694 41295.457728 72.27493714124618 -56.663636828580664 702.7672049547151
60694 41745.457728 46.24649400585384 -74.64371761050705 697.9914843619396
60694 42195.457728 19.18798096530753 -80.37555380777013 693.9799312541138
60694 42645.457728 -8.058117149197717 -84.38255396087122 696.4902429625607
60694 43095.457728 -35.18403533423809 -89.00303923559024 706.0094781297711
60694 43545.457728 -61.783626460655164 -98.66729772344412 716.4548279847279
60694 43995.457728 -81.86282364321818 -173.56639482453204 720.9381427450564
60694 44445.457728 -61.685208553575755 112.18660656133869 716.0336882260638
60694 44895.457728 -35.07828070207252 102.56479558893608 705.1321989091808
60694 45345.457728 -7.937674751108622 97.94970196039355 694.7371186675896
60694 45795.457728 19.320926954891167 93.9391880974561 692.478000088162
60694 46245.457728 46.387401613738184 88.18633133609713 697.1079134845698
60694 46695.457728 72.4060750071625 70.02201030728445 702.7087970544397
60694 47145.457728 75.8508410399702 -48.62053348446 703.7237514148168
60694 47595.457728 50.35747672682984 -73.23026139042437 699.5934758032882
60694 48045.457728 23.370879553305386 -79.61992035969712 695.083663801404
60694 48495.457728 -3.861657317406165 -83.70982483455366 696.2789138861843
60694 48945.457728 -31.021752072477632 -88.08400861168143 704.5487480985308
60694 49395.457728 -57.757225100817834 -96.24696033681671 715.0026630548216
60694 49845.457728 -80.88108259030486 -146.10330707643814 720.626612580478
60694 50295.457728 -65.65530998269207 115.28316459132022 716.98740203275
60694 50745.457728 -39.22494677551382 103.56998107621457 706.5296881900366
60694 51195.457728 -12.12555581096355 98.633352603963 695.9229309863157
60694 51645.457728 15.13309829139591 94.66272998113166 692.4594289765022
60694 52095.457728 42.25229390892844 89.42211946630763 696.3880527602263
60694 52545.457728 68.60671031056445 75.48847669043684 702.3148433123318
60694 52995.457728 79.00927384997568 -35.715071500109204 704.465953649036
60694 53445.457728 54.460390846242674 -71.55881083228466 700.959376893926
60694 53895.457728 27.56004189692235 -78.81808638595601 696.0196154926028
60694 54345.457728 0.3454469641803123 -83.04163386857523 695.9372735363859
60694 54795.457728 -26.843990294316274 -87.23428184678806 702.9747003156291
60694 55245.457728 -53.68809717473973 -94.29615808170915 713.2165069596354
60694 55695.457728 -78.38609800575836 -127.13916487232885 719.967240213562
60694 56145.457728 -69.54407177626771 119.45955754260532 717.7820603816145
60694 56595.457728 -43.36247813286655 104.69114974868414 708.072157235122
60694 57045.457728 -16.3182064322412 99.3365767774089 697.75089406109
60694 57495.457728 10.928911453030343 95.36209027023165 693.2684747064648
60694 57945.457728 38.08525512710079 90.51793225576145 696.3521010303118
60694 58395.457728 64.66099906552485 79.38770504779568 702.2962647004166
60694 58845.457728 81.26606391370055 -14.567049026377523 705.1345494512442
60694 59295.457728 58.555577172100065 -69.51981039694762 701.7849399873454
60694 59745.457728 31.758857326402445 -77.95535841486938 696.1025726503262
60694 60195.457728 4.560647332122283 -82.37248185036049 694.4899061152089
60694 60645.457728 -22.66087001064183 -86.44114180578809 700.4484963239051
60694 61095.457728 -49.59970544163022 -92.6820800126262 710.5507398275936
60694 61545.457728 -75.13023264892777 -115.57349274879036 718.620031353238
60694 61995.457728 -73.2773060103012 125.39544831247512 718.3482407862106
60694 62445.457728 -47.47013387784704 105.96153538237657 709.9819593024708
60694 62895.457728 -20.496508804294276 100.06587524535264 699.7731852501859
60694 63345.457728 6.728933532105462 96.0423683818278 694.8043658319204
60694 63795.457728 33.908228197402764 91.5009127158232 697.0794816572919
60694 64245.457728 60.634556080158774 82.30430475807998 702.8475966554079
60694 64695.457728 81.80063734949343 14.318833257732816 705.720281724456
60694 65145.457728 62.617156777504945 -66.95296993422667 702.6228224526809
60694 65595.457728 35.958468505842276 -77.01420513443163 696.3657162267832
60694 66045.457728 8.785209530764282 -81.69471042828324 693.268117340444
60694 66495.457728 -18.46011657599447 -85.68991615877174 697.9091391775911
60694 66945.457728 -45.471957822644455 -91.30467917689276 708.6979104096173
60694 67395.457728 -71.48758203649408 -108.21262678547183 716.9207493282579
60694 67845.457728 -76.76504260659215 134.4818599577814 717.5780403430691
60694 68295.457728 -51.56264699847919 107.43898724725925 709.9551619392921
60694 68745.457728 -24.654502838790005 100.83066689110031 699.4456177373658
60694 69195.457728 2.5596888279198375 96.70825095431506 694.5474228447824
60694 69645.457728 29.767020562282905 92.39033140340051 696.5090828910486
60694 70095.457728 56.609361867200526 84.56030048658828 702.7913001091341
60694 70545.457728 80.34540324451524 39.92262361315757 706.8395950973526
60694 70995.457728 66.57803937749205 -63.63743091877348 704.6637658200891
60694 71445.457728 40.1160799468961 -75.98238403986375 698.2810744964197
60694 71895.457728 12.989041017980197 -81.0052976963466 693.940509477742
60694 72345.457728 -14.261013248778097 -84.97208602222753 696.8055210709076
60694 72795.457728 -41.34729041781987 -90.1115784420342 704.8943623184426
60694 73245.457728 -67.68527144368801 -103.26364762183947 713.3557852058941
60694 73695.457728 -79.70050239857031 149.00222000711338 715.5216399662742
60694 74145.457728 -55.58197586574964 109.17332632351827 709.6112926196183
60694 74595.457728 -28.75648627178001 101.63501502472472 700.1606641141314
60694 75045.457728 -1.57012653465775 97.36507018437045 697.8371092497405
60694 75495.457728 25.636499846187434 93.2115476291983 698.3574927681462
60694 75945.457728 52.58523941840528 86.37933743916649 699.8739416110016
60694 76395.457728 77.66248455886708 56.33840300861423 699.8324966524951
60694 76845.457728 70.31110618625982 -59.28950465096484 697.6538186134426
60694 77295.457728 44.04565777113548 -74.88539411569379 689.7287167759766
60694 77745.457728 16.889493536201144 -80.34099920562045 684.3751580287552
60694 78195.457728 -10.43103113623771 -84.3320777167872 687.9657993813504
60694 78645.457728 -37.596203433498154 -89.13936122779293 700.190095071451
60694 79095.457728 -64.13370746048594 -99.96514350907309 714.4677710544012
60694 79545.457728 -81.48374794046111 169.91383433700304 722.7814926462169
60694 79995.457728 -59.34194031238415 111.15507943720786 721.3032523467975
60694 80445.457728 -32.70991494655397 102.47077977138352 713.0628702432059
60694 80895.457728 -5.624768695485441 98.0139547332549 704.9344772641333
60694 81345.457728 21.55147229837217 93.97496440412604 701.9248692059142
60694 81795.457728 48.525960375271374 87.90832244298238 703.3257314211501
60694 82245.457728 74.27583357052019 66.70182982950409 703.9515258631948
60694 82695.457728 74.03558414489807 -52.7860569420269 699.4024240237379
60694 83145.457728 48.21961959697148 -73.55952537581689 694.8379195527344
60694 83595.457728 21.155304350391454 -79.5909887678833 688.5831399415912
60694 84045.457728 -6.134100293355464 -83.63818947249689 689.8181163751606
60694 84495.457728 -33.32715051334533 -88.14758988446884 699.5507573446547
60694 84945.457728 -60.02905367213113 -97.10378254101246 712.0877939701488
60694 85395.457728 -81.67572130079817 -160.49665471802706 720.0102143556045
60694 85845.457728 -63.4169700356939 113.86667532217939 718.7347089285365
60694 86295.457728 -36.90745525202789 103.43272043515861 710.586664050396
60695 345.457728 -9.832492698003781 98.69318538944066 702.4161442172814
60695 795.457728 17.369586785028584 94.71494793830395 699.7138226084685
60695 1245.457728 44.41161160697398 89.23149649056312 702.4299022968846
60695 1695.457728 70.57868584124915 73.36553703832472 705.3868273061973
60695 2145.457728 77.46449204136985 -42.69240195382766 703.3716349631266
60695 2595.457728 52.345769046382905 -72.02500361646685 698.4434094151354
60695 3045.457728 25.378046175403814 -78.80888255912261 690.9238907866605
60695 3495.457728 -1.892423729385528 -82.96322318625381 689.0427820240326
60695 3945.457728 -29.127095665052337 -87.25676091844956 696.0983553807929
60695 4395.457728 -55.978339222551924 -94.9095078424045 707.8643682088979
60695 4845.457728 -79.95043903381699 -136.45564746782065 714.7291202318262
60695 5295.457728 -67.29389698218533 117.30715549403443 713.660339723193
60695 5745.457727999999 -40.93887952422866 104.45698970228904 706.2480976151703
60695 6195.457727999999 -13.870552559242885 99.36144478831086 698.4149022089078
60695 6645.457727999999 13.359269879350757 95.39766730867325 696.8547710042367
60695 7095.457727999999 40.45904212275157 90.34508487349657 698.4439184744983
60695 7545.457728 66.94044255443778 77.73101420176911 700.9649728443128
60695 7995.457728 80.12321385628996 -27.45225590791999 705.7847732404317
60695 8445.457728 56.21991625821425 -70.29804894927153 704.0082522618186
60695 8895.457728 29.38625009579383 -78.01466095376264 699.854609990303
60695 9345.457728 2.208876055704811 -82.31097216293985 699.3870055383665
60695 9795.457728 -24.964421420605692 -86.43733644241057 705.373034054735
60695 10245.457728 -51.82909828505493 -93.09301418366877 714.301168184325
60695 10695.457728 -76.95889254170582 -120.71680435961024 719.5815648138739
60695 11145.457728 -71.26864222331973 122.32515520056623 716.1053504567768
60695 11595.457728 -45.216151682770644 105.6795218017901 705.2032665020548
60695 12045.457728 -18.16338564997119 100.09193692472634 692.7103626530226
60695 12495.457728 9.121897619599032 96.09416720424737 688.1481323968335
60695 12945.457728 36.32823175898182 91.3810354905561 692.4052153053276
60695 13395.457728 62.99677300746747 81.12960695920292 700.4371312635044
60695 13845.457728 81.73167506612975 -2.9595698194881592 700.0109003718525
60695 14295.457728 60.169142971067096 -68.13589058070453 699.6504062347111
60695 14745.457728 33.42413800022918 -77.15209699106146 698.3817075704909
60695 15195.457728 6.263633442156644 -81.66101740896488 697.7039046425
60695 15645.457728 -20.954315460613387 -85.69218044896652 697.0890912434169
60695 16095.457728 -47.96592537188759 -91.67164930544345 698.8484809743859
60695 16545.457728 -73.79258988929249 -111.99687550114335 707.993162520452
60695 16995.457728 -74.57647194383308 128.66239478080396 712.821868867643
60695 17445.457728 -48.93338220313855 106.90703374023893 710.582193471912
60695 17895.457728 -22.008985917315993 100.78328986838764 705.9146040175422
60695 18345.457728 5.152017996015993 96.73830276804851 704.6887282289151
60695 18795.457728 32.25821401047213 92.3065047498937 708.6701423800389
60695 19245.457728 58.94796073457785 83.75595079017532 713.9264531881721
60695 19695.457728 81.3789336185657 26.99366386172051 714.1266035264778
60695 20145.457728 64.40222175313116 -65.14695089832803 706.4321740872459
60695 20595.457728 37.82064924083421 -76.12894464898272 694.8620607226707
60695 21045.457728 10.632125148725615 -80.95595821969538 686.3325821101006
60695 21495.457728 -16.686203072831493 -84.94357000278082 686.5615384985292
60695 21945.457728 -43.81524230523605 -90.36496747204849 695.3278371904662
60695 22395.457728 -70.06550056471048 -105.68670674013323 701.4940951752817
60695 22845.457728 -77.85514399091353 139.144169909641 701.2997079799567
60695 23295.457728 -52.84782590326844 108.40499842095213 700.1388449698625
60695 23745.457728 -25.90762002635776 101.51864885403357 693.5098045545108
60695 24195.457728 1.3404895488831667 97.35131630012816 691.6182435300691
60695 24645.457728 28.56024290342616 93.08615780959107 698.4407357969127
60695 25095.457728 55.44282757677493 85.57650784971383 703.9518699203518
60695 25545.457728 79.63665406653854 46.15460291098722 711.5367665304533
60695 25995.457728 67.76474890535057 -61.97295204134071 711.9065271051397
60695 26445.457728 41.43114193722318 -75.18509890987895 706.2568040281952
60695 26895.457728 14.374577597172301 -80.3280135333943 700.6348969152664
60695 27345.457728 -12.83501791478003 -84.28866640403952 700.1667534615302
60695 27795.457728 -39.91277979270156 -89.28481829582613 705.2497497559028
60695 28245.457728 -66.33671273213245 -101.45086735601762 710.9403306071482
60695 28695.457728 -80.50229750297966 156.28794970331245 711.0126486178193
60695 29145.457728 -56.91855292525132 110.27367678895929 703.9355930918407
60695 29595.457728 -30.082621968491967 102.35296090015478 698.1395365008614
60695 30045.457728 -2.8930652648948354 98.02220794353981 695.7770564557268
60695 30495.457728 24.32534699692877 93.90838817799437 698.5709955843179
60695 30945.457728 51.25980328627092 87.3550087575835 705.8357189167441
60695 31395.457728 76.55066212142685 60.91349365667225 711.5336037702373
60695 31845.457728 71.6840999170044 -56.78677255473913 710.2646002291755
60695 32295.457728 45.64046030618379 -73.96083320777836 702.7709893922618
60695 32745.457728 18.589271728662926 -79.60606245527279 694.3155503868198
60695 33195.457728 -8.668184556905828 -83.60576970609014 693.3442179209786
60695 33645.457728 -35.829940316947976 -88.27656874276742 698.2019386047792
60695 34095.457728 -62.49237779464085 -98.28136467394769 700.2453702220641
60695 34545.457728 -81.81050447760113 -178.9372191048808 703.7128045883369
60695 34995.457728 -60.719982000226665 112.43491173550144 702.068269112907
60695 35445.457728 -33.996450055836256 103.20142476427124 697.6479646144867
60695 35895.457728 -6.827088839472742 98.65430977935308 696.5702575425187
60695 36345.457728 20.383015014030885 94.63356881596007 702.4098582742648
60695 36795.457728 47.337901981982775 88.7586864528955 712.5873265999023
60695 37245.457728 73.14276408645034 69.53485146239132 720.359034692165
60695 37695.457728 75.26475704457903 -49.37647298876947 719.5732169779873
60695 38145.457728 49.76199530293977 -72.57443337448741 710.1738960996139
60695 38595.457728 22.81756460254079 -78.84818575521169 698.4557794367169
60695 39045.457728 -4.42006403625002 -82.92491748166644 691.6435967730673
60695 39495.457728 -31.642414588578767 -87.34116418818235 692.9371843646021
60695 39945.457728 -58.46506417103454 -95.75483812449173 699.0770775626208
60695 40395.457728 -81.23681892060317 -150.32308134302812 704.5690936270871
60695 40845.457728 -64.73010947043814 115.35862275871908 703.2069627064282
60695 41295.457728 -38.16949045586178 104.1863211981917 698.1515874400178
60695 41745.457728 -11.0302390549037 99.33562847497163 695.505002629427
60695 42195.457728 16.20091122734931 95.36291703166681 699.8562727516446
60695 42645.457728 43.22755434803296 90.02508512832625 709.7545496611177
60695 43095.457728 69.41061176108289 75.38219793150496 718.1646125057227
60695 43545.457728 78.48471649496312 -37.66746530391698 718.9561421630151
60695 43995.457728 53.813689341741224 -70.9646756679906 710.9820194436161
60695 44445.457728 26.952712676959845 -78.06187304616375 699.6141701544459
60695 44895.457728 -0.2599508560107435 -82.2632407786565 692.6418363653756
60695 45345.457728 -27.497825477237836 -86.4889561753405 693.3884799014071
60695 45795.457728 -54.41510082309397 -93.74207474447911 699.5960404747874
60695 46245.457728 -78.97844041390472 -129.43853527441138 705.2341127583436
60695 46695.457728 -68.65558627117751 119.25484211808302 704.4800419475209
60695 47145.457728 -42.325226168008285 105.28061206718502 699.225498591341
60695 47595.457728 -15.229921201077303 100.03486835173715 695.332282120917
60695 48045.457728 12.009349197765664 96.06647937877295 698.1115085225753
60695 48495.457728 39.092146941011286 91.14424942460947 707.4494077031563
60695 48945.457728 65.52991560914305 79.5106047856143 715.8814373585998
60695 49395.457728 80.9340045708848 -18.54807882095644 717.7637691460557
60695 49845.457728 57.84526481059156 -69.02619167009912 710.9732370989683
60695 50295.457728 31.08046932173248 -77.22232884343394 699.7873661520258
60695 50745.457728 3.892783953361203 -81.60292918868168 692.9309096387357
60695 51195.457728 -23.35985174321764 -85.69482451457372 693.2771846800272
60695 51645.457728 -50.35367512534288 -92.08393920336646 699.7449111122565
60695 52095.457728 -75.838655789793 -116.65423729282077 706.08185176338
60695 52545.457728 -72.43838201041522 124.7114519065246 706.433396127823
60695 52995.457728 -46.454201944888005 106.51453833235264 701.401217915423
60695 53445.457728 -19.421743579705343 100.75874355591216 696.471852895211
60695 53895.457728 7.810469930855134 96.75150707379674 697.4828348841794
60695 54345.457728 34.940419011551114 92.1488364535753 705.0029345573025
60695 54795.457728 61.563356634185986 82.58125763026337 713.3508827742058
60695 55245.457728 81.86473836069581 8.953140467244497 716.3593590617401
60695 55695.457728 61.84212840138214 -66.61790015707022 710.9552984267575
60695 56145.457728 35.20319146871842 -76.3126181242837 700.501652815118
60695 56595.457728 8.053811728764437 -80.93570521258691 698.7556059449328
60695 57045.457728 -19.169422944702415 -84.93722541368128 697.7790176218865
60695 57495.457728 -46.1954655616733 -90.65371522617096 702.7416426274783
60695 57945.457728 -72.19780443968831 -108.50664276986653 707.5061392806986
60695 58395.457728 -76.06633194394102 133.09647672756688 706.6634527371194
60695 58845.457728 -50.625262688341586 107.95851747974845 700.4228177353169
60695 59295.457728 -23.64286636190293 101.52181093641946 693.7470059549036
60695 59745.457728 3.6080080222876365 97.42353787623297 692.6853559109361
60695 60195.457728 30.806371729076346 93.05678075407357 700.3634412461627
60695 60645.457728 57.60519452518232 84.9336684841603 706.3320898786776
60695 61095.457728 80.84260097751135 35.5167488184795 712.289667377291
60695 61545.457728 65.68875653278033 -63.597769845263606 710.782597673135
60695 61995.457728 39.22481761801495 -75.33523110871526 703.8021022398259
60695 62445.457728 12.12611047690385 -80.26972089234962 697.8887950692327
60695 62895.457728 -15.09697769939168 -84.23343648302891 697.4769108084195
60695 63345.457728 -42.187768518362155 -89.46094081364122 700.4214124265457
60695 63795.457728 -68.50763675879737 -103.29371298339473 709.6811707283764
60695 64245.457728 -79.12309884090428 146.03763472600465 713.2862399597594
60695 64695.457728 -54.689583577003056 109.63481892030623 709.3479055049287
60695 65145.457728 -27.85064804021823 102.33060939358495 702.1287120418947
60695 65595.457728 -0.6701918848703182 98.10094699211085 697.9375801518624
60695 66045.457728 26.5215951989761 93.920240917327 697.4714684940908
60695 66495.457728 53.42724487291304 86.90866864307176 704.8201961716717
60695 66945.457728 78.24120635981055 54.65716559878802 711.7120129127105
60695 67395.457728 69.67712744215504 -59.27330196289601 711.4413657418587
60695 67845.457728 43.469555923658525 -74.18185982330066 704.9816762006253
60695 68295.457728 16.421720216026092 -79.54950987590517 698.4536901789777
60695 68745.457728 -10.794679658140975 -83.52036588359505 695.1165368584209
60695 69195.457728 -37.934437779428514 -88.35012137826483 698.4600209527631
60695 69645.457728 -64.51299298920885 -99.39642487118107 698.1057135889042
60695 70095.457728 -81.30494804178645 167.2199145556037 699.3243448108634
60695 70545.457728 -58.65160946758385 111.63140835409014 699.73218950639
60695 70995.457728 -31.86961710280033 103.16448413484082 699.9404544300212
60695 71445.457728 -4.695597405048784 98.74396870795508 695.165465948747
60695 71895.457728 22.53690325094688 94.67582805815555 696.682180101172
60695 72345.457728 49.51538030164046 88.44152892560999 703.4791397899684
60695 72795.457728 75.11122598849431 65.56226690055848 709.1830978357206
60695 73245.457728 73.22939081424904 -53.59105988048318 708.5933688850477
60695 73695.457728 47.34918408701172 -72.97585220046771 702.0133975340456
60695 74145.457728 20.324965506531786 -78.86291747659267 695.1291468637027
60695 74595.457728 -6.921823175546347 -82.88755274669857 694.4679584267298
60695 75045.457728 -34.08895378984871 -87.44010182508629 697.8570070652935
60695 75495.457728 -60.82193470485521 -96.71745934849037 698.2922055647621
60695 75945.457728 -81.82400389442266 -166.1718824244188 701.7489192418354
60695 76395.457728 -62.378200442210165 113.98278582595513 700.7679582200722
60695 76845.457728 -35.70535578158322 104.03010448603612 697.0343472209636
60695 77295.457728 -8.545457279268504 99.36860825852348 696.4569325809535
60695 77745.457728 18.666848470682112 95.37431732984685 702.7599248007717
60695 78195.457728 45.63829620756966 89.74155747172765 713.6157327498806
60695 78645.457728 71.60353854441256 72.6929993334749 721.9302163592599
60695 79095.457728 76.6877107261507 -44.66772852612012 721.5014017804351
60695 79545.457728 51.49118383028362 -71.48563861898528 711.8935779594514
60695 79995.457728 24.586705489304595 -78.08120895781552 699.1637128825229
60695 80445.457728 -2.6450009862284847 -82.20543325475417 690.9674804374905
60695 80895.457728 -29.88719210249748 -86.5353352910244 691.0728493989789
60695 81345.457728 -56.77047161925998 -94.42294958185263 696.7344643514912
60695 81795.457728 -80.45727051455547 -140.0800490215829 700.695144309523
60695 82245.457728 -66.32480705762977 117.2262699708675 701.0302037412067
60695 82695.457728 -39.83056394432521 105.04819609730612 699.9956389199561
60695 83145.457728 -12.707426774308221 100.05176344726507 694.0122260458197
60695 83595.457728 14.547380079878725 96.08295281290529 695.2261526708895
60695 84045.457728 41.65767164548164 90.90665090721583 699.1522634933718
60695 84495.457728 68.03216307599301 77.45992260357747 696.5312817984048
60695 84945.457728 79.39075954491791 -32.02136448622264 701.884484607547
60695 85395.457728 55.024299036237515 -69.97835626466309 702.6860525312505
60695 85845.457728 28.16503378205495 -77.3757625780067 701.5875770669495
60695 86295.457728 1.0068624856679778 -81.61707789228561 703.9907564925314
60696 345.457728 -26.119135359041877 -85.7760093984299 711.8000257002051
60696 795.457728 -52.91136514386168 -92.65313870114605 721.0006080718898
60696 1245.457728 -77.76812299300177 -123.0104732245388 724.7054397759362
60696 1695.457728 -70.33347090431131 121.84175897710098 718.450834921162
60696 2145.457728 -44.20439313884611 106.25819505657262 704.3630562343645
60696 2595.457728 -17.12920034821841 100.79533838325862 689.8668824386903
60696 3045.457728 10.187502496309422 96.80272859807391 683.2784782943112
60696 3495.457728 37.42718538643654 91.99856975255702 686.5136014192108
60696 3945.457728 64.09396597708239 81.16746827152394 694.9921140571493
60696 4395.457728 81.44930203473199 -9.766433019637015 702.5330463488515
60696 4845.457728 59.085531871417174 -67.89510601754517 704.0102778858629
60696 5295.457728 32.337870009421096 -76.50843674539948 702.5422460088317
60696 5745.457727999999 5.204428006998475 -80.9498673909908 703.626298764836
60696 6195.457727999999 -21.943554028866366 -84.99247494740456 710.0935048572572
60696 6645.457727999999 -48.82081879083973 -91.09061806583975 718.9917904300551
60696 7095.457727999999 -74.41468572364384 -112.51054237644867 723.6440947816989
60696 7545.457728 -74.02803695778115 128.2876903445166 718.8817420798488
60696 7995.457728 -48.30891423561059 107.56513001577133 705.760259845705
60696 8445.457728 -21.2972555987338 101.52926994647262 691.0779777496537
60696 8895.457728 6.006372748130154 97.47805055754769 683.5540388146806
60696 9345.457728 33.27761901290443 92.96139987607594 686.0308032845454
60696 9795.457728 60.095497746376374 83.95793607192442 694.651495747241
60696 10245.457728 81.71909233709128 19.19044286688035 704.914244270311
60696 10695.457728 63.119543118079534 -65.26050052833558 706.7949740800182
60696 11145.457728 36.52772265059783 -75.55718182509506 704.4522034309006
60696 11595.457728 9.430707231309823 -80.26931812650004 703.4737671414468
60696 12045.457728 -17.73546498194327 -84.24458982002426 707.7121351226878
60696 12495.457728 -44.6924173578487 -89.74830142253896 715.4665651574201
60696 12945.457728 -70.7373255463081 -105.75555013204165 720.587961976505
60696 13395.457728 -77.42035659364663 138.21918279359247 717.3760866776659
60696 13845.457728 -52.373473712869995 109.08159782689418 705.8104463357769
60696 14295.457728 -25.430758159910038 102.29823005492321 691.7857820011375
60696 14745.457728 1.8547015571590602 98.14151137501632 684.2654859131999
60696 15195.457728 29.144685476765655 93.84089885611493 686.6651801759391
60696 15645.457728 56.06593430874546 86.15316050044788 695.8399761052116
60696 16095.457728 80.05830258481916 43.79590059883874 707.1581607274719
60696 16545.457728 67.08076273943995 -61.816507816343794 709.1017707997515
60696 16995.457728 40.69315280049674 -74.5083420857936 705.7377761728272
60696 17445.457728 13.635083167937635 -79.57599966834796 702.6660609334768
60696 17895.457728 -13.548823997434873 -83.53120776746795 704.7143683805792
60696 18345.457728 -40.578949356567136 -88.58315369028773 711.3949587634813
60696 18795.457728 -66.92285651424895 -101.14610418558374 717.2127812431835
60696 19245.457728 -80.1914438798933 154.2153145791895 715.9419728846942
60696 19695.457728 -56.38345249172978 110.8770207311552 706.4346245485942
60696 20145.457728 -29.533565800106654 103.11263902411638 693.8491233131324
60696 20595.457728 -2.2833125078709986 98.80014619679329 686.3712077297514
60696 21045.457728 25.00961272010814 94.65608954931042 688.2746809286668
60696 21495.457728 52.003815830193986 87.94283534895628 697.2983854131463
60696 21945.457728 77.22078303956457 59.43354991517795 700.0991300758789
60696 22395.457728 70.85384512944009 -57.19916530604121 702.8189191408372
60696 22845.457728 44.69361310836808 -73.37291118344082 700.6345906348587
60696 23295.457728 17.64551926712025 -78.89077176963849 699.0713420747821
60696 23745.457728 -9.556912286660614 -82.87021325112237 703.0612345084519
60696 24195.457728 -36.62297957918306 -87.58462402285781 712.4189713834074
60696 24645.457728 -63.12873291933231 -97.8653144226939 721.1264996659522
60696 25095.457728 -81.74094951356868 178.47343241781866 722.4779090178613
60696 25545.457728 -60.357152675710935 113.07510410702514 714.0837325043997
60696 25995.457728 -33.67856818948598 103.99946610320458 700.4068985218785
60696 26445.457728 -6.491701142953813 99.47122613159446 689.4296697692419
60696 26895.457728 20.806098853702235 95.43124993646477 687.0652151212946
60696 27345.457728 47.89046806270883 89.45130072540672 692.5772594023312
60696 27795.457728 73.76980291675409 69.148042422139 701.2391299949093
60696 28245.457728 74.53279966539952 -50.33944297247869 704.4620362133426
60696 28695.457728 48.80974229359141 -72.03534932217939 699.5819400781129
60696 29145.457728 21.796784508512324 -78.15377222290415 694.643330942617
60696 29595.457728 -5.4440826073063375 -82.20632004311342 695.6878660585897
60696 30045.457728 -32.59917215861788 -86.66577849923345 703.8324750140531
60696 30495.457728 -59.298655515223636 -95.34599724120316 713.9607551294678
60696 30945.457728 -81.48460374545475 -154.1079366332882 719.2784026212331
60696 31395.457728 -64.12852900863992 115.7381195056489 715.5626797160751
60696 31845.457728 -37.61729059582356 104.92391742285203 705.5508143318544
60696 32295.457728 -10.497813426873977 100.12262309012203 695.582625034624
60696 32745.457728 16.75794024505008 96.14279359844745 693.1754982390573
60696 33195.457728 43.85045710247294 90.72166957917116 697.8206946878963
60696 33645.457728 70.08251922141096 75.38347896288144 703.7977266271122
60696 34095.457728 77.87609395257604 -39.657164297289086 705.1973448749411
60696 34545.457728 52.90175015810854 -70.47400445310232 700.8440331060966
60696 34995.457728 25.96722004110878 -77.37305541802057 695.3785057299826
60696 35445.457728 -1.259571618663322 -81.5405314170501 695.0885989331726
60696 35895.457728 -28.448513052848174 -85.79774034543874 701.9663274844407
60696 36345.457728 -55.26905604220288 -93.25167365488267 711.8122030459831
60696 36795.457728 -79.48735365179905 -131.73619682698958 718.4890180305662
60696 37245.457728 -68.02525051560345 119.40998789360098 716.4317889507429
60696 37695.457728 -41.7302947550419 105.99058268906616 707.3283784082493
60696 38145.457728 -14.6670762748392 100.81424031791435 698.3054669160595
60696 38595.457728 12.572279349991293 96.84773880024026 694.9366122467297
60696 39045.457728 39.69801036510814 91.8636321606088 698.6357896496701
60696 39495.457728 66.18094972970223 79.78804809243626 704.3088749107498
60696 39945.457728 80.56203363903026 -21.983548329594534 705.8305614157762
60696 40395.457728 57.003932561344726 -68.58478991069705 701.4273450353221
60696 40845.457728 30.161749118547867 -76.53424399741576 695.0821891875316
60696 41295.457728 2.945829431094264 -80.87354523627069 693.1746346134213
60696 41745.457728 -24.28066266258527 -84.98798163135707 699.2845019628152
60696 42195.457728 -51.20630550195961 -91.53019235461596 708.7313276356205
60696 42645.457728 -76.48058036196886 -117.76610429196198 716.9765619987343
60696 43095.457728 -71.80464474935934 124.50788752756077 717.0647899909593
60696 43545.457728 -45.82549578916601 107.19162597201814 709.4828022909821
60696 43995.457728 -18.83134733263463 101.52968880820589 700.2253484135972
60696 44445.457728 8.386665547348565 97.53234246347357 696.8241682761637
60696 44895.457728 35.53524393819997 92.88434985072597 699.8275435257638
60696 45345.457728 62.186388653246674 83.02557959341641 705.3416678939209
60696 45795.457728 81.8436519307806 4.735649710076596 707.0918268720196
60696 46245.457728 61.08559599211991 -66.23860753718957 702.4346054315115
60696 46695.457728 34.36702922848287 -75.62370597392712 694.8324411224988
60696 47145.457728 7.167860053174165 -80.19922734199717 691.0669852229901
60696 47595.457728 -20.09162569193576 -84.22182820928624 695.548918640093
60696 48045.457728 -47.11469596018078 -90.07369708069595 705.1652614983492
60696 48495.457728 -72.99218107628633 -109.07880375980012 713.640999039679
60696 48945.457728 -75.37190549776895 132.00287543312933 715.0486975168292
60696 49395.457728 -49.86593994727402 108.55830822474644 708.8348933171691
60696 49845.457728 -22.928331923820583 102.26762122503008 700.3909529832822
60696 50295.457728 4.287311033295367 98.19189039381304 697.761190663305
60696 50745.457728 31.46691535979358 93.7920378971828 698.4434905482282
60696 51195.457728 58.26095764354436 85.4545986013204 703.3880403723173
60696 51645.457728 81.13747571550454 32.371027459134396 711.3263255621185
60696 52095.457728 65.0359816261378 -63.293689590018836 711.9777066907832
60696 52545.457728 38.55728595267624 -74.62704119633317 706.9571093403409
60696 52995.457728 11.482734662723542 -79.49977331844264 702.3583482035466
60696 53445.457728 -15.708193557948093 -83.4622640537856 702.9071664958934
60696 53895.457728 -42.73528582879715 -88.74181435510829 708.1040585651001
60696 54345.457728 -68.97803636875844 -102.98238889626595 712.7089793340705
60696 54795.457728 -78.77929131053482 144.9496960714631 710.9361381616988
60696 55245.457728 -54.159436506838034 110.27399451658742 702.107563683947
60696 55695.457728 -27.269800351861956 103.09113187156028 698.1974952234206
60696 56145.457728 -0.07789305225621337 98.88231417924355 698.6706538407366
60696 56595.457728 27.129173069342666 94.67707954490207 697.0628700602927
60696 57045.457728 54.028021199488144 87.52558507586329 703.7155136783197
60696 57495.457728 78.68480639780304 53.30898621488826 710.4288665991941
60696 57945.457728 69.09462305140953 -59.137930631008864 710.2404841947673
60696 58395.457728 42.83553866027667 -73.4893284379366 704.1956571548046
60696 58845.457728 15.777031468170764 -78.78406246106411 698.3657560933696
60696 59295.457728 -11.448821639170607 -82.75139608908303 698.1970093231209
60696 59745.457728 -38.56273109399679 -87.62943057837863 695.3990256332481
60696 60195.457728 -65.13056640923229 -99.03839517591622 701.8046010062947
60696 60645.457728 -81.07496607579894 164.41583223725976 706.8303113603998
60696 61095.457728 -58.09751241102863 112.19724653781196 705.6046979893902
60696 61545.457728 -31.32323023284899 103.92027454052136 701.2989457480239
60696 61995.457728 -4.164804391559498 99.53242768271083 700.0218417090456
60696 62445.457728 23.01358768353886 95.46127521852388 705.0496602171554
60696 62895.457728 49.915894158433474 89.16995316991537 713.3584573548595
60696 63345.457728 75.38959013226493 65.70569246195979 718.5772930435478
60696 63795.457728 72.9944069004399 -53.18535018802401 715.3790652312956
60696 64245.457728 47.121408312755776 -72.1846768984233 704.6960235159936
60696 64695.457728 20.08845115089728 -78.03698400897908 691.9306897731037
60696 65145.457728 -7.199647381003983 -82.06212272497102 687.3333842824195
60696 65595.457728 -34.42555650282857 -86.64336989288577 691.8181589291521
60696 66045.457728 -61.16205027270176 -96.06012247935763 700.65021220168
60696 66495.457728 -81.85285185957979 -167.58471201839754 706.7641347612029
60696 66945.457728 -62.110048840663325 114.65726897012507 706.48909135065
60696 67395.457728 -35.46936233631297 104.84088360534268 702.235923207427
60696 67845.457728 -8.342025505102598 100.20262098112711 700.0228651798084
60696 68295.457728 18.851008283664864 96.21005375143984 703.865017569185
60696 68745.457728 45.823727418179104 90.55353866077503 711.8698184461628
60696 69195.457728 71.79243823466891 73.26209546999121 718.0007922367471
60696 69645.457728 76.49406729003098 -44.45904349540746 716.2221608825513
60696 70095.457728 51.210327274836615 -70.72857447661289 706.4280777152397
60696 70545.457728 24.25599754309441 -77.27470571276854 694.4514594848079
60696 70995.457728 -3.0066297106167887 -81.3924610428676 688.3122746939764
60696 71445.457728 -30.25694375933037 -85.74019505655468 691.1507551153503
60696 71895.457728 -57.12105528920923 -93.7274780519801 699.8912601634877
60696 72345.457728 -80.63343330415915 -141.00952067569492 701.9404877269178
60696 72795.457728 -66.02528828711593 117.8075010651331 701.6377400522776
60696 73245.457728 -39.519615231993164 105.8347414276826 697.6778351159633
60696 73695.457728 -12.392482171761806 100.86792294808671 695.9783267389132
60696 74145.457728 14.83240498852755 96.90365969444026 701.0365140855462
60696 74595.457728 41.86198801042039 91.71888995118978 711.5116338587118
60696 75045.457728 68.11985468174557 78.23072800424382 720.4407842318099
60696 75495.457728 79.44009763940004 -30.840093588427234 721.4037202382094
60696 75945.457728 55.211926098161044 -69.03149706128485 712.9811313388456
60696 76395.457728 28.391882752856315 -76.46994181497823 700.4387961601287
60696 76845.457728 1.1839419847691324 -80.72732079873342 691.5702027128955
60696 77295.457728 -26.074048759107058 -84.90292194942324 690.877784165619
60696 77745.457728 -53.04141217471707 -91.8394664350817 696.4271949761795
60696 78195.457728 -78.00574965228446 -123.17546788794694 700.505109965341
60696 78645.457728 -69.88875136215742 122.10604585269161 701.4718135485101
60696 79095.457728 -43.63181683646836 106.96298559728928 697.781008218383
60696 79545.457728 -16.546176886531427 101.56881158009358 695.5145174372889
60696 79995.457728 10.68459321634848 97.59390515868952 699.7162363560792
60696 80445.457728 37.762959599059066 92.78610415122851 710.0217168077627
60696 80895.457728 64.23617858242001 81.91864167189227 719.8071005691589
60696 81345.457728 81.4578657564938 -8.696820339252245 722.3445432048877
60696 81795.457728 59.23217053206865 -66.94543371869254 715.15656527437
60696 82245.457728 32.53267269339631 -75.60291559601498 702.5569045977518
60696 82695.457728 5.35794647991112 -80.06203490386612 692.2074201812708
60696 83145.457728 -21.91421533592887 -84.12247324757764 690.0703163575386
60696 83595.457728 -48.96125688016477 -90.27369952862539 694.9727834591242
60696 84045.457728 -74.69191395537464 -112.30426702887439 699.9768871948398
60696 84495.457728 -73.60226384364233 128.25924471264852 700.0364791686518
60696 84945.457728 -47.73734420177402 108.24776117273939 699.7842398262255
60696 85395.457728 -20.738889249206522 102.30404056322183 697.749404029186
60696 85845.457728 6.467438144581301 98.27720699875564 697.7589023803912
60696 86295.457728 33.63371352836894 93.75330012089688 700.0222891074316
60697 345.457728 60.33199527114403 84.6809141578769 709.3473173968331
60697 795.457728 81.74328463929047 19.099134289442283 714.3538708342271
60697 1245.457728 63.03858905078032 -64.4522907698044 711.356199354602
60697 1695.457728 36.456591788183694 -74.70707578210965 703.1317484218802
60697 2145.457728 9.328499998078698 -79.41924878835458 696.7161235628193
60697 2595.457728 -17.905800324444005 -83.40746840852195 697.0109683160243
60697 3045.457728 -44.94893479229261 -88.9595544247574 703.055223712079
60697 3495.457728 -71.05622543343063 -105.36530657734073 709.0541978140128
60697 3945.457728 -77.08814701428335 137.8371966414607 709.22525472938
60697 4395.457728 -51.90963858632912 109.77001400561143 702.8202370199558
60697 4845.457728 -24.95893080812637 103.08128722107745 694.6410287798983
60697 5295.457728 2.2839937573449243 98.94441455976765 692.555001187401
60697 5745.457727999999 29.492891308941307 94.63825644794082 698.1019454315974
60697 6195.457727999999 56.33837162338357 86.88566742143388 697.5256706666936
60697 6645.457727999999 80.21044510232878 43.34509556196311 704.8602683369744
60697 7095.457727999999 66.81448800949605 -61.21365952586233 707.9480591549186
60697 7545.457728 40.408377232599776 -73.71510171964303 705.9634044768255
60697 7995.457728 13.354477149153107 -78.75492161594715 704.2273884685621
60697 8445.457728 -13.81351615235905 -82.7083688217533 707.2169386607242
60697 8895.457728 -40.81976003910552 -87.78115705888762 714.2429968569533
60697 9345.457728 -67.13088488366841 -100.4923510303908 719.656365124702
60697 9795.457728 -80.07354193892782 154.07970993476852 717.4121852369877
60697 10245.457728 -56.18826837476649 111.64867562108283 706.5932220141817
60697 10695.457728 -29.332142936585935 103.93802883517841 692.6211678491213
60697 11145.457728 -2.067005956762172 99.6320863174423 684.1057276056745
60697 11595.457728 25.244847152113824 95.47718177430696 685.4904845925706
60697 12045.457728 52.25557637113326 88.70647785258757 694.47514543808
60697 12495.457728 77.40523494280458 59.57952872209929 706.3662780696501
60697 12945.457728 70.67379782957936 -56.59143274447324 708.6818546685089
60697 13395.457728 44.53886454597666 -72.55256547390913 705.278697324501
60697 13845.457728 17.51680101531875 -78.0472326058809 701.4819352467405
60697 14295.457728 -9.677918626457346 -82.02414034583926 702.6463175869569
60697 14745.457728 -36.75878190380504 -86.750569547347 709.1753794391941
60697 15195.457728 -63.289834413521646 -97.11796343982745 716.10691071433
60697 15645.457728 -81.70254800705551 177.89595621519953 716.7388447851903
60697 16095.457728 -60.113606405138526 113.79226796867984 708.86387193619
60697 16545.457728 -33.39278148610088 104.80426090017775 697.219335017931
60697 16995.457728 -6.1928343220589355 100.29229654946639 689.3082228364815
60697 17445.457728 21.09512880031509 96.24870563184967 689.481445325316
60697 17895.457728 48.14943969670146 90.23352121253141 696.9517301436047
60697 18345.457728 73.97663947002997 69.57791245916222 699.5924784351713
60697 18795.457728 74.33125359192624 -49.94786707467429 699.1587433858459
60697 19245.457728 48.563814480126624 -71.2544539338357 697.908150304646
60697 19695.457728 21.56417299606237 -77.32824261346767 697.4735015214842
60697 20145.457728 -5.673441952301865 -81.3742438535406 693.4475962850518
60697 20595.457728 -32.864462260284135 -85.85311416421207 697.149480428605
60697 21045.457728 -59.615186975462144 -94.65755916317046 704.4124304647489
60697 21495.457728 -81.59780777871838 -155.90810076181452 708.3736257140647
60697 21945.457728 -63.66528813688986 116.24136365422004 705.6866046981733
60697 22395.457728 -37.06968552709069 105.66319745569902 699.0104061644059
60697 22845.457728 -9.921880366981311 100.90283178796277 694.790740492899
60697 23295.457728 17.319012916206297 96.92137325740043 697.9570817423352
60697 23745.457728 44.37488537176902 91.44289856384376 703.119884524403
60697 24195.457728 70.51676653866448 75.66078186681548 712.8985877316734
60697 24645.457728 77.57990758855392 -40.04956443905997 716.309601715182
60697 25095.457728 52.59629238952054 -69.73279070677984 711.6023981025004
60697 25545.457728 25.729385549654577 -76.5506127784981 703.5128192752069
60697 25995.457728 -1.4573153630511917 -80.70321333222186 698.1554279225215
60697 26445.457728 -28.643238260121606 -84.96725711658071 699.7751851887016
60697 26895.457728 -55.48946197261214 -92.48291189150473 705.2622705197405
60697 27345.457728 -79.67116284499475 -132.1301853217339 708.1639866139261
60697 27795.457728 -67.67376182388334 119.8930392394534 704.5440540934445
60697 28245.457728 -41.260276815985954 106.73395801522952 695.6698548983505
60697 28695.457728 -14.11997000998275 101.5962977537094 690.2423733036194
60697 29145.457728 13.160154237632433 97.62582265599129 692.675603918834
60697 29595.457728 40.27185288976859 92.59069134936361 701.8630776915555
60697 30045.457728 66.68729370280964 80.179595576558 712.1797871272768
60697 30495.457728 80.32062510680448 -23.510315629194423 717.2072674902194
60697 30945.457728 56.64522546490441 -67.89731131515967 713.70407592128
60697 31395.457728 29.88202322311403 -75.72298931903417 705.5762435664503
60697 31845.457728 2.7288510924685556 -80.03901347752272 699.8284983005746
60697 32295.457728 -24.46657030881233 -84.1537755928778 700.1798565146393
60697 32745.457728 -51.3939327301421 -90.73265247608497 705.0719910516012
60697 33195.457728 -76.67203123417214 -117.5284255528931 708.2054780974437
60697 33645.457728 -71.51749571923115 124.9103599557958 705.0697611837024
60697 34095.457728 -45.41909277609358 107.93657082652018 699.1686533590797
60697 34545.457728 -18.393134131511072 102.32566331115291 697.5559467260558
60697 34995.457728 8.82955737437932 98.3337509518178 698.8095352070237
60697 35445.457728 35.973960124598214 93.65531958051334 699.0337045148821
60697 35895.457728 62.649926601815096 83.5722447578271 699.359263730223
60697 36345.457728 81.78795252817595 1.7432098207717488 701.2518092898484
60697 36795.457728 60.51824504012109 -65.72701159404954 699.6129924785693
60697 37245.457728 33.78153548547233 -74.88114732340698 696.7212195932163
60697 37695.457728 6.588597635937985 -79.41791816871184 690.9268323373448
60697 38145.457728 -20.678896335119283 -83.45217862818748 693.1613697579279
60697 38595.457728 -47.70990140545485 -89.39638104831802 699.3404319457918
60697 39045.457728 -73.5986225918954 -109.4066978527799 699.1469597308165
60697 39495.457728 -74.69061585888932 131.1385397624659 702.2678941919387
60697 39945.457728 -48.97692709767468 109.11912260046385 699.5260861525915
60697 40395.457728 -21.983212668084736 102.97475301510485 695.1999741936253
60697 40845.457728 5.264553947909664 98.91661285068827 693.0392245147555
60697 41295.457728 32.45410695256814 94.4600389296362 698.6419511970296
60697 41745.457728 59.227971689523756 85.78922966381826 700.319696696304
60697 42195.457728 81.49360514991152 26.764347859959244 705.3679968980302
60697 42645.457728 64.00122578555337 -63.26179839640493 703.8206345691119
60697 43095.457728 37.41201451093341 -74.02518086873947 698.523865997323
60697 43545.457728 10.26881365301641 -78.81414509915655 695.6613007513669
60697 43995.457728 -16.960994022714743 -82.7923593232597 699.7980023918981
60697 44445.457728 -43.98247200857313 -88.21901978953831 709.155804736322
60697 44895.457728 -70.11579308348423 -103.56651170959223 717.3568586279883
60697 45345.457728 -77.92402247214912 141.65248435549066 717.9935318179295
60697 45795.457728 -53.049482156626866 110.68278171379404 710.1188545887264
60697 46245.457728 -26.168716511184577 103.75990253761468 699.1391871531018
60697 46695.457728 1.0463015688597406 99.58721369646508 693.1575478818239
60697 47145.457728 28.274265656455093 95.33196454335088 694.4632583649886
60697 47595.457728 55.16597156691571 87.89240552959 700.7631415962923
60697 48045.457728 79.47880990119019 49.422530980137275 705.654995944973
60697 48495.457728 67.9490664124142 -59.57720789401084 704.3964107221462
60697 48945.457728 41.56945133737414 -72.9542823241625 698.6942222910341
60697 49395.457728 14.461310632840584 -78.11993578596453 694.5631481298936
60697 49845.457728 -12.78377775257406 -82.08610504235213 697.3394575753481
60697 50295.457728 -39.86590817148466 -87.07851136358317 706.7217850849855
60697 50745.457728 -66.27110444013407 -99.19482068739987 715.1229557418437
60697 51195.457728 -80.558416563434 159.05886112265836 716.9928896938605
60697 51645.457728 -57.07262645330821 112.54423449486049 710.37856935976
60697 52095.457728 -30.285289331360094 104.58606435774188 699.5259197621529
60697 52545.457728 -3.101148837954103 100.24634138294441 694.5702557884827
60697 52995.457728 24.13466854060342 96.13601418624971 695.2257085729475
60697 53445.457728 51.10102936846535 89.60981307884173 701.3683775212783
60697 53895.457728 76.45079863514805 63.443225389662985 706.5987126358435
60697 54345.457728 71.76618598836623 -54.46696836031534 705.9006201109742
60697 54795.457728 45.7023131713917 -71.75007864135131 699.9944763731336
60697 55245.457728 18.647424818441287 -77.40247007972725 694.632217456918
60697 55695.457728 -8.60006475825167 -81.40011210374476 695.6334321594202
60697 56145.457728 -35.732236595127006 -86.05782925037187 703.8455184128749
60697 56595.457728 -62.33345050262656 -95.96995167766447 713.0025834195502
60697 57045.457728 -81.84098863061625 -174.7640727839531 716.8438265026292
60697 57495.457728 -61.0790326122554 114.84781716547438 712.1595541301316
60697 57945.457728 -34.425062437414866 105.48329474409522 702.4074464408999
60697 58395.457728 -7.280744995463365 100.91375449455612 697.3596344614614
60697 58845.457728 19.941933850723156 96.90076437695554 698.4317701386153
60697 59295.457728 46.947086013616975 91.07966779043853 704.746089194796
60697 59745.457728 72.85663727641129 72.28643688607205 710.2989853675795
60697 60195.457728 75.47473828894239 -46.639726419017904 709.518100672392
60697 60645.457728 49.93937080590676 -70.32293950848667 702.2114189013249
60697 61095.457728 22.95257348262548 -76.63213715498735 695.4606098006568
60697 61545.457728 -4.2882551094653865 -80.71031200897879 694.0032413162907
60697 61995.457728 -31.476184795928102 -85.11005903667542 698.9411866075236
60697 62445.457728 -58.25095782890058 -93.43731216964021 708.0594428698781
60697 62895.457728 -81.12496420264094 -146.29830420391744 713.6476506343396
60697 63345.457728 -65.07943343928963 117.83425955041129 711.4477760759883
60697 63795.457728 -38.587776566369314 106.47503832722543 703.6804206486652
60697 64245.457728 -11.480553187519082 101.5959273744339 697.7119495903645
60697 64695.457728 15.74839340173752 97.62832602015065 697.7338856219719
60697 65145.457728 42.8116300479488 92.33544415165399 703.6720956997482
60697 65595.457728 69.07547314925355 78.00004212929763 709.8946857596856
60697 66045.457728 78.69775792674315 -34.39748197071516 710.3348681766298
60697 66495.457728 54.047609185533894 -68.67681063483711 703.8231729804282
60697 66945.457728 27.136439646172654 -75.8356438516984 694.2922941609777
60697 67395.457728 -0.1044550587529278 -80.04597756847417 691.2672093749474
60697 67845.457728 -27.335897412694464 -84.26261896090254 696.599670872677
60697 68295.457728 -54.23278859358773 -91.46388008863669 700.4855989039914
60697 68745.457728 -78.85510244531783 -126.5198309404155 703.536728530735
60697 69195.457728 -68.82228833063566 121.6353167439141 704.8851937804532
60697 69645.457728 -42.51307156714187 107.52221335001063 701.5925243520029
60697 70095.457728 -15.443727154951787 102.26165537184096 699.0951555713971
60697 70545.457728 11.763423092056412 98.29837646964053 702.3400312962823
60697 70995.457728 38.8201319905217 93.40550740321969 710.8984897499053
60697 71445.457728 65.24741988034177 81.95481281914148 718.7847261258893
60697 71895.457728 81.07095812160661 -14.512092224244466 719.4747681943822
60697 72345.457728 58.160680874260485 -66.66814331213672 711.0837069308377
60697 72795.457728 31.397989979220238 -74.96570662399625 698.5337168844242
60697 73245.457728 4.191380601030565 -79.36541060445377 689.645878524649
60697 73695.457728 -23.091166081005813 -83.45445343867289 689.1544441960581
60697 74145.457728 -50.12041482851182 -89.80611139795394 695.730611319393
60697 74595.457728 -75.67235104548142 -113.98308912158012 701.9945073103144
60697 75045.457728 -72.5823300936417 127.16154383383082 703.1993147894864
60697 75495.457728 -46.58243381643042 108.74884504135208 700.1664381084764
60697 75945.457728 -19.53147284391879 102.97174175525075 701.8396869297017
60697 76395.457728 7.662960109784238 98.96807934818517 701.5812451124841
60697 76845.457728 34.773062263324675 94.37893813284485 706.9199071005653
60697 77295.457728 61.39237171058741 84.88468568606207 713.7979413991254
60697 77745.457728 81.8577739352625 12.388514184842698 715.1724163007441
60697 78195.457728 61.9957105997071 -64.31571836863746 708.3551537070225
60697 78645.457728 35.34023402811414 -74.08645223895017 697.1010381432746
60697 79095.457728 8.166262995329127 -78.7240138333172 691.2947647420967
60697 79545.457728 -19.107732184804842 -82.73321252669108 691.9371892253951
60697 79995.457728 -46.17033602450287 -88.45406683041882 700.1370460501097
60697 80445.457728 -72.21507735861715 -106.35174946938723 701.8853966302023
60697 80895.457728 -76.00529545843331 135.12564501661743 703.5748876027841
60697 81345.457728 -50.541282828246786 110.12878330690869 698.9145983246256
60697 81795.457728 -23.550768227463696 103.70428258149845 693.8690394254378
60697 82245.457728 3.691808506614669 99.60822085372448 694.7071497434064
60697 82695.457728 30.86585404744266 95.24010845057194 702.7958276347083
60697 83145.457728 57.61862811462826 87.11820870726677 713.4247093779467
60697 83595.457728 80.82019170875971 37.94179454929486 719.7339285561765
60697 84045.457728 65.77815034760896 -61.314444533879644 716.9111950247726
60697 84495.457728 39.356526441802664 -73.10504308495139 707.2166200106094
60697 84945.457728 12.26781101193179 -78.05201479897671 697.6705971571499
60697 85395.457728 -14.976047280130189 -82.020158250457 694.3767181444009
60697 85845.457728 -42.08254413189657 -87.24105018677606 698.0192133160382
60697 86295.457728 -68.43734699985981 -101.02807244854223 703.2897984453555
60698 345.457728 -79.13029175369499 148.30722342817282 704.4385048484619
60698 795.457728 -54.63499941032987 111.8132859188334 699.830435240031
60698 1245.457728 -27.727075021149098 104.50708466250958 694.0258498935523
60698 1695.457728 -0.49583141622130855 100.27357331240253 693.3638153016977
60698 2145.457728 26.714826604551337 96.08192815449479 700.4927655154589
60698 2595.457728 53.580271658216304 89.04053215411292 710.9758654248704
60698 3045.457728 78.31620378282804 56.488239730125784 718.68061550404
60698 3495.457728 69.62791899178805 -57.1381549246353 717.6727146610968
60698 3945.457728 43.45674512885928 -71.98897450930632 709.0957603333071
60698 4395.457728 16.427873551913137 -77.35278995863297 699.6884690766067
60698 4845.457728 -10.800794128070823 -81.32595665582548 695.7913944147388
60698 5295.457728 -37.938703980641456 -86.15617594184631 698.7024402311727
60698 5745.457727999999 -64.5051942070237 -97.1959541986912 703.9239848948744
60698 6195.457727999999 -81.3254111275089 169.79170913287248 705.3239566392061
60698 6645.457727999999 -58.71406746665169 113.86256027275071 701.0823436573886
60698 7095.457727999999 -31.91504955783189 105.37013132690998 694.6772386809935
60698 7545.457728 -4.704612201712188 100.94164535928122 692.4201451261183
60698 7995.457728 22.5336401615616 96.87254356119406 698.270337051387
60698 8445.457728 49.48552048300026 90.64788793711806 709.2914094308583
60698 8895.457728 75.03933328995004 67.9433630625996 717.5368848203466
60698 9345.457728 73.36429835658026 -51.132934952939344 717.6316196378978
60698 9795.457728 47.56553074498856 -70.71302865712182 709.7211914927439
60698 10245.457728 20.593925886328485 -76.62391118293044 699.8202763007064
60698 10695.457728 -6.62770481591606 -80.64882458027468 695.4532539059782
60698 11145.457728 -33.801555625389334 -85.18258407589819 697.9375952496368
60698 11595.457728 -60.52446695861198 -94.33340110897004 703.6879736886813
60698 12045.457728 -81.78506338075887 -161.54803944435392 706.3039407404817
60698 12495.457728 -62.73524078912157 116.42351768099715 702.812972724504
60698 12945.457728 -36.08090014526146 106.3065679076972 696.0578683309616
60698 13395.457728 -8.904416802851998 101.61698397990105 692.4550977915986
60698 13845.457728 18.348604444185774 97.62235293258242 696.684212078031
60698 14295.457728 45.381711463345994 92.01666314756534 706.4505802477343
60698 14745.457728 71.42147617197179 75.18634568839413 714.4829954040566
60698 15195.457728 76.80951557609951 -42.07214352623434 715.4358610010324
60698 15645.457728 51.60454624174047 -69.25094799551752 708.5281886237516
60698 16095.457728 24.690357628191556 -75.86825804854104 698.5701460023637
60698 16545.457728 -2.5199554581980905 -79.99059201531706 697.6629609000921
60698 16995.457728 -29.70127797577472 -84.30065364308543 698.8887182656113
60698 17445.457728 -56.55369061133478 -92.11411248702436 703.0899499174352
60698 17895.457728 -80.3110497941726 -136.43834881755058 709.3196717913174
60698 18345.457728 -66.66610478670812 119.73706286178341 708.8183441424908
60698 18795.457728 -40.24367063558091 107.3427758726317 703.1131570055677
60698 19245.457728 -13.154020458667487 102.3149261345558 698.3331855090936
60698 19695.457728 14.068420571396409 98.35403974831976 699.4518051525384
60698 20145.457728 41.15058697473739 93.23755653054718 703.6611580087053
60698 20595.457728 67.51328883132736 80.22189329495033 711.0912139426209
60698 21045.457728 79.80423962830245 -26.968593463163643 712.6899344235218
60698 21495.457728 55.72329909634147 -67.4712189101955 706.7822258146382
60698 21945.457728 28.882105023797813 -75.04776306464883 697.7306789587524
60698 22395.457728 1.6955236902887907 -79.32151009891133 697.5251590555926
60698 22845.457728 -25.522855940039854 -83.47132301997932 698.0442622722659
60698 23295.457728 -52.45825735946738 -90.27086114100975 696.4246716563698
60698 23745.457728 -77.5606957673475 -119.92953014238923 697.7228221125657
60698 24195.457728 -70.44527516717571 124.18130928091098 698.0203598329172
60698 24645.457728 -44.233065653506536 108.45963866138366 694.5333918821719
60698 25095.457728 -17.11052748694716 102.98855223088037 687.0872468325915
60698 25545.457728 10.20004445640827 98.99885090277266 687.6228362483312
60698 25995.457728 37.38203928146436 94.20862053385544 697.075257379062
60698 26445.457728 63.962827104316986 83.47277945816376 709.2245416010595
60698 26895.457728 81.52652340549875 -5.914344726830734 716.3519398022378
60698 27345.457728 59.426767198950344 -65.50799022881495 715.0478247705904
60698 27795.457728 32.75457811813872 -74.22740826993049 708.3244860005233
60698 28245.457728 5.643068855148395 -78.68890595020491 702.7698354355692
60698 28695.457728 -21.537778327541517 -82.7268722326086 702.8532236136177
60698 29145.457728 -48.49406005686211 -88.78323634698566 707.1132143694407
60698 29595.457728 -74.21656480242656 -109.85877946864142 709.7393928180367
60698 30045.457728 -74.13867777360129 130.72445794854818 705.9884611940054
60698 30495.457728 -48.35461443703342 109.7767019100033 699.8090459456544
60698 30945.457728 -21.351317407821114 103.7355451935908 699.1491578281599
60698 31395.457728 5.86746051184504 99.6959541097869 697.1728026341339
60698 31845.457728 33.03319723505876 95.20984540877264 699.5928317180072
60698 32295.457728 59.75970930082062 86.35444259996791 708.4768776080208
60698 32745.457728 81.62437885250677 24.424741910794925 713.5256537827122
60698 33195.457728 63.59397409278456 -62.71182676308047 710.7510251310151
60698 33645.457728 37.030702988274335 -73.24720859722257 702.7691314641032
60698 34095.457728 9.902963029341683 -78.00274720316408 696.88954901145
60698 34545.457728 -17.324437953173817 -81.98335184123277 697.6250717636848
60698 34995.457728 -44.3863039628191 -87.46570083846055 699.8902975558532
60698 35445.457728 -70.5752942477944 -103.33147372995698 706.4091846929751
60698 35895.457728 -77.48704699461224 140.6860945602359 708.4716441185425
60698 36345.457728 -52.41953611410404 111.29758163671255 704.1351294189728
60698 36795.457728 -25.49936158163848 104.50719223386098 698.1056978064641
60698 37245.457728 1.711862891286493 100.35791869919154 696.7251471625578
60698 37695.457728 28.8916318890912 96.08313821483647 701.9838512446124
60698 38145.457728 55.70408483515724 88.51405075681403 710.349565405841
60698 38595.457728 79.77606452711524 48.1866365445708 715.0622753382783
60698 39045.457728 67.56256250604116 -59.12234892502116 711.7319884879721
60698 39495.457728 41.20150069817829 -72.18263404771236 702.3995231252776
60698 39945.457728 14.116244701351139 -77.3071301939943 696.9136228709617
60698 40395.457728 -13.124938003874496 -81.27261066124058 695.6624657880793
60698 40845.457728 -40.23267224933205 -86.30420959881351 701.0742227817557
60698 41295.457728 -66.66661485119212 -98.70672859061891 707.7017056556575
60698 41745.457728 -80.30561839955904 157.45846312825083 709.3875829898727
60698 42195.457728 -56.55445338344144 113.15695698451738 704.2377023553502
60698 42645.457728 -29.71456910249651 105.34255253752053 696.5707887955832
60698 43095.457728 -2.5034606979863505 101.02593555273286 693.4422514044832
60698 43545.457728 24.723993661489764 96.8986524910527 698.3131822819893
60698 43995.457728 51.69291846225625 90.2515686575164 698.4830383759154
60698 44445.457728 76.96766455579555 62.53878325726685 700.719459903973
60698 44895.457728 71.13300265023679 -54.5818884242912 700.372937570778
60698 45345.457728 44.962832403631005 -71.09837201881422 693.3883129531871
60698 45795.457728 17.847641262763794 -76.66345107450688 688.2919965445058
60698 46245.457728 -9.443447173090572 -80.65904435656796 691.1190487906564
60698 46695.457728 -36.59685593527342 -85.38519662773355 701.8057303526317
60698 47145.457728 -63.16965075964335 -95.70365241802564 714.2555761326932
60698 47595.457728 -81.72614919024052 -179.84450529569162 721.0983962608977
60698 48045.457728 -60.29619859839934 115.23545831080548 718.4728360303324
60698 48495.457728 -33.66909349673445 106.19265141332163 709.5238415982773
60698 48945.457728 -6.561227184676184 101.6756165648273 701.2734637717205
60698 49395.457728 20.643685449360834 97.65160347290545 698.8358436239686
60698 49845.457728 47.649570106713696 91.7218734620862 701.6161182317891
60698 50295.457728 73.51248482579886 71.87212043022738 704.144031836565
60698 50745.457728 74.79985692672535 -47.50643103706803 701.6016259588046
60698 51195.457728 49.10150566149836 -69.74348567926688 698.9955289793303
60698 51645.457728 22.088942316158064 -75.91072504755735 692.5476356480955
60698 52095.457728 -5.175060880046626 -79.97239940993576 691.5872842068794
60698 52545.457728 -32.37112999339375 -84.42381902522798 699.884951082059
60698 52995.457728 -59.14568294461901 -93.06230984973317 702.8097394661818
60698 53445.457728 -81.4651406580943 -151.45809162260056 707.6933741837753
60698 53895.457728 -64.11846964139714 117.9213954071926 706.265023250432
60698 54345.457728 -37.55146747601529 107.10197162368493 700.5945248844066
60698 54795.457728 -10.422427916136947 102.30552798179386 696.9233833531908
60698 55245.457728 16.802775378087116 98.33091851280514 699.9886287850645
60698 55695.457728 43.845809719734305 92.91997920151175 705.9757903165175
60698 56145.457728 70.0121875798319 77.68059623236398 714.3737019092474
60698 56595.457728 77.99644807214122 -36.95258737480164 715.8851639919972
60698 57045.457728 53.13163178770406 -68.19108811017367 709.3163368395998
60698 57495.457728 26.2515589228896 -75.12903052930582 699.5456372374637
60698 57945.457728 -0.9528294141167708 -79.30126469804635 702.6785878785347
60698 58395.457728 -28.10402716828838 -83.5365717504703 704.937858659763
60698 58845.457728 -54.924280046526334 -90.89650592842898 710.0423873115074
60698 59295.457728 -79.28421022500774 -128.18188003695656 711.6416126047509
60698 59745.457728 -68.26298808539804 121.8554827989997 706.0169859473148
60698 60195.457728 -41.898679500093394 108.22479431554822 697.0732257804739
60698 60645.457728 -14.787141385913918 103.02571165213024 691.3678674099737
60698 61095.457728 12.496515692889389 99.05433893051251 690.5092929791758
60698 61545.457728 39.64436346046799 94.07478435493597 697.8345814051858
60698 61995.457728 66.16056166476613 82.01246420412615 697.8913012223389
60698 62445.457728 80.5556586260804 -19.90969706874211 699.9736287642257
60698 62895.457728 56.95045784298597 -66.42347599980869 697.3565840876865
60698 63345.457728 30.08341083761666 -74.35677741853564 693.4433059231312
60698 63795.457728 2.8655813495415883 -78.68996432738798 694.5121251785255
60698 64245.457728 -24.33894056884707 -82.80048926229715 703.0840958587007
60698 64695.457728 -51.21911023301533 -89.33354614239842 715.3477330764913
60698 65145.457728 -76.45159452916143 -115.45234682468111 723.6611736447014
60698 65595.457728 -71.88388036379583 126.81663905239438 722.3578025180673
60698 66045.457728 -45.94199419708439 109.41644969042025 712.1768502226674
60698 66495.457728 -18.956032828242893 103.74275446556305 699.7879325631568
60698 66945.457728 8.281883518561223 99.74275814572553 692.5448101801893
60698 67395.457728 35.47449920835896 95.09486234788447 693.0920177717707
60698 67845.457728 62.18259068902484 85.23012023612009 697.7104049474333
60698 68295.457728 81.84324289288693 6.56560350240083 700.2534105829703
60698 68745.457728 61.00169573061002 -64.10243245693879 698.4414856336084
60698 69195.457728 34.25772917383791 -73.45365402293243 693.7007615051314
60698 69645.457728 7.061280613796615 -78.01996484123039 693.1250018655613
60698 70095.457728 -20.171281070145596 -82.03881533646361 700.2896436709209
60698 70545.457728 -47.13653570036124 -87.88289210442161 712.4355381004593
60698 70995.457728 -72.95943220331351 -106.81335319878309 721.8208268318424
60698 71445.457728 -75.45520314706026 134.41200628816006 722.345688692155
60698 71895.457728 -50.00947420517397 110.80094720209536 713.6086584749412
60698 72345.457728 -23.09645956412287 104.49013155447143 701.5643830170408
60698 72795.457728 4.1195621435477054 100.4109145860576 693.7188767908525
60698 73245.457728 31.33306599127948 96.01394182855846 693.5378963100837
60698 73695.457728 58.165333740728244 87.70137461420067 698.0856430705591
60698 74145.457728 81.12296457463785 34.788135388273496 701.1172832720949
60698 74595.457728 64.96562509087383 -61.15760164912388 695.2356589121026
60698 75045.457728 38.35422998985605 -72.47942586597821 688.0372006379804
60698 75495.457728 11.132162376409802 -77.35694042430251 684.0917889785993
60698 75945.457728 -16.183146073000728 -81.34107990783464 689.6703061408826
60698 76395.457728 -43.273637508321315 -86.69289772740085 702.909719085648
60698 76845.457728 -69.48529210398353 -101.41330448337006 716.4157369126008
60698 77295.457728 -78.4349452293145 145.3641105738209 722.7873986756355
60698 77745.457728 -53.791091319757705 112.31656487091851 719.5300348737002
60698 78195.457728 -27.007352378171774 105.24036409016163 710.8575123992683
60698 78645.457728 0.12100947488263676 101.04987180229809 703.6178821662751
60698 79095.457728 27.283113244950524 96.844013120089 701.8860078661472
60698 79545.457728 54.1561246066 89.66374980885381 703.7013023229399
60698 79995.457728 78.79224511973254 54.90731082029318 703.5141400777097
60698 80445.457728 68.88012728229205 -57.19122683483432 697.7269780764199
60698 80895.457728 42.5032396921252 -71.37967049216603 689.4168137781135
60698 81345.457728 15.327812596194185 -76.65688529706581 684.1702075674938
60698 81795.457728 -11.994066563117723 -80.63775046333137 688.039338746064
60698 82245.457728 -39.14428201472462 -85.57456054867139 700.3245540947148
60698 82695.457728 -65.61283477498561 -97.26890210145712 714.2573976461417
60698 83145.457728 -80.899524545492 164.30845667590998 722.0559179699337
60698 83595.457728 -57.8219925619278 114.25659382978797 720.2069506647059
60698 84045.457728 -31.139513570812703 106.08356629832961 712.0600266436247
60698 84495.457728 -4.039544309576453 101.71202766964845 704.4726076323599
60698 84945.457728 23.133219825517727 97.63713571742944 702.1135702497061
60698 85395.457728 50.08016752711296 91.30628195304456 703.8616808469308
60698 85845.457728 75.60382899034447 67.30585455772757 704.3587619766614
60698 86295.457728 72.66180698689175 -51.596269126716265 699.4111758541873
60699 345.457728 46.67489215535683 -70.12442997136803 695.7183596632747
60699 795.457728 19.59472857118977 -75.91997882510407 689.1798750570488
60699 1245.457728 -7.693973039614591 -79.93850569111517 690.1426294447275
60699 1695.457728 -34.875604054617106 -84.54511474054449 699.4168888195032
60699 2145.457728 -61.535893546738365 -94.11073392138476 710.5529303485898
60699 2595.457728 -81.8623735410234 -167.5869539760305 717.8056607512963
60699 3045.457728 -61.889875434309324 116.71161582714143 716.2824081674629
60699 3495.457728 -35.304764328165874 107.00430397470421 708.631502353795
60699 3945.457728 -8.207342425748774 102.38050148184796 701.669668302764
60699 4395.457728 18.992379859669743 98.38404033950226 700.4517283427137
60699 4845.457728 46.00386656795258 92.69565647184982 704.2813291863249
60699 5295.457728 72.01830079354627 75.08533393360393 707.5915425694498
60699 5745.457727999999 76.22438332074881 -43.12168521235125 705.2383830584013
60699 6195.457727999999 50.80328194458147 -68.68259576718536 697.3505210978265
60699 6645.457727999999 23.793289433494632 -75.15867997245503 689.38848278244
60699 7095.457727999999 -3.491393387794196 -79.26625012404394 688.3136713916097
60699 7545.457728 -30.719701546285958 -83.63335213268044 696.2748791345841
60699 7995.457728 -57.516958587586345 -91.72911815343583 709.3972327661832
60699 8445.457728 -80.78508230580955 -140.5109198814083 717.1254143553838
60699 8895.457728 -65.84226388820561 119.83502856576695 716.2982842763125
60699 9345.457728 -39.42681974890197 108.00757631642236 708.7264654339219
60699 9795.457728 -12.361506244913663 103.0591882446391 700.9847416434268
60699 10245.457728 14.850187960803487 99.09739710231365 699.0353038184364
60699 10695.457728 41.920963466343025 93.90076512630894 702.8356720375272
60699 11145.457728 68.2543325795927 80.28146690212284 707.2696467541847
60699 11595.457728 79.27823962142928 -29.70383496635703 706.6026472218072
60699 12045.457728 54.85921942505991 -66.99516500130356 698.312276537001
60699 12495.457728 27.966695290913545 -74.35331645338677 694.7574486486862
60699 12945.457728 0.734038670640126 -78.5951760614064 691.9656669048468
60699 13395.457728 -26.495546147467664 -82.77983129865379 697.5985468006894
60699 13845.457728 -53.41234399792768 -89.78859332633084 694.8592880298505
60699 14295.457728 -78.28032713803611 -122.22438488734213 706.6982861465158
60699 14745.457728 -69.60705755719277 123.927425558861 710.1252342390759
60699 15195.457728 -43.39886511210706 109.09230351669945 707.6169465459074
60699 15645.457728 -16.38368961765886 103.73922660937183 704.3933738040629
60699 16095.457728 10.788976627143665 99.77607860470046 705.5758223740485
60699 16545.457728 37.8402999873873 94.96846274995447 711.393355765215
60699 16995.457728 64.31650719890362 84.06107142052983 716.8125162427743
60699 17445.457728 81.4243376000319 -7.283503406032276 715.6115610650825
60699 17895.457728 59.05763148704442 -64.85369706838432 706.14065596418
60699 18345.457728 32.276000691224056 -73.46035575410649 693.2169354245353
60699 18795.457728 5.033974800162287 -77.91201414192118 685.017699189894
60699 19245.457728 -22.279905356560153 -81.984390186312 686.4059602093245
60699 19695.457728 -49.333102243069185 -88.19703116363256 695.6616552327828
60699 20145.457728 -74.99935637522823 -110.84448768517372 706.1459457348878
60699 20595.457728 -73.33601403212259 129.90271111892324 707.7846513463226
60699 21045.457728 -47.47142461419539 110.35537762121817 703.5790841120753
60699 21495.457728 -20.470450704179196 104.45582599279253 698.7508170939819
60699 21945.457728 6.744017338383589 100.4350137068811 699.2158691316944
60699 22395.457728 33.86973124291119 95.90455367880136 705.7703756219549
60699 22845.457728 60.52505890126747 86.7688925535077 713.2445778270646
60699 23295.457728 81.77577365540907 20.059377336217512 715.5040263065812
60699 23745.457728 62.865585348218275 -62.38664754173995 709.5159055895249
60699 24195.457728 36.25287758644452 -72.55710231568857 698.0146451640919
60699 24645.457728 9.10855141742871 -77.25426677327401 696.6026047539732
60699 25095.457728 -18.130248284547516 -81.24406367938853 696.054002183391
60699 25545.457728 -45.17943488983766 -86.82516793487952 701.783883308627
60699 25995.457728 -71.2774396907054 -103.49141922147092 707.6216234644411
60699 26445.457728 -76.89156985597576 139.3113673109717 707.891950012522
60699 26895.457728 -51.652440263090185 111.86585899627069 701.9755789619358
60699 27345.457728 -24.696781619173606 105.23188651244094 694.9533522345581
60699 27795.457728 2.5425590862410816 101.10516031776437 693.4493205895407
60699 28245.457728 29.743894115355808 96.78979786946194 697.3428376463038
60699 28695.457728 56.594082946253764 88.9640650594822 697.6346302909457
60699 29145.457728 80.3529842781929 44.26121347524175 705.6540584122064
60699 29595.457728 66.57883813475542 -59.24641225941268 708.8235703013482
60699 30045.457728 40.16593909248609 -71.57768519689785 706.7560626685301
60699 30495.457728 13.115181994915762 -76.59316584561846 704.7987026268057
60699 30945.457728 -14.04923575906544 -80.54621684498278 707.4649117135968
60699 31395.457728 -41.05265755910527 -85.64222843984945 714.0637446749658
60699 31845.457728 -67.35376056597978 -98.52162878644344 718.9964775808222
60699 32295.457728 -79.93100806074828 155.12385218459536 716.3616561583522
60699 32745.457728 -55.94176417779643 113.73070951845075 705.3798019153226
60699 33195.457728 -29.070430873111324 106.08637905946716 691.377095728397
60699 33645.457728 -1.796115514578752 101.79083264505927 683.3424114789198
60699 34095.457728 25.518040002158806 97.62671239455521 685.384764838048
60699 34545.457728 52.52216362888256 90.79988385735105 695.031034639863
60699 34995.457728 77.60604295899707 60.974286173595054 706.8247241104115
60699 35445.457728 70.44186345209991 -54.72095959157227 710.530971802266
60699 35895.457728 44.3050207466565 -70.42142410604957 708.094701186006
60699 36345.457728 17.303527239051803 -75.88391594058342 704.6482413138625
60699 36795.457728 -9.867566371448842 -79.85599113674398 705.4435284237506
60699 37245.457728 -36.928361552969136 -84.59378875936356 710.965903547511
60699 37695.457728 -63.444746635624654 -95.04057041708536 716.3373558713537
60699 38145.457728 -81.66618870023248 178.95812010349542 715.3095501630778
60699 38595.457728 -59.93657785677683 115.88626349656593 706.064248450372
60699 39045.457728 -33.18115367007747 106.95739706381359 693.221566834576
60699 39495.457728 -5.944549221546214 102.45189662725996 684.9100667792455
60699 39945.457728 21.37317267133557 98.39715317227096 686.11218487438
60699 40395.457728 48.44194832534469 92.32994660743586 695.3575414410858
60699 40845.457728 74.23066004619324 71.20175844727352 706.8191067398933
60699 41295.457728 74.12422407680688 -48.2049386404138 709.2196882242723
60699 41745.457728 48.38030825220076 -69.11645196426649 705.350228195206
60699 42195.457728 21.4057342984487 -75.15824706638107 700.2572689963456
60699 42645.457728 -5.797579670818488 -79.1973933267457 699.9620352886857
60699 43095.457728 -32.92882604494855 -83.67288066943614 705.6759886193806
60699 43545.457728 -59.612967102299876 -92.46548668324034 713.128927058594
60699 43995.457728 -81.57958981060767 -153.29496406729046 715.5394074066043
60699 44445.457728 -63.76711982797403 118.51748046906732 709.7051117657634
60699 44895.457728 -37.19303878673592 107.88663841618732 698.2642003597879
60699 45345.457728 -10.060100140394916 103.11752694270584 697.2468563852123
60699 45795.457728 17.16708990249858 99.1384980435088 698.6286440369515
60699 46245.457728 44.20124322663787 93.68357176532147 706.0410985737652
60699 46695.457728 70.34490583459122 78.08722794556671 712.9059431048823
60699 47145.457728 77.71089795156715 -37.30391748198767 713.1295533643397
60699 47595.457728 52.73387786167033 -67.48181076275885 705.8797273537895
60699 48045.457728 25.8199336283044 -74.33939862057083 696.440449651362
60699 48495.457728 -1.4147162479941646 -78.50229550949747 691.9297217685528
60699 48945.457728 -28.641172882956965 -82.7722247841591 695.6643204600299
60699 49395.457728 -55.501389459016224 -90.2941601974611 704.610178173651
60699 49845.457728 -79.67431570315728 -129.96239642077774 710.4815075897169
60699 50295.457728 -67.69442421314292 122.11065215592579 709.3478491593081
60699 50745.457728 -41.333567284248815 108.94734741980005 702.7377457727849
60699 51195.457728 -14.247453570078871 103.81008015294411 696.9501799830306
60699 51645.457728 12.987045625473465 99.8463551961449 697.8669975885051
60699 52095.457728 40.09817643848998 94.82855346755316 699.2438516032906
60699 52545.457728 66.58997483648045 82.47087906323206 698.164367200862
60699 52995.457728 80.31600860515533 -21.376943638793737 699.9811295198243
60699 53445.457728 56.507456959450316 -65.77218616360521 696.9097158206109
60699 53895.457728 29.624875515998678 -73.57808120829058 692.6911089808403
60699 54345.457728 2.3986362426220413 -77.89105585375854 693.70778114624
60699 54795.457728 -24.810088421373198 -82.01673086093322 702.4133324459248
60699 55245.457728 -51.686368383030604 -88.64363872760084 714.8737005731318
60699 55695.457728 -76.8319651644493 -115.8659207207365 723.364086545752
60699 56145.457728 -71.45193904562038 126.99286536250149 722.2558366696838
60699 56595.457728 -45.46765780962338 110.14219458259561 712.3534302580869
60699 57045.457728 -18.478768378933324 104.53245382492956 700.3345509690117
60699 57495.457728 8.754271390463296 100.53959022497538 693.4003901490619
60699 57945.457728 35.93642636066869 95.86076640233621 694.020381559336
60699 58395.457728 62.62174488289207 85.79474392940568 698.4338227136489
60699 58845.457728 81.79788295257424 4.237833201837602 700.3378278236984
60699 59295.457728 60.569149046407006 -63.50890925337449 698.3923291623528
60699 59745.457728 33.806304236207296 -72.68376185244753 692.6563577706231
60699 60195.457728 6.59558639007827 -77.2220588222865 691.3826024802378
60699 60645.457728 -20.651068155288964 -81.25039140064092 698.2879462567287
60699 61095.457728 -47.62380949129077 -87.168159408276 710.7156912651459
60699 61545.457728 -73.40439315091537 -106.79993419326725 720.4214192934218
60699 61995.457728 -75.02650603140097 134.1411252284385 721.5284268466048
60699 62445.457728 -49.50079786954645 111.48613193248849 713.6121843656541
60699 62895.457728 -22.583366066640398 105.26742330443909 702.4662768528041
60699 63345.457728 4.623804505158193 101.20337407888539 695.3900869315418
60699 63795.457728 31.819534540492477 96.78401438062464 695.6414557868202
60699 64245.457728 58.62324999360007 88.32509929196883 700.0858549934327
60699 64695.457728 81.29868523362754 32.86705109354545 702.5150490520698
60699 65145.457728 64.55714802601639 -60.63474502972489 698.8707858423933
60699 65595.457728 37.98292524911415 -71.7025234726522 697.1344984199359
60699 66045.457728 10.825425774626412 -76.53763157012705 691.8128932469191
60699 66495.457728 -16.441783338571938 -80.51505867348652 694.0319122173796
60699 66945.457728 -43.52723363382755 -85.89388525431872 698.7797294093166
60699 67395.457728 -69.79874345669315 -100.93931821813464 702.336545892926
60699 67845.457728 -78.09993379525922 144.6087100391323 703.0093731303243
60699 68295.457728 -53.18494704151206 112.92694762049825 700.0773554283829
60699 68745.457728 -26.255466039665908 105.96825961688896 696.135029486804
60699 69195.457728 0.9590412154037813 101.79442618243031 697.185176636302
60699 69645.457728 28.128645974558747 97.55520523635867 705.1207436313802
60699 70095.457728 54.92749337561325 90.19736279907909 715.5912105296416
60699 70545.457728 79.24634902039563 53.14116332894925 721.4874685877085
60699 70995.457728 68.39331790884994 -56.89618143365081 717.9733990290565
60699 71445.457728 42.12664748773847 -70.61635787818342 706.9608301549271
60699 71895.457728 15.05622885495269 -75.83461870891351 695.2593744139939
60699 72345.457728 -12.212382175350218 -79.80542599023862 690.4406228361895
60699 72795.457728 -39.37848081580692 -84.76448075759981 693.6705593254993
60699 73245.457728 -65.91243588019961 -96.66725447562492 700.0969293302843
60699 73695.457728 -80.6787194388886 162.530265565811 704.9162182993718
60699 74145.457728 -57.22314372832477 114.81254958048363 700.7544314949647
60699 74595.457728 -30.38220426805775 106.79934681625272 694.7328545351224
60699 75045.457728 -3.1662715155442975 102.45070193077574 693.200477153068
60699 75495.457728 24.05911315639145 98.3439846323475 699.5648646228805
60699 75945.457728 50.98047906802232 91.84847011278724 709.9375104113261
60699 76395.457728 76.2894327737657 66.14738753424358 718.0417414570217
60699 76845.457728 72.02564962673495 -51.840143532576555 717.7250742498442
60699 77295.457728 46.071606503736795 -69.44336706149836 709.512214884554
60699 77745.457728 19.077996593601334 -75.13834298011989 699.7282570891005
60699 78195.457728 -8.147508022828116 -79.13954046334473 695.4063225075469
60699 78645.457728 -35.31039723774023 -83.77296017229386 697.9967444079515
60699 79095.457728 -61.98312749928146 -93.5409986627833 703.5259447373066
60699 79545.457728 -81.85635246166476 -170.55439801152554 705.708660213008
60699 79995.457728 -61.27056264070754 117.17057401368461 702.0224966415242
60699 80445.457728 -34.55820496429314 107.70956517610759 695.4431310050605
60699 80895.457728 -7.367947677800063 103.12334035256828 692.3457954321777
60699 81345.457728 19.88074824661813 99.1062323388415 697.2043636004977
60699 81795.457728 46.88109669681887 93.29338948078494 708.0187169426292
60699 82245.457728 72.76618319224725 74.63853165312536 715.8562684107076
60699 82695.457728 75.59602454170424 -44.095401487055625 716.1042838296228
