CIC_MEM_VERS = 1.0
CREATION_DATE = 2025-01-18T19:10:36.024446
ORIGINATOR = CS Group

META_START
OBJECT_NAME = PLEIADES1A
OBJECT_ID = PLEIADES1A
USER_DEFINED_PROTOCOL = NONE
USER_DEFINED_CONTENT = LLA
USER_DEFINED_SIZE = 3.0
USER_DEFINED_TYPE = REAL
USER_DEFINED_UNIT = [deg] [km]
TIME_SYSTEM = UTC
META_STOP

60693 47883.854592 69.95940283050304 -60.88688372985284 716.1212935623219
60693 48333.854592 43.815258468092125 -76.07105943715428 716.7782563411489
60693 48783.854592 16.839369213089903 -81.46970330235098 709.291512665451
60693 49233.854592 -10.335171293410609 -85.43807722631361 708.7199973146592
60693 49683.854592 -37.39394039417478 -90.21230695269513 715.7253471373868
60693 50133.854592 -63.92987820860928 -100.92253906457658 715.3294972118416
60693 50583.854592 -81.53143284793812 169.82799389376805 721.732177162262
60693 51033.854592 -59.451176527919074 110.0921672440088 718.7081898786788
60693 51483.854592 -32.7788852071203 101.3619640406423 713.1173154965301
60693 51933.854592 -5.685724517522337 96.90115329127853 711.2669459930889
60693 52383.854592 21.442953921292506 92.87257444301494 716.8268138745273
60693 52833.854592 48.30867864545605 86.86163096118857 726.6676919550711
60693 53283.854592 73.93485835256054 66.34475987373146 734.8092624893914
60693 53733.854592 74.56845706832227 -52.712512472633584 734.8257872126007
60693 54183.854592 49.03589135825723 -74.4143316367137 726.6319433328268
60693 54633.854592 22.181091848457037 -80.54368345348244 716.2095637051667
60693 55083.854592 -4.9459936233646795 -84.58761384437278 710.9348395081358
60693 55533.854592 -32.04622042506865 -89.00663730481118 712.866344520219
60693 55983.854592 -58.74100563292346 -97.48577788855584 718.7364943291229
60693 56433.854592 -81.30003567091268 -152.91821140842066 722.1956464094073
60693 56883.854592 -64.6672290985935 113.71089686492135 719.6926719956319
60693 57333.854592 -38.193319821130636 102.6007332992109 713.5897697844981
60693 57783.854592 -11.13771139084748 97.76243752422796 710.0676767099504
60693 58233.854592 16.015131544210448 93.80451550398456 713.9844463829226
60693 58683.854592 42.96587687124087 88.51184093012311 724.4016981493736
60693 59133.854592 69.09420191293148 74.1969155403376 732.936093645797
60693 59583.854592 78.78723989701639 -37.70600097589585 734.3486142245048
60693 60033.854592 54.3195570085616 -72.34570294331591 727.2940460622397
60693 60483.854592 27.565558772199356 -79.54138144666888 716.6038677898072
60693 60933.854592 0.4606450812865919 -83.74837558428189 710.6363825170661
60693 61383.854592 -26.672390030866016 -87.92538091504454 711.754066019947
60693 61833.854592 -53.49937664971398 -94.9378723026069 717.9845283898281
60693 62283.854592 -78.2510594999208 -127.19435527465176 722.9052749041989
60693 62733.854592 -69.71370598412155 118.94603038739699 721.8378378588599
60693 63183.854592 -43.556942073479995 104.0188753393545 716.0094430269285
60693 63633.854592 -16.56901014456488 98.65150826361669 711.2481423317719
60693 64083.854592 10.58174617101115 94.69008277692525 713.1084482469381
60693 64533.854592 37.59522059079957 89.90771428675792 722.0474522928707
60693 64983.854592 64.02310358732542 79.17400329297715 730.8424666840381
60693 65433.854592 81.5415019849247 -9.817363466991557 733.7281594594496
60693 65883.854592 59.559010848933276 -69.68466067945441 728.0937345128856
60693 66333.854592 32.94416306655784 -78.44071825165044 717.7606574779129
60693 66783.854592 5.891185525043687 -82.90450327253954 715.0905680933128
60693 67233.854592 -21.231991785041494 -86.92723929305419 714.6077273682655
60693 67683.854592 -48.148848195676116 -92.9200229091906 716.0189795868183
60693 68133.854592 -73.89037927691078 -113.3914309890859 720.9772650670909
60693 68583.854592 -74.52878035742862 127.35613451616672 723.0786234177616
60693 69033.854592 -48.91792335739298 105.71001299010719 719.5432244633574
60693 69483.854592 -22.030603859400856 99.59538673720758 715.2424011245025
60693 69933.854592 5.083704970682002 95.55668532554608 716.0116633743891
60693 70383.854592 32.12097273624908 91.14230719173672 723.2195610035403
60693 70833.854592 58.72687512541469 82.68482696121568 731.4549132363298
60693 71283.854592 81.25894471958489 27.928880703146895 734.5175456862111
60693 71733.854592 64.85098830217356 -65.96948950369799 728.8963876437723
60693 72183.854592 38.436649068728286 -77.17606635375957 717.5067037706398
60693 72633.854592 11.389927055094839 -82.03447195034495 706.7843657029972
60693 73083.854592 -15.807868010645883 -85.99876358124453 705.5825069796963
60693 73533.854592 -42.840556720159775 -91.29148343150584 712.3590076998191
60693 73983.854592 -69.06837943837732 -105.61389948312153 718.4574661887801
60693 74433.854592 -78.73319738451109 142.1862136777 722.6080868851319
60693 74883.854592 -54.17652138625262 107.76227625891075 720.8694552283671
60693 75333.854592 -27.395775794313753 100.59429928950799 717.0583021394319
60693 75783.854592 -0.3117458760942732 96.39539107567953 717.0906331157425
60693 76233.854592 26.7489669724695 92.22413008478387 723.3360053993739
60693 76683.854592 53.47796565657737 85.2309749550315 731.8107153706288
60693 77133.854592 78.15814002405038 53.38149835592885 736.0248029732522
60693 77583.854592 69.90668214905102 -60.625499566414376 731.4323239686847
60693 78033.854592 43.81833875078121 -75.73950477235769 719.8581142489519
60693 78483.854592 16.832475322281173 -81.14032115770834 707.3040487458718
60693 78933.854592 -10.370669066324961 -85.1132086148928 703.4731781763243
60693 79383.854592 -37.47795368402284 -89.90185373326065 708.5570935703229
60693 79833.854592 -64.00893840150093 -100.65572885376955 716.7300370116147
60693 80283.854592 -81.5145518210284 169.79275510104958 722.1037522340279
60693 80733.854592 -59.40711251073302 110.40013315104024 721.4917266007695
60693 81183.854592 -32.76195050702963 101.69046325622084 717.7248412558441
60693 81633.854592 -5.707991297619421 97.23559552945925 716.7293985640388
60693 82083.854592 21.378071664389985 93.2136613159097 721.8406498250881
60693 82533.854592 48.20897665091815 87.22297246057774 730.4685034792099
60693 82983.854592 73.82922720678242 66.89208360949807 736.2068848080611
60693 83433.854592 74.67025925179841 -52.12887865686942 733.49449787681
60693 83883.854592 49.135676992655775 -74.04681011809421 722.8282849763723
60693 84333.854592 22.240422771629138 -80.20213741150559 710.1787647151855
60693 84783.854592 -4.938991089086753 -84.25642511380792 704.0576105974388
60693 85233.854592 -32.08876302911862 -88.68662807331135 707.0004889614991
60693 85683.854592 -58.817355192485834 -97.20253510103194 715.1550188301339
60693 86133.854592 -81.33661654138328 -153.3039202992005 720.628592097885
60694 183.854592 -64.54034675799603 113.94667935305634 717.7084625778873
60694 633.854592 -38.04742892868924 102.90138802673519 711.9948830834733
60694 1083.854592 -10.981033713148337 98.07191152796571 709.1872639405511
60694 1533.854592 16.174721363743757 94.11087307441329 713.9972204276529
60694 1983.854592 43.119468559912875 88.79914767868885 725.1877658444774
60694 2433.854592 69.22770159465192 74.35704504493079 734.7019439248569
60694 2883.854592 78.69522719482987 -37.84954095710467 736.682577120489
60694 3333.854592 54.21001929854283 -72.05774139465794 729.6890004491017
60694 3783.854592 27.470551855194042 -79.22670481078056 718.6540736288678
60694 4233.854592 0.37144712415849757 -83.43082015700485 710.7875976929545
60694 4683.854592 -26.764381528655512 -87.61330321899808 710.7735654061406
60694 5133.854592 -53.600258275390715 -94.65367234640051 716.1072683973811
60694 5583.854592 -78.33584849877774 -127.2924206284881 720.5325070547499
60694 6033.854592 -69.5859734225449 119.12342850178243 719.5374526141665
60694 6483.854592 -43.405451625046425 104.31207831379207 714.2714489084518
60694 6933.854592 -16.40585002078891 98.95890445631778 710.3950905764592
60694 7383.854592 10.74733158095445 94.99699909356309 713.3609156718846
60694 7833.854592 37.75342837026091 90.201349576164 723.2600666177165
60694 8283.854592 64.1616771071318 79.39275092988898 733.1399896433769
60694 8733.854592 81.50458028047025 -10.307294228537094 736.6269386436229
60694 9183.854592 59.458635130622646 -69.40916385150251 730.9677546445077
60694 9633.854592 32.8605497193043 -78.12633070258893 720.0301069820194
60694 10083.854592 5.791696971041151 -82.58800095128944 710.141875424582
60694 10533.854592 -21.37137940900188 -86.61957642315623 708.9813748705242
60694 10983.854592 -48.31274671152419 -92.64304899979514 714.4002541281841
60694 11433.854592 -74.02746626528256 -113.35790432013711 720.3933864589144
60694 11883.854592 -74.38611271409918 127.35893454191357 721.0498780840429
60694 12333.854592 -48.73475464822531 105.9812812267294 716.5005587685031
60694 12783.854592 -21.819630794385066 99.89257802377878 711.8470446686897
60694 13233.854592 5.320128876154261 95.85489728929659 713.0069630716747
60694 13683.854592 32.37504715539499 91.42373344988107 721.1901547376158
60694 14133.854592 58.98355544909236 82.87646117331268 731.1253947001969
60694 14583.854592 81.35136262129936 26.644551036871032 736.1143381486934
60694 15033.854592 64.62195272401001 -65.82773167126516 732.082811148132
60694 15483.854592 38.22468301380516 -76.89425938833945 721.727201457015
60694 15933.854592 11.201504708497923 -81.73046232016686 711.1644242579273
60694 16383.854592 -15.96735007285897 -85.69046470980894 708.6033359263599
60694 16833.854592 -42.98282537749383 -90.995221216562 713.4059915446147
60694 17283.854592 -69.19541852796779 -105.4294298619936 719.9328347706229
60694 17733.854592 -78.64393763663239 142.02916726731917 721.9199483975029
60694 18183.854592 -54.03700760558514 108.03288742134554 718.1422152721954
60694 18633.854592 -27.226473807297708 100.89546793290282 712.9095172679802
60694 19083.854592 -0.10732012436818965 96.69943258558148 712.4473839997275
60694 19533.854592 26.9877567600755 92.51593089571989 719.0098469227132
60694 19983.854592 53.74235471072733 85.45919668174605 728.8027668831761
60694 20433.854592 78.36498229181367 52.75236360741003 735.4592382036068
60694 20883.854592 69.65300072817084 -60.63163469212007 733.4432745510007
60694 21333.854592 43.56737664276824 -75.47898262990488 724.1136043769527
60694 21783.854592 16.618673847696414 -80.84173964665928 714.4014425339918
60694 22233.854592 -10.529830879977279 -84.80335336768553 710.3296422823228
60694 22683.854592 -37.58955953869221 -89.59220556834788 713.6712977894742
60694 23133.854592 -64.08979601286083 -100.3792899367162 719.7162088952929
60694 23583.854592 -81.4970901522683 169.65529190630602 722.2620072059523
60694 24033.854592 -59.32974791981027 110.68322766391026 718.7410014599253
60694 24483.854592 -32.65212296133265 101.9988112919804 712.7049625952327
60694 24933.854592 -5.553388382666686 97.5457130128256 710.4904915183774
60694 25383.854592 21.581640984361407 93.51403228054657 715.9579427223352
60694 25833.854592 48.45178439493386 87.47970062750892 725.8905554652143
60694 26283.854592 74.06517910376614 66.72843058720004 734.1615885759668
60694 26733.854592 74.43670067632085 -52.357702601158586 734.4328014221686
60694 27183.854592 48.882165785292514 -73.80248962847445 726.6124280393971
60694 27633.854592 22.026670547382842 -79.90619849426662 716.4935868251183
60694 28083.854592 -5.096327942357499 -83.94640210718278 711.6773204466049
60694 28533.854592 -32.188861093865846 -88.37284723428874 713.8177428749351
60694 28983.854592 -58.87242130641162 -96.89679189312194 719.6579174858324
60694 29433.854592 -81.34433607136451 -153.07158609277073 722.8080087861434
60694 29883.854592 -64.54563545662378 114.27837687558515 719.9085079529871
60694 30333.854592 -38.06645037851684 103.23629976883652 713.3818389140546
60694 30783.854592 -11.006826903790527 98.40744703890617 709.5060426250378
60694 31233.854592 16.151110735142886 94.44705515708256 713.165839077385
60694 31683.854592 43.11129186123404 89.13463232509646 723.1644277916539
60694 32133.854592 69.23837735839695 74.67854029113107 731.5807477727398
60694 32583.854592 78.66972183800078 -37.65534759390335 733.1321244374733
60694 33033.854592 54.14826564866635 -71.75175746048252 726.4850577857513
60694 33483.854592 27.386886011291935 -78.90934040151352 716.2594679560531
60694 33933.854592 0.2944163248309633 -83.10910504568581 714.0723525881709
60694 34383.854592 -26.809763107075 -87.28875729868794 715.5302012419955
60694 34833.854592 -53.60651293022759 -94.32375865881399 721.3061561708366
60694 35283.854592 -78.31367161830954 -126.85341733956243 724.9966774774684
60694 35733.854592 -69.6383517130769 119.52277480931305 722.2808113398568
60694 36183.854592 -43.46777805777509 104.6614718871593 715.006583314599
60694 36633.854592 -16.468365400954635 99.30088796388588 709.3080550093541
60694 37083.854592 10.699990501498156 95.33617598721176 710.4642401417842
60694 37533.854592 37.739491442194044 90.53650629879911 716.9667345360385
60694 37983.854592 64.21557039413472 79.68110672563904 723.5098308171056
60694 38433.854592 81.46645423047825 -10.788055716999262 728.479821179292
60694 38883.854592 59.28789797768159 -69.17120468503408 726.0588803386465
60694 39333.854592 32.66373964450415 -77.83284903417878 719.4935728734027
60694 39783.854592 5.610514948654057 -82.28175761086985 715.322858479005
60694 40233.854592 -21.507366574608522 -86.31085485608996 713.9755283980205
60694 40683.854592 -48.42154911378059 -92.34945211580984 715.5979888368395
60694 41133.854592 -74.12836396211638 -113.25670330775009 718.5943833453878
60694 41583.854592 -74.26563093751095 127.42521059954639 718.7284657699826
60694 42033.854592 -48.580967052997266 106.26399502453371 714.605817328717
60694 42483.854592 -21.65226005051863 100.19691334934885 710.8173006247987
60694 42933.854592 5.4915133956204185 96.16114711446399 713.1056119122161
60694 43383.854592 32.54111374107674 91.71985785626619 722.336332162436
60694 43833.854592 59.13258371767502 83.12027419544839 733.1549654948594
60694 44283.854592 81.39484235862408 26.100001406242768 738.4599928095522
60694 44733.854592 64.50681057802643 -65.58433465212772 734.2147902164666
60694 45183.854592 38.11841281886494 -76.58588225055985 723.1531112717369
60694 45633.854592 11.10571689978884 -81.41328535505173 712.1329432148208
60694 46083.854592 -16.060075217673337 -85.3749345972107 708.363831849223
60694 46533.854592 -43.08060830989436 -90.6938159749145 711.972122508349
60694 46983.854592 -69.30019485244267 -105.23608056350244 717.6326914613079
60694 47433.854592 -78.53874498992815 141.83479373340626 720.9578339085116
60694 47883.854592 -53.881853091497575 108.30126132289782 716.017226963927
60694 48333.854592 -27.05010614310889 101.19462444355295 710.2245200551836
60694 48783.854592 0.09070940274996658 97.00079470952046 709.7454235440027
60694 49233.854592 27.204622080028415 92.80501230131962 717.056788447139
60694 49683.854592 53.967387425925445 85.69096900305436 727.6191058810467
60694 50133.854592 78.53081518801346 52.23926357477016 735.3777619822915
60694 50583.854592 69.43905035072896 -60.5670074494998 734.4554478771523
60694 51033.854592 43.34864404682563 -75.20722581236039 725.9910555503152
60694 51483.854592 16.416717209206674 -80.54256933989534 716.6057428620802
60694 51933.854592 -10.713285227845796 -84.50045868502968 712.7201990476055
60694 52383.854592 -37.754844601422555 -89.30074507343441 715.5369772823693
60694 52833.854592 -64.23767694604417 -100.16783074119378 720.6372037214953
60694 53283.854592 -81.45004629957182 168.99298755039982 721.963862166645
60694 53733.854592 -59.171142946765016 110.92492511577633 717.8094984304826
60694 54183.854592 -32.48127326268989 102.29406714078463 711.3624136561256
60694 54633.854592 -5.370105695364995 97.84852682790589 708.9057723816277
60694 55083.854592 21.7762630684188 93.81088647476801 714.5093004389438
60694 55533.854592 48.647708526085886 87.74433337782996 725.7235756050643
60694 55983.854592 74.23789679379854 66.67652469914098 733.889182919361
60694 56433.854592 74.26330583716253 -52.427344933883944 734.102323180567
60694 56883.854592 48.67990448396145 -73.54136593164183 726.3052175735875
60694 57333.854592 21.819476329096386 -79.61109873554152 716.285483834458
60694 57783.854592 -5.303932191605556 -83.64595711521416 711.9052007882237
60694 58233.854592 -32.39273454931352 -88.08232255369884 714.2799533481156
60694 58683.854592 -59.06697676692577 -96.67062993235722 720.2179450895234
60694 59133.854592 -81.4116737013482 -153.97797198091524 723.3253819078234
60694 59583.854592 -64.36316585578301 114.45568096803599 720.2546210648882
60694 60033.854592 -37.87678005203267 103.5196046850388 713.5185489496721
60694 60483.854592 -10.815961219213571 98.70747438758306 709.5054982539282
60694 60933.854592 16.342183289125973 94.74682654304961 713.0714020972958
60694 61383.854592 43.30444671079156 89.41336108721899 722.702365876019
60694 61833.854592 69.42227322202466 74.78675483697901 731.0879378677996
60694 62283.854592 78.52949591652146 -38.07108468215794 732.7023174408955
60694 62733.854592 53.94830663964924 -71.51037284508153 726.2291606463349
60694 63183.854592 27.181565326014667 -78.61815902885223 716.3840909682642
60694 63633.854592 0.0825043716385605 -82.80937564507835 718.8785021766269
60694 64083.854592 -26.97881352775512 -86.98748680569223 721.6838582135722
60694 64533.854592 -53.72589411708345 -94.03862470701625 727.4659076588292
60694 64983.854592 -78.37248577034879 -126.78609405254424 729.8440120217613
60694 65433.854592 -69.59349039445932 119.78510075084152 724.7891669160027
60694 65883.854592 -43.43407093285269 104.9782571411447 713.6073259004412
60694 66333.854592 -16.43662599311557 99.62404778951802 708.5412718657972
60694 66783.854592 10.743201911219003 95.65937191516286 708.2740807086784
60694 67233.854592 37.80075326053426 90.85366539043997 715.5801204683723
60694 67683.854592 64.28777805085808 79.95876053748795 714.590778302426
60694 68133.854592 81.42116250834825 -11.447689518920168 717.1804193203109
60694 68583.854592 59.055502411884056 -68.97563793425618 714.8412843148027
60694 69033.854592 32.34719856310028 -77.56811801697938 710.8947260032812
60694 69483.854592 5.2427082817886745 -82.00479734379071 711.3359319864502
60694 69933.854592 -21.874601028038587 -86.04060091018431 719.1637559771301
60694 70383.854592 -48.705441813776105 -92.11073532347933 731.1679555421819
60694 70833.854592 -74.24998142239467 -113.18991901144366 739.8611188026276
60694 71283.854592 -74.28723327408336 127.7964949137334 739.3204424016185
60694 71733.854592 -48.740392558375035 106.64488955606505 729.6323821666723
60694 72183.854592 -21.895226398126866 100.56650344428385 717.0610627089515
60694 72633.854592 5.237861011432062 96.52779561931754 709.0924198137493
60694 73083.854592 32.35857509820569 92.08773532479573 709.0089805678333
60694 73533.854592 59.07830131542084 83.48378916339898 713.7132303487682
60694 73983.854592 81.42924075511053 25.782224858645527 716.9993098239233
60694 74433.854592 64.27006907733333 -65.44727414682782 716.6589921792933
60694 74883.854592 37.7569437312251 -76.34029502832591 712.9483027475376
60694 75333.854592 10.687118145794436 -81.14537963691862 707.8670341824969
60694 75783.854592 -16.48637134464945 -85.11073782825902 710.5961649578874
60694 76233.854592 -43.46446713305222 -90.46763252649508 718.7402484648924
60694 76683.854592 -69.59580483853544 -105.27602263368706 727.7684349127508
60694 77133.854592 -78.37808574721466 141.3610420400195 730.831817769522
60694 77583.854592 -53.73536927528224 108.57068326769053 726.2139359670724
60694 78033.854592 -26.971748169241735 101.5112640898652 718.4317639079931
60694 78483.854592 0.12029551694828106 97.32725787399274 714.870399467638
60694 78933.854592 27.219316478732132 93.13279718967033 714.2309547797352
60694 79383.854592 54.015100259931295 86.00057188935025 721.5793097031399
60694 79833.854592 78.60153251312431 52.198974771456065 727.9192936962604
60694 80283.854592 69.29261323226594 -60.41449106756922 727.1764955094633
60694 80733.854592 43.142993750482034 -74.93091131633251 720.494790097788
60694 81183.854592 16.178427619961905 -80.24847985630156 714.0812757717055
60694 81633.854592 -10.959687305852546 -84.20685461651418 713.0454875209854
60694 82083.854592 -37.98746718664633 -89.02551644915266 718.6236662457933
60694 82533.854592 -64.42754606071536 -99.99338264469384 726.3732893525513
60694 82983.854592 -81.40038988419566 168.36728759488906 729.1303073570978
60694 83433.854592 -59.08138498812417 111.2100149875781 724.3604592342928
60694 83883.854592 -32.43088336937905 102.61689736256383 715.7930077164049
60694 84333.854592 -5.36309410919361 98.17928212482485 710.442063615275
60694 84783.854592 21.783222216620945 94.14017538363612 712.701098737757
60694 85233.854592 48.67885332113398 88.06221660946743 720.4203178417472
60694 85683.854592 74.30433393107796 66.8460206635038 727.1133315534742
60694 86133.854592 74.14899191614226 -52.339930151039276 727.3184968225452
60695 183.854592 48.504067108037 -73.26537248592217 720.9708884380218
60695 633.854592 21.608640033762423 -79.31431421881805 713.7840189194625
60695 1083.854592 -5.527896563404261 -83.34821043613769 712.0195067221904
60695 1533.854592 -32.60725601906789 -87.79760249339775 716.2315870219787
60695 1983.854592 -59.28552944585442 -96.4692546114858 717.2706255739455
60695 2433.854592 -81.48300116865263 -155.21507985898887 721.6123211969411
60695 2883.854592 -64.12701386843234 114.6086948592646 720.6944005153423
60695 3333.854592 -37.64206016801502 103.80053350870082 716.0048753960962
60695 3783.854592 -10.604934880553984 99.00911094189817 713.5465413458783
60695 4233.854592 16.51899230886621 95.0505355542982 717.702692969487
60695 4683.854592 43.44205724833893 89.70487461909633 726.8698640438888
60695 5133.854592 69.52141782059955 74.98616129702447 734.8565177362349
60695 5583.854592 78.4682609449245 -38.03389310640267 735.225179615452
60695 6033.854592 53.877911060673355 -71.20637601130565 726.9554009089186
60695 6483.854592 27.10736161396249 -78.30004731973169 715.533741569823
60695 6933.854592 -0.01445761998708911 -82.49283627453767 708.5385695455029
60695 7383.854592 -27.163188079340365 -86.69143014733905 709.3218645423536
60695 7833.854592 -53.998534406270075 -93.82508966023447 715.7252858353928
60695 8283.854592 -78.62149677424367 -127.72666425332376 722.0421083421093
60695 8733.854592 -69.22939473875542 119.66752754444366 721.8643971811662
60695 9183.854592 -43.04039151663409 105.2049586683738 716.9349888362614
60695 9633.854592 -16.05701289015315 99.89758935068393 712.9732009148885
60695 10083.854592 11.079150547517193 95.94112050114497 715.3292450696333
60695 10533.854592 38.073062405909894 91.12127334754805 724.0234552267643
60695 10983.854592 64.46795034116724 80.14315959082305 732.2520688880865
60695 11433.854592 81.40228445562978 -11.470615599804287 734.1779824720252
60695 11883.854592 59.112750401590795 -68.61145770626588 727.4981012831134
60695 12333.854592 32.47727404834289 -77.2105044739258 716.2339548835258
60695 12783.854592 5.392396413599731 -81.65186552306858 709.1717864830521
60695 13233.854592 -21.77270511140026 -85.69189420978923 709.1540764967892
60695 13683.854592 -48.70306409496033 -91.77721256183631 715.6192794890829
60695 14133.854592 -74.35428505370757 -113.09054232472631 722.5695970159088
60695 14583.854592 -74.07436376627801 127.65074992962894 723.6482606944982
60695 15033.854592 -48.39593255699598 106.86237968779868 719.022383179627
60695 15483.854592 -21.49331676733972 100.83218295950559 713.8646927140287
60695 15933.854592 5.6350627359331735 96.80358097538107 714.1469956902207
60695 16383.854592 32.68479592205221 92.35592311057219 721.0723452437447
60695 16833.854592 59.2909497438482 83.70060696445937 729.3209487517579
60695 17283.854592 81.4613856871461 25.492997312022176 732.7816195694776
60695 17733.854592 64.27423719167841 -65.11616628738334 727.9426519941054
60695 18183.854592 37.829987257962856 -75.99267240030784 717.6814973547621
60695 18633.854592 10.812095937482523 -80.79463311152037 712.7586219897421
60695 19083.854592 -16.332824793256567 -84.75331142051986 713.4171810856183
60695 19533.854592 -43.30103049784342 -90.08752049997429 719.7109877426398
60695 19983.854592 -69.44682912961177 -104.74648843507104 726.331575767535
60695 20433.854592 -78.48228851622846 142.1910422675001 727.2244199299497
60695 20883.854592 -53.843659886045025 108.94479453015886 721.1938006533601
60695 21333.854592 -27.036582908190077 101.85453615136582 713.1211345070063
60695 21783.854592 0.09085095286947326 97.66463481155505 710.218136708055
60695 22233.854592 27.21009991819421 93.46932456616237 714.9432635891654
60695 22683.854592 54.015582825323065 86.33840393152262 713.1374382437147
60695 23133.854592 78.64836865843657 52.31280943925972 716.4200677011855
60695 23583.854592 69.15784381891743 -60.256858528993234 715.5516810500811
60695 24033.854592 42.939838411731074 -74.65606855437417 716.6800794415756
60695 24483.854592 15.960245699239435 -79.95046020045338 712.4094640144913
60695 24933.854592 -11.192646241773907 -83.90822479807774 711.3116216200582
60695 25383.854592 -38.22844001576007 -88.74658221884289 717.0916627923243
60695 25833.854592 -64.67159625285804 -99.8523460007603 724.410419050227
60695 26283.854592 -81.311447550307 166.98651024015314 727.2301382637233
60695 26733.854592 -58.80725753504146 111.38573316184004 722.9483088305391
60695 27183.854592 -32.140032136519494 102.88905396670887 715.4361868898103
60695 27633.854592 -5.051500510589847 98.46654277083978 711.2731982860402
60695 28083.854592 22.083072812201646 94.42374557753769 714.711697642483
60695 28533.854592 48.95720709251731 88.304370418268 713.1934345962735
60695 28983.854592 74.57942761251932 66.5500465577265 725.1202177955597
60695 29433.854592 73.87934833269104 -52.60055197266095 731.1483887267009
60695 29883.854592 48.24356920878141 -73.01992874505471 729.825961562195
60695 30333.854592 21.426298269280167 -79.0123962585849 725.6194564587114
60695 30783.854592 -5.616774261359006 -83.02826595892382 724.1790931364106
60695 31233.854592 -32.605840612961195 -87.46384806953566 727.2240707943588
60695 31683.854592 -59.18483341433282 -96.07786983402154 730.9550069874134
60695 32133.854592 -81.42746306514685 -153.68544097648882 729.4925057587841
60695 32583.854592 -64.33226645683669 115.10042519002052 720.4095331720124
60695 33033.854592 -37.8168410384636 104.17185150353332 707.2426820151187
60695 33483.854592 -10.689690572082242 99.35355145298811 698.7234900197499
60695 33933.854592 16.560934371534664 95.37638637132947 700.0826205190443
60695 34383.854592 43.61323619385176 89.99056892752914 710.5857889691514
60695 34833.854592 69.7787791759039 74.98883697715314 724.0425373846064
60695 35283.854592 78.22673478719378 -38.872273101651594 731.4303053102545
60695 35733.854592 53.54954797128093 -71.00918852852784 730.9906839052512
60695 36183.854592 26.8311957502933 -78.01666000554361 726.3795294884121
60695 36633.854592 -0.19352139932940418 -82.18577215653914 723.58153114275
60695 37083.854592 -27.219601986877837 -86.36976315936371 725.5140269121182
60695 37533.854592 -53.93960023821956 -93.46980513406025 729.4043259175103
60695 37983.854592 -78.52193981469628 -126.89143803489965 729.3946981311602
60695 38433.854592 -69.38472436816097 120.19539225070588 721.9935016624719
60695 38883.854592 -43.17784405827755 105.57532363396737 710.0028004565448
60695 39333.854592 -16.12243262635257 100.24008698170417 700.4382043983888
60695 39783.854592 11.12347458166453 96.26637280068661 699.6511610319727
60695 40233.854592 38.239176201558344 91.4138257750994 708.5980435298438
60695 40683.854592 64.71835783905304 80.26846717250453 722.3885261744437
60695 41133.854592 81.2936252161209 -13.113181795065794 730.8308444605009
60695 41583.854592 58.80947719273751 -68.44407246806553 731.3585975041201
60695 42033.854592 32.2194303677036 -76.92914611780573 726.6614244612699
60695 42483.854592 5.220496854795568 -81.34480159846775 722.8090221618784
60695 42933.854592 -21.833521887620076 -85.37169023033059 723.7124200675469
60695 43383.854592 -48.65992658743425 -91.43492629665963 727.7540952226644
60695 43833.854592 -74.25612040016853 -112.54810017200415 729.2856510247582
60695 44283.854592 -74.19334922156851 128.25522753332905 723.842246630304
60695 44733.854592 -48.51039690901517 107.23337678477019 712.8651142157346
60695 45183.854592 -21.549850841391162 101.17285410882671 703.1859001727031
60695 45633.854592 5.673685639299163 97.12800002417795 700.3718338010016
60695 46083.854592 32.831756775898555 92.65446912556074 707.3980914238718
60695 46533.854592 59.513530473911054 83.89908535718263 719.7635259449474
60695 46983.854592 81.5404639248087 23.979572250442526 728.9520646035364
60695 47433.854592 64.0006674778184 -64.99461811662174 730.6746409869678
60695 47883.854592 37.588694446030814 -75.71557009309706 726.4481840243935
60695 48333.854592 10.624993378481346 -80.4914303736732 722.1428123499223
60695 48783.854592 -16.446056206579556 -84.44126368596862 722.3853697808512
60695 49233.854592 -43.351694136412895 -89.77339134019068 726.6777289903753
60695 49683.854592 -69.45610205859728 -104.43494654884425 729.7724870247598
60695 50133.854592 -78.48013030579283 142.52598693017515 726.3545054581599
60695 50583.854592 -53.82150864635705 109.2681665936141 716.112485834972
60695 51033.854592 -26.96754182164141 102.17254430208803 704.5205918177795
60695 51483.854592 0.2309647162018346 97.9740245291285 700.7906128695931
60695 51933.854592 27.41840592760953 93.76006025292924 706.9202755298863
60695 52383.854592 54.23862790324932 86.57093179454647 718.9832473611303
60695 52833.854592 78.7653403162693 52.00905242459506 729.3191212013078
60695 53283.854592 69.10239809645495 -59.99196798287872 732.4269078094425
60695 53733.854592 42.98865963150813 -74.31254855463315 728.4812478868942
60695 54183.854592 16.088368725459734 -79.60047655450124 722.994658128791
60695 54633.854592 -10.984196632774168 -83.5471238281807 721.4109708353449
60695 55083.854592 -37.95543322684947 -88.35289083326387 724.5774555371625
60695 55533.854592 -64.36912951059305 -99.27656184833465 728.0767474681064
60695 55983.854592 -81.42223657419177 169.38922353504233 726.1699472106433
60695 56433.854592 -59.10173196008392 111.87676611679585 717.3111413406272
60695 56883.854592 -32.41213493135308 103.27219497031291 708.4316129626893
60695 57333.854592 -5.270162521550744 98.8268124346522 704.0753987122042
60695 57783.854592 21.916158936300743 94.78094933508123 708.783301224378
60695 58233.854592 48.82176096544772 88.68054248845259 719.917175022396
60695 58683.854592 74.42207689754265 67.25423950049975 730.0370529803687
60695 59133.854592 74.06353975023592 -51.88156079531232 733.2040563370222
60695 59583.854592 48.45595211053312 -72.62328715492475 728.5798304933866
60695 60033.854592 21.620139587833005 -78.6514766858589 721.3348181661192
60695 60483.854592 -5.4662168622617555 -82.67629534752349 717.5176779506432
60695 60933.854592 -32.51175519435652 -87.1128371145901 719.6965846644532
60695 61383.854592 -59.14686366707292 -95.72103207697644 724.3537318439809
60695 61833.854592 -81.43111499085138 -153.36057458937273 725.2889434087209
60695 62283.854592 -64.31225194514488 115.4066700574037 719.580536934926
60695 62733.854592 -37.818762778758234 104.49880209672983 715.7423134940657
60695 63183.854592 -10.769331598332146 99.69347572678393 710.0639223427738
60695 63633.854592 16.391631738479475 95.73212947480536 711.5679489570816
60695 64083.854592 43.36219674772028 90.39048735513681 719.2582780786545
60695 64533.854592 69.49808895904383 75.68386582518261 728.2697272198534
60695 64983.854592 78.45884867615378 -37.43195659352666 731.1535970744723
60695 65433.854592 53.845439570153225 -70.55994809273189 726.2862816985655
60695 65883.854592 27.08336894610129 -77.64266493649211 718.2510583258132
60695 66333.854592 -0.017495484022283035 -81.83061123361905 713.640935855844
60695 66783.854592 -27.118244779247906 -86.01982208643646 716.6498680346589
60695 67233.854592 -53.896312837189335 -93.11737349285737 723.5842263213332
60695 67683.854592 -78.51209062819494 -126.49091046128157 727.9553692994723
60695 68133.854592 -69.40740790065747 120.54506929227361 725.2887352778803
60695 68583.854592 -43.244928346019634 105.92040858803493 716.9326522080485
60695 69033.854592 -16.267803249541473 100.59127127849985 709.6513750677849
60695 69483.854592 10.904186014640906 96.62883422792204 709.1883927728305
60695 69933.854592 37.955814407373104 91.81108096209465 715.4716773247247
60695 70383.854592 64.44588989575385 80.82516997517767 720.1220592404552
60695 70833.854592 81.38220817574071 -11.21318109659205 723.7093169204874
60695 71283.854592 58.98816333181066 -68.0194758593362 721.0675778135894
60695 71733.854592 32.32007891163459 -76.58027957934002 715.4683504706477
60695 72183.854592 5.240872337938427 -81.01197038947063 713.2164790659057
60695 72633.854592 -21.874643690991373 -85.04771846923896 717.7442121714554
60695 73083.854592 -48.7355151277929 -91.1281833522551 725.9488466944696
60695 73533.854592 -74.31488331509529 -112.34556544107548 733.3038814558834
60695 73983.854592 -74.17860837361916 128.54807213460742 732.833269809986
60695 74433.854592 -48.572263845297265 107.58304158588234 724.6356179514207
60695 74883.854592 -21.697054292594203 101.52724148711634 714.849583665651
60695 75333.854592 5.437426814070723 97.49243277572765 710.8665500390078
60695 75783.854592 32.52990707955208 93.04632825772373 714.0978985811473
60695 76233.854592 59.19779055303357 84.40951622885379 720.8446936587817
60695 76683.854592 81.44949039355758 26.34932260602924 724.512761048013
60695 77133.854592 64.24964186250517 -64.46928495008221 721.6658172432284
60695 77583.854592 37.76875353280971 -75.34398711974835 714.8985462922448
60695 78033.854592 10.717027245591455 -80.14755518363317 710.6108267899109
60695 78483.854592 -16.4345783982206 -84.10942048094732 713.6259634263765
60695 78933.854592 -43.39335882921129 -89.45506108657708 712.6901256964371
60695 79383.854592 -69.56421354392043 -104.24326105227438 725.231193664736
60695 79833.854592 -78.39863129379081 142.45751511915233 731.9488258667726
60695 80283.854592 -53.78498749459785 109.58531965529352 730.7197133351362
60695 80733.854592 -27.066432037453144 102.52202544611907 725.3337221472957
60695 81183.854592 -0.03228843887803733 98.3425913302955 721.9677101809781
60695 81633.854592 27.00820813400131 94.16444530157003 723.696589626281
60695 82083.854592 53.7452952341262 87.10724567351618 727.8313779584633
60695 82533.854592 78.38759432009888 54.27353021781 728.4271087355999
60695 82983.854592 69.5540868644821 -59.09467997305015 721.8322874588653
60695 83433.854592 43.36169278490874 -73.87845885879977 710.7616504771211
60695 83883.854592 16.317811432901276 -79.23368190155912 701.858205831096
60695 84333.854592 -10.91594794290203 -83.20707571997701 701.2632828137861
60695 84783.854592 -38.02166860790365 -88.03998362367635 710.0523844344865
60695 85233.854592 -64.50233145949151 -99.05979819976245 724.078174695523
60695 85683.854592 -81.37503853162333 168.86506020606762 731.5060586305852
60695 86133.854592 -59.03923242953304 112.17929780760076 730.8818512722871
60696 183.854592 -32.44805225908989 103.61339613226563 725.1089168360642
60696 633.854592 -5.435463466229669 99.1829032815392 720.4971648353294
60696 1083.854592 21.637875621605435 95.15764892486736 721.183600280907
60696 1533.854592 48.48510735902516 89.12015708452415 725.6099188858732
60696 1983.854592 74.11529315385732 68.26521978695578 728.0136771509952
60696 2433.854592 74.32992911569178 -50.94411467430314 723.7280465763788
60696 2883.854592 48.67168038254096 -72.21810115561354 713.4745967861164
60696 3333.854592 21.74141619862089 -78.29983310047521 707.5546000546528
60696 3783.854592 -5.4452881689555435 -82.34334443751548 705.2347074475545
60696 4233.854592 -32.56919901625476 -86.79634696823074 711.6589387207645
60696 4683.854592 -59.263034527565196 -95.461760734492 716.4387634468627
60696 5133.854592 -81.48394819463182 -154.21740790089683 718.9135513251015
60696 5583.854592 -64.11031389307382 115.58598125071065 715.425707846171
60696 6033.854592 -37.57882289705492 104.77803357701465 709.5429061587853
60696 6483.854592 -10.491405384633705 99.98492824753286 707.3266380471703
60696 6933.854592 16.674240542331965 96.01932824969938 713.1888471976645
60696 7383.854592 43.61557506754601 90.65054034573181 725.4249929485948
60696 7833.854592 69.68320151137412 75.77395442777028 736.1989732802368
60696 8283.854592 78.35733690206312 -37.59128180462029 739.0794301137578
60696 8733.854592 53.76100149675746 -70.2626958748928 732.4947728990903
60696 9183.854592 27.033260699655575 -77.32047447656402 721.351863767599
60696 9633.854592 -0.05093263312681307 -81.50470280570569 712.8154208039457
60696 10083.854592 -27.173864115422976 -85.69952528669889 711.6424937432436
60696 10533.854592 -54.000433628417845 -92.83122663823794 715.5888761948038
60696 10983.854592 -78.63415412819424 -126.79309078739865 718.6577069339155
60696 11433.854592 -69.18742411501864 120.6070556165528 715.3739730682439
60696 11883.854592 -42.97380953074116 106.1796712944087 713.9422615837686
60696 12333.854592 -15.960982875011792 100.87602486074503 708.5526284844726
60696 12783.854592 11.211445024232068 96.91539038981976 710.3390117073199
60696 13233.854592 38.240871681212504 92.07695760382255 718.7337680911946
60696 13683.854592 64.66397766427806 80.9802459095957 728.6010939049675
60696 14133.854592 81.32853837500596 -11.881880959893445 733.5805202444751
60696 14583.854592 58.905128495069604 -67.7343859983053 730.0820979006915
60696 15033.854592 32.29334308076752 -76.2541625034635 721.658939749791
60696 15483.854592 5.242469596295174 -80.67970245342647 715.5338533129865
60696 15933.854592 -21.873988714720856 -84.71460338617968 715.4511414457426
60696 16383.854592 -48.75871870310782 -90.80118639156701 720.6714826524609
60696 16833.854592 -74.38148027490726 -112.15637789179671 724.878592223852
60696 17283.854592 -74.0529971436303 128.595137597508 723.0639575609846
60696 17733.854592 -48.354170924478645 107.84173698837274 716.316925404728
60696 18183.854592 -21.42911212638379 101.81515317917464 709.852758714139
60696 18633.854592 5.734902726750547 97.78305013308605 708.9559858233478
60696 19083.854592 32.82746366589283 93.3212058101973 714.0234229942045
60696 19533.854592 59.50298809069945 84.5752221317042 718.5550189620445
60696 19983.854592 81.54855669432256 24.538887151209 724.3115269119603
60696 20433.854592 63.94328991590368 -64.3833233311375 723.8393660557572
60696 20883.854592 37.4732879768794 -75.08123335083604 718.9757689203219
60696 21333.854592 10.454741566232604 -79.85402446662329 715.7539972418191
60696 21783.854592 -16.656486894212353 -83.81017062583436 718.5987590225593
60696 22233.854592 -43.57942945305242 -89.17026982569753 726.10257716978
60696 22683.854592 -69.65889280163813 -104.02198023995719 733.0194972548114
60696 23133.854592 -78.3513870554537 142.53693506750395 732.6863609606011
60696 23583.854592 -53.69655893004694 109.87666920942202 724.2821341750277
60696 24033.854592 -26.902208513992267 102.82352433261131 713.904469135178
60696 24483.854592 0.22923630979835277 98.6381010906706 707.9812422254047
60696 24933.854592 27.37659457188239 94.432331703389 709.9712308109148
60696 25383.854592 54.19892076454651 87.25356321938666 717.367305915872
60696 25833.854592 78.75627114186109 52.72884121816628 723.1671287281036
60696 26283.854592 69.06042930192508 -59.380675566202235 723.0631918592776
60696 26733.854592 42.867500832165305 -73.68199195561253 717.9833695139251
60696 27183.854592 15.889108108634439 -78.96820480031525 713.6914442216462
60696 27633.854592 -11.243459370969616 -82.92270929619097 715.6000720961525
60696 28083.854592 -38.23717838354075 -87.75581286541014 723.5429946851411
60696 28533.854592 -64.63070418300022 -98.8266962214249 731.2388128943724
60696 28983.854592 -81.34270832363674 168.54888283926996 732.7931224905263
60696 29433.854592 -58.92775275548706 112.44567103002255 726.0483163471466
60696 29883.854592 -32.27714350650985 103.90975000199478 714.6950718583971
60696 30333.854592 -5.194765713034128 99.48017511790111 710.9187731360449
60696 30783.854592 21.95210874124413 95.43836896271816 711.8668568201092
60696 31233.854592 48.85689448296981 89.33053353778602 718.5126625654165
60696 31683.854592 74.47409612110896 67.78874810587172 724.4456092409756
60696 32133.854592 73.96130333230256 -51.430978751450354 724.4916455570236
60696 32583.854592 48.268980154031915 -72.018535963744 718.6740429745863
60696 33033.854592 21.357433214198853 -78.03075163108205 712.4320160013754
60696 33483.854592 -5.78494118973389 -82.05952554689966 711.9229604838973
60696 33933.854592 -32.859625233625785 -86.52228307453396 715.3167492935161
60696 34383.854592 -59.5323868660054 -95.28174390566527 713.4940439476959
60696 34833.854592 -81.56593916749074 -155.79344284213383 718.7585338504196
60696 35283.854592 -63.838775731432996 115.70712708241824 720.4063647190551
60696 35733.854592 -37.34914810874656 105.05787964946298 718.3661848821538
60696 36183.854592 -10.336296638811303 100.29429046056661 718.1062593303963
60696 36633.854592 16.746677550172098 96.34024618182866 723.4010420802675
60696 37083.854592 43.62265846064974 90.9805217556676 732.5274232315196
60696 37533.854592 69.65387898525633 76.14188747277213 739.0962953491012
60696 37983.854592 78.38178827707983 -37.132089982839794 737.0945923011935
60696 38433.854592 53.76348159384168 -69.92734693198167 726.0294271172811
60696 38883.854592 26.97145436114792 -76.99844942170095 711.819730147643
60696 39333.854592 -0.1902507791348894 -81.1923358690768 702.6578368537336
60696 39783.854592 -27.386116257286442 -85.40689231474619 702.9082227000845
60696 40233.854592 -54.26187873159968 -92.6131923219475 710.1134287268807
60696 40683.854592 -78.83906080855634 -127.57910684498577 718.8857825563296
60696 41133.854592 -68.92512945337154 120.62826781117795 721.3670290638771
60696 41583.854592 -42.72130342575728 106.44534160587455 719.1876342566117
60696 42033.854592 -15.760986215572219 101.17712769586325 717.555808787019
60696 42483.854592 11.334226854037084 97.22805355217515 721.147589789537
60696 42933.854592 38.28362100075008 92.39647390242803 729.5671126145141
60696 43383.854592 64.63130031388022 81.33298383477515 737.0268451728094
60696 43833.854592 81.35366431271736 -11.045081659251712 737.0778715171499
60696 44283.854592 58.9866818728472 -67.3538541986433 727.8676816019669
60696 44733.854592 32.33883594638099 -75.91235249507325 714.2977971425751
60696 45183.854592 5.2219410612018 -80.35148633104282 704.2500058502147
60696 45633.854592 -21.985670147450094 -84.40352502683612 703.0778580148074
60696 46083.854592 -48.95819800143276 -90.5406177047537 709.6652732477345
60696 46533.854592 -74.6077968428514 -112.36590653284604 716.5267259897404
60696 46983.854592 -73.78750931264801 128.36687706075563 720.0700919359073
60696 47433.854592 -48.04293966735336 108.07334973383513 715.2734719977849
60696 47883.854592 -21.108540312167182 102.09317169081731 710.7142592415912
60696 48333.854592 6.0400638382159535 98.0684524790229 712.3073634215523
60696 48783.854592 33.09425572207753 93.59471862113223 720.9334989080953
60696 49233.854592 59.68256028792555 84.79678631123461 731.3247906689351
60696 49683.854592 81.56861750986042 24.312392774780157 736.6308318585086
60696 50133.854592 63.941291086304894 -64.05035619136163 732.7717697299801
60696 50583.854592 37.519572072709806 -74.73925025524754 722.5066855645163
60696 51033.854592 10.498646513323575 -79.51711046057211 712.4242453764319
60696 51483.854592 -16.66062759195844 -83.48098923883289 709.6534512945792
60696 51933.854592 -43.66212441947204 -88.86400592382522 713.9155647109134
60696 52383.854592 -69.82625262941943 -103.91167798805431 719.6275124791781
60696 52833.854592 -78.14977276842895 141.91753711606987 721.2235621698962
60696 53283.854592 -53.35483591080649 110.06679880349427 717.1261799138123
60696 53733.854592 -26.522864298696877 103.08524346648724 711.8901187131099
60696 54183.854592 0.6058544377653141 98.91355800090972 711.7498449124782
60696 54633.854592 27.70160031226987 94.70212738579922 718.7689516368783
60696 55083.854592 54.442110695061736 87.4783790419295 728.9322939900219
60696 55533.854592 78.86514935379927 52.46183105720857 735.8151651877328
60696 55983.854592 68.99817390145351 -59.12743768623335 733.8974179950152
60696 56433.854592 42.86767124889794 -73.35288035077325 724.6319131166538
60696 56883.854592 15.91622319494839 -78.63425970320695 714.9945867643991
60696 57333.854592 -11.228190023078291 -82.58997371053097 710.9700393753767
60696 57783.854592 -38.27789789101206 -87.43368622844885 714.1271053631399
60696 58233.854592 -64.74701832701781 -98.58745374965892 719.7779164520167
60696 58683.854592 -81.27100500265948 167.57691832129777 721.840255303754
60696 59133.854592 -58.6551738595948 112.62204196260171 718.0036007637126
60696 59583.854592 -31.9522633710361 104.17244332804358 711.9507755650403
60696 60033.854592 -4.844324805699533 99.75833298435745 709.9915285478455
60696 60483.854592 22.29101005259167 95.71158446891323 715.8516522733689
60696 60933.854592 49.14842649531354 89.56409061716124 726.35435645846
60696 61383.854592 74.66804189464064 67.67040253002618 734.6545000505625
60696 61833.854592 73.83514190171354 -51.38145116622286 734.7852680591737
60696 62283.854592 48.194740545610955 -71.71609859282182 726.8092587727735
60696 62733.854592 21.329931666472564 -77.70655554094468 716.6837578194527
60696 63183.854592 -5.794420847915884 -81.73059735901096 711.7336479757358
60696 63633.854592 -32.88273140229543 -86.19477443772128 713.8077327350505
60696 64083.854592 -59.54771207023265 -94.95457153415151 719.4735063368971
60696 64533.854592 -81.56108161746309 -155.2554410293979 722.4073960569069
60696 64983.854592 -63.87743000461805 116.05884108726299 719.4478470130796
60696 65433.854592 -37.365386628174214 105.3880356626078 713.0420128756305
60696 65883.854592 -10.297971514611016 100.61697503303616 709.4301241495019
60696 66333.854592 16.858588436551727 96.65264105094397 713.4490406179337
60696 66783.854592 43.80433543230695 91.26208499880889 724.0042328974848
60696 67233.854592 69.87680938083584 76.18966457065997 732.4740358656416
60696 67683.854592 78.18128212919883 -37.77694640426477 733.8013630066483
60696 68133.854592 53.479976131504905 -69.71802109672868 726.8235014828568
60696 68583.854592 26.706495110784264 -76.71722609063185 716.4220086881054
60696 69033.854592 -0.39930917213991496 -80.89203385518611 711.332208669451
60696 69483.854592 -27.521440591811583 -85.1001502230384 712.860681593191
60696 69933.854592 -54.322513901306436 -92.30584034874869 719.0905052522126
60696 70383.854592 -78.83918140381661 -127.23366993408787 723.563907134421
60696 70833.854592 -68.94595960877724 120.97714756720077 721.9196079702506
60696 71283.854592 -42.73081680347788 106.77592044437536 715.6031977076068
60696 71733.854592 -15.729729881419365 101.5016590796837 710.625705583472
60696 72183.854592 11.426583792736912 97.54461979205387 712.4470502791494
60696 72633.854592 38.43835336489983 92.69179184524775 721.3268843034881
60696 73083.854592 64.83517639552677 81.499513604871 730.1602095140773
60696 73533.854592 81.26509761656492 -12.314940030181987 733.0932699804256
60696 73983.854592 58.72309582928336 -67.17141759814747 727.6480017928606
60696 74433.854592 32.08211280769592 -75.63457599761736 717.784440673303
60696 74883.854592 5.0115377199829645 -80.05181678143943 714.4431949388162
60696 75333.854592 -22.11041396470065 -84.09390591148511 714.9953742173002
60696 75783.854592 -49.006795619931864 -90.22613500472762 717.4035625234688
60696 76233.854592 -74.60807552772457 -112.0345539474172 725.1173554016093
60696 76683.854592 -73.83787543108406 128.80252290007226 727.7953765791182
60696 77133.854592 -48.161244943251155 108.44211017328236 723.8666640071209
60696 77583.854592 -21.2917688633146 102.45392597454651 718.3675006401475
60696 78033.854592 5.807304603916826 98.43262408313565 717.2529271394961
60696 78483.854592 32.84742832402609 93.97541818808692 721.734779176542
60696 78933.854592 59.447306111297756 85.26151837476037 728.9757097641905
60696 79383.854592 81.50892402681558 26.045963143942373 731.3953473451635
60696 79833.854592 64.09972618832575 -63.593802190498366 725.7824632424285
60696 80283.854592 37.631323673390284 -74.3820714263803 714.2005183014363
60696 80733.854592 10.599668569138547 -79.17144615304485 716.290086510271
60696 81183.854592 -16.522368836222952 -83.12962908508416 718.7781613228512
60696 81633.854592 -43.445221500326056 -88.4758534382434 726.2862411007129
60696 82083.854592 -69.53186430728428 -103.20870477763964 733.2093157335087
60696 82533.854592 -78.4481626652192 143.69562132081015 732.8713613143926
60696 82983.854592 -53.832611657205085 110.59840865578872 724.4006708596111
60696 83433.854592 -27.041457019033583 103.51082413904831 713.8204062365304
60696 83883.854592 0.09102130776407232 99.31840746199155 707.6433624683182
60696 84333.854592 27.242113815341348 95.1157730353613 709.4715814064962
60696 84783.854592 54.07120652499875 87.96440964485127 716.8717536970588
60696 85233.854592 78.66735061746436 53.84608177295148 722.7344998255505
60696 85683.854592 69.17307344785301 -58.577098273942084 722.8412034799146
60696 86133.854592 42.98812767277209 -72.9871141436161 717.9911807979947
60697 183.854592 16.012075789000534 -78.28815551338882 713.8962234385425
60697 633.854592 -11.118340257746246 -82.24404548028168 715.9340556664916
60697 1083.854592 -38.11017275338317 -87.06725937969186 723.957301799343
60697 1533.854592 -64.50547914641349 -98.06839352366266 731.6993681177563
60697 1983.854592 -81.38633240313156 170.06403172582927 733.2306504665588
60697 2433.854592 -59.06058947770116 113.18316948009824 726.3535271775295
60697 2883.854592 -32.41537595358673 104.59939305563712 715.0366087006025
60697 3333.854592 -5.329606470253157 100.16056996197806 709.7605536189274
60697 3783.854592 21.82877705715349 96.11925481953918 710.1691616129708
60697 4233.854592 48.749428357112045 90.02643933310706 716.7612890007775
60697 4683.854592 74.38958272758849 68.64422224636277 723.1672405499208
60697 5133.854592 74.0405685763629 -50.599959624493515 723.8528588857346
60697 5583.854592 48.35761736804367 -71.32989400535747 718.7919176931747
60697 6033.854592 21.45124913665259 -77.35529950669101 713.253917024513
60697 6483.854592 -5.6829248828152865 -81.38446886772967 713.2541793840534
60697 6933.854592 -32.73852961222524 -85.83672899345169 720.1252489564786
60697 7383.854592 -59.34901557078787 -94.51499761422224 728.6516538975807
60697 7833.854592 -81.47968654769028 -153.10206107012868 732.531141053525
60697 8283.854592 -64.21310462137693 116.65708632529986 728.1512159636072
60697 8733.854592 -37.7693316919744 105.81369260032928 718.3565160415923
60697 9183.854592 -10.734651433034417 101.01356841315244 714.1452231929203
60697 9633.854592 16.395190075527722 97.05590806529298 713.4710710643053
60697 10083.854592 43.366515822816105 91.7124482501983 719.7063913803565
60697 10533.854592 69.5028288972625 76.99828122611761 727.6248589084761
60697 10983.854592 78.44782637748729 -36.155014140198006 729.5090605887499
60697 11433.854592 53.816342633778504 -69.24677489711105 723.987752168985
60697 11883.854592 27.035611126640724 -76.326749226845 715.754798249508
60697 12333.854592 -0.07463875021917062 -80.51444652643987 712.0846901808483
60697 12783.854592 -27.184410240000663 -84.70738371408684 715.6063228044452
60697 13233.854592 -53.968038637743085 -91.8229096710398 723.0429768119186
60697 13683.854592 -78.5647387585501 -125.43485409713792 728.1979581918705
60697 14133.854592 -69.34281669142997 121.79012461634036 726.2330011745803
60697 14583.854592 -43.18474877859236 107.22967487818939 718.500687283754
60697 15033.854592 -16.202274546329498 101.90692798381069 710.9201396597729
60697 15483.854592 10.959497354635017 97.94684055091692 710.5887610271653
60697 15933.854592 38.002952129468426 93.1271123522934 716.0928244228503
60697 16383.854592 64.49404712012372 82.11540229126636 717.3790076259203
60697 16833.854592 81.34814721605197 -10.558281686191934 716.144180121698
60697 17283.854592 58.84751294415914 -66.77452066298176 713.3053730146322
60697 17733.854592 32.11008056658617 -75.29784754506638 706.2859137744731
60697 18183.854592 4.9596971073101255 -79.72679414137318 704.5800584236953
60697 18633.854592 -22.211975342227174 -83.77697100902851 711.8865756548566
60697 19083.854592 -49.08628106690115 -89.91692027486064 725.2633599256952
60697 19533.854592 -74.61347460493519 -111.70270691447269 736.0421819222889
60697 19983.854592 -73.90696215267258 129.27151027254462 738.3717706377253
60697 20433.854592 -48.30929389486934 108.8202243285061 731.8073752222043
60697 20883.854592 -21.486001260047598 102.81792716553934 721.901112059354
60697 21333.854592 5.604451703034842 98.79535012935385 715.4201639081809
60697 21783.854592 32.6730172203353 94.34612490495262 715.5198745960863
60697 22233.854592 59.33969864837426 85.66195807314128 718.9297264530844
60697 22683.854592 81.50426383912388 26.56829186405923 719.7593291843766
60697 23133.854592 64.04554317619548 -63.3109743453247 715.1874550933785
60697 23583.854592 37.50389901340139 -74.08108060009202 708.0175229039862
60697 24033.854592 10.400200010269202 -78.86884433718683 704.8937900078207
60697 24483.854592 -16.78577894843119 -82.83711084802783 710.4023868531598
60697 24933.854592 -43.74613459683164 -88.2230496526513 722.7600384384965
60697 25383.854592 -69.82117344830961 -103.23869015893393 734.3672709616036
60697 25833.854592 -78.24396728212008 143.01490269845578 738.5077796422858
60697 26283.854592 -53.60677886530484 110.83260488468188 733.32368485145
60697 26733.854592 -26.887071496746792 103.81385659172527 723.444669096227
60697 27183.854592 0.17945576320107198 99.63817048150607 715.7133270839706
60697 27633.854592 27.278716615427037 95.44290050163924 714.6686775353213
60697 28083.854592 54.08210576597371 88.29564720713677 718.0621384603927
60697 28533.854592 78.68200532483846 54.116788864322736 720.0130873249991
60697 28983.854592 69.1237132401344 -58.31019108085431 716.6305154583345
60697 29433.854592 42.9217594358213 -72.67412783099746 713.4033077489132
60697 29883.854592 15.899391648872466 -77.97353770602541 706.2935742337635
60697 30333.854592 -11.296693710422645 -81.9376253203634 706.4772048204002
60697 30783.854592 -38.36082012636599 -86.79179962082844 715.6234669196598
60697 31233.854592 -64.83834655602904 -98.00490626690654 717.3237531493385
60697 31683.854592 -81.2159274461077 167.3702851439968 717.5711653923295
60697 32133.854592 -58.48611898796424 113.19833746037962 713.1708569691946
60697 32583.854592 -31.757384892710043 104.79925021228642 707.5777163721385
60697 33033.854592 -4.607937849261555 100.38880506095597 704.0287348819171
60697 33483.854592 22.573731721219136 96.32747046680126 709.5710835789587
60697 33933.854592 49.46038705148113 90.11890108413859 721.8521440668337
60697 34383.854592 74.95879675516535 67.61087155353805 731.998929743079
60697 34833.854592 73.52455758107547 -51.35143923694353 734.5816710533416
60697 35283.854592 47.851461306480644 -71.1607273641042 729.1167490919057
60697 35733.854592 21.007730741940502 -77.09530689989873 720.9771088295075
60697 36183.854592 -6.085029913834091 -81.10991451101957 716.0896248818309
60697 36633.854592 -33.13895230993905 -85.5862982438348 717.7927081441915
60697 37083.854592 -59.77063059472952 -94.42630249744191 722.2043349582992
60697 37533.854592 -81.61362930332812 -156.0464612491241 723.2234630705995
60697 37983.854592 -63.66704931552519 116.56862199993219 717.8975175797816
60697 38433.854592 -37.1358377919176 106.00222906890072 713.6246478618134
60697 38883.854592 -10.061217846455143 101.24651813049795 705.9430209502073
60697 39333.854592 17.138854413692844 97.27188913972763 705.5512220574533
60697 39783.854592 44.15398636105216 91.82597419228536 712.9722217919987
60697 40233.854592 70.27837597655224 76.30797756022609 722.0520280876342
60697 40683.854592 77.80405268863123 -38.78154606115799 726.1180085354665
60697 41133.854592 52.93881980072587 -69.2712706309663 723.5611226478123
60697 41583.854592 26.149645348412225 -76.15240764557741 718.5665905660506
60697 42033.854592 -0.9331534955963768 -80.30529370471719 717.2737365884227
60697 42483.854592 -27.992313409555887 -84.52446992344339 721.8797949563169
60697 42933.854592 -54.712441732165246 -91.81467890858308 728.7841329568618
60697 43383.854592 -79.06184300526192 -127.85741111410749 731.7954362220815
60697 43833.854592 -68.68663545562869 121.33994540715776 726.8658976085866
60697 44283.854592 -42.476664330635586 107.37289856662417 715.8130285787129
60697 44733.854592 -15.485948973644005 102.12760488103594 710.3635703712929
60697 45183.854592 11.690843440447516 98.16812458239129 707.4401638098061
60697 45633.854592 38.756558036531565 93.27893589757626 712.4948024370378
60697 46083.854592 65.20523672567566 81.84827487869889 720.7208925493039
60697 46533.854592 81.08535152369635 -14.43914589665333 724.0607913964992
60697 46983.854592 58.2169539554617 -66.77917971242142 721.0349785484808
60697 47433.854592 31.525973839726564 -75.08160667193006 715.1552249745264
60697 47883.854592 4.439252299916893 -79.47089500589782 712.8005532608092
60697 48333.854592 -22.67749860445937 -83.52557151516424 717.3041151250092
60697 48783.854592 -49.533351558762305 -89.74198456108422 724.93335105332
60697 49233.854592 -75.0097963044435 -112.35406982724908 732.3443651616986
60697 49683.854592 -73.46424833803707 128.69190644631496 732.0435611712988
60697 50133.854592 -47.75544186441184 108.97323367248677 724.2766559549391
60697 50583.854592 -20.868784083108583 103.04676146079588 713.8387966348505
60697 51033.854592 6.272812939589783 99.02817950602523 710.8679873592495
60697 51483.854592 33.35279894434086 94.5357100198668 715.7946832916299
60697 51933.854592 59.9817777236227 85.61765241431259 723.3480409810777
60697 52383.854592 81.66100594283785 22.79604617881446 727.5059920424025
60697 52833.854592 63.51935824696134 -63.38156819012228 724.4686923763728
60697 53283.854592 37.0261024094015 -73.85891554745719 716.9594757894174
60697 53733.854592 9.977824823925694 -78.60083313523745 711.4472520149596
60697 54183.854592 -17.170378384020413 -82.56696437387636 713.3719333758722
60697 54633.854592 -44.14262663127169 -88.00299399810575 714.7418175904497
60697 55083.854592 -70.28771123483288 -103.53091529207303 715.234154225158
60697 55533.854592 -77.75394142531519 141.1523771800755 717.5184561450568
60697 55983.854592 -52.80200333782867 110.83494039581687 715.93798611914
60697 56433.854592 -25.974353966391828 103.97987879475534 714.880099646801
60697 56883.854592 1.1339265663935645 99.83101178641559 712.9714462254212
60697 57333.854592 28.23393273788114 95.59796399974488 716.0898084863919
60697 57783.854592 54.993094601070624 88.23219104702909 723.0090846240786
60697 58233.854592 79.28046643441009 51.004988595019924 727.2917599104753
60697 58683.854592 68.36041299018616 -58.878099298799974 724.592447684686
60697 59133.854592 42.119463972816064 -72.5589629145764 716.6606799279831
60697 59583.854592 15.113222123379119 -77.76505779041162 709.8587824732961
60697 60033.854592 -12.05496336335965 -81.71979982438135 710.1864582878916
60697 60483.854592 -39.08905469019458 -86.6312243494823 716.6926822645316
60697 60933.854592 -65.49118034026402 -98.22385691846037 726.0518304707672
60697 61383.854592 -80.98079992725647 164.21227713864826 730.2476629762801
60697 61833.854592 -58.0133729268672 113.27188397675148 726.7211706174647
60697 62283.854592 -31.353920517508485 105.04670584170339 719.1364304382491
60697 62733.854592 -4.286867805207718 100.67119694595469 714.1627446204051
60697 63183.854592 22.8290500999014 96.61439949905488 710.6552697632234
60697 63633.854592 49.72409477215618 90.35992891938577 714.7306137795825
60697 64083.854592 75.25357123984332 67.19519284324087 718.4852761006749
60697 64533.854592 73.1073049415191 -51.854627722533074 719.6092676697189
60697 64983.854592 47.26426166405749 -71.02019997926081 716.840975172928
60697 65433.854592 20.33623367434498 -76.87595898830979 717.5216530563583
60697 65883.854592 -6.773964760304225 -80.87902009228952 715.9747825190773
60697 66333.854592 -33.830580258150036 -85.39668495570001 718.1683385215705
60697 66783.854592 -60.426017208824746 -94.47963325840082 726.030284913089
60697 67233.854592 -81.74880709272159 -160.05256442307032 729.6047899998001
60697 67683.854592 -63.110050018781465 116.47820062246339 725.5459089017608
60697 68133.854592 -36.603935618992125 106.21014797950869 716.6924149268647
60697 68583.854592 -9.56481640161378 101.5024825106355 714.8036502798343
60697 69033.854592 17.561471967529585 97.53592851951791 714.1715268683294
60697 69483.854592 44.522013493633025 92.05433131621294 716.2697305510338
60697 69933.854592 70.60783062199229 76.186526852472 715.5625320883172
60697 70383.854592 77.4888813001417 -39.76541855136905 716.9104702022593
60697 70833.854592 52.47190216244271 -69.1292793597377 712.914800152332
60697 71283.854592 25.595896658280914 -75.92122285786574 706.4453138259621
60697 71733.854592 -1.586274718013442 -80.06832308502075 704.3977576362984
60697 72183.854592 -28.735924057892934 -84.33076873643307 711.4541284076623
60697 72633.854592 -55.49962127833035 -91.83318320239565 724.5941459597639
60697 73083.854592 -79.59360154892313 -130.92308748684488 732.5478116343287
60697 73533.854592 -67.94824406436189 120.83817748658151 732.3637350080429
60697 73983.854592 -41.744215086665164 107.51058721216664 725.2915853879247
60697 74433.854592 -14.797120236808977 102.35212099749188 717.5250769405845
60697 74883.854592 12.318892104100978 98.40493191760824 715.2698047034646
60697 75333.854592 39.322837054300074 93.47508185855374 719.047479245963
60697 75783.854592 65.70957907724117 81.74079265240839 724.0288114738519
60697 76233.854592 80.86052756126826 -17.116106548147556 724.2476213829269
60697 76683.854592 57.70154142196697 -66.71831749792578 717.7453469026096
60697 77133.854592 30.971521185708824 -74.86015570995882 710.1054253311814
60697 77583.854592 3.835213048567628 -79.22730883039867 705.9447373968189
60697 78033.854592 -23.333016420016826 -83.3060820536634 710.4341266202424
60697 78483.854592 -50.21912480734666 -89.65153571485806 720.5209559606528
60697 78933.854592 -75.61551010765801 -113.63381238130097 729.130312513459
60697 79383.854592 -72.81081474233405 127.76590046799413 730.7047830089
60697 79833.854592 -47.019619867464336 109.07291626015383 725.1378450092482
60697 80283.854592 -20.137170597781637 103.25893205632838 717.947543217546
60697 80733.854592 6.984143583862962 99.25615717145234 714.0942790002152
60697 81183.854592 34.03699948551033 94.72403347373023 718.4592171690713
60697 81633.854592 60.627559918654974 85.55720066655752 725.1304140161159
60697 82083.854592 81.780141495665 18.576976624923574 727.6106096306773
60697 82533.854592 62.88025060919259 -63.51439919857197 722.844597247058
60697 82983.854592 36.343660072159715 -73.67876099939585 714.6830016204128
60697 83433.854592 9.284219227486606 -78.37168713023624 709.8225292782771
60697 83883.854592 -17.877378267312725 -82.34833982113977 711.2273107799533
60697 84333.854592 -44.84673819780258 -87.87481403311591 717.8755524859935
60697 84783.854592 -70.8839750733203 -104.05338983356589 726.2968872127876
60697 85233.854592 -77.32041240289128 139.75704267491926 728.8762175445897
60697 85683.854592 -52.32667106631997 110.98368384345501 724.2631235326857
60697 86133.854592 -25.523463190581595 104.23371770382599 717.1691073558159
60698 183.854592 1.5788114540778073 100.09938138277349 714.0593735078511
60698 633.854592 28.673037086752107 95.84677706661115 716.2794746960471
60698 1083.854592 55.445108423277965 88.35651381693076 719.7241385353208
60698 1533.854592 79.58441643371731 49.30070479358189 726.8445153304078
60698 1983.854592 67.92112895560423 -59.02374711538378 727.0249421124003
60698 2433.854592 41.680662113168815 -72.3396134966816 721.4827735100486
60698 2883.854592 14.713019058425514 -77.49501459893928 716.1723683733409
60698 3333.854592 -12.407532487035553 -81.44297560673434 716.3655931592319
60698 3783.854592 -39.41417000658248 -86.38180842125664 719.6178530274486
60698 4233.854592 -65.7806361238193 -98.15790825278921 727.7130503587481
60698 4683.854592 -80.8430759443771 162.83811410839934 730.2372727816853
60698 5133.854592 -57.71401642326644 113.454110311825 725.0121497676602
60698 5583.854592 -31.029159891241196 105.31705111568351 716.0476965652012
60698 6033.854592 -3.9426875003491166 100.95410407249922 713.9080671028811
60698 6483.854592 23.177243624357942 96.88642686553898 715.0776083305935
60698 6933.854592 50.040088821591944 90.57845884902821 721.3669845655843
60698 7383.854592 75.47208265499215 66.93337197981869 726.2544549105339
60698 7833.854592 72.93484977487726 -51.84490561641935 724.7092544670421
60698 8283.854592 47.10486869753185 -70.73794901517596 717.2755409320068
60698 8733.854592 20.162791480049467 -76.57307523269532 709.8408861472259
60698 9183.854592 -7.004105071844733 -80.58185332716492 708.9106436104217
60698 9633.854592 -34.087988617664266 -85.12032913894467 715.1608070753755
60698 10083.854592 -60.700965206303565 -94.31847410230006 712.2494062307761
60698 10533.854592 -81.80336794328805 -162.3349452790309 720.7891079958918
60698 10983.854592 -62.71187286870725 116.52621165023304 723.9685503699502
60698 11433.854592 -36.20733867084443 106.45487111355763 722.8584404710407
60698 11883.854592 -9.220724976258373 101.78419556640931 722.7306402503805
60698 12333.854592 17.82811503395563 97.82582150671662 727.183593010608
60698 12783.854592 44.66947542900999 92.34389230561858 734.4608354183731
60698 13233.854592 70.6172615541169 76.50405376008753 738.5515744120156
60698 13683.854592 77.59812282436516 -38.993777770543694 734.0724816524299
60698 14133.854592 52.69079554464833 -68.71182011990702 721.2408027542875
60698 14583.854592 25.838275469684866 -75.54697634673717 706.2610596931409
60698 15033.854592 -1.3683620602326463 -79.70513541395974 698.0715853564759
60698 15483.854592 -28.586768665022877 -83.9699021875664 700.3790749157856
60698 15933.854592 -55.447147267770646 -91.47416311971905 710.0797319725931
60698 16383.854592 -79.62740774287728 -130.81079353634723 720.9901672133866
60698 16833.854592 -67.83340236598067 121.04208112726029 725.2267479926032
60698 17283.854592 -41.58977633098654 107.80188729069764 724.1204778997043
60698 17733.854592 -14.656302326758063 102.66314024122183 722.6924416757488
60698 18183.854592 12.402405571937006 98.72615961646858 725.4480934574157
60698 18633.854592 39.316921852742624 93.81192884194901 731.9846981485341
60698 19083.854592 65.60998611685672 82.16898430182026 736.9063241346097
60698 19533.854592 80.9506693150967 -15.681158913661038 734.2983702321125
60698 19983.854592 57.94905922805645 -66.26254273349934 723.0535782395974
60698 20433.854592 31.229586621419 -74.47880155593553 708.4581929399857
60698 20883.854592 4.061892543156424 -78.86218889708653 699.1007869822375
60698 21333.854592 -23.175108369167376 -82.94514118817541 699.9293506580066
60698 21783.854592 -50.14372201257446 -89.28810716615253 709.0701639197658
60698 22233.854592 -75.61801468318481 -113.29253973846437 721.4164664465459
60698 22683.854592 -72.77149445672434 128.01437022227992 726.6139945751474
60698 23133.854592 -46.96040212600275 109.38385051316467 725.5422375171426
60698 23583.854592 -20.097140899232844 103.58414738787448 722.77868087501
60698 24033.854592 6.962312650524742 99.59262075809399 723.5785692130855
60698 24483.854592 33.938273068021786 95.07971329087212 728.9479534419539
60698 24933.854592 60.45869130042385 85.99909571631126 734.3728579555215
60698 25383.854592 81.7461541157594 20.5415899575555 733.635311616773
60698 25833.854592 63.13407804602057 -63.004500191051825 724.3593959948249
60698 26283.854592 36.59828319952523 -73.29178400317801 710.8194593748252
60698 26733.854592 9.483973244941557 -78.01035970910559 700.7944808567221
60698 27183.854592 -17.756755181981262 -81.99604642044625 700.180839719895
60698 27633.854592 -44.80252370684802 -87.5271516885224 708.5125476840308
60698 28083.854592 -70.89139206394464 -103.72388852799781 721.1470592697609
60698 28533.854592 -77.29692209486308 139.9846612251062 727.3009085745325
60698 28983.854592 -52.297989244136254 111.30144987268054 726.5822070307565
60698 29433.854592 -25.524944312495098 104.5650136269415 722.9010541815811
60698 29883.854592 1.5246687053574013 100.43929211369912 722.0119567125454
60698 30333.854592 28.548126259015817 96.2030850722108 726.150815102861
60698 30783.854592 55.2287683242674 88.7884354285492 731.842541006492
60698 31233.854592 79.39946895441328 50.889141857660185 732.8567086738814
60698 31683.854592 68.21101484463153 -58.375819191034104 725.6503046854097
60698 32133.854592 41.950602594511714 -71.93773812681643 713.2012306230254
60698 32583.854592 14.904513172009015 -77.13330590961635 702.8380197424599
60698 33033.854592 -12.32826598347788 -81.09826083027197 700.738546203471
60698 33483.854592 -39.43128074124116 -86.05273592599688 707.982705577034
60698 33933.854592 -65.86010134463992 -97.89539756165307 719.6278669394751
60698 34383.854592 -80.7840793864676 162.45600303527675 726.8034365498469
60698 34833.854592 -57.584509476312995 113.71926933692946 726.9545783881013
60698 35283.854592 -30.9302721442141 105.6298007544607 723.0788654020196
60698 35733.854592 -3.903016697435706 101.2806019044826 721.0873416409827
60698 36183.854592 23.15185900604201 97.22293140400741 724.2258925888021
60698 36633.854592 49.94718373688841 90.94295294713092 730.0940590668645
60698 37083.854592 75.34436539376729 67.60664638579772 732.6958756000228
60698 37533.854592 73.100430527919 -51.19463970309923 727.4548466629277
60698 37983.854592 47.29618058085077 -70.34416317829185 715.709343102047
60698 38433.854592 20.330472219113723 -76.21291032331725 704.2872016276414
60698 38883.854592 -6.889917997448495 -80.23324315176951 700.7192294451652
60698 39333.854592 -34.04054788414174 -84.77952158454087 706.8522087414794
60698 39783.854592 -60.69572997851551 -93.98695854002646 717.0297658035927
60698 40233.854592 -81.79589335887032 -161.70094870514097 725.0900804629449
60698 40683.854592 -62.77904641761242 116.9093187240415 726.6942182062469
60698 41133.854592 -36.290409181146366 106.80610957659287 723.4381567342173
60698 41583.854592 -9.300129528638804 102.12762459780288 721.0196653110437
60698 42033.854592 17.769503952341204 98.16589583929103 723.544956067933
60698 42483.854592 44.644145883938265 92.68057330526855 729.6231963304969
60698 42933.854592 70.62772702332263 76.81409026270723 733.6048657673259
60698 43383.854592 77.56117884559838 -38.799096897815346 730.0670613164373
60698 43833.854592 52.6208710086803 -68.40498760316441 719.0018757218966
60698 44283.854592 25.75547504474357 -75.22922903672931 705.584122388761
60698 44733.854592 -1.4463506410729567 -79.38535441936328 700.043203514845
60698 45183.854592 -28.640131593092608 -83.65061095444834 704.5198699235526
60698 45633.854592 -55.46238047873547 -91.15481360884205 715.1507774144667
60698 46083.854592 -79.61596487397085 -130.4246948830971 723.3804277047512
60698 46533.854592 -67.85985927061903 121.40783153645586 726.5750917476078
60698 46983.854592 -41.624125020016244 108.14302138737622 724.1603712715054
60698 47433.854592 -14.686436289595235 102.99820262827023 721.4073479168848
60698 47883.854592 12.386412545359388 99.05766710020654 723.1001420174282
60698 48333.854592 39.321614596782446 94.13816124261756 729.0467600024124
60698 48783.854592 65.63501060602218 82.47018360579598 734.0589218198701
60698 49233.854592 80.9278669436271 -15.611781761370912 732.1452373968045
60698 49683.854592 57.8913299671482 -65.9589742498375 722.0360533393904
60698 50133.854592 31.165364936619174 -74.16012275033435 708.5508841930637
60698 50583.854592 4.003208780760386 -78.54029583883953 700.50533186268
60698 51033.854592 -23.21873206905507 -82.62298282987523 702.306990404058
60698 51483.854592 -50.16658862797104 -88.96789325299623 711.9538030656852
60698 51933.854592 -75.6240866560036 -112.98644448112812 724.2760714142483
60698 52383.854592 -72.77872530545247 128.36241372676858 728.2372311609882
60698 52833.854592 -46.975612271294196 109.71935857252046 725.6129427974679
60698 53283.854592 -20.107304207214188 103.91544728184404 721.2872959664724
60698 53733.854592 6.968682018564981 99.92078509289946 720.8642067282959
60698 54183.854592 33.96884556383692 95.40214361713417 725.5764955310092
60698 54633.854592 60.51266716187931 86.2949830808261 731.1941208590688
60698 55083.854592 81.75909878859639 20.337945109656367 731.3489508691256
60698 55533.854592 63.048434883986445 -62.737943277323104 723.4582540631708
60698 55983.854592 36.50782342848937 -72.98248461984304 711.8055688252545
60698 56433.854592 9.407764563853753 -77.69156289971757 703.356856760389
60698 56883.854592 -17.809842542829887 -81.67381398127432 703.5202652178364
60698 57333.854592 -44.82930550251323 -87.20312734278828 711.8704832513164
60698 57783.854592 -70.91234116731007 -103.41891851783957 716.7570251461916
60698 58233.854592 -77.23068020733211 140.05194919301817 716.3523289189621
60698 58683.854592 -52.14406118371223 111.5685053303769 716.7848212161715
60698 59133.854592 -25.285989683854837 104.85106405721092 710.1131501673277
60698 59583.854592 1.867957312486309 100.71907841678258 708.2245454767726
60698 60033.854592 28.989572113720428 96.45090199849035 715.0678196149291
60698 60483.854592 55.777958981990565 88.87106246760422 716.6873388732226
60698 60933.854592 79.81637675202714 48.31524203937185 722.3242096596928
60698 61383.854592 67.54185923775916 -58.77341344517708 722.6128698073221
60698 61833.854592 41.247445212987095 -71.79139747348565 718.2197949926589
60698 62283.854592 14.25726356407499 -76.90279461161117 714.8823006664788
60698 62733.854592 -12.863657471651516 -80.84777176250786 717.5606785053263
60698 63183.854592 -39.82969350072521 -85.81649457011181 725.6188923545714
60698 63633.854592 -66.13376848492373 -97.80677207032119 733.4464866133632
60698 64083.854592 -80.68792460051442 161.64138175872267 734.4421492149906
60698 64533.854592 -57.41258813106902 113.95565782467209 726.8188326000427
60698 64983.854592 -30.722443949029408 105.9163791442623 715.3114670661788
60698 65433.854592 -3.616956573391236 101.56827488820875 708.0338747244698
60698 65883.854592 23.550623876648206 97.48548469051602 708.3551550977992
60698 66333.854592 50.458333745445664 91.0944741086326 715.1118625782113
60698 66783.854592 75.86214769062703 66.50625579603512 721.2611058055962
60698 67233.854592 72.49285649386638 -51.9928580176849 722.0684034880545
60698 67683.854592 46.60260359935573 -70.23184846167537 717.660029849757
60698 68133.854592 19.66747829017206 -75.99097670761682 713.3586158023818
60698 68583.854592 -7.463965002733366 -79.98598616221989 714.8545103535373
60698 69033.854592 -34.49050551783766 -84.54219325733398 723.0663910007098
60698 69483.854592 -61.025242050184936 -93.85783654421616 731.7192490941515
60698 69933.854592 -81.82672862964654 -163.10401958686822 734.7585251369238
60698 70383.854592 -62.58702542989353 117.0991007360714 729.036126987028
60698 70833.854592 -36.07864195930907 107.08767801733312 717.8483456462399
60698 71283.854592 -9.016898063380955 102.41564009355638 707.4734559627537
60698 71733.854592 18.17116612032115 98.43304909086545 706.7468959241885
60698 72183.854592 45.1679044336796 92.86205983902933 713.5152788595482
60698 72633.854592 71.21497539920774 76.28819039324947 717.7965599480654
60698 73083.854592 76.96563077150032 -40.74333484103574 715.5883749714584
60698 73533.854592 51.76708032735038 -68.40747962387292 713.9452483502763
60698 73983.854592 24.8550022118603 -75.05750279522401 701.7763866259855
60698 74433.854592 -2.376063663397671 -79.18803333686485 697.2948248935879
60698 74883.854592 -29.580355122050435 -83.49629347736617 703.4395357604892
60698 75333.854592 -56.38092767036623 -91.2510518987545 715.7699066501389
60698 75783.854592 -80.16574943241997 -134.37017063903866 726.6756611168385
60698 76233.854592 -67.02238158569722 120.87071383047036 730.9130540356069
60698 76683.854592 -40.77004351158859 108.25618925325713 728.6838743470096
60698 77133.854592 -13.856193688692457 103.20255370053094 725.2545639080516
60698 77583.854592 13.192352380150702 99.26728734287146 725.4690809503927
60698 78033.854592 40.109419781301604 94.27722425805814 729.3401562633118
60698 78483.854592 66.39031982583 82.11025631981889 732.0114511047103
60698 78933.854592 80.53247335120555 -19.804210253100052 728.0604208733591
60698 79383.854592 57.0555851306032 -66.0506222540257 716.812311139852
60698 79833.854592 30.27109306035981 -74.00224280416018 703.3707578823197
60698 80283.854592 3.069630253772626 -78.3434973213768 697.0379783753249
60698 80733.854592 -24.166590033611403 -82.45488835361725 701.3680888364962
60698 81183.854592 -51.09520034842353 -88.97419511263864 713.3679050654828
60698 81633.854592 -76.37937820724345 -114.9183675043471 725.3136969812456
60698 82083.854592 -71.96704364814036 127.28245134270165 731.1882134479708
60698 82533.854592 -46.10256857499984 109.78602835547511 729.8865863761829
60698 82983.854592 -19.257762579392363 104.11059161879389 726.0794496560777
60698 83433.854592 7.783879586387412 100.13358953276757 725.18155126464
60698 83883.854592 34.750013497753194 95.56743301264018 728.4049947810726
60698 84333.854592 61.25625578344236 86.15720922441203 731.632076200981
60698 84783.854592 81.8466530651035 15.206946396172192 729.1184594558534
60698 85233.854592 62.277168544360954 -62.94515656321462 718.9970452117492
60698 85683.854592 35.666616276434134 -72.83461972978918 705.3168375302624
60698 86133.854592 8.508706949452362 -77.49213704100107 697.2439314430314
60699 183.854592 -18.747101159059415 -81.49302394014028 699.5397114150637
60699 633.854592 -45.773982138625975 -87.15188262839541 710.7879784542664
60699 1083.854592 -71.76194966734494 -104.40983636141974 724.1394718189737
60699 1533.854592 -76.56026807517799 138.04109537952053 731.533901948851
60699 1983.854592 -51.41091146891463 111.62708801584455 731.196225965556
60699 2433.854592 -24.655853117954216 105.07519263795766 727.029634966593
60699 2883.854592 2.369422688806571 100.97949644698315 724.8465743759378
60699 3333.854592 29.374322240488915 96.70881971672932 727.0757717370649
60699 3783.854592 56.03782219260527 89.07735344638115 730.5420031610654
60699 4233.854592 79.92306253153777 47.80087073091348 729.4425301246221
60699 4683.854592 67.39075014871759 -58.59297354891246 720.8043798504114
60699 5133.854592 41.037060701261346 -71.512201681711 707.769536395681
60699 5583.854592 13.940523969289757 -76.61991318537703 698.3030416858104
60699 6033.854592 -13.319504094575477 -80.5866520005681 698.4581361120853
60699 6483.854592 -40.42063420098823 -85.63359332598542 708.4068701101227
60699 6933.854592 -66.79623928668238 -98.11071777177305 722.4748744945975
60699 7383.854592 -80.29208166205585 158.01971864587364 731.2022874137414
60699 7833.854592 -56.680524259041086 113.92888302449838 731.9848489184964
60699 8283.854592 -30.040819079370074 106.11837584126226 727.785039983155
60699 8733.854592 -3.0406581574389424 101.81772607960662 724.5501291239568
60699 9183.854592 23.99245780650697 97.74088291958628 725.7667789035498
60699 9633.854592 50.770800232005406 91.31130300664881 729.3648027608738
60699 10083.854592 76.0472215837494 66.28386487322258 729.6856057036438
60699 10533.854592 72.32138416979937 -51.95889910991231 722.7501022073462
60699 10983.854592 46.386359041759455 -69.96612254575213 710.6985329593933
60699 11433.854592 19.372813139934653 -75.70719970770304 700.2808664999869
60699 11883.854592 -7.8750867301502545 -79.7145130516628 698.2543854169805
60699 12333.854592 -35.03028609556418 -84.32532704444779 706.4557764184557
60699 12783.854592 -61.64952053827869 -93.92709271001442 719.8588941126848
60699 13233.854592 -81.86764045956917 -167.82815199895452 729.6718765598073
60699 13683.854592 -61.89349047741399 116.95596371480357 731.8197148962485
60699 14133.854592 -35.4089348621028 107.27382457304614 728.1153657787726
60699 14583.854592 -8.443017991497378 102.66424404967982 724.3564665666676
60699 15033.854592 18.607541153815482 98.69676466743675 724.8080673602689
60699 15483.854592 45.47119663570629 93.10737403730089 728.524955350555
60699 15933.854592 71.40236457801741 76.33765330459681 730.1967033562436
60699 16383.854592 76.87866570452631 -40.72756565017414 725.0096346898388
60699 16833.854592 51.71234894128349 -68.09817496630585 713.5843077989896
60699 17283.854592 24.800693793986813 -74.73535670569362 702.2766636314166
60699 17733.854592 -2.4245495377423043 -78.86223064344048 698.3348117131302
60699 18183.854592 -29.61923076568102 -83.16948157300574 704.8231113666075
60699 18633.854592 -56.40782800951721 -90.92699606533756 717.2220672975678
60699 19083.854592 -80.17728687971646 -134.1095800399745 727.8891944746072
60699 19533.854592 -67.01436274607136 121.18884393963546 731.562886742264
60699 19983.854592 -40.763342507468536 108.58518829953407 728.653397383292
60699 20433.854592 -13.846398898791678 103.53354401247215 724.5731034655943
60699 20883.854592 13.209596687387158 99.59865778859518 724.2835271350559
60699 21333.854592 40.13672238079532 94.6065788619963 727.9283708936545
60699 21783.854592 66.42674191416641 82.4175670286666 730.7137601536988
60699 22233.854592 80.51184990216164 -19.722872624836402 727.1846251626984
60699 22683.854592 57.00750476631252 -65.7470660223087 716.5580172838849
60699 23133.854592 30.221588946021782 -73.68094689400876 703.7033884918548
60699 23583.854592 3.0256115973937074 -78.01728895295726 698.216497684622
60699 24033.854592 -24.1989203865096 -82.12643430151923 703.1535854213635
60699 24483.854592 -51.112363788691844 -88.64398650932752 715.2647892877948
60699 24933.854592 -76.38379318895845 -114.58360803361558 726.8917424401252
60699 25383.854592 -71.97436631136193 127.61600197158081 732.1900824913923
60699 25833.854592 -46.114329780802805 110.11863679913833 730.1187269168865
60699 26283.854592 -19.2680332786091 104.44358577898244 725.5074200019599
60699 26733.854592 7.780934342073994 100.46689016416764 723.9390304281761
60699 27183.854592 34.75838487557002 95.90008305083917 726.7762728356819
60699 27633.854592 61.2767014588881 86.48154382680514 730.021332449759
60699 28083.854592 81.85105739982218 15.317720456681315 727.9013196521031
60699 28533.854592 62.2409639698946 -62.64160760994392 718.446109820548
60699 28983.854592 35.625672994356854 -72.5124236325522 705.2808617874394
60699 29433.854592 8.47085586784527 -77.1654384845871 698.2161514389811
60699 29883.854592 -18.774058973044124 -81.16419199129791 701.3204207157974
60699 30333.854592 -45.785334077593156 -86.82093706361957 712.9448477216425
60699 30783.854592 -71.75992262742967 -104.06825281219433 725.8112357861678
60699 31233.854592 -76.5725812443196 138.40467007466313 732.7435510279572
60699 31683.854592 -51.43168401170188 111.96478980386506 731.7037031501898
60699 32133.854592 -24.67761981716612 105.41033639681208 726.7370934530426
60699 32583.854592 2.352983129454724 101.31394492960523 723.8224521567221
60699 33033.854592 29.36810877902723 97.04260540985497 725.5395218793226
60699 33483.854592 56.043910078431274 89.40751481982645 728.8581461471272
60699 33933.854592 79.93393179396911 48.04855567151609 727.9862632338974
60699 34383.854592 67.36499231556115 -58.28626274725794 719.8860910400116
60699 34833.854592 41.003675324963794 -71.18767926318601 707.3348194646683
60699 35283.854592 13.906859077569143 -76.29223559783914 698.7892149386969
60699 35733.854592 -13.34581929904796 -80.25812496428524 699.7932590408258
60699 36183.854592 -40.4341669377695 -85.30501524575382 710.2969920941856
60699 36633.854592 -66.79660270575316 -97.7806314493049 724.3392254201678
60699 37083.854592 -80.29815891099241 158.41610143719362 732.698601819808
60699 37533.854592 -56.70121562905611 114.27231173402289 732.8052261108529
60699 37983.854592 -30.065247119740913 106.45564966289189 727.7601373198991
60699 38433.854592 -3.061614411063993 102.15291390066515 723.6722054817579
60699 38883.854592 23.981060338328767 98.07465250780662 724.2337502858534
60699 39333.854592 50.772439764542156 91.64178941175246 727.5171286544175
60699 39783.854592 76.05949082959224 66.5735245395871 727.9072476516832
60699 40233.854592 72.29594299620551 -51.66567413872892 721.4069613675525
60699 40683.854592 46.3497137601091 -69.64334429013118 710.0497458628278
60699 41133.854592 19.333956860832263 -75.38084844679653 700.4524361192771
60699 41583.854592 -7.909466918751484 -79.38812549279326 699.1872793465386
60699 42033.854592 -35.05483985094361 -84.00080980118656 707.9414974852114
60699 42483.854592 -61.6610344833061 -93.60813540534544 721.8648872922968
60699 42933.854592 -81.86523260642687 -167.48329676819588 731.4025035268585
60699 43383.854592 -61.90535081335153 117.2993360151382 732.887880547986
60699 43833.854592 -35.426618388363025 107.61001533447481 728.3014072757394
60699 44283.854592 -8.458777989423075 102.9974996614127 723.6042270738824
60699 44733.854592 18.600490936091433 99.02750436780623 723.2711203262688
60699 45183.854592 45.477415399259215 93.43312476546537 726.5576074909144
60699 45633.854592 71.42101986941077 76.62969378583993 728.2000061865016
60699 46083.854592 76.84868649619978 -40.48649205511429 723.3922345830393
60699 46533.854592 51.66681436145662 -67.78126101979211 712.7870094522398
60699 46983.854592 24.755237126711325 -74.41148610300097 702.7059608731903
60699 47433.854592 -2.464583351759824 -78.53760268956812 699.3005914769666
60699 47883.854592 -29.6502152284333 -82.84650954717536 706.079929141064
60699 48333.854592 -56.42652451446398 -90.60979348328271 718.6634190725874
60699 48783.854592 -80.18015040365569 -133.8311161400293 729.1194256906774
60699 49233.854592 -67.01235232044525 121.52290303413551 732.2481482610827
60699 49683.854592 -40.7646245138224 108.91711637676534 728.655325762187
60699 50133.854592 -13.845274897702454 103.86336132876079 723.887777618027
60699 50583.854592 13.218286928991608 99.92625925325757 722.9985817217395
60699 51033.854592 40.15646180712866 94.92938506622724 726.3026161544586
60699 51483.854592 66.45687885695004 82.71407753806994 729.1005439886545
60699 51933.854592 80.48798958523905 -19.617011428903897 725.9302888108195
60699 52383.854592 56.95765229443511 -65.44018144899023 715.8914914166876
60699 52833.854592 30.169729220823623 -73.360448558506 703.9176989440022
60699 53283.854592 2.9782491935349404 -77.69387682234638 699.2372153683953
60699 53733.854592 -24.236031095623908 -81.8027552294736 704.7414765923918
60699 54183.854592 -51.134783330835155 -88.32232767720868 716.9739301150071
60699 54633.854592 -76.39122328098829 -114.27770643959522 728.4744926919099
60699 55083.854592 -71.97534252127905 127.94714374921237 733.2717178599693
60699 55533.854592 -46.12097749015638 110.44978196990526 730.4793079262761
60699 55983.854592 -19.274553308234204 104.7735919038185 725.073776670207
60699 56433.854592 7.780636700175785 100.79598791939988 722.7895515275632
60699 56883.854592 34.76893671936555 96.2275301880053 725.1546012111706
60699 57333.854592 61.299540783715834 86.79838469666545 728.3118840575006
60699 57783.854592 81.85477173563977 15.396208467704101 726.4951802597487
60699 58233.854592 62.19912579528764 -62.344168955702386 717.6319839910957
60699 58683.854592 35.579322287245795 -72.19407029426245 705.1967128703483
60699 59133.854592 8.428215992453351 -76.84196253463075 699.4315314120811
60699 59583.854592 -18.80331180054714 -80.83787928769361 703.5769648231662
60699 60033.854592 -45.79441616572558 -86.49061867089341 715.5962426970481
60699 60483.854592 -71.75118946214715 -103.71417939273867 728.1450593324641
60699 60933.854592 -76.5959827884343 138.79588388605416 734.5601650812779
60699 61383.854592 -51.469115048694704 112.30406826697775 732.6264384122512
60699 61833.854592 -24.71817967699487 105.74481073790834 726.5539680880273
60699 62283.854592 2.318007871345248 101.64768879647971 722.5762741049148
60699 62733.854592 29.34602012916174 97.37694510822082 723.5388511545697
60699 63183.854592 56.03882944400639 89.74265644092664 726.5854455666987
60699 63633.854592 79.94242583858603 48.33455377982102 725.9549104086989
60699 64083.854592 67.34322501552344 -57.98556459322541 718.5328467580752
60699 64533.854592 40.970391786226934 -70.86862055269732 706.4994349689051
60699 64983.854592 13.872543962112069 -75.96819190414887 699.6343282752429
60699 65433.854592 -13.367598048406235 -79.93063171697057 702.1995670542944
60699 65883.854592 -40.43324589097737 -84.97198846119224 713.6665439425295
60699 66333.854592 -66.77406613155638 -97.42064865031818 727.3426961675011
60699 66783.854592 -80.3263994637106 158.97146145199252 735.3683575107199
60699 67233.854592 -56.7640718719216 114.62738330325755 734.5739656751235
60699 67683.854592 -30.13760443368221 106.79699492978457 728.2121653080899
60699 68133.854592 -3.1320689029155635 102.49210012034943 722.7112032386525
60699 68583.854592 23.9231273608035 98.41515514357603 722.0966105293567
60699 69033.854592 50.734722904445164 91.98822452086287 724.7000996774935
60699 69483.854592 76.04738435338837 66.9520569615768 725.0343696716694
60699 69933.854592 72.29394431239365 -51.34769510554178 719.0997906888524
60699 70383.854592 46.329299887720886 -69.32198690319706 708.1635843013634
60699 70833.854592 19.30362311279369 -75.05640690087404 700.248824585612
60699 71283.854592 -7.933984422342587 -79.0612869891881 700.925557981076
60699 71733.854592 -35.05983932239495 -83.67041013168853 711.2414402808208
60699 72183.854592 -61.64240013145177 -93.26244593602881 725.7241540705197
60699 72633.854592 -81.86598075842419 -166.801842550804 735.2027047590409
60699 73083.854592 -61.97786001905406 117.67530025881022 735.8005890424487
60699 73533.854592 -35.51767054356373 107.95899856468418 729.6556056717201
60699 73983.854592 -8.553655504843016 103.34137706914491 723.0890993024144
60699 74433.854592 18.516281233799965 99.37149377569551 721.0895130904499
60699 74883.854592 45.41550536141627 93.78275657790572 723.2298449292376
60699 75333.854592 71.38969803426335 77.01234357588595 724.4669671032353
60699 75783.854592 76.85550280085785 -40.13747715969637 720.0593010279233
60699 76233.854592 51.65192071316781 -67.45755064303816 710.7646195306144
60699 76683.854592 24.729281587137976 -74.08601754530221 702.0332775050484
60699 77133.854592 -2.4897843221770897 -78.21106828817497 700.2195488151177
60699 77583.854592 -29.662930225494577 -82.51880997031859 708.3906469266215
60699 78033.854592 -56.41824109329675 -90.27596586986783 722.38153769377
60699 78483.854592 -80.15844798703647 -133.31628502043773 732.9515601147821
60699 78933.854592 -67.07249013226864 121.91471875149233 735.2597670395011
60699 79383.854592 -40.845431639119326 109.26872977565576 730.1616378414485
60699 79833.854592 -13.931304703544741 104.20744218269748 723.5117876985008
60699 80283.854592 13.141669528725936 100.26844274352386 720.8007400672409
60699 80733.854592 40.10207684051283 95.27265165269263 722.8624788477472
60699 81183.854592 66.43205212054657 83.06482273147344 725.154704079913
60699 81633.854592 80.48468109447374 -19.298270740521723 722.3105138844587
60699 82083.854592 56.93175183291041 -65.11887115016083 713.4153105136247
60699 82533.854592 30.152546467413167 -73.03180855402132 705.5325859326207
