
Orbital parameters post-maneuver :
319,957522
2024-09-22T00:55:40.64107547351635Z
3621,860364
9999,998582991766
0,0001174
0,0000
-0,0000
275,95946079
270,06621274
8,68166161402934
9952,011935

Orbital parameters post-maneuver :
319,957522
2024-09-22T00:55:40.64107547351635Z
3621,860364
9999,998582991766
0,0001174
0,0000
-0,0000
275,95946079
270,06621274
8,68166161402934
9952,011935

Orbital parameters post-maneuver :
27,959466
2024-09-22T00:55:40.64107547351635Z
3621,860364
9999,998582991766
0,0001174
0,0000
-0,0000
275,95946079
270,06621274
8,68166161402934
9952,011935
