CIC_OEM_VERS = 2.0
CREATION_DATE = 2025-06-13T14:22:07.752075
ORIGINATOR = ISAE-SUPAERO


META_START
OBJECT_NAME = BLUE2
OBJECT_ID = BLUE2
CENTER_NAME = Earth
REF_FRAME = EME2000
TIME_SYSTEM = UTC
START_TIME = 2025-06-13T00:00:00.000
USEABLE_START_TIME = 2025-06-13T00:00:00.000
USEABLE_STOP_TIME = 2025-06-13T23:55:00.000
STOP_TIME = 2025-06-13T23:55:00.000
INTERPOLATION = lagrange
INTERPOLATION_DEGREE = 5
META_STOP



60839 0.0 482.54947 -3083.0711 -6252.414900000001 -3.2622875 5.973122900000001 -3.2288649
60839 420.0 -889.93515 -348.68636 -6931.594 -3.1615878 6.824157100000001 0.047327802
60839 840.0 -2083.8318 2455.9472 -6215.2182 -2.4266123 6.3033093000000004 3.3055781000000004
60839 1260.0 -2859.2431 4767.2425 -4247.7072 -1.2017009 4.5131743 5.9047789
60839 1680.0 -3057.9361000000004 6116.778200000001 -1421.794 0.27355969 1.7993679 7.321297400000001
60839 2100.0 -2635.8104 6224.2618 1692.7635 1.7034139000000001 -1.3000685 7.2521343
60839 2520.0 -1675.0248000000001 5059.5157 4459.7203 2.7929497999999997 -4.1522709 5.6917968000000005
60839 2940.0 -370.12422 2855.035 6307.0549 3.3122901000000002 -6.1626384 2.9484551000000003
60839 3360.0 1010.9875000000001 61.565766 6848.850200000001 3.1486488 -6.905997800000001 -0.41577754
60839 3780.0 2182.646 -2744.4315 5968.7487 2.3319434 -6.2198497 -3.7020805
60839 4200.0 2901.494 -4981.0469 3847.2862000000005 1.0308206 -4.2428731 -6.2212068
60839 4620.0 3018.8197999999998 -6185.136 925.82334 -0.48092759 -1.3918367 -7.4439235
60839 5040.0 2512.7369 -6112.188099999999 -2187.9934 -1.8849522 1.729085 -7.1237491
60839 5460.0 1491.4485 -4786.3631 -4853.0814 -2.8923447 4.4704763000000005 -5.3491726
60839 5880.0 166.88977 -2487.9111000000003 -6530.7198 -3.305947 6.2836571999999995 -2.5056229
60839 6300.0 -1191.5662 312.36454 -6889.1891 -3.0524754 6.8226522 0.82561969
60839 6720.0 -2310.9193 3050.0671 -5861.2677 -2.1866261 5.9913384 3.9860834
60839 7140.0 -2965.8417000000004 5174.6483 -3652.7194 -0.8774325300000001 3.9505512 6.3523021
60839 7560.0 -3021.6708 6253.7717 -705.07046 0.617947 1.0961208999999998 7.4427464
60839 7980.0 -2463.0362000000005 6060.9619 2385.5719 1.9975966 -2.0018459 7.017905600000001
60839 8400.0 -1400.343 4627.5414 4985.9363 2.9752954 -4.7071125 5.146145400000001
60839 8820.0 -49.682992 2242.1528 6557.1368 3.3438069 -6.4537154 2.2022203
60839 9240.0 1311.0709 -606.12075 6769.9901 3.0217095 -6.8708749 -1.2082257
60839 9660.0 2400.0937000000004 -3328.6162000000004 5576.5538 2.0723379 -5.8643024 -4.3750387
60839 10080.0 2991.1733 -5360.5382 3223.1447000000003 0.6929341600000001 -3.641216 -6.6329497
60839 10500.0 2962.5235000000002 -6281.9586 199.79718 -0.82568398 -0.67176315 -7.5091249
60839 10920.0 2322.9672 -5908.1996 -2865.6022000000003 -2.1646937 2.4161051000000002 -6.8331037
60839 11340.0 1208.0474 -4325.784799999999 -5344.2717999999995 -3.0511069 4.9846668 -4.768360899999999
60839 11760.0 -152.08123 -1866.035 -6737.5605000000005 -3.3141062000000003 6.5252928 -1.7558152
60839 12180.0 -1481.8281000000002 969.6735500000001 -6771.5824 -2.9100528 6.7473139 1.5949654
60839 12600.0 -2514.2052000000003 3610.8073 -5443.111900000001 -1.9216965000000001 5.6142981 4.6239429
60839 13020.0 -3040.8232000000003 5525.425 -3017.3069 -0.54157936 3.3441917 6.7309342
60839 13440.0 -2952.2769 6322.0037999999995 19.804103 0.95775956 0.37997959 7.4820161
60839 13860.0 -2262.4164 5830.7166 3052.127 2.2715781 -2.6820697 6.704951
60839 14280.0 -1108.9363 4144.3603 5456.5323 3.1257974 -5.2098249999999995 4.5419416
60839 14700.0 272.77288 1604.6157 6733.5702 3.3383751000000004 -6.6727369 1.4302735
60839 15120.0 1597.9388000000001 -1266.599 6614.6997 2.8605054 -6.7587712 -1.9878496
60839 15540.0 2591.7972999999997 -3875.0793 5121.1408 1.7884406 -5.4431025 -4.998999700000001
60839 15960.0 3047.9782000000005 -5679.6777 2562.274 0.34602226 -2.9994546 -6.969867900000001
60839 16380.0 2873.1654 -6308.5815999999995 -528.91188 -1.1623405 0.054308728 -7.4900709
60839 16800.0 2106.8121 -5638.8805 -3511.7397 -2.4214279000000003 3.0745871000000005 -6.4670060000000005
60839 17220.0 910.1635200000001 -3817.9531 -5776.8715999999995 -3.177213 5.442931 -4.135951200000001
60839 17640.0 -470.94512000000003 -1224.1203 -6870.8605 -3.286591 6.6954711 -0.98739562
60839 18060.0 -1757.5553 1616.1466 -6580.1425 -2.7356838 6.5987399 2.3471438
60839 18480.0 -2691.3939 4131.9867 -4965.3998 -1.6345645 5.1759200000000005 5.2119710999999995
60839 18900.0 -3083.265 5815.5707999999995 -2348.6742000000004 -0.19784247 2.7006556 7.0359577
60839 19320.0 -2850.4593 6320.6285 744.42572 1.2890716 -0.34087680000000004 7.438197000000001
60839 19740.0 -2036.2219 5536.1518 3684.5424 2.5219673 -3.3327317 6.3166503
60839 20160.0 -804.26023 3615.6015 5865.8559000000005 3.2423401 -5.6543892 3.8862788999999998
60839 20580.0 593.30449 949.89698 6834.2047 3.2958402 -6.8170694 0.64181931
60839 21000.0 1868.0003000000002 -1912.0914 6384.8150000000005 2.6668337 -6.5709512000000005 -2.7452503999999998
60839 21420.0 2755.2938 -4377.4002 4607.996700000001 1.4837196 -4.9613095000000005 -5.5662755
60839 21840.0 3071.1339 -5934.8229 1872.7094 -0.0055116663 -2.3255277000000003 -7.2277947000000005
60839 22260.0 2751.8146 -6264.9905 -1251.4703000000002 -1.4867086999999999 0.77741759 -7.387193900000001
60839 22680.0 1866.9013 -5307.8096 -4118.680600000001 -2.6520145000000004 3.696711 -6.0301036
60839 23100.0 601.44058 -3269.228 -6145.785 -3.2690744 5.8401029 -3.4596028000000003
60839 23520.0 -785.76962 -569.9825999999999 -6929.0954 -3.223627 6.7924961 -0.20942202000000001
60839 23940.0 -2015.2774 2244.016 -6317.130400000001 -2.5312959999999998 6.3788228 3.0734511
60839 24360.0 -2840.121 4607.342 -4433.7128 -1.3284867999999999 4.681393 5.7433187
60839 24780.0 -3092.3459 6041.5407000000005 -1654.6332 0.14979367 2.0275041000000003 7.2638146
60839 25200.0 -2717.0884 6249.5149 1460.3362 1.6079289 -1.0579802 7.3118103
60839 25620.0 -1786.8193999999999 5180.5975 4275.4596 2.7457566000000004 -3.9461063 5.8576440000000005
60839 26040.0 -489.59634000000005 3047.3889 6209.2143 3.3236499 -6.0354925999999995 3.186962
60839 26460.0 908.47025 285.63951000000003 6857.9977 3.2166796 -6.8848719 -0.15380815
60839 26880.0 2118.375 -2535.011 6083.2609 2.4428498 -6.309571200000001 -3.4712289000000003
60839 27300.0 2888.8902000000003 -4829.7417000000005 4043.5245 1.1615621 -4.4249823 -6.069858
60839 27720.0 3060.4888 -6123.2662 1162.9894 -0.35785594 -1.6279101 -7.4037924
60839 28140.0 2599.8969 -6152.1446 -1959.0648999999999 -1.795183 1.4888848000000001 -7.2021189
60839 28560.0 1605.9817 -4919.3154 -4679.2088 -2.8539075 4.2754045 -5.5281288
60839 28980.0 285.3601 -2686.3141 -6446.8022 -3.3258036000000004 6.172151 -2.747553
60839 29400.0 -1093.0566000000001 88.720712 -6911.7080000000005 -3.1259891 6.815868099999999 0.56923699
60839 29820.0 -2252.1232999999997 2846.1245 -5985.5866 -2.2990509 6.090400400000001 3.7658359
60839 30240.0 -2958.6577 5031.540900000001 -3854.062 -1.0066684000000001 4.1364401 6.212108100000001
60839 30660.0 -3067.8116 6200.8516 -943.01485 0.49761931 1.3324034999999999 7.4118981
60839 31080.0 -2553.4487999999997 6109.5948 2159.4375 1.9108610000000001 -1.7629896 7.1042972
60839 31500.0 -1516.7433999999998 4768.2682 4818.2172 2.9405419999999998 -4.5152133999999995 5.3331732
60839 31920.0 -168.20693 2446.3121 6482.7481 3.3687067 -6.3489876999999995 2.4518534
60839 32340.0 1214.916 -380.56939 6804.6832 3.1015167999999997 -6.875643500000001 -0.94759804
60839 32760.0 2346.309 -3128.395 5713.4439 2.1907354999999997 -5.978074899999999 -4.15767
60839 33180.0 2990.9946 -5227.2488 3433.9653 0.8252470100000001 -3.8404657 -6.5046074
60839 33600.0 3015.9633 -6243.153200000001 440.73015000000004 -0.70722616 -0.9143305500000001 -7.496517300000001
60839 34020.0 2418.8187000000003 -5971.4735 -2644.3845 -2.0846989 2.1811754000000003 -6.9376147
60839 34440.0 1326.4542 -4477.5858 -5187.8374 -3.0254287 4.8051921 -4.9667486
60839 34860.0 -35.264873 -2075.1348000000003 -6677.1777 -3.3470823000000003 6.4363345 -2.0069303
60839 35280.0 -1390.1203 745.51707 -6819.0339 -2.9945726 6.7656973 1.341221
60839 35700.0 -2466.0112000000004 3416.6277999999998 -5588.8133 -2.0409107 5.7363289 4.417707
60839 36120.0 -3045.9421 5400.463400000001 -3232.1657999999998 -0.67195744 3.5463367 6.6136086
60839 36540.0 -3009.9134 6292.001200000001 -220.93131 0.8423817800000001 0.6222997100000001 7.478497900000001
60839 36960.0 -2361.0871 5902.3413 2834.6473 2.195053 -2.4489666000000003 6.817524400000001
60839 37380.0 -1228.564 4303.3243 5307.2154 3.1043629 -5.034419 4.7483561
60839 37800.0 156.79055 1818.3865 6683.5261 3.3769234000000004 -6.5918451 1.6882851
60839 38220.0 1509.6036000000001 -1042.1145000000001 6674.590700000001 2.9513345 -6.789661199999999 -1.7316047
60839 38640.0 2549.4817000000003 -3686.4409 5278.8186 1.9128809000000002 -5.5799259 -4.797904000000001
60839 39060.0 3060.5152000000003 -5566.1053 2785.107 0.47811988000000005 -3.2136806 -6.8662589
60839 39480.0 2937.8943 -6293.500900000001 -287.21022 -1.0503297 -0.19203755 -7.505274900000001
60839 39900.0 2210.1877000000004 -5724.9685 -3301.0241 -2.352545 2.8476126 -6.5964277000000004
60839 40320.0 1030.8682 -3987.0817 -5639.9092 -3.16487 5.2811336 -4.351446
60839 40740.0 -357.43303000000003 -1441.712 -6834.933599999999 -3.3324868000000003 6.6302159000000005 -1.2447972
60839 41160.0 -1674.0625 1393.9361000000001 -6652.1795 -2.8302897 6.6423133 2.0990824
60839 41580.0 -2654.7031 3949.7983 -5130.9265000000005 -1.7590814000000001 5.3198113000000005 5.0223918
60839 42000.0 -3100.8819 5710.2924 -2574.5437 -0.32753382 2.9168959 6.943276300000001
60839 42420.0 -2919.0131 6314.0123 503.88085 1.1804348 -0.09538333900000001 7.462463
60839 42840.0 -2141.8999 5629.9731 3478.5532000000003 2.4570043 -3.1083943 6.4542364
60839 43260.0 -925.42803 3790.8437000000004 5736.9714 3.2349027 -5.4978974 4.109465
60839 43680.0 481.63802000000004 1170.5465 6809.2255000000005 3.347758 -6.7612076 0.9047444000000001
60839 44100.0 1788.9498999999998 -1691.6214 6469.137 2.7675255 -6.6277757 -2.4968899
60839 44520.0 2725.2763 -4202.889099999999 4784.3183 1.6123837 -5.119477700000001 -5.3843789
60839 44940.0 3096.3669 -5842.53 2104.4292 0.12422046 -2.5518121000000002 -7.150586100000001
60839 45360.0 2826.9517 -6273.7938 -1012.4607 -1.3829822 0.53089653 -7.4300832
60839 45780.0 1976.2789 -5415.3899 -3921.5126 -2.5954465 3.4810181 -6.1826529
60839 46200.0 722.57607 -3453.1377 -6030.3014 -3.2704742 5.6983744 -3.6891322
60839 46620.0 -677.4233 -792.7830799999999 -6918.164900000001 -3.2820003000000004 6.751999700000001 -0.46929324000000006
60839 47040.0 -1941.4956000000002 2027.1384 -6412.6736 -2.6347209 6.4470220000000005 2.8348173
60839 47460.0 -2815.7684 4439.9738 -4616.562400000001 -1.4564789 4.8450875 5.5733187
60839 47880.0 -3122.4717 5957.6528 -1888.0629 0.022824087 2.2546299 7.1972725
60839 48300.0 -2795.7383 6266.5079000000005 1223.6831000000002 1.5078992 -0.81304979 7.3635181
60839 48720.0 -1898.0157 5295.3095 4084.1198 2.6935863 -3.7339474 6.0180533
60839 49140.0 -610.50419 3236.3624 6102.693200000001 3.33043 -5.9002964 3.4233745
60839 49560.0 802.79521 509.93372999999997 6858.380700000001 3.2811905 -6.8549088000000005 0.10993734000000001
60839 49980.0 2049.7977 -2321.8186 6190.585400000001 2.551896 -6.3915368 -3.2347776
60839 50400.0 2871.6211000000003 -4671.902599999999 4235.5333 1.2925111 -4.6018924 -5.9102409
60839 50820.0 3098.0495 -6053.4087 1399.7051000000001 -0.23236651 -1.8624228 -7.3542188
60839 51240.0 2684.3435 -6184.3373 -1726.7292 -1.7013357000000002 1.246099 -7.271924
60839 51660.0 1719.7082 -5046.3462 -4498.8281 -2.8106176 4.0743062 -5.7011226
60839 51779.0 -14488.883 3882.2823 0.0067758608 -1.3341952000000001 -4.9792863 -8.690500000000001e-06
60839 51899.0 -14636.652 3281.6458 0.0057390064 -1.1277934 -5.030043200000001 -8.5887e-06
60839 52019.0 -14759.536 2675.4242000000004 0.0047150641 -0.91945695 -5.0722508 -8.475200000000001e-06
60839 52139.0 -14857.263 2064.6458000000002 0.0037054143000000003 -0.70950315 -5.1058614 -8.3503e-06
60839 52259.0 -14929.744 1450.3601 0.0027114248000000003 -0.49833595 -5.1307795 -8.2143e-06
60839 52379.0 -14976.83 833.6076 0.0017344037 -0.28632031 -5.1469708 -8.067599999999999e-06
60839 52499.0 -14998.442000000001 215.43726999999998 0.0007756359000000001 -0.073816907 -5.1544074 -7.9102e-06
60839 52619.0 -14994.541000000001 -403.09946 -0.00016362119999999998 0.13881313 -5.1530767 -7.7424e-06
60839 52739.0 -14965.136 -1020.9505 -0.0010821354 0.35120843 -5.1429807 -7.5645e-06
60839 52859.0 -14910.275 -1637.0648999999999 -0.0019786973000000003 0.56300805 -5.1241366 -7.3766e-06
60839 52979.0 -14830.052 -2250.3946 -0.0028521190999999998 0.7738520099999999 -5.0965763 -7.1788e-06
60839 53099.0 -14724.603000000001 -2859.8964 -0.0037012328000000003 0.98338195 -5.0603463 -6.9715e-06
60839 53219.0 -14594.107 -3464.5334 -0.0045248906 1.1912417 -5.015508 -6.7546000000000005e-06
60839 53339.0 -14438.786 -4063.277 -0.0053219646 1.397078 -4.9621375 -6.5284e-06
60839 53459.0 -14258.904 -4655.108700000001 -0.0060913483000000004 1.6005409 -4.9003252 -6.293100000000001e-06
60839 53579.0 -14054.765 -5239.0215 -0.0068319582 1.8012845 -4.8301759 -6.048900000000001e-06
60839 53699.0 -13826.718 -5814.0222 -0.0075427364 1.9989675 -4.7518085 -5.796e-06
60839 53819.0 -13575.149 -6379.1322 -0.0082226541 2.1932537 -4.6653561 -5.5345999999999995e-06
60839 53939.0 -13300.486 -6933.3901 -0.0088707154 2.3838127 -4.5709651000000004 -5.2651e-06
60839 54059.0 -13003.196 -7475.8526 -0.009485962300000001 2.5703205 -4.468795699999999 -4.9878e-06
60839 54179.0 -12683.784 -8005.5968 -0.01006748 2.7524596999999997 -4.3590213 -4.703e-06
60839 54299.0 -12342.793 -8521.721 -0.010614402 2.9299205 -4.2418281 -4.411199999999999e-06
60839 54419.0 -11980.802 -9023.3467 -0.011125916999999999 3.1024009 -4.1174151000000005 -4.113e-06
60839 54539.0 -11598.427 -9509.6202 -0.011601277 3.2696075 -3.9859934 -3.8087e-06
60839 54659.0 -11196.319 -9979.7137 -0.012039801000000001 3.4312556 -3.847786 -3.4991e-06
60839 54779.0 -10775.159 -10432.827 -0.012440883 3.58707 -3.7030277000000003 -3.1848e-06
60839 54899.0 -10335.666000000001 -10868.188 -0.012804003 3.7367853 -3.5519642 -2.8665e-06
60839 55019.0 -9878.5851 -11285.056 -0.013128727 3.8801467 -3.3948519999999998 -2.5451e-06
60839 55139.0 -9404.6945 -11682.721 -0.013414722 4.0169099 -3.2319581 -2.2212e-06
60839 55259.0 -8914.800000000001 -12060.506 -0.013661757 4.1468417 -3.063559 -1.8959000000000001e-06
60839 55379.0 -8409.7346 -12417.767 -0.013869712 4.2697209 -2.889941 -1.57e-06
60839 55499.0 -7890.3575 -12753.895 -0.014038586 4.3853378 -2.7113989000000003 -1.2447000000000001e-06
60839 55619.0 -7357.552000000001 -13068.318000000001 -0.014168501 4.493495299999999 -2.5282363 -9.209e-07
60839 55739.0 -6812.2244 -13360.499 -0.014259706 4.5940088 -2.3407644 -5.997000000000001e-07
60839 55859.0 -6255.3025 -13629.941 -0.014312585000000001 4.6867068 -2.1493018999999998 -2.823e-07
60839 55979.0 -5687.733700000001 -13876.185 -0.014327661000000002 4.771431 -1.9541744 3.01e-08
60839 56099.0 -5110.4838 -14098.81 -0.014305597000000001 4.8480367 -1.7557136 3.365e-07
60839 56219.0 -4524.534900000001 -14297.436 -0.014247201000000001 4.9163928 -1.554257 6.355e-07
60839 56339.0 -3930.8842000000004 -14471.726 -0.014153428000000001 4.9763824 -1.3501473000000002 9.259e-07
60839 56459.0 -3330.5419 -14621.380000000001 -0.014025377 5.0279028 -1.1437317 1.2065000000000002e-06
60839 56579.0 -2724.5299 -14746.143 -0.013864296 5.070865700000001 -0.93536154 1.4762e-06
60839 56699.0 -2113.8794 -14845.802 -0.013671576999999999 5.1051974 -0.72539126 1.7336e-06
60839 56819.0 -1499.6301 -14920.187 -0.013448755 5.130838600000001 -0.5141782500000001 1.9777e-06
60839 56939.0 -882.82758 -14969.17 -0.013197504 5.1477452 -0.30208206000000004 2.2073e-06
60839 57059.0 -264.52187 -14992.666000000001 -0.01291963 5.1558876 -0.089463757 2.4212000000000002e-06
60839 57179.0 354.23428 -14990.635 -0.012617070999999999 5.1552514 0.12331462000000001 2.6185000000000004e-06
60839 57299.0 972.3873199999999 -14963.079 -0.012291883 5.1458371 0.33589072 2.7981999999999997e-06
60839 57419.0 1588.8846 -14910.043 -0.011946236 5.127659899999999 0.54790247 2.9594e-06
60839 57539.0 2202.6764 -14831.619 -0.011582402 5.1007503 0.75898873 3.1012e-06
60839 57659.0 2812.7172 -14727.938 -0.011202747 5.0651535999999995 0.9687898800000001 3.2230000000000003e-06
60839 57779.0 3417.9681 -14599.175000000001 -0.010809718000000001 5.0209296000000005 1.1769484000000001 3.3240000000000003e-06
60839 57899.0 4017.3982 -14445.550000000001 -0.010405833 4.9681532 1.3831096 3.4038e-06
60839 58019.0 4609.9863 -14267.323 -0.0099936648 4.9069137000000005 1.5869221 3.462e-06
60839 58139.0 5194.7231 -14064.796 -0.0095758303 4.8373149 1.7880384 3.4982e-06
60839 58259.0 5770.6122000000005 -13838.315 -0.009154976100000002 4.7594748000000004 1.9861157 3.5123e-06
60839 58379.0 6336.6727 -13588.264000000001 -0.0087337638 4.6735256 2.1808163 3.5042e-06
60839 58499.0 6891.9398 -13315.068000000001 -0.008314856 4.5796133 2.3718082 3.4739e-06
60839 58619.0 7435.4677 -13019.191 -0.0079009018 4.4778972999999995 2.5587656 3.4217e-06
60839 58739.0 7966.33 -12701.138 -0.0074945226 4.3685507 2.7413696 3.3477e-06
60839 58859.0 8483.622 -12361.449 -0.0070982982 4.2517594 2.9193088 3.2525e-06
60839 58979.0 8986.4624 -12000.703 -0.0067147532 4.1277221 3.0922796 3.1365e-06
60839 58981.0 8988.1535 -12009.272 0.067933476 4.7554894999999995 3.1547177000000004 0.08879952
60839 59101.0 9551.027800000002 -11620.627 10.720794 4.6246061 3.3215513000000003 0.088723182
60839 59221.0 10097.795 -11212.382 21.355561 4.4871134 3.4813366 0.088498463
60839 59341.0 10627.691 -10785.401 31.954625 4.3435192 3.6337575 0.088128755
60839 59461.0 11140.016 -10340.585000000001 42.500823 4.1943462 3.7785449 0.087618076
60839 59581.0 11634.132 -9878.8644 52.977506999999996 4.0401271 3.9154768 0.086971007
60839 59701.0 12109.466 -9401.192000000001 63.368611 3.8813989 4.0443784 0.08619262600000001
60839 59821.0 12565.509 -8908.54 73.658705 3.7186989 4.1651203 0.08528844
60839 59941.0 13001.816 -8401.893 83.833039 3.5525598 4.277618 0.08426431300000001
60839 60061.0 13418.007 -7882.243200000001 93.877588 3.3835059000000003 4.381829 0.083126397
60839 60181.0 13813.762 -7350.585599999999 103.77908000000001 3.2120488999999997 4.4777509 0.081881068
60839 60301.0 14188.822 -6807.9132 113.52501 3.0386854 4.5654186 0.080534854
60839 60421.0 14542.989 -6255.2126 123.10367 2.8638937 4.6449015000000005 0.07909438
60839 60541.0 14876.118 -5693.4602 132.50416 2.6881316 4.7163003 0.077566306
60839 60661.0 15188.119 -5123.6188 141.71635 2.5118343 4.7797442000000006 0.075957277
60839 60781.0 15478.953 -4546.6337 150.73093 2.3354136 4.8353871 0.07427387299999999
60839 60901.0 15748.629 -3963.4309 159.53936 2.1592561 4.883405 0.072522571
60839 61021.0 15997.2 -3374.9137 168.13388 1.9837232 4.9239929 0.070709702
60839 61141.0 16224.761 -2781.9614 176.50747 1.8091504 4.9573612 0.068841428
60839 61261.0 16431.447 -2185.4269 184.65385 1.6358474 4.983733900000001 0.066923706
60839 61381.0 16617.427 -1586.1357 192.56741 1.4640984000000001 5.0033451 0.064962274
60839 61501.0 16782.903000000002 -984.88483 200.24326000000002 1.2941628 5.0164368999999995 0.062962633
60839 61621.0 16928.108 -382.44173 207.67713 1.1262755 5.023257 0.06093003
60839 61741.0 17053.3 220.45604 214.86535 0.96064792 5.0240569 0.058869453
60839 61861.0 17158.761 823.10124 221.80487 0.7974690600000001 5.0190896 0.056785629000000004
60839 61981.0 17244.797 1424.817 228.49314999999999 0.6369065 5.0086084 0.054683013
60839 62101.0 17311.729 2024.9568000000002 234.92821 0.47910753 4.992865 0.052565796
60839 62221.0 17359.898 2622.9041 241.10852 0.32420034 4.9721085 0.050437906
60839 62341.0 17389.658 3218.0721000000003 247.03302 0.17229523 4.9465843000000005 0.048303009
60839 62461.0 17401.373 3809.9032 252.70110000000003 0.023485804000000002 4.9165329 0.046164523000000006
60839 62581.0 17395.421000000002 4397.8683 258.11249 -0.12214979 4.882189500000001 0.044025618
60839 62701.0 17372.187 4981.4662 263.26734999999996 -0.26454771 4.843783 0.041889227
60839 62821.0 17332.061 5560.2226 268.16612 -0.40365726 4.8015357000000005 0.039758061
60839 62941.0 17275.442 6133.6897 272.80959 -0.5394398 4.7556627 0.037634609
60839 63061.0 17202.73 6701.445 277.19882 -0.67186765 4.706371900000001 0.035521157000000005
60839 63181.0 17114.329 7263.0903 281.33515000000006 -0.8009230900000001 4.653863500000001 0.033419796
60839 63301.0 17010.644 7818.251200000001 285.22014 -0.9265974200000001 4.59833 0.031332431
60839 63421.0 16892.08 8366.5759 288.85556 -1.04889 4.539956 0.029260794
60839 63541.0 16759.045000000002 8907.734199999999 292.24342 -1.1678076000000002 4.4789187 0.027206453000000002
60839 63661.0 16611.941 9441.4166 295.38586 -1.2833632 4.415387 0.025170823
60839 63781.0 16451.171000000002 9967.3337 298.28521 -1.3955758 4.3495227000000005 0.023155177
60839 63901.0 16277.136 10485.215 300.94395000000003 -1.5044692 4.281479900000001 0.021160654
60839 64021.0 16090.231 10994.808 303.36465999999996 -1.6100718 4.211405200000001 0.019188271
60839 64141.0 15890.849 11495.877 305.55005 -1.7124157 4.1394384 0.017238928
60839 64261.0 15679.380000000001 11988.202000000001 307.50295 -1.8115364 4.065712 0.015313421
60839 64381.0 15456.208 12471.582 309.22626 -1.9074723 3.990352 0.013412445
60839 64501.0 15221.712 12945.826000000001 310.72295 -2.000264 3.9134778000000003 0.011536607
60839 64621.0 14976.268 13410.761 311.99607000000003 -2.0899543 3.8352028000000002 0.0096864315
60839 64741.0 14720.245 13866.223 313.04873 -2.1765874 3.755634 0.0078623645
60839 64861.0 14454.008 14312.065 313.8841 -2.2602089000000003 3.6748730000000003 0.0060647835
60839 64981.0 14177.914 14748.149 314.50534999999996 -2.3408654 3.5930156 0.004294001899999999
60839 65101.0 13892.317000000001 15174.349 314.91573999999997 -2.4186043 3.5101526 0.0025502751
60839 65221.0 13597.564 15590.549 315.11851 -2.4934733000000002 3.4263696 0.0008338055
60839 65341.0 13293.996000000001 15996.644 315.11695000000003 -2.5655205000000003 3.3417475 -0.0008552526999999999
60839 65461.0 12981.95 16392.538 314.91434999999996 -2.634794 3.2563626 -0.0025167885
60839 65581.0 12661.754 16778.143 314.51402 -2.7013418000000002 3.1702868 -0.004150730399999999
60839 65701.0 12333.735 17153.382 313.91928 -2.7652118 3.0835882000000003 -0.0057570417999999995
60839 65821.0 11998.209 17518.182 313.13344 -2.8264514 2.9963306 -0.0073357182
60839 65941.0 11655.49 17872.481 312.15981 -2.8851076 2.9085744 -0.0088867831
60839 66061.0 11305.885 18216.222 311.00171 -2.9412267 2.8203764000000002 -0.010410285
60839 66181.0 10949.695 18549.356 309.66244 -2.9948544000000004 2.7317902 -0.011906296
60839 66301.0 10587.217 18871.838 308.1453 -3.0460356 2.6428661000000004 -0.013374905999999999
60839 66421.0 10218.743 19183.632 306.45356 -3.0948144 2.5536516000000002 -0.014816223000000002
60839 66541.0 9844.556199999999 19484.705 304.59049 -3.141234 2.4641913 -0.016230371
60839 66661.0 9464.939 19775.03 302.55935 -3.1853368 2.3745274 -0.017617484000000003
60839 66781.0 9080.1664 20054.585 300.36337 -3.227164 2.2846995000000003 -0.018977711
60839 66901.0 8690.5091 20323.353 298.00577000000004 -3.2667561000000003 2.1947448 -0.020311206
60839 67021.0 8296.2328 20581.32 295.48974 -3.3041524 2.1046984 -0.021618135
60839 67141.0 7897.5988 20828.478 292.81847 -3.3393912 2.0145934 -0.022898665999999998
60839 67261.0 7494.863700000001 21064.821 289.99511 -3.3725097 1.9244609000000001 -0.024152976
60839 67381.0 7088.2798 21290.349000000002 287.0228 -3.4035441 1.8343302000000001 -0.025381241
60839 67501.0 6678.0951 21505.062 283.90465 -3.4325295000000002 1.744229 -0.026583643
60839 67621.0 6264.5533 21708.966 280.64375 -3.4594999 1.6541832 -0.027760365000000002
60839 67741.0 5847.8944 21902.069 277.24318 -3.4844885 1.5642175 -0.028911588
60839 67861.0 5428.3541 22084.382 273.70599 -3.5075269 1.4743549 -0.030037496
60839 67981.0 5006.1647 22255.919 270.03519 -3.5286461 1.3846174000000002 -0.031138269000000003
60839 68101.0 4581.5545999999995 22416.696 266.2338 -3.5478758 1.2950256 -0.032214087
60839 68221.0 4154.7489 22566.732 262.3048 -3.5652448 1.2055989999999999 -0.033265127
60839 68341.0 3725.9692000000005 22706.047 258.25115 -3.5807807 1.1163560000000001 -0.034291561000000005
60839 68461.0 3295.4338 22834.665 254.0758 -3.5945102 1.0273143 -0.035293559
60839 68581.0 2863.358 22952.611 249.78167000000002 -3.606459 0.93849022 -0.036271288
60839 68701.0 2429.9539 23059.912 245.37166000000002 -3.6166516000000004 0.8498996600000001 -0.037224907
60839 68821.0 1995.4308999999998 23156.597 240.84865 -3.6251116000000003 0.76155756 -0.038154572000000005
60839 68941.0 1559.9955 23242.697 236.21551000000002 -3.6318618000000003 0.6734781799999999 -0.039060432
60839 69061.0 1123.8516000000002 23318.243000000002 231.47509 -3.6369238 0.58567512 -0.039942633
60839 69181.0 687.20048 23383.27 226.63022 -3.6403184000000004 0.49816136 -0.040801312000000006
60839 69301.0 250.24107999999998 23437.814000000002 221.68371 -3.6420653 0.41094937 -0.0416366
60839 69421.0 -186.83005 23481.911 216.63837 -3.6421835000000002 0.32405110000000004 -0.042448621000000006
60839 69541.0 -623.8185400000001 23515.599000000002 211.49697 -3.640691 0.23747806 -0.043237492
60839 69661.0 -1060.5321000000001 23538.919 206.26229 -3.6376047 0.15124133 -0.044003324
60839 69781.0 -1496.7806 23551.911 200.93709 -3.6329409999999998 0.065351674 -0.044746219000000004
60839 69901.0 -1932.3755 23554.618000000002 195.52410999999998 -3.6267152 -0.020180495 -0.045466271
60839 70021.0 -2367.1303 23547.082000000002 190.02609 -3.6189419 -0.10534502999999999 -0.046163567
60839 70141.0 -2800.8602 23529.350000000002 184.44576 -3.6096346 -0.190132 -0.046838185000000004
60839 70261.0 -3233.3817999999997 23501.466 178.78583 -3.5988062 -0.27453171 -0.047490195
60839 70381.0 -3664.5133 23463.478 173.04901999999998 -3.5864688 -0.35853460000000004 -0.048119659
60839 70501.0 -4094.0744 23415.434 167.23802 -3.5726338 -0.44213123000000004 -0.048726629
60839 70621.0 -4521.8859 23357.383 161.35553000000002 -3.5573114 -0.52531228 -0.049311149
60839 70741.0 -4947.77 23289.376 155.40424 -3.5405116 -0.60806845 -0.049873254000000006
60839 70861.0 -5371.55 23211.464 149.38684 -3.5222432 -0.6903905 -0.050412971
60839 70981.0 -5793.05 23123.7 143.30602 -3.5025146 -0.77226915 -0.050930314000000004
60839 71101.0 -6212.0954 23026.138 137.16446 -3.4813331 -0.8536950900000001 -0.051425292
60839 71221.0 -6628.5121 22918.832000000002 130.96484 -3.4587056 -0.93465895 -0.051897900999999996
60839 71341.0 -7042.1271 22801.838 124.70986 -3.4346383 -1.0151512 -0.05234813
60839 71461.0 -7452.767900000001 22675.215 118.40219 -3.4091365000000002 -1.0951623 -0.052775955000000006
60839 71581.0 -7860.2627 22539.019 112.04453 -3.3822048000000002 -1.1746824999999999 -0.053181346
60839 71701.0 -8264.4401 22393.311 105.63957 -3.3538475 -1.2537017000000001 -0.053564259
60839 71821.0 -8665.1292 22238.151 99.19000500000001 -3.3240679 -1.3322097000000002 -0.053924641
60839 71941.0 -9062.159599999999 22073.602 92.698555 -3.2928687 -1.4101962000000001 -0.05426243
60839 72061.0 -9455.361 21899.725000000002 86.167929 -3.260252 -1.4876503 -0.054577551
60839 72181.0 -9844.563400000001 21716.587 79.600853 -3.2262194 -1.5645609999999999 -0.054869921
60839 72301.0 -10229.597 21524.253 73.000062 -3.1907717 -1.6409169 -0.055139443
60839 72421.0 -10610.292 21322.79 66.36830400000001 -3.1539092 -1.7167062000000002 -0.055386011000000006
60839 72541.0 -10986.479 21112.267 59.708341999999995 -3.1156315 -1.7919168 -0.055609507
60839 72661.0 -11357.987000000001 20892.753 53.022951 -3.0759377 -1.8665359000000001 -0.055809801
60839 72781.0 -11724.647 20664.322 46.314924 -3.0348263 -1.9405505 -0.055986753
60839 72901.0 -12086.288 20427.046000000002 39.58707 -2.9922954 -2.0139469 -0.05614021
60839 73021.0 -12442.741 20181.0 32.842219 -2.9483422 -2.0867111 -0.056270007999999996
60839 73141.0 -12793.834 19926.261 26.083222000000003 -2.9029636 -2.1588282 -0.056375969
60839 73261.0 -13139.395 19662.908 19.312948000000002 -2.856156 -2.2302829 -0.056457904999999996
60839 73381.0 -13479.254 19391.021 12.534293 -2.8079152 -2.3010592 -0.056515614
60839 73501.0 -13813.237000000001 19110.682 5.750178200000001 -2.7582364 -2.3711404000000003 -0.056548879999999996
60839 73621.0 -14141.173 18821.975000000002 -1.0364512 -2.7071145000000003 -2.4405091000000003 -0.056557478
60839 73741.0 -14462.887 18524.989 -7.8226202 -2.6545438 -2.5091471000000003 -0.056541167
60839 73861.0 -14778.205 18219.81 -14.605325 -2.6005182000000002 -2.5770353 -0.056499692000000004
60839 73981.0 -15086.953 17906.531 -21.381529 -2.5450311 -2.6441541 -0.056432786
60839 74101.0 -15388.954 17585.245 -28.148165000000002 -2.4880755 -2.7104825000000003 -0.05634017
60839 74221.0 -15684.032000000001 17256.048 -34.902129 -2.4296439999999997 -2.7759989000000003 -0.056221546
60839 74341.0 -15972.009 16919.038 -41.640283000000004 -2.3697287 -2.8406807 -0.056076606
60839 74461.0 -16252.707 16574.319 -48.359449000000005 -2.3083216 -2.9045039999999998 -0.055905026999999996
60839 74581.0 -16525.946 16221.993 -55.056411000000004 -2.2454140000000002 -2.9674441000000003 -0.055706471
60839 74701.0 -16791.546000000002 15862.168 -61.727909000000004 -2.1809971 -3.029475 -0.055480584
60839 74821.0 -17049.325 15494.956 -68.370643 -2.1150617 -3.0905695 -0.055226999
60839 74941.0 -17299.1 15120.470000000001 -74.981266 -2.0475985000000003 -3.1506992 -0.054945334000000005
60839 75061.0 -17540.687 14738.828 -81.55638400000001 -1.9785978 -3.2098344 -0.054635189
60839 75181.0 -17773.901 14350.151 -88.092556 -1.9080497 -3.267944 -0.054296151
60839 75301.0 -17998.556 13954.564 -94.586288 -1.8359442 -3.3249953000000003 -0.053927791999999995
60839 75421.0 -18214.465 13552.196 -101.03403 -1.7622711 -3.3809543 -0.053529666
60839 75541.0 -18421.438000000002 13143.18 -107.4322 -1.6870201 -3.4357854000000003 -0.053101313
60839 75661.0 -18619.286 12727.654 -113.77712 -1.6101811000000001 -3.4894512 -0.052642257000000005
60839 75781.0 -18807.818 12305.76 -120.06509 -1.5317437 -3.5419127 -0.052152005
60839 75901.0 -18986.841 11877.645 -126.29234 -1.4516977 -3.5931292 -0.051630049
60839 76021.0 -19156.161 11443.460000000001 -132.45501000000002 -1.3700331000000001 -3.6430579 -0.051075866
60839 76141.0 -19315.583 11003.364 -138.54923000000002 -1.2867401 -3.6916541000000005 -0.050488915
60839 76261.0 -19464.913 10557.519 -144.57102 -1.201809 -3.7388713 -0.049868641
60839 76381.0 -19603.952 10106.092 -150.51635000000002 -1.1152306 -3.7846606 -0.049214475
60839 76501.0 -19732.502 9649.259199999999 -156.38112 -1.0269961 -3.8289709 -0.04852583
60839 76621.0 -19850.364 9187.2004 -162.16115 -0.93709732 -3.871749 -0.047802105
60839 76741.0 -19957.338 8720.1029 -167.85219 -0.84552658 -3.9129391 -0.04704268600000001
60839 76861.0 -20053.223 8248.1608 -173.44994 -0.75227702 -3.9524832 -0.046246945
60839 76981.0 -20137.817 7771.5752 -178.94998 -0.65734264 -3.9903204000000003 -0.04541424
60839 77101.0 -20210.918 7290.554700000001 -184.34785000000002 -0.56071844 -4.0263873 -0.044543916
60839 77221.0 -20272.322 6805.3157 -189.63899 -0.46240058 -4.0606178 -0.043635308000000005
60839 77341.0 -20321.826 6316.0827 -194.81877 -0.36238648 -4.0929428 -0.042687739
60839 77461.0 -20359.227 5823.0885 -199.88246 -0.26067505999999996 -4.1232903 -0.041700526
60839 77581.0 -20384.32 5326.5751 -204.82528 -0.15726687 -4.1515853 -0.04067297400000001
60839 77701.0 -20396.903000000002 4826.7933 -209.64233 -0.052164324000000005 -4.1777496 -0.039604385
60839 77821.0 -20396.772 4324.0037 -214.32866 0.054628136 -4.2017017999999995 -0.038494054
60839 77941.0 -20383.725000000002 3818.4767 -218.87921 0.16310377 -4.2233571 -0.03734127500000001
60839 78061.0 -20357.56 3310.4933 -223.28884 0.27325330000000003 -4.2426276 -0.036145342999999996
60839 78181.0 -20318.078 2800.3452 -227.55234000000002 0.38506467 -4.2594216 -0.034905553
60839 78301.0 -20265.079 2288.335 -231.66439000000003 0.49852272000000003 -4.2736441 -0.033621209
60839 78421.0 -20198.367000000002 1774.7774 -235.61962 0.61360893 -4.2851963 -0.03229162
60839 78541.0 -20117.749 1259.9988 -239.41254 0.73030104 -4.293976 -0.03091611
60839 78661.0 -20023.032 744.33828 -243.03762 0.8485727200000001 -4.2998772 -0.029494021000000002
60839 78781.0 -19914.029 228.14779000000001 -246.48922000000002 0.96839321 -4.3027903 -0.028024712
60839 78901.0 -19790.557 -288.20734000000004 -249.76164000000003 1.0897268999999998 -4.302602 -0.026507573
60839 79021.0 -19652.436 -804.34796 -252.84910000000002 1.2125329 -4.2991953 -0.024942023
60839 79141.0 -19499.492000000002 -1319.8807 -255.74577 1.3367646 -4.2924498 -0.02332752
60839 79261.0 -19331.557 -1834.3973999999998 -258.44573 1.4623692000000001 -4.2822414 -0.021663566
60839 79381.0 -19148.471 -2347.475 -260.94303 1.5892873 -4.2684428 -0.019949717
60839 79501.0 -18950.079 -2858.6748 -263.23165 1.7174519000000001 -4.2509232 -0.018185589000000002
60839 79621.0 -18736.236 -3367.5424 -265.30554 1.8467887 -4.2295491 -0.016370864000000002
60839 79741.0 -18506.806 -3873.607 -267.15862 1.9772146000000002 -4.204184100000001 -0.014505307
60839 79861.0 -18261.664 -4376.3814 -268.78478 2.1086378 -4.174689000000001 -0.012588769
60839 79981.0 -18000.697 -4875.3615 -270.17789000000005 2.2409567000000004 -4.140923 -0.010621202
60839 80101.0 -17723.803 -5370.026400000001 -271.33183 2.3740596999999997 -4.1027432 -0.0086026708
60839 80221.0 -17430.896 -5859.8376 -272.2405 2.5078240999999997 -4.0600057000000005 -0.0065333646
60839 80341.0 -17121.904 -6344.2396 -272.89782 2.6421156000000003 -4.012565700000001 -0.0044136109
60839 80461.0 -16796.773 -6822.6595 -273.29776000000004 2.7767878 -3.9602789 -0.0022438907000000004
60839 80581.0 -16455.466 -7294.5069 -273.43438000000003 2.9116814 -3.9030012000000003 -2.4853199999999998e-05
60839 80701.0 -16097.968 -7759.1745 -273.30179 3.0466235000000004 -3.8405907000000004 0.0022426678999999997
60839 80821.0 -15724.282000000001 -8216.0378 -272.89423999999997 3.1814271 -3.7729076 0.0045576375
60839 80941.0 -15334.439 -8664.4559 -272.20610999999997 3.3158905 -3.6998162000000003 0.0069188019
60839 81061.0 -14928.491 -9103.7721 -271.23194 3.4497964000000003 -3.6211855 0.009324671199999999
60839 81181.0 -14506.519 -9533.313900000001 -269.96646999999996 3.5829123 -3.5368905 0.011773500000000001
60839 81301.0 -14068.633 -9952.3945 -268.40466 3.7149889 -3.446814 0.014263272
60839 81421.0 -13614.974 -10360.314 -266.54174 3.845761 -3.3508481000000003 0.016791676
60839 81541.0 -13145.714 -10756.359 -264.37322 3.9749465 -3.2488956 0.019356095
60839 81661.0 -12661.062 -11139.806 -261.89495 4.102246699999999 -3.1408717999999998 0.021953583999999998
60839 81781.0 -12161.263 -11509.922 -259.10316 4.2273462 -3.0267071000000003 0.024580854
60839 81901.0 -11646.6 -11865.968 -255.99450000000002 4.3499138 -2.9063479 0.027234262000000002
60839 82021.0 -11117.399 -12207.196 -252.56606 4.469602200000001 -2.7797598 0.029909790000000002
60839 82141.0 -10574.025 -12532.86 -248.81544 4.5860494 -2.646929 0.032603042000000006
60839 82261.0 -10016.892 -12842.210000000001 -244.74081 4.698879600000001 -2.5078651 0.03530923
60839 82381.0 -9446.4545 -13134.5 -240.34091 4.8077043999999995 -2.3626028000000003 0.038023177
60839 82501.0 -8863.2187 -13408.989 -235.61516 4.9121245 -2.2112045 0.040739308
60839 82621.0 -8267.7371 -13664.947 -230.56363000000002 5.0117316 -2.0537623 0.043451659999999996
60839 82741.0 -7660.6122000000005 -13901.655 -225.18716 5.106110800000001 -1.8904 0.046153891
60839 82861.0 -7042.496400000001 -14118.413 -219.48737 5.1948431 -1.7212754000000001 0.048839292
60839 82981.0 -6414.0926 -14314.539 -213.46669 5.277508399999999 -1.5465812 0.051500814
60839 83101.0 -5776.1538 -14489.378 -207.12842 5.353689 -1.3665473 0.054131088
60839 83221.0 -5129.4830999999995 -14642.307 -200.47678 5.4229726000000005 -1.1814411 0.056722466
60839 83341.0 -4474.932400000001 -14772.734 -193.5169 5.4849568 -0.99156893 0.05926706
60839 83461.0 -3813.4010000000003 -14880.107 -186.25488 5.5392529999999995 -0.79727571 0.061756794000000004
60839 83581.0 -3145.8340000000003 -14963.918 -178.6978 5.5854905 -0.5989451 0.064183452
60839 83701.0 -2473.2196000000004 -15023.709 -170.85371 5.623321 -0.39699858 0.066538749
60839 83821.0 -1796.5862 -15059.072 -162.73167999999998 5.6524231 -0.19189413 0.068814394
60839 83941.0 -1116.9988999999998 -15069.657000000001 -154.34177 5.6725066 0.015875714 0.071002163
60839 84061.0 -435.55557 -15055.176 -145.695 5.6833168 0.22578642 0.07309398
60839 84181.0 246.61756 -15015.404 -136.80337 5.6846383 0.43728463 0.07508199
60839 84301.0 928.37112 -14950.187 -127.67978000000001 5.676299 0.64979192 0.076958646
60839 84421.0 1608.5378 -14859.438 -118.33803 5.6581732 0.86270912 0.078716786
60839 84541.0 2285.9381000000003 -14743.145 -108.79276 5.6301841999999995 1.0754211 0.080349715
60839 84661.0 2959.3864 -14601.37 -99.059357 5.592306499999999 1.2873018 0.081851276
60839 84781.0 3627.6971000000003 -14434.251 -89.153931 5.5445675 1.4977202 0.083215924
60839 84901.0 4289.6912999999995 -14242.001 -79.093208 5.4870477 1.7060456 0.084438785
60839 85021.0 4944.2026 -14024.909 -68.89446099999999 5.419881 1.9116536000000002 0.085515712
60839 85141.0 5590.0842 -13783.337 -58.575411 5.3432541 2.1139322000000003 0.08644332900000001
60839 85261.0 6226.214599999999 -13517.722 -48.154138 5.2574043 2.3122869 0.087219065
60839 85381.0 6851.5037 -13228.568000000001 -37.648982000000004 5.1626178000000005 2.5061469 0.087841172
60839 85501.0 7464.8985999999995 -12916.448 -27.078439 5.059226300000001 2.6949695 0.088308741
60839 85621.0 8065.3888 -12581.998 -16.46107 4.9476037 2.8782451 0.088621693
60839 85741.0 8652.010699999999 -12225.91 -5.815389199999999 4.8281614 3.0555009 0.08878077100000001
60839 85861.0 9223.8525 -11848.936 4.8402208 4.7013445 3.2263049 0.088787509
60839 85981.0 9780.0573 -11451.871000000001 15.48761 4.5676263 3.3902679 0.0886442
60839 86101.0 10319.827 -11035.559000000001 26.108946 4.4275034 3.5470461 0.08835385
60839 86221.0 10842.422 -10600.879 36.686798 4.2814905 3.6963423 0.087920125
60839 86341.0 11347.17 -10148.746000000001 47.204211 4.130115 3.8379063 0.087347291
