CIC_MEM_VERS = 1.0
CREATION_DATE = 2025-03-13T18:00:38.643959
ORIGINATOR = CS Group

META_START
OBJECT_NAME = BLUE1
OBJECT_ID = BLUE1
USER_DEFINED_PROTOCOL = NONE
USER_DEFINED_CONTENT = LLA
USER_DEFINED_SIZE = 3.0
USER_DEFINED_TYPE = REAL
USER_DEFINED_UNIT = [deg] [km]
TIME_SYSTEM = UTC
META_STOP

60746 71877.946752 0.1216994591052317 23.35499961888527 570.233938150151
60746 72297.946752 26.320718456949397 19.502202382193797 561.6893301940385
60746 72717.946752 52.305950450957816 13.200073947043826 563.9596470773421
60746 73137.946752 76.79182754499814 -12.20415112059334 572.0348715970118
60746 73557.946752 72.71132614060325 -130.57797284160415 580.8465463673049
60746 73977.946752 47.7476079423546 -147.9558489672144 588.9540540188881
60746 74397.946752 21.92971942935636 -153.44665025413812 598.5117664368605
60746 74817.946752 -3.9831028817268326 -157.13921928537187 611.8251584247984
60746 75237.946752 -29.756952761349062 -161.06839414116624 627.5399089093488
60746 75657.946752 -55.153350227361926 -167.89935207870758 639.9406893260656
60746 76077.946752 -78.61243441708605 160.71553203612797 642.1863732159392
60746 76497.946752 -70.99018910124225 46.78435948315089 630.9031029688468
60746 76917.946752 -46.13029693760603 31.599337528968633 608.9921306145301
60746 77337.946752 -20.315794256640018 26.33386044826777 584.6582727391041
60746 77757.946752 5.824041901220182 22.64177151823642 567.1111577118745
60746 78177.946752 32.00991532214363 18.546904296012944 561.2088756396472
60746 78597.946752 57.87806635132047 10.884394548170109 565.3426692878636
60746 79017.946752 80.76284343606224 -33.67233187801749 574.0333903702465
60746 79437.946752 67.49282300758195 -137.2934177376469 582.7478679308117
60746 79857.946752 42.15281487800307 -149.43305816045515 590.9845032632634
60746 80277.946752 16.289192287420097 -154.24366397792895 601.2725606581158
60746 80697.946752 -9.60931813132719 -157.85193501132488 615.3593023310141
60746 81117.946752 -35.324868181457084 -162.07777574157038 630.8676819806352
60746 81537.946752 -60.571921433597204 -170.53208846565317 641.4801008159402
60746 81957.946752 -81.75183826992624 133.02382689693752 640.7679336556674
60746 82377.946752 -65.77058097968188 41.16423439509698 626.61608665237
60746 82797.946752 -40.555966976506085 30.211145956019244 603.3301079881263
60746 83217.946752 -14.643119991502093 25.547871521571334 579.7756978461954
60746 83637.946752 11.53212353627104 21.909986294628858 564.6236871163974
60746 84057.946752 37.68870229955418 17.453663177758276 561.3293964499057
60746 84477.946752 63.384419878454935 7.696229933894879 567.0558655542753
60746 84897.946752 82.18850049931723 -71.69895167074068 576.1303313911533
60746 85317.946752 62.09294754003742 -141.524666560097 584.7053767868256
60746 85737.946752 36.53953620646017 -150.65811812499578 593.1411552403147
60746 86157.946752 10.647240529370924 -154.9924034214674 604.1711485614921
60747 177.946752 -15.22778460733359 -158.59117937136284 618.840142499153
60747 597.9467520000001 -40.87510006404101 -163.24647677092534 633.7889329443392
60747 1017.9467520000001 -65.91198323126238 -174.24686375039977 642.2984690071352
60747 1437.946752 -81.71668587839669 93.36658195215091 638.5628843440716
60747 1857.946752 -60.396944003280176 37.47566920190254 621.8200100099439
60747 2277.946752 -34.948193800029266 29.043992780450516 597.6716022191416
60747 2697.946752 -8.953209668351535 24.802690120939634 575.4015906406466
60747 3117.946752 17.243611203361404 21.14336442491218 562.8560333589303
60747 3537.946752 43.35239019506531 16.16719580775258 562.0258119036238
60747 3957.946752 68.77782737886147 2.9816140755165725 569.0275049509752
60747 4377.946752 79.9288446689363 -106.11597029511866 578.2372232761332
60747 4797.946752 56.59837955030908 -144.447386690372 586.6343288793481
60747 5217.946752 30.91172652968357 -151.7090387939814 595.3615183599693
60747 5637.946752 5.003948419122255 -155.71198888372615 607.1695020902878
60747 6057.946752 -20.83870479271754 -159.37450667048176 622.2652762447644
60747 6477.946752 -46.404959317845126 -164.64027985512814 636.3430338943424
60747 6897.946752 -71.11064526812658 -179.92340978492814 642.4980797085507
60747 7317.946752 -78.52650873637998 65.94278262007529 635.7366376586774
60747 7737.946752 -54.93359492515346 34.852432011428235 616.7172961421878
60747 8157.946752 -29.31395248312282 28.031609747637997 592.1886254795322
60747 8577.946752 -3.2510772702458146 24.080470683661158 571.5943158871603
60747 8997.946752 22.9533904831632 20.32261788332897 561.7387961947312
60747 9417.946752 48.99272700486858 14.602817007780446 563.1623681043918
60747 9837.946752 73.9475421947472 -4.706334683126461 571.1393522866106
60747 10257.946752 75.62989902240876 -124.10736590523163 580.2842890763945
60747 10677.946752 51.04854213165503 -146.60690311908942 588.5238867606311
60747 11097.946752 25.273781643283666 -152.6358213881169 597.6639209091627
60747 11517.946752 -0.6381221393865485 -156.41795200421043 610.2518058526463
60747 11937.946752 -26.43958825069206 -160.22292190589815 625.5685025522575
60747 12357.946752 -51.90734511098792 -166.3620347769809 638.4575029643644
60747 12777.946752 -76.00976137130458 170.41586194506243 642.0382060308361
60747 13197.946752 -73.95559082599681 52.062042199569746 632.3182152857369
60747 13617.946752 -49.41023110608484 32.870999130168514 611.3934837458077
60747 14037.946752 -23.657233129171203 27.12980732963022 586.9704255258174
60747 14457.946752 2.4600822733227097 23.365999689989746 568.4009188690944
60747 14877.946752 28.657812246066268 19.423894713563744 561.2556386699143
60747 15297.946752 54.599537401264634 12.62495097618844 564.6465735532773
60747 15717.946752 78.59345740247818 -18.92314885148065 573.2686231390328
60747 16137.946752 70.60362682310488 -133.43765237147372 582.2011370189509
60747 16557.946752 45.46240758748059 -148.28954984799591 590.3435525501748
60747 16977.946752 19.62738922306627 -153.47475301555963 600.0214895620461
60747 17397.946752 -6.278633590331779 -157.12503947280786 613.3849160049724
60747 17817.946752 -32.0299005023267 -161.16328620453123 628.7311085857089
60747 18237.946752 -57.37253461356484 -168.5798954945974 640.1637864144338
60747 18657.946752 -80.15106657969449 151.82634549220728 641.0376902140787
60747 19077.946752 -68.87427575313355 44.46889931349125 628.5117750750775
60747 19497.946752 -43.84427182037833 31.30206088549958 606.0836621415965
60747 19917.946752 -17.98389425604109 26.307273188980083 582.23130657664
60747 20337.946752 8.173794898493274 22.645127436552823 565.9220564329023
60747 20757.946752 34.34920774226784 18.41632231706401 561.3723494576317
60747 21177.946752 60.15223582178307 10.003614051650999 566.4086493106665
60747 21597.946752 81.78190734134357 -47.31156010651769 575.4225636261287
60747 22017.946752 65.2939198239949 -138.93480927929468 584.0969508434019
60747 22437.946752 39.856924843486155 -149.65612201404085 592.2763475296247
60747 22857.946752 13.982239629932184 -154.2512955419658 602.6513663289865
60747 23277.946752 -11.907170261473183 -157.8470348154077 616.7495640220726
60747 23697.946752 -37.59740510199241 -162.23070801309223 631.8154847278112
60747 24117.946752 -62.77084982193242 -171.58494078195042 641.4073058752401
60747 24537.946752 -82.20664527809106 117.16342035350478 639.3738500916166
60747 24957.946752 -63.57593041082021 39.78127014549218 624.16145560853
60747 25377.946752 -38.25151696006006 30.01048205604957 600.611996961019
60747 25797.946752 -12.30114630274484 25.538883324746262 577.7743079148402
60747 26217.946752 13.884662803801197 21.901384006957105 563.9503654724124
60747 26637.946752 40.021993187690796 17.254203288851222 561.9375194762201
60747 27057.946752 65.61882822968546 6.304196415736373 568.4140851531556
60747 27477.946752 81.64865426891397 -87.62786743582457 577.6650516179906
60747 27897.946752 59.85321376883598 -142.53954741705132 586.1203567960385
60747 28317.946752 34.24208960871715 -150.8034138675307 594.5046056797203
60747 28737.946752 8.344545110837085 -154.98572133522376 605.6230882196546
60747 29157.946752 -17.51776908699399 -158.60031234948684 620.2166790588191
60747 29577.946752 -43.13517931919766 -163.4777938491712 634.595190565173
60747 29997.946752 -68.06004453488829 -175.94347549918015 641.9951534765495
60747 30417.946752 -80.68324314930085 80.25629924043082 636.9571853933162
60747 30837.946752 -58.1664786701218 36.5996458421069 619.2949943003362
60747 31257.946752 -32.63853153625684 28.9127370820981 595.0769209668479
60747 31677.946752 -6.6123888370443495 24.805530085806858 573.6775527618814
60747 32097.946752 19.588831529724295 21.116691025523394 562.5181149941728
60747 32517.946752 45.669630566266946 15.869721722871574 562.9169655277011
60747 32937.946752 70.93271441220779 0.6329370393567304 570.546364706394
60747 33357.946752 78.3164403007522 -114.73495570400455 579.811978956371
60747 33777.946752 54.34199393786613 -145.1002206094409 588.0655010507569
60747 34197.946752 28.61931520216481 -151.79702715593817 596.7668415046246
60747 34617.946752 2.7110931430781475 -155.69648871886918 608.635454622294
60747 35037.946752 -23.115515493893636 -159.40535993098467 623.5598942742026
60747 35457.946752 -48.64599214365754 -164.98640796253568 636.9307989690808
60747 35877.946752 -73.15749903740489 177.12190021928225 641.8853552522658
60747 36297.946752 -76.76029870970518 59.44638023517197 633.8558490930026
60747 36717.946752 -52.68386479354885 34.280372230908085 614.0670894402623
60747 37137.946752 -27.00248784391452 27.952392275950018 589.663068968528
60747 37557.946752 -0.9138617671521206 24.090176453683817 570.0880786396729
60747 37977.946752 25.28951595046683 20.269254334878976 561.6247954056302
60747 38397.946752 51.290972503841765 14.159430133286694 564.1419158384101
60747 38817.946752 75.93946485279503 -9.081284820149738 572.5905401207506
60747 39237.946752 73.63437821048464 -128.2864989172858 581.7130920703526
60747 39657.946752 48.78046918194207 -147.03653559185327 589.846303802089
60747 40077.946752 22.982230515332247 -152.6827762625917 599.0453815739838
60747 40497.946752 -2.9260156516472255 -156.40035245277056 611.7432919090782
60747 40917.946752 -28.707578721521244 -160.28722038888446 626.8509823930817
60747 41337.946752 -54.129658424664626 -166.88400638068757 638.9435068467214
60747 41757.946752 -77.83040058650771 164.69299846947268 641.2717380624101
60747 42177.946752 -71.92827355349834 48.776452106410055 630.3231570205547
60747 42597.946752 -47.1474309236741 32.49370074897932 608.7443946288203
60747 43017.946752 -21.344612957338306 27.089217867338313 584.5870484778134
60747 43437.946752 4.792985379706434 23.376479149401238 567.1015685819661
60747 43857.946752 30.984028858412152 19.331053432958164 561.2871629559689
60747 44277.946752 56.8739155256568 11.954443392522057 565.6351586243298
60747 44697.946752 80.16296775796302 -27.963760712481548 574.6246076063034
60747 45117.946752 68.46500218861333 -135.68504091967492 583.5316332918892
60747 45537.946752 43.18717080573692 -148.5723212890029 591.654003950164
60747 45957.946752 17.337683305345937 -153.49244222447058 601.482314335078
60747 46377.946752 -8.560409405661948 -157.11185193675323 614.9414875545796
60747 46797.946752 -34.287610652888404 -161.27545707790355 629.948736435564
60747 47217.946752 -59.56946049081617 -169.37850228546262 640.4183157121857
60747 47637.946752 -81.3518367965882 140.09844200922328 639.9465842277318
60747 48057.946752 -66.73808368547655 42.625551310402564 626.2173639078242
60747 48477.946752 -41.56887699596994 31.05357608741633 603.2831152613282
60747 48897.946752 -15.666004247307658 26.292844169827507 579.8879205608139
60747 49317.946752 10.50742318779998 22.648405287740236 564.7625566548292
60747 49737.946752 36.67033697171524 18.265001265907294 561.5185188163741
60747 50157.946752 62.39850296617071 8.956024713958318 567.411919751562
60747 50577.946752 82.2101767802093 -63.48579551537452 576.7008141045012
60747 50997.946752 63.085900407024646 -140.25960971006012 585.351509722344
60747 51417.946752 37.571523801017776 -149.83868584623815 593.5711879912897
60747 51837.946752 11.688748774486816 -154.24945752102536 604.1183851354908
60747 52257.946752 -14.189180150567472 -157.84572500827466 618.2403438029995
60747 52677.946752 -39.851228580758296 -162.4119176753775 632.8369328271253
60747 53097.946752 -64.93730288733353 -172.85197253163835 641.3601391065824
60747 53517.946752 -82.00587031771154 100.89868877120674 637.9637682988063
60747 53937.946752 -61.37765947501429 38.66053640910624 621.6511994352674
60747 54357.946752 -35.95867133522159 29.850129502698213 597.7989238784384
60747 54777.946752 -9.972237052447836 25.541228461368686 575.6136494327026
60747 55197.946752 16.223870817846517 21.889541774219804 563.0422389432629
60747 55617.946752 42.34136756719544 17.018876584807945 562.2406300180858
60747 56037.946752 67.82115052928427 4.588971585095618 569.3876207355594
60747 56457.946752 80.54569940332881 -100.65368237913493 578.7703992232606
60747 56877.946752 57.60153925596302 -143.37412108369696 587.1839816075945
60747 57297.946752 31.94147411352337 -150.91923423301827 595.6506463806611
60747 57717.946752 6.039839943669362 -154.97427757669496 606.9806277625809
60747 58137.946752 -19.808205528908807 -158.62027542686306 621.5878188399579
60747 58557.946752 -45.392252367133665 -163.75904018574764 635.4243037000502
60747 58977.946752 -70.17626646028121 -178.07209896887105 641.7093064055883
60747 59397.946752 -79.24872242759379 70.26240829754381 635.3412499620033
60747 59817.946752 -55.92234607402778 35.87880678262932 616.7236394049535
60747 60237.946752 -30.32414898476537 28.811893760649063 592.4142990040161
60747 60657.946752 -4.268380460783476 24.81553832744455 571.8462622654058
60747 61077.946752 21.936780030452958 21.080381385528234 561.9549916551188
60747 61497.946752 47.988098299999116 15.513709396865506 563.4275492295217
60747 61917.946752 73.04568455679424 -2.3885814749512426 571.5760498392638
60747 62337.946752 76.48173846348446 -121.10957081393384 580.9022593997432
60747 62757.946752 52.06104844450482 -145.64963942411111 589.1320959439767
60747 63177.946752 26.30621015069271 -151.86719602093814 597.9617418665531
60747 63597.946752 0.39819735510121984 -155.68183214643776 610.0302308329208
60747 64017.946752 -25.41074001977638 -159.45383111736678 624.8626854706405
60747 64437.946752 -50.900665082028254 -165.40761671838806 637.5657177166074
60747 64827.0 -14.033819001329668 -165.56724790023105 8623.110234309923
60747 64827.000864 -14.033821700343898 -165.56724495673262 8623.106968956265
60747 64917.000864 -15.389145170322484 -164.07023906444962 8625.146203378852
60747 65007.000864 -16.733579571664855 -162.55451795107444 8630.784217415188
60747 65097.000864 -18.065416571037915 -161.0189373252645 8640.010656751301
60747 65187.000864 -19.38293568566976 -159.46236430770065 8652.809136992546
60747 65277.000864 -20.684408002842105 -157.88368415989598 8669.157336876091
60747 65367.000864 -21.96810003470882 -156.28180797783386 8689.027122707412
60747 65457.000864 -23.232277719136015 -154.65568142025253 8712.384702475192
60747 65547.000864 -24.475210583383266 -153.00429453095148 8739.190807768955
60747 65637.000864 -25.695176093509165 -151.3266926991697 8769.400901333967
60747 65727.000864 -26.890464218017637 -149.62198878100023 8802.965407852695
60747 65817.000864 -28.059382239035127 -147.889376377118 8839.829965345345
60747 65907.000864 -29.20025984774317 -146.12814422706475 8879.935694435826
60747 65997.000864 -30.311454562364982 -144.3376916374231 8923.219482633955
60747 66087.000864 -31.391357506177457 -142.5175448102023 8969.614280739659
60747 66177.000864 -32.43839957925056 -140.66737387891774 9019.049408477753
60747 66267.000864 -33.451058050403034 -138.7870103940439 9071.450866519817
60747 66357.000864 -34.42786358478926 -136.8764649284362 9126.74165213807
60747 66447.000864 -35.36740770730813 -134.9359443995335 9184.842075861201
60747 66537.000864 -36.26835068256875 -132.96586863228148 9245.67007665717
60747 66627.000864 -37.12942976862609 -130.96688561941392 9309.141533348853
60747 66717.000864 -37.94946777461118 -128.9398848795806 9375.170570168375
60747 66807.000864 -38.72738182259098 -126.88600827514216 9443.669854570067
60747 66897.000864 -39.46219218276799 -124.80665763687746 9514.550885644676
60747 66987.000864 -40.15303102013954 -122.70349855874944 9587.72427170387
60747 67077.000864 -40.79915086198931 -120.57845977763938 9663.099995829443
60747 67167.000864 -41.399932571343776 -118.43372764420141 9740.587668402673
60747 67257.000864 -41.954892594146976 -116.27173532271463 9820.096765841632
60747 67347.000864 -42.4636892396342 -114.0951465277273 9901.536854976153
60747 67437.000864 -42.926127756118426 -111.90683380736829 9984.817802678714
60747 67527.000864 -43.3421639794524 -109.7098516076185 10069.849970543219
60747 67617.000864 -43.711906359292946 -107.50740458540069 10156.544394561599
60747 67707.000864 -44.03561620849938 -105.30281186543326 10244.812949889732
60747 67797.000864 -44.31370607203145 -103.09946813974081 10334.56850091853
60747 67887.000864 -44.54673617106397 -100.90080267351226 10425.725036974447
60747 67977.000864 -44.73540894236935 -98.71023739308224 10518.197794065349
60747 68067.000864 -44.88056175845006 -96.53114528165797 10611.903363164281
60747 68157.000864 -44.9831579763514 -94.36681029172058 10706.759785585562
60747 68247.000864 -45.044276518670245 -92.22038990123446 10802.68663605604
60747 68337.000864 -45.06510023568271 -90.094881300928 10899.605094120187
60747 68427.000864 -45.04690333029494 -87.99309201367224 10997.438004542753
60747 68517.000864 -44.9910381462885 -85.91761552938966 11096.10992738698
60747 68607.000864 -44.89892162482001 -83.87081230652512 11195.547178452516
60747 68697.000864 -44.772021725137904 -81.85479626025288 11295.677860755171
60747 68787.000864 -44.611844084684314 -79.87142664283189 11396.431887722236
60747 68877.000864 -44.41991916348608 -77.92230503445586 11497.740998762885
60747 68967.000864 -44.19779008070389 -76.00877701152842 11599.538767854781
60747 69057.000864 -43.9470013101919 -74.13193794765647 11701.760605765472
60747 69147.000864 -43.669088359559446 -72.29264233137172 11804.343756501852
60747 69237.000864 -43.365568515834234 -70.49151595125419 11907.22728855371
60747 69327.000864 -43.037932702256825 -68.72897029913881 12010.352081468205
60747 69417.000864 -42.68763845635069 -67.00521856945937 12113.660808261995
60747 69507.000864 -42.31610401006194 -65.32029268093495 12217.097914147545
60747 69597.000864 -41.924703428852474 -63.67406080921155 12320.609592019075
60747 69687.000864 -41.51476274817483 -62.06624498973124 12424.14375511354
60747 69777.000864 -41.08755703247867 -60.49643842387252 12527.650007232052
60747 69867.000864 -40.64430827330949 -58.96412219415126 12631.079610878083
60747 69957.000864 -40.18618403854158 -57.4686811628952 12734.385453640492
60747 70047.000864 -39.714296783666335 -56.009418891192496 12837.522013122798
60747 70137.000864 -39.22970373765258 -54.58557146980869 12940.445320693716
60747 70227.000864 -38.733407279564304 -53.19632020061337 13043.112924310022
60747 70317.000864 -38.22635572728205 -51.84080310585781 13145.483850639048
60747 70407.000864 -37.70944446582074 -50.51812527378179 13247.518566686775
60747 70497.000864 -37.183517349450916 -49.2273680731622 13349.178941116586
60747 70587.000864 -36.64936831876527 -47.96759728733961 13450.428205424809
60747 70677.000864 -36.10774318073217 -46.73787023085078 13551.230915121308
60747 70767.000864 -35.559341506438564 -45.53724191990899 13651.55291104685
60747 70857.000864 -35.004818607513066 -44.36477037244261 13751.361280943735
60747 70947.000864 -34.44478755804423 -43.219521114968245 13850.624321382009
60747 71037.000864 -33.8798212341178 -42.10057097290543 13949.311500130667
60747 71127.000864 -33.310454347870355 -41.007011218600034 14047.393419051441
60747 71217.000864 -32.7371854571956 -39.9379501477982 14144.841777581943
60747 71307.000864 -32.16047893596309 -38.892515150986924 14241.629336864724
60747 71397.000864 -31.580766892845265 -37.869854341212694 14337.729884570608
60747 71487.000864 -30.998451029635408 -36.86913779494901 14433.118200455541
60747 71577.000864 -30.413904432314173 -35.88955845749701 14527.770022683642
60747 71667.000864 -29.827473290129756 -34.93033275941212 14621.66201494219
60747 71757.000864 -29.239478539634415 -33.990700985650825 14714.771734368434
60747 71847.000864 -28.650217432011306 -33.06992743459741 14807.077600302622
60747 71937.000864 -28.05996502316299 -32.16730039989883 14898.558863877242
60747 72027.000864 -27.468975586953615 -31.282132004132972 14989.19557844803
60747 72117.000864 -26.877483952730927 -30.413757909767558 15078.968570868466
60747 72207.000864 -26.285706768828774 -29.561536929632425 15167.859413606602
60747 72297.000864 -25.693843694190733 -28.724850556212907 15255.850397699769
60747 72387.000864 -25.102078520583092 -27.903102426465274 15342.924506540345
60747 72477.000864 -24.510580228098615 -27.095717736532087 15429.0653904838
60747 72567.000864 -23.919503976808095 -26.302142618678264 15514.257342267872
60747 72657.000864 -23.328992037508595 -25.52184349095346 15598.48527323077
60747 72747.000864 -22.73917466455788 -24.754306388491848 15681.734690314255
60747 72837.000864 -22.1501709137829 -23.99903628396431 15763.9916738369
60747 72927.000864 -21.562089408417048 -23.255556403481524 15845.242856021603
60747 73017.000864 -20.975029055960647 -22.523407543187552 15925.475400260524
60747 73107.000864 -20.389079718780522 -21.802147390867816 16004.676981100614
60747 73197.000864 -19.804322841171093 -21.091349856103975 16082.835764931668
60747 73287.000864 -19.220832035495217 -20.390604411826946 16159.940391359054
60747 73377.000864 -18.638673629912514 -19.69951544953623 16235.979955243012
60747 73467.000864 -18.057907180087557 -19.017701649953683 16310.943989385922
60747 73557.000864 -17.478585947153576 -18.34479537045586 16384.82244784944
60747 73647.000864 -16.900757344089772 -17.680442050268475 16457.60568988301
60747 73737.000864 -16.324463352554787 -17.024299634102313 16529.28446444563
60747 73827.000864 -15.749740912104368 -16.376038014654384 16599.84989530273
60747 73917.000864 -15.176622283611293 -15.735338494184619 16669.293466680614
60747 74007.000864 -14.605135388598068 -15.101893265200816 16737.607009460517
60747 74097.000864 -14.035304126090713 -14.47540491013873 16804.782687895422
60747 74187.000864 -13.467148668502633 -13.85558591980412 16870.812986832443
60747 74277.000864 -12.90068573796463 -13.24215823024743 16935.690699424435
60747 74367.000864 -12.335928864427572 -12.634852777664417 16999.40891531435
60747 74457.000864 -11.7728886267799 -12.033409070855388 17061.961009276965
60747 74547.000864 -11.21157287814226 -11.43757478072925 17123.340630302155
60747 74637.000864 -10.651986956426898 -10.847105346304287 17183.54169110514
60747 74727.000864 -10.094133881177928 -10.26176359663222 17242.558358048827
60747 74817.000864 -9.538014537642832 -9.681319388056583 17300.38504146443
60747 74907.000864 -8.983627848962948 -9.105549256206686 17357.016386356445
60747 74997.000864 -8.430970937312365 -8.534236082125094 17412.447263478916
60747 75087.000864 -7.880039274760216 -7.967168771927809 17466.672760770052
60747 75177.000864 -7.330826824580091 -7.40414194940126 17519.688175132836
60747 75267.000864 -6.783326173683037 -6.84495566094857 17571.48900454971
60747 75357.000864 -6.237528656806175 -6.289415092308431 17622.07094051971
60747 75447.000864 -5.693424473047093 -5.737330296481823 17671.429860806995
60747 75537.000864 -5.151002795296486 -5.188515932316997 17719.561822489995
60747 75627.000864 -4.61025187308537 -4.642791013217679 17766.463055300865
60747 75717.000864 -4.071159129329402 -4.099978665455237 17812.129955245295
60747 75807.000864 -3.5337112514227864 -3.5599058955828244 17856.55907849321
60747 75897.000864 -2.9978942771050447 -3.0224033664656824 17899.747135531103
60747 75987.000864 -2.463693675497067 -2.487305181458585 17941.69098556721
60747 76077.000864 -1.931094423679113 -1.954448676279009 17982.387631181136
60747 76167.000864 -1.4000810791592428 -1.42367421814 18021.83421320987
60747 76257.000864 -0.8706378485608658 -0.8948250117242572 18060.0280058623
60747 76347.000864 -0.34274865283755457 -0.3677469115961719 18096.966412054942
60747 76437.000864 0.18360281069437293 0.15771175933573567 18132.64695896184
60747 76527.000864 0.7084330092315707 0.681700385678173 18167.067293771725
60747 76617.000864 1.2317585180091957 1.2043662300920253 18200.225179646073
60747 76707.000864 1.753595966232177 1.7258545988548781 18232.11849187187
60747 76797.000864 2.2739619851803803 2.246309002776916 18262.7452142033
60747 76887.000864 2.792873158268457 2.76587131378763 18292.103435386638
60747 76977.000864 3.3103459728517026 3.2846819174981023 18320.19134586316
60747 77067.000864 3.8263967735790065 3.8028798620315074 18347.007234645018
60747 77157.000864 4.341041717103102 4.320603003403133 18372.549486359272
60747 77247.000864 4.854296727966938 4.837988147720896 18396.816578455695
60747 77337.000864 5.366177455491342 5.355171190465658 18419.807078573886
60747 77427.000864 5.87669923149696 5.8722872531021775 18441.51964206585
60747 77517.000864 6.3858770286981805 6.3894708172605705 18461.953009670255
60747 77607.000864 6.8937254196130615 6.906855856720163 18481.10600533478
60747 77697.000864 7.400258535837011 7.424575967418186 18498.97753418315
60747 77787.000864 7.90549002753239 7.94276449569753 18515.566580624065
60747 77877.000864 8.409433022989319 8.461554664999598 18530.87220659877
60747 77967.000864 8.912100088116194 8.98107970120074 18544.893549964912
60747 78057.000864 9.413503185719971 9.501472956782456 18557.629823014075
60747 78147.000864 9.91365363443903 10.022868034019021 18569.08031112078
60747 78237.000864 10.412562067191725 10.545398907358022 18579.244371520996
60747 78327.000864 10.910238389005137 11.069200045162537 18588.12143221817
60747 78417.000864 11.406691734088795 11.594406530976563 18595.710991015247
60747 78507.000864 11.90193042201758 12.12115418446767 18602.012614671206
60747 78597.000864 12.395961912888104 12.649579682194096 18607.025938180832
60747 78687.000864 12.888792761311533 13.179820678335917 18610.7506641767
60747 78777.000864 13.380428569104023 13.712015925521774 18613.186562452353
60747 78867.000864 13.870873936535187 14.246305395875966 18614.333469606216
60747 78901.268832 14.018444165335257 14.432750881418396 18623.111380948303
60747 78991.268832 14.5824993217299 15.05285432255515 18623.159295673413
60747 79081.268832 15.144902420647952 15.676129078459805 18623.264760510763
60747 79171.268832 15.705576496760113 16.302708755553162 18623.370767253644
60747 79261.268832 16.264444854025125 16.932729739306094 18623.479720114574
60747 79351.268832 16.821429481652498 17.56632939297108 18623.591292970275
60747 79441.268832 17.37645105145686 18.20364611893033 18623.705389963303
60747 79531.268832 17.929428864745024 18.844819359031256 18623.82191818965
60747 79621.268832 18.480280798771354 19.48998959012437 18623.940782841073
60747 79711.268832 19.0289232534831 20.139298314756736 18624.061887021748
60747 79801.268832 19.575271098017804 20.792888046037902 18624.185131802686
60747 79891.268832 20.119237617165393 21.450902286457286 18624.310416300083
60747 79981.268832 20.660734457666944 22.11348549990849 18624.437637757856
60747 80071.268832 21.19967157459539 22.780783076619525 18624.566691632434
60747 80161.268832 21.73595717776521 23.45294129028083 18624.69747167897
60747 80251.268832 22.269497678409707 24.130107247018135 18624.829870039128
60747 80341.268832 22.80019763615703 24.81242882547072 18624.963777330133
60747 80431.268832 23.32795970649326 25.500054607460573 18625.09908273523
60747 80521.268832 23.852684588838958 26.193133798599924 18625.235674095173
60747 80611.268832 24.374270975421005 26.8918161381878 18625.373438001105
60747 80701.268832 24.892615501114985 27.596251797715077 18625.512259888317
60747 80791.268832 25.407612694482864 28.306591267275657 18625.65202413108
60747 80881.268832 25.919154930178085 29.022985229156117 18625.792614138354
60747 80971.268832 26.427132383013536 29.74558441786135 18625.933912450393
60747 81061.268832 26.931432983921628 30.4745394658278 18626.07580083605
60747 81151.268832 27.431942378105045 31.210000734033684 18626.21816039073
60747 81241.268832 27.928543885682657 31.952118126759828 18626.360871635083
60747 81331.268832 28.421118465149434 32.7010408896666 18626.503814613992
60747 81421.268832 28.909544680019973 33.456917390443294 18626.646868996188
60747 81511.268832 29.39369866902543 34.219894881247335 18626.789914174096
60747 81601.268832 29.873454120285725 34.99011924218094 18626.93282936398
60747 81691.268832 30.348682249862104 35.76773470505824 18627.075493706318
60747 81781.268832 30.819251785167314 36.552883556781325 18627.21778636615
60747 81871.268832 31.285028953716434 37.3457058216705 18627.359586633662
60747 81961.268832 31.745877477719926 38.14633892216002 18627.500774024396
60747 82051.268832 32.20165857505949 38.954917317318724 18627.641228379638
60747 82141.268832 32.65223096720562 39.771572118789955 18627.780829966327
60747 82231.268832 33.097450894666245 40.59643068378928 18627.919459576762
60747 82321.268832 33.53717214055071 41.429616184948785 18628.056998627915
60747 82411.268832 33.971246062902196 42.27124715695004 18628.19332926024
60747 82501.268832 34.399521636415024 43.12143701997984 18628.328334435868
60747 82591.268832 34.82184550420433 43.98029358031999 18628.46189803629
60747 82681.268832 35.238062040289016 44.8479185084644 18628.593904959176
60747 82771.268832 35.64801342344541 45.7244067954656 18628.7242412145
60747 82861.268832 36.05153972312294 46.60984618843975 18628.85279401972
60747 82951.268832 36.44847899805338 47.50431660635437 18628.97945189399
60747 83041.268832 36.83866740823464 48.40788953762878 18629.104104751408
60747 83131.268832 37.22193934088795 49.32062742127401 18629.22664399304
60747 83221.268832 37.59812755100291 50.24258301369737 18629.346962597854
60747 83311.268832 37.967063317037656 51.17379874362299 18629.464955212276
60747 83401.268832 38.32857661226359 52.1143060579302 18629.580518238556
60747 83491.268832 38.682496292236074 53.06412476162544 18629.6935499215
60747 83581.268832 39.02865029875838 54.023262355510695 18629.803950433987
60747 83671.268832 39.36686588064921 54.991713375536484 18629.911621960648
60747 83761.268832 39.69696983152452 55.96945873820426 18630.016468780155
60747 83851.268832 40.018788744695186 56.95646509677222 18630.118397345603
60747 83941.268832 40.33214928516745 57.95268421339998 18630.21731636336
60747 84031.268832 40.63687847860477 58.95805235272756 18630.313136869852
60747 84121.268832 40.93280401695323 59.972489702683994 18630.405772306643
60747 84211.268832 41.21975458029499 60.995899828643296 18630.495138593444
60747 84301.268832 41.49756017432439 62.028169167268764 18630.58115419917
60747 84391.268832 41.76605248265436 63.06916656658721 18630.66374021089
60747 84481.268832 42.025065232990556 64.1187428789272 18630.742820400676
60747 84571.268832 42.27443457602221 65.17673061343979 18630.818321290233
60747 84661.268832 42.51399947567701 66.24294365485686 18630.8901722133
60747 84751.268832 42.743602109198875 67.31717705501858 18630.958305375792
60747 84841.268832 42.96308827531052 68.39920690346183 18631.022655913534
60747 84931.268832 43.17230780854263 69.4887902830388 18631.08316194767
60747 85021.268832 43.371114997614114 70.58566531607529 18631.139764637606
60747 85111.268832 43.559369005596785 71.68955130600979 18631.192408231436
60747 85201.268832 43.73693428942602 72.80014897880302 18631.241040113957
60747 85291.268832 43.90368101619811 73.91714082761035 18631.285610851963
60747 85381.268832 44.05948547356297 75.04019156329683 18631.326074237113
60747 85471.268832 44.20423047145048 76.16894867244001 18631.362387325997
60747 85561.268832 44.33780573229211 77.30304308332735 18631.394510477658
60747 85651.268832 44.460108266882244 78.44208993938385 18631.42240738835
60747 85741.268832 44.57104273302641 79.58568947818219 18631.4460451236
60747 85831.268832 44.670521774156896 80.73342801302371 18631.465394147446
60747 85921.268832 44.758466335194385 81.8848790127822 18631.480428349
60747 86011.268832 44.83480595302361 83.03960427448793 18631.49112506612
60747 86101.268832 44.899479019131014 84.19715518187701 18631.497465106295
60747 86191.268832 44.95243301212693 85.35707404202788 18631.49943276466
60747 86281.268832 44.99362469809964 86.5188954910996 18631.497015839203
60747 86371.268832 45.02302029701713 87.68214795921205 18631.490205643055
