CIC_AEM_VERS = 1.0
CREATION_DATE = 2025-06-13T14:22:08.045Z
ORIGINATOR = CS Group

META_START
OBJECT_NAME = BLUE2
OBJECT_ID = BLUE2
CENTER_NAME = null
REF_FRAME_A = EME2000
REF_FRAME_B = SC_BODY_1
ATTITUDE_DIR = A2B
TIME_SYSTEM = UTC
START_TIME = 2025-06-12T19:42:04.119264
STOP_TIME = 2025-06-14T00:00:00.0
ATTITUDE_TYPE = QUATERNION
QUATERNION_TYPE = LAST
META_STOP

60838 70924.119264 -0.4071598301191656 -0.6342650916762028 -0.5538175919762867 -0.35385694996127687
60838 71344.119264 -0.5398901540792181 -0.525935142718025 -0.6194136280972931 -0.2196306092279425
60838 71764.119264 -0.6451677688278153 -0.389727597872228 -0.6530675492755795 -0.07330569968065387
60838 72184.119264 -0.7170068310684068 -0.2325089413967465 -0.6525616575188573 0.07748599556079241
60838 72604.119264 -0.7511586140004729 -0.06258684256588339 -0.6175766292997893 0.22459459186105213
60838 73024.119264 -0.7455547474518034 0.11077058926716514 -0.5498609989156116 0.35990398299686593
60838 73444.119264 0.7005593467361275 -0.2780284332406874 0.45317789121793584 -0.47596910710847984
60838 73864.119264 0.6189245775203184 -0.43011550204316956 0.3330076426704122 -0.5666029757833457
60838 74284.119264 0.5054743230142061 -0.559093083993189 0.1960531259751072 -0.6272749030526437
60838 74704.119264 0.36656438231726124 -0.6586050721801786 0.049668023731796025 -0.655288486037626
60838 75124.119264 0.20953402610064376 -0.7240524749133388 -0.09864434424578311 -0.6497020846713077
60838 75544.119264 0.04225828110037799 -0.7525710037730889 -0.2415822382057785 -0.6111375820074341
60838 75964.119264 -0.12713462573740295 -0.7429334260003063 -0.3722355086166048 -0.5415971174175461
60838 76384.119264 -0.2904287986145144 -0.6955056962414935 -0.4842119316983429 -0.44436667812958763
60838 76804.119264 -0.43949151747285914 -0.6123026750588652 -0.5717997420494514 -0.32400261600385605
60838 77224.119264 -0.566566917585105 -0.4970837974692714 -0.6302374865878109 -0.1863071031687197
60838 77644.119264 -0.6646926438642996 -0.3554064530196097 -0.6560557338259743 -0.038220628707146403
60838 78064.119264 -0.7282321687933042 -0.1945052105270202 -0.6474557968643858 0.112457203055843
60838 78484.119264 -0.753403244753746 -0.02295676512903837 -0.6045962986568465 0.2575264129750162
60838 78904.119264 -0.7386848473929738 0.14984008680975036 -0.5297137671971193 0.3889678257371703
60838 79324.119264 0.6850051023516486 -0.3143936932230497 0.42700839141196173 -0.4995882795638298
60838 79744.119264 0.5956298600422703 -0.46184408493098483 0.30229478218339506 -0.5835606015702058
60838 80164.119264 0.4757775253456684 -0.5845853716415748 0.16248080202393508 -0.6367854258793088
60838 80584.119264 0.3320703294551429 -0.6766627376549763 0.014986702166080723 -0.6569872407611969
60838 81004.119264 0.17200188647039766 -0.7338784071831704 -0.1327081558802244 -0.6436042105858129
60838 81424.119264 0.0035212258265185465 -0.753746718472923 -0.27338334954822835 -0.5975910219788867
60838 81844.119264 -0.16521244893644138 -0.7354001582098559 -0.4002346870898124 -0.5212520016954011
60838 82264.119264 -0.32598104685147816 -0.6795682087614142 -0.5070101289115476 -0.41816759309577445
60838 82684.119264 -0.47070237714592733 -0.5886562550100922 -0.588186253767876 -0.2931893866857704
60838 83104.119264 -0.591755207776536 -0.46683522402478017 -0.6392683912030701 -0.15240266299418964
60838 83524.119264 -0.6824274192805152 -0.3200649845938461 -0.6571470986285557 -0.00298560130430881
60838 83944.119264 -0.737462778709893 -0.15592976800496292 -0.6404608950301943 0.1471203568664932
60838 84364.119264 -0.753569309730674 0.016749491279632697 -0.5898519179466557 0.28970237290805995
60838 84784.119264 -0.7297832858364858 0.18848491952568822 -0.5080370196086554 0.41687909222249514
60838 85204.119264 0.6675893155621663 -0.3498700185026362 0.39963216878369484 -0.5217371038880059
60838 85624.119264 0.5707406272426698 -0.49228686129920923 0.27075626463162566 -0.5988320530579052
60838 86044.119264 0.4448270103081302 -0.6084854874843936 0.12848464893202102 -0.6444889738467415
60839 64.119264 0.29670648274106914 -0.6929118845123592 -0.01971541753201475 -0.6568482973354601
60839 484.119264 0.13400599519183637 -0.7417650586163229 -0.16640466659116893 -0.6357172940901092
60839 904.119264 -0.035261962967243855 -0.7529321073292699 -0.3044475757394744 -0.582375745843488
60839 1324.119264 -0.20291069393578562 -0.7259053170991927 -0.4271540341997034 -0.49942782457582113
60839 1744.119264 -0.3607296644717195 -0.6617858534151793 -0.5284199061013729 -0.3907505549906228
60839 2164.119264 -0.5007038520956604 -0.5633738483913844 -0.6029328073846443 -0.2614910882315488
60839 2584.119264 -0.6153722265101438 -0.43525592455327194 -0.6464850422710811 -0.11801013982274212
60839 3004.119264 -0.6983056694880653 -0.283788590114713 -0.6563459943396099 0.03229804631671911
60839 3424.119264 -0.7446566843607051 -0.11688300610694559 -0.6316061146287155 0.1813794400805749
60839 3844.119264 -0.7516423839185647 0.05642698142248477 -0.573394978259119 0.3210419308626023
60839 4264.119264 -0.7188611442255118 0.22660616814176107 -0.48489824969612044 0.44357861459332637
60839 4684.119264 0.6483443110682703 -0.3843706812016546 0.3711251210689411 -0.5423789987172714
60839 5104.119264 0.5443099254683108 -0.5213746900385391 0.238468721686459 -0.6123951391063823
60839 5524.119264 0.41268680452545203 -0.6307385398061387 0.09414272476744479 -0.6503811522078053
60839 5944.119264 0.26054816850134227 -0.7073109082918388 -0.0543611798736323 -0.6548822741720198
60839 6364.119264 0.09563174164455793 -0.747684461997376 -0.19965551194741776 -0.6260672422565623
60839 6784.119264 -0.07399522107229854 -0.7501155695470604 -0.3346979507436298 -0.5655339259050385
60839 7204.119264 -0.24012608140835 -0.7144581070106452 -0.4529209380843797 -0.4761845253670065
60839 7624.119264 -0.39456843077083453 -0.642191297608061 -0.5483808465952879 -0.36219406097139595
60839 8044.119264 -0.5293961155045912 -0.5365164363484368 -0.6159936854511084 -0.22900141025981552
60839 8464.119264 -0.6373345086295498 -0.40243482154463994 -0.651861347601194 -0.08323293832263538
60839 8884.119264 -0.7122679036357298 -0.24668873039637296 -0.653651131720839 0.06752260174085925
60839 9304.119264 -0.7497840244987055 -0.07749121575072337 -0.6209178178694233 0.21512808171011288
60839 9724.119264 -0.7476260857745964 0.0959446789788155 -0.5552789547540993 0.35144720350602154
60839 10144.119264 0.7059566418955389 -0.26407846108255684 0.46037493831489085 -0.4689804924806607
60839 10564.119264 0.6273384748577066 -0.4177843040939202 0.3415834066086795 -0.5614476730253453
60839 10984.119264 0.5164287376826173 -0.5490155194926593 0.20554021335795278 -0.6242087302693796
60839 11404.119264 0.37946414733045153 -0.6512768355865672 0.059565795196534585 -0.6544443141793846
60839 11824.119264 0.2237076292742435 -0.7198172173428139 -0.08884137656964958 -0.6510954461755633
60839 12244.119264 0.05699255660819525 -0.7516176899950409 -0.2323576897456714 -0.6146808933046761
60839 12664.119264 -0.1125663894732324 -0.7453003986985806 -0.36404139762863835 -0.5471105779212144
60839 13084.119264 -0.2767482862395056 -0.7010824369375632 -0.47745688129829894 -0.4515846866115882
60839 13504.119264 -0.4273937646804023 -0.6208301329318987 -0.5668311610001486 -0.33257623317864615
60839 13924.119264 -0.5566874149989708 -0.5081529784543021 -0.6273257454616502 -0.1958113417317032
60839 14344.119264 -0.6575690641549857 -0.3684620150454825 -0.6553764421036834 -0.048170410736012255
60839 14764.119264 -0.7242658087123572 -0.20886821556956342 -0.6490680261825914 0.10258559471220215
60839 15184.119264 -0.7528245702512667 -0.03786386080259437 -0.6084264722180719 0.24827146911272172
60839 15604.119264 -0.7415282227795632 0.13519622797949787 -0.5355554205341139 0.38083889808950266
60839 16024.119264 0.6911019581683213 -0.3008043291860351 0.4345343870858365 -0.49302606969488716
60839 16444.119264 0.6046243149500867 -0.4500280155903911 0.31108329955213027 -0.5789053495129172
60839 16864.119264 0.48716639741191503 -0.5751444668102713 0.1720494890547951 -0.6342528808339847
60839 17284.119264 0.3452421923759057 -0.6700514633440613 0.02483500814857994 -0.6566750242275248
60839 17704.119264 0.18627982920856834 -0.7303984423451519 -0.12307253736464015 -0.6455006515848235
60839 18124.119264 0.018195516753249992 -0.7535507469897484 -0.26442655256494874 -0.6015885580526699
60839 18544.119264 -0.15085751188371097 -0.7384947645618617 -0.3923952819924567 -0.527155988767117
60839 18964.119264 -0.31265602470795356 -0.6858153654996704 -0.5006822847694467 -0.4257002987741725
60839 19384.119264 -0.45908927238104175 -0.5977690244386523 -0.5837044450763967 -0.30199065251156926
60839 19804.119264 -0.5824734770185304 -0.4783742731030728 -0.6368886992963771 -0.16203545325520355
60839 20224.119264 -0.6759930336675289 -0.3334476493507007 -0.6570223511119021 -0.012950432998619157
60839 20644.119264 -0.7342460136259571 -0.17045604463088884 -0.642618975234639 0.13736222549000024
60839 21064.119264 -0.75375845042972 0.001859346135929147 -0.5941851071380951 0.28069342652264684
60839 21484.119264 -0.7333640932622583 0.17404004825894295 -0.5143052356947572 0.409117700488027
60839 21904.119264 0.6743485754971669 -0.33665032776967546 0.4074800401862238 -0.5156360852261461
60839 22324.119264 0.5802886434016126 -0.4809865818231469 0.27974311345825914 -0.5946938615101729
60839 22744.119264 0.45663374009613505 -0.5996682027700769 0.13812656744110732 -0.6424988135080549
60839 23164.119264 0.3101479266836694 -0.6869945468955587 -0.00991350914553512 -0.657075702218556
60839 23584.119264 0.14840099862685452 -0.7390155226367496 -0.1569240924458987 -0.6381285373014712
60839 24004.119264 -0.020622262518662494 -0.7534734714095414 -0.2957454399784352 -0.5868450263081625
60839 24424.119264 -0.1887402874700237 -0.7297164809340255 -0.41965893911575036 -0.5057443387317722
60839 24844.119264 -0.34773435684195547 -0.6686990925067209 -0.5225171139960483 -0.398620378723467
60839 25264.119264 -0.48955672061390315 -0.5730711654961136 -0.5989435077354436 -0.27053711597533064
60839 25684.119264 -0.6066779812382159 -0.4472682208134272 -0.6446440918503651 -0.12777699547857693
60839 26104.119264 -0.6925557284978588 -0.2975059968239803 -0.6567787632683076 0.02232489413910469
60839 26524.119264 -0.7421863114508017 -0.13158242779425688 -0.6343102695857386 0.1717440703165338
60839 26944.119264 -0.7525978524114175 0.041538345171800176 -0.5782315470895579 0.3122808293452015
60839 27364.119264 -0.723186879817543 0.21234026487815535 -0.4915987142559707 0.4361686060609106
60839 27784.119264 0.6557861394551926 -0.37149519055364705 0.3793115212853918 -0.5367109394395887
60839 28204.119264 0.5544397650236326 -0.5105573981040115 0.24768823442057875 -0.6087513685663609
60839 28624.119264 0.424950636201556 -0.6225143391407759 0.103903832102347 -0.6489197546927226
60839 29044.119264 0.27430474822850287 -0.7020664623908363 -0.044555316190712506 -0.6556480849392148
60839 29464.119264 0.11018979988101456 -0.7456571140447257 -0.1902847123886895 -0.6290035011888461
60839 29884.119264 -0.05935106701868574 -0.7513977704017596 -0.3262156862246399 -0.5704929162925647
60839 30304.119264 -0.22611386751453638 -0.7189971734545477 -0.4457469658956976 -0.48293397672639443
60839 30724.119264 -0.3818916326454545 -0.6497850212985807 -0.5428889055828141 -0.37041847039056586
60839 31144.119264 -0.5187176281105681 -0.5468120243141935 -0.6124871461252556 -0.2383025979382096
60839 31564.119264 -0.6292395521015368 -0.4149301370883772 -0.6505505547480748 -0.09313722737901226
60839 31984.119264 -0.7072174919766402 -0.2607436696562588 -0.6546337268068938 0.057539912264235535
60839 32404.119264 -0.7480750676842342 -0.09236016980258029 -0.6241607465349666 0.2056128756381279
60839 32824.119264 -0.7493624290682881 0.08106893296833198 -0.5606128726448433 0.3429241680505295
60839 33244.119264 0.7110375677011153 -0.250005403924399 0.467503602083809 -0.46191260793027017
60839 33664.119264 0.6354666608748455 -0.40526548490615405 0.3501070273876909 -0.5562077660677783
60839 34084.119264 0.5271442557545014 -0.5386970479895848 0.21498919804602148 -0.6210507779850762
60839 34504.119264 0.39218659593799815 -0.6436641957913591 0.06944183134914773 -0.6535012693803316
60839 34924.119264 0.2377770685126819 -0.7152656610856509 -0.07903604681454557 -0.6523882303239008
60839 35344.119264 0.07170602921687097 -0.7503327675936741 -0.22310237737836375 -0.6181296890275445
60839 35764.119264 -0.09793231807926418 -0.747341842279128 -0.35578557455870535 -0.5525450721799923
60839 36184.119264 -0.26291686521489893 -0.7063637966425838 -0.47061009299864687 -0.45874944048581695
60839 36604.119264 -0.4150666369242547 -0.629113095677117 -0.5617519610002947 -0.3411321357953059
60839 37024.119264 -0.5465154969430692 -0.5190452361270386 -0.6242987799746704 -0.20533847125425608
60839 37444.119264 -0.6501126421149669 -0.3814220607337538 -0.654588369075922 -0.05817930231996826
60839 37864.119264 -0.7199504956162613 -0.22322580796544778 -0.6505853861483736 0.09262924943150741
60839 38284.119264 -0.7519039347113422 -0.05285186100766049 -0.6121843711980369 0.23890887261567478
60839 38704.119264 -0.7440593076854277 0.1203928777804688 -0.5413540063840433 0.3725817244556746
60839 39124.119264 0.6969368924936593 -0.28698616114032477 0.442051078452943 -0.48632165819939666
60839 39544.119264 0.6134270761070253 -0.4379284185949036 0.3198988325348098 -0.5740998688630911
60839 39964.119264 0.49844271057436806 -0.5653799165175887 0.1816862586907012 -0.6315778001773154
60839 40384.119264 0.3583883995842755 -0.6630963947877224 0.03479055351944108 -0.65623969984203
60839 40804.119264 0.2006209412157894 -0.7265765799175681 -0.11329821790453551 -0.647303039758533
60839 41224.119264 0.03301738777244002 -0.7530353990859776 -0.25531337489188616 -0.6055267297398373
60839 41644.119264 -0.13628706662398246 -0.741311581176796 -0.38438832830978664 -0.5330371358014341
60839 42064.119264 -0.29906481989885975 -0.6918410356473288 -0.49418145257423707 -0.4332446270006257
60839 42484.119264 -0.44717347195187235 -0.6067248120245564 -0.5790530610987807 -0.310835070235658
60839 42904.119264 -0.5728668468820759 -0.4898273130361788 -0.6343490397245997 -0.1717383910126788
60839 43324.119264 -0.6692258960707207 -0.3468214770459754 -0.6567512557070714 -0.023007633845612458
60839 43744.119264 -0.7307030762605383 -0.18505052524092686 -0.6446523322569269 0.12748603047843296
60839 44164.119264 -0.7536468918689357 -0.013170234224041769 -0.5984263872144895 0.27153041522487026
60839 44584.119264 -0.7366915578353681 0.15939075328957156 -0.5205248539185162 0.40116581712926225
60839 45004.119264 0.6809193960644286 -0.3231687534897732 0.4153317142219604 -0.5093233746771965
60839 45424.119264 0.5897225290180564 -0.4693789853031188 0.2887932682554461 -0.5903466398097819
60839 45844.119264 0.4684089568593199 -0.5905211324804499 0.14788622962707787 -0.640318283601724
60839 46264.119264 0.3236402975478839 -0.6807481705528438 4.9861225389836375E-5 -0.6571444921826034
60839 46684.119264 0.16292383995062287 -0.7359575690388497 -0.14725486887165407 -0.6404203951653651
60839 47104.119264 -0.005789734127914138 -0.7537416115566081 -0.2868442056303054 -0.5912363856217702
60839 47524.119264 -0.1743317641738288 -0.7333004657556023 -0.41196185340028507 -0.5120217712809284
60839 47944.119264 -0.3344753804026271 -0.6754391860359303 -0.5164106497079287 -0.4064826770477096
60839 48364.119264 -0.4781336177224345 -0.5826520791462974 -0.5947508904651858 -0.27960002961556074
60839 48784.119264 -0.5977023890521839 -0.4592170924658199 -0.6426058626815754 -0.13758350684518356
60839 49204.119264 -0.6865242271836076 -0.311210725499985 -0.6570246431932418 0.012287719907145998
60839 49624.119264 -0.7394408161007511 -0.14631772055433592 -0.6368441316854725 0.1620122096442583
60839 50044.119264 -0.7532956638880682 0.026569409896961136 -0.5829225625299621 0.3033825890170103
60839 50464.119264 -0.7272812660745412 0.19794588508200783 -0.4981865298874893 0.42859020991475594
60839 50884.119264 0.6630332272968499 -0.3584424118576859 0.3874269470965564 -0.5308543468272735
60839 51304.119264 0.5644272911859873 -0.4995247406948268 0.25688180887011053 -0.6049037962104675
60839 51724.119264 0.4371308614995622 -0.6140488660513641 0.11368693618705582 -0.6472525631977711
60839 51778.999872 -1.139055474565925E-7 8.651988648427555E-7 -0.9914448678997405 -0.13052614264776402
60839 51898.999872 -9.845450258039368E-8 8.490496056422029E-7 -0.9939253234350311 -0.11005658287371076
60839 52018.999872 -8.293058412972687E-8 8.328187585956155E-7 -0.9959832194783599 -0.08954008329692732
60839 52138.999872 -6.734519994887293E-8 8.165260258778598E-7 -0.997617659182188 -0.06898554984328505
60839 52258.999872 -5.1710397102938884E-8 8.001864998791934E-7 -0.9988279537513065 -0.04840164051284588
60839 52378.999872 -3.603874712088238E-8 7.838108502640513E-7 -0.9996135890453148 -0.027796988961556482
60839 52498.999872 -2.0343311462426367E-8 7.67405750710911E-7 -0.9999742197938797 -0.007180511613555688
60839 52618.999872 -4.637025063626451E-9 7.509736244001222E-7 -0.9999096917819407 0.01343905800197774
60839 52738.999872 1.1067399094817992E-8 7.345131585309964E-7 -0.9994200294235882 0.03405297030237408
60839 52858.999872 2.675770169927127E-8 7.180196980731576E-7 -0.9985054363316921 0.054652480415265235
60839 52978.999872 4.242225634999633E-8 7.014857438584895E-7 -0.997166295164604 0.07522884943426897
60839 53098.999872 5.8050205580636284E-8 6.849015196191133E-7 -0.9954031674839577 0.09577334787106237
60839 53218.999872 7.36315466103715E-8 6.682555933719664E-7 -0.9932167935469115 0.11627725923816644
60839 53338.999872 8.91571632269007E-8 6.51535535445984E-7 -0.9906080920294574 0.1367318836457891
60839 53458.999872 1.046188022849376E-7 6.34728594944392E-7 -0.9875781596805453 0.15712854139707924
60839 53578.999872 1.200089952650186E-7 6.178223768057839E-7 -0.9841282709069055 0.17745857657884087
60839 53698.999872 1.353209271305395E-7 6.008055026924192E-7 -0.9802598772886084 0.19771336064551404
60839 53818.999872 1.5054825628086568E-7 5.836682405600776E-7 -0.9759746070253251 0.21788429599537232
60839 53938.999872 1.656848906688228E-7 5.664030898107584E-7 -0.971274264313304 0.2379628195376368
60839 54058.999872 1.807247261204157E-7 5.490053111868E-7 -0.9661608286530782 0.2579404062493181
60839 54178.999872 1.9566135355287853E-7 5.314733929413806E-7 -0.9606364540878674 0.27780857272079995
60839 54298.999872 2.10487742172177E-7 5.138094471091062E-7 -0.954703468372767 0.29755888068868125
60839 54418.999872 2.2519590588336973E-7 4.960195318141118E-7 -0.9483643720746742 0.3171829405549929
60839 54538.999872 2.3977656012278003E-7 4.781138973904813E-7 -0.9416218376030386 0.3366724148913758
60839 54658.999872 2.542187761825005E-7 4.601071556018863E-7 -0.9344787081714517 0.35601902192711343
60839 54778.999872 2.685096399019685E-7 4.420183724153554E-7 -0.9269379966901405 0.37521453901974733
60839 54898.999872 2.8263392139828947E-7 4.238710856266957E-7 -0.9190028845894376 0.3942508061070177
60839 55018.999872 2.965737623318564E-7 4.0569324919826E-7 -0.9106767205743059 0.4131197291388719
60839 55138.999872 3.1030838707487523E-7 3.8751710652108313E-7 -0.9019630193100341 0.4318132834882232
60839 55258.999872 -3.238138440680146E-7 -3.6937899503377983E-7 0.8928654600392032 -0.4503235173391911
60839 55378.999872 -3.370627835975623E-7 -3.5131908480474775E-7 0.8833878851300843 -0.468642555051459
60839 55498.999872 -3.50024278169921E-7 -3.3338105389058515E-7 0.873534298556653 -0.48676260049936343
60839 55618.999872 -3.626636915610382E-7 -3.1561170358995166E-7 0.8633088643103806 -0.5046759403844112
60839 55738.999872 -3.749426024269845E-7 -2.9806051716437953E-7 0.8527159047440401 -0.5223749475198096
60839 55858.999872 -3.8681878803232793E-7 -2.807791662208608E-7 0.841759898847777 -0.5398520840855869
60839 55978.999872 -3.982462731431169E-7 -2.6382096974452757E-7 0.8304454804577515 -0.5570999048528607
60839 56098.999872 -4.0917544840961997E-7 -2.4724031170957003E-7 0.8187774363976231 -0.5741110603758718
60839 56218.999872 -4.195532616121689E-7 -2.3109202423878263E-7 0.806760704553269 -0.5908783001502792
60839 56338.999872 -4.293234839596572E-7 -2.1543074436734015E-7 0.7944003718811169 -0.6073944757362486
60839 56458.999872 -4.384270522296225E-7 -2.0031025352573137E-7 0.7817016723504747 -0.6236525438449191
60839 56578.999872 -4.4680248595318366E-7 -1.8578280981777615E-7 0.768669984820388 -0.6396455693866645
60839 56698.999872 -4.5438637712446595E-7 -1.7189848396181515E-7 0.7553108308514782 -0.655366728479722
60839 56818.999872 -4.61113948109203E-7 -1.5870451032382174E-7 0.741629872453314 -0.6708093114176662
60839 56938.999872 -4.669196716067376E-7 -1.4624466475032764E-7 0.727632909767911 -0.6859667255942111
60839 57058.999872 -4.717379447487979E-7 -1.3455868087142973E-7 0.7133258786899939 -0.7008324983838202
60839 57178.999872 -4.7550380776360696E-7 -1.236817161734765E-7 0.6987148484246554 -0.7154002799766502
60839 57298.999872 -4.781536961534689E-7 -1.1364387843742543E-7 0.6838060189831857 -0.7296638461662504
60839 57418.999872 -4.796262140808403E-7 -1.0446982211859477E-7 0.668605718617796 -0.7436171010885505
60839 57538.999872 -4.798629156641906E-7 -9.617842294664402E-8 0.6531204011960567 -0.7572540799106086
60839 57658.999872 -4.788090802018706E-7 -8.8782537472125E-8 0.6373566435159258 -0.7705689514675996
60839 57778.999872 -4.7641446695823907E-7 -8.228885255782156E-8 0.6213211425622435 -0.7835560208465726
60839 57898.999872 -4.726340350966915E-7 -7.669782793709511E-8 0.6050207127056907 -0.7962097319154476
60839 58018.999872 -4.674286146156809E-7 -7.200373300587025E-8 0.5884622828451793 -0.8085246697958057
60839 58138.999872 -4.607655147344842E-7 -6.81947770287462E-8 0.5716528934947532 -0.8204955632779859
60839 58258.999872 -4.526190570740248E-7 -6.525332997312034E-8 0.5545996938161066 -0.8321172871770371
60839 58378.999872 -4.4297102217062653E-7 -6.315622928372115E-8 0.5373099385978528 -0.8433848646281077
60839 58498.999872 -4.318109993306525E-7 -6.187516611476413E-8 0.5197909851827733 -0.8542934693198418
60839 58618.999872 -4.1913663156295063E-7 -6.137714288511075E-8 0.5020502903442866 -0.8648384276644038
60839 58738.999872 -4.0495374929251815E-7 -6.162499254727498E-8 0.484095407113452 -0.8750152209027529
60839 58858.999872 -3.8927638873745984E-7 -6.257794869499652E-8 0.4659339815578218 -0.884819487143858
60839 58978.999872 -3.7212669319176107E-7 -6.419225460554836E-8 0.44757374951359014 -0.8942470233365071
60839 58980.000096 -0.006967227161383575 0.003488858077938486 0.4478181562240562 -0.8940907026533049
60839 59100.000096 -0.006886104640452593 0.0036463101696341572 0.4273799070278075 -0.9040385506458949
60839 59220.000096 -0.006801924594453822 0.0038009645232014006 0.4068430273140376 -0.9134648529727096
60839 59340.000096 -0.006714851935180451 0.003952674950522654 0.38623570194594387 -0.9223672097741485
60839 59460.000096 -0.006625056886220011 0.004101309986138662 0.36558552512248654 -0.9307451378860744
60839 59580.000096 -0.0065327135498737384 0.004246753174412304 0.3449193312864639 -0.938599991288115
60839 59700.000096 -0.006437998504170903 0.004388903170924428 0.324263043485316 -0.945934864741678
60839 59820.000096 -0.006341089451851106 0.004527673668783634 0.3036415405929887 -0.9527544833702065
60839 59940.000096 -0.006242163940252656 0.0046629931636690885 0.2830785442582968 -0.9590650810371015
60839 60060.000096 -0.006141398167806962 0.00479480457385781 0.26259652592640015 -0.9648742703839855
60839 60180.000096 -0.00603896588945439 0.00492306473320072 0.24221663380222933 -0.9701909073136769
60839 60300.000096 -0.005935037429910784 0.005047743776024496 0.22195863920110462 -0.9750249525512007
60839 60420.000096 -0.005829778810451768 0.005168824433297924 0.20184090137124827 -0.9793873327068514
60839 60540.000096 -0.005723350991846521 0.005286301259182154 0.18188034958031019 -0.9832898030128073
60839 60660.000096 -0.005615909233341689 0.005400179806370344 0.1620924810346078 -0.9867448136238605
60839 60780.000096 -0.005507602565221375 0.005510475767506769 0.14249137304358564 -0.9897653810772293
60839 60900.000096 -0.0053985733704799855 0.005617214098555121 0.12308970774851802 -0.9923649662083597
60839 61020.000096 -0.005288957069548696 0.0057204281383529555 0.10389880769741099 -0.9945573595293973
60839 61140.000096 -0.005178881900803924 0.005820158736829808 0.08492868055981793 -0.9963565748028685
60839 61260.000096 -0.005068468788734328 0.005916453402556775 0.06618807132769815 -0.9977767512911857
60839 61380.000096 -0.004957831291118575 0.006009365478499177 0.047684520433209344 -0.9988320649370892
60839 61500.000096 -0.004847075616329475 0.006098953353114014 0.029424426323419017 -0.9995366485334612
60839 61620.000096 -0.004736300701889058 0.006185279712309863 0.011413111157929175 -0.999904520773978
60839 61740.000096 -0.0046255983456094905 0.006268410836297446 -0.006345111568315244 -0.9999495239384426
60839 61860.000096 -0.004515053381024963 0.006348415944022466 -0.023846868533894467 -0.9996852698570162
60839 61980.000096 -0.004404743889310033 0.006425366586697879 -0.041089658147627016 -0.9991250937138989
60839 62100.000096 -0.004294741440454907 0.00649933609094247 -0.05807178293256434 -0.9982820151907825
60839 62220.000096 -0.00418511135709707 0.0065703990511828715 -0.07479228338681138 -0.9971687064108179
60839 62340.000096 -0.0040759129950643826 0.006638630870278228 -0.09125087384975873 -0.9957974661220425
60839 62460.000096 -0.00396720003534625 0.006704107346770103 -0.1074478807916599 -0.9941801995523466
60839 62580.000096 -0.003859020782858529 0.006766904306730637 -0.1233841838448813 -0.9923284033734163
60839 62700.000096 -0.0037514184679916544 0.006827097277866166 -0.13906115980689998 -0.9902531552261757
60839 62820.000096 -0.003644431547519943 0.006884761203315869 -0.15448062976808008 -0.9879651072828058
60839 62940.000096 -0.0035380940019965404 0.006939970192452155 -0.16964480945102842 -0.9854744833484452
60839 63060.000096 -0.0034324356272588483 0.006992797305927019 -0.18455626279225915 -0.9827910790374816
60839 63180.000096 -0.003327482318121717 0.00704331437220461 -0.19921785875026543 -0.9799242645934614
60839 63300.000096 -0.003223256342739845 0.00709159183286269 -0.21363273128598562 -0.9768829899568908
60839 63420.000096 -0.003119776606477619 0.007137698614025076 -0.22780424243121197 -0.973675791720613
60839 63540.000096 -0.0030170589044365603 0.007181702021393833 -0.2417359483368315 -0.9703108016472536
60839 63660.000096 -0.002915116162059579 0.007223667656477203 -0.255431568175003 -0.9667957564568688
60839 63780.000096 -0.0028139586634614573 0.007263659351749715 -0.26889495575668293 -0.9631380086249705
60839 63900.000096 -0.0027135942673289265 0.007301739122629869 -0.2821300737175276 -0.9593445379612477
60839 64020.000096 -0.002614028610395348 0.007337967134313537 -0.2951409701204321 -0.9554219637673869
60839 64140.000096 -0.002515265298628021 0.007372401681654225 -0.307931757321177 -0.9513765573982856
60839 64260.000096 -0.002417306086372963 0.007405099180432097 -0.3205065929443134 -0.9472142550746588
60839 64380.000096 -0.0023201510437872185 0.0074361141684995994 -0.33286966281898894 -0.9429406708165576
60839 64500.000096 -0.0022237987129538287 0.007465499315431693 -0.3450251657285263 -0.9385611093867349
60839 64620.000096 -0.0021282462531235303 0.007493305439441342 -0.356977299832826 -0.9340805791501834
60839 64740.000096 -0.0020334895755617106 0.007519581530445814 -0.3687302506287429 -0.9295038047716736
60839 64860.000096 -0.0019395234685016156 0.007544374778285932 -0.38028818032028006 -0.9248352396868375
60839 64980.000096 -0.00184634171271748 0.007567730605208302 -0.3916552184774769 -0.9200790782944294
60839 65100.000096 -0.0017539371882354462 0.007589692701820242 -0.4028354538701047 -0.9152392678279808
60839 65220.000096 -0.001662301972697782 0.007610303065818305 -0.4138329273695654 -0.9103195198742768
60839 65340.000096 -0.0015714274318880813 0.0076296020428745824 -0.42465162581960525 -0.9053233215140652
60839 65460.000096 -0.0014813043029130435 0.007647628369140621 -0.4352954767835145 -0.9002539460672764
60839 65580.000096 -0.0013919227705212133 0.007664419214897153 -0.44576834408232435 -0.8951144634309076
60839 65700.000096 -0.0013032725370211216 0.007680010228939521 -0.45607402404508035 -0.8899077500027208
60839 65820.000096 -0.0012153428862419161 0.007694435583344063 -0.46621624239853593 -0.8846364981881045
60839 65940.000096 -0.001128122741958764 0.007707728018310167 -0.47619865172953685 -0.8793032254909827
60839 66060.000096 -0.001041600721184034 0.007719918886816977 -0.48602482945895703 -0.8739102831925657
60839 66180.000096 -9.557651827035278E-4 0.007731038198872975 -0.49569827627129576 -0.8684598646241225
60839 66300.000096 -8.706042712154138E-4 0.007741114665171469 -0.5052224149489293 -0.8629540130418977
60839 66420.000096 -7.861059574081664E-4 0.0077501757399957225 -0.5146005895645734 -0.8573946291138149
60839 66540.000096 -7.022580742929241E-4 0.007758247663244733 -0.5238360649897336 -0.8517834780288148
60839 66660.000096 -6.190483500853341E-4 0.007765355501474094 -0.5329320266808216 -0.8461221962405596
60839 66780.000096 -5.364644379125906E-4 0.007771523187867566 -0.5418915807082152 -0.8404122978579022
60839 66900.000096 -4.5449394260245316E-4 0.007776773561072751 -0.5507177539968564 -0.8346551806949345
60839 67020.000096 -3.731244447933985E-4 0.007781128402850357 -0.5594134947500032 -0.828852131993708
60839 67140.000096 -2.923435225879738E-4 0.00778460847449979 -0.5679816730305554 -0.8230043338328024
60839 67260.000096 -2.1213877095554716E-4 0.007787233552035844 -0.5764250814768814 -0.8171128682349327
60839 67380.000096 -1.324978190754613E-4 0.007789022460101161 -0.5847464361324254 -0.8111787219866355
60839 67500.000096 -5.340834579744093E-5 0.007789993104607695 -0.5929483773704607 -0.80520279118289
60839 67620.000096 2.514190661704774E-5 0.007790162504107742 -0.6010334708972753 -0.7991858855092588
60839 67740.000096 1.0316512032142549E-4 0.007789546819901082 -0.6090042088188222 -0.7931287322738088
60839 67860.000096 1.806733911389787E-4 0.007788161384889981 -0.6168630107574423 -0.7870319802006983
60839 67980.000096 2.576787191173354E-4 0.007786020731197896 -0.6246122250066845 -0.7808962029969476
60839 68100.000096 3.341930002636771E-4 0.007783138616571156 -0.6322541297135429 -0.7747219027034696
60839 68220.000096 4.1022801935122576E-4 0.00777952804958567 -0.6397909340785943 -0.7685095128410173
60839 68340.000096 4.8579544369602417E-4 0.007775201313682726 -0.647224779565555 -0.7622594013612671
60839 68460.000096 5.609068178111667E-4 0.007770169990059752 -0.654557741112726 -0.7559718734128095
60839 68580.000096 6.355735588528564E-4 0.007764444979442875 -0.6617918283396287 -0.7496471739313795
60839 68700.000096 7.098069527794918E-4 0.007758036522769062 -0.6689289867428949 -0.7432854900632228
60839 68820.000096 7.83618151151267E-4 0.00775095422080602 -0.6759710988761514 -0.7368869534300554
60839 68940.000096 8.570181685033946E-4 0.007743207052738228 -0.6829199855092277 -0.7304516422436693
60839 69060.000096 9.300178802315281E-4 0.007734803393747416 -0.6897774067625725 -0.7239795832778043
60839 69180.000096 0.0010026280209325794 0.0077257510316155195 -0.6965450632132147 -0.7174707537045311
60839 69300.000096 0.001074859183148697 0.007716057182377748 -0.7032245969690453 -0.7109250828019916
60839 69420.000096 0.0011467218164662085 0.007705728505052758 -0.7098175927085533 -0.7043424535399783
60839 69540.000096 0.001218226226924949 0.007694771115476323 -0.7163255786834825 -0.6977227040494773
60839 69660.000096 0.0012893825766968495 0.007683190599263981 -0.7227500276821486 -0.6910656289819656
60839 69780.000096 0.0013602008839956837 0.007670992023927354 -0.7290923579514156 -0.6843709807639193
60839 69900.000096 0.001430691023182594 0.007658179950167873 -0.7353539340755271 -0.6776384707516925
60839 70020.000096 0.001500862725034682 0.007644758442370603 -0.7415360678101858 -0.6708677702916169
60839 70140.000096 0.0015707255771460031 0.0076307310783199295 -0.7476400188704144 -0.6640585116899097
60839 70260.000096 0.0016402890244324735 0.007616100958157753 -0.7536669956708555 -0.6572102890967078
60839 70380.000096 0.001709562369714017 0.007600870712603775 -0.759618156017293 -0.6503226593082867
60839 70500.000096 0.0017785547743488176 0.007585042510456395 -0.7654946077482319 -0.6433951424913075
60839 70620.000096 0.001847275258895975 0.007568618065391654 -0.7712974093254541 -0.6364272228326985
60839 70740.000096 0.0019157327037841918 0.007551598642076566 -0.7770275703725043 -0.6294183491185806
60839 70860.000096 0.0019839358499651205 0.007533985061612137 -0.7826860521600953 -0.6223679352454456
60839 70980.000096 0.002051893299530888 0.007515777706320214 -0.7882737680374188 -0.6152753606666255
60839 71100.000096 0.002119613516276226 0.007496976523887441 -0.7937915838083667 -0.6081399707769146
60839 71220.000096 0.0021871048261860935 0.007477581030878319 -0.7992403180516344 -0.6009610772380587
60839 71340.000096 0.0022543754178302685 0.007457590315628622 -0.8046207423836618 -0.5937379582476808
60839 71460.000096 0.0023214333426467533 0.0074370030405291835 -0.8099335816633186 -0.5864698587540874
60839 71580.000096 0.0023882865150959853 0.007415817443709333 -0.8151795141372036 -0.5791559906192772
60839 71700.000096 0.0024549427126680993 0.007394031340128134 -0.8203591715243507 -0.5717955327323744
60839 71820.000096 0.002521409575725274 0.007371642122080835 -0.8254731390390786 -0.5643876310756157
60839 71940.000096 0.0025876946071613084 0.007348646759126956 -0.8305219553506319 -0.5569313987449375
60839 72060.000096 0.002653805171860124 0.007325041797445648 -0.8355061124781739 -0.5494259159271472
60839 72180.000096 0.002719748495934698 0.007300823358623194 -0.8404260556195973 -0.5418702298356043
60839 72300.000096 0.002785531665727336 0.007275987137876708 -0.8452821829125104 -0.5342633546062935
60839 72420.000096 0.0028511616265517155 0.007250528401717393 -0.850074845125637 -0.5266042711561496
60839 72540.000096 0.002916645181156372 0.007224441985056091 -0.8548043452787537 -0.5188919270054732
60839 72660.000096 0.0029819889878884578 0.007197722287753197 -0.859470938189148 -0.5111252360662797
60839 72780.000096 0.0030471995585358244 0.007170363270614459 -0.8640748299424533 -0.5033030783984322
60839 72900.000096 0.0031122832558242246 0.007142358450833727 -0.8686161772855537 -0.4954242999354463
60839 73020.000096 0.003177246290545406 0.007113700896883203 -0.8730950869391156 -0.48748771218189396
60839 73140.000096 0.003242094718290461 0.007084383222851509 -0.8775116148271258 -0.47949209188440184
60839 73260.000096 0.0033068344357615035 0.007054397582229432 -0.8818657652206539 -0.47143618067831494
60839 73380.000096 0.0033714711766329596 0.007023735661143252 -0.8861574897928812 -0.46331868471220455
60839 73500.000096 0.0034360105069322472 0.006992388671035189 -0.8903866865822444 -0.4551382742525192
60839 73620.000096 0.003500457819907644 0.006960347340790781 -0.8945531988603697 -0.4468935832708124
60839 73740.000096 0.0035648183303491517 0.006927601908312981 -0.8986568139012517 -0.4385832090161712
60839 73860.000096 0.00362909706832598 0.006894142111543042 -0.9026972616479512 -0.43020571157564247
60839 73980.000096 0.0036932988723019805 0.006859957178928828 -0.9066742132728607 -0.4217596134256838
60839 74100.000096 0.0037574283815877242 0.006825035819341527 -0.910587279627377 -0.41324339897793305
60839 74220.000096 0.0038214900280853746 0.006789366211442753 -0.9144360095766032 -0.4046555141228532
60839 74340.000096 0.003885488027279457 0.006752935992504906 -0.9182198882144759 -0.39599436577515373
60839 74460.000096 0.00394942636842365 0.006715732246688807 -0.921938334954493 -0.3872583214252321
60839 74580.000096 0.004013308803870419 0.006677741492784245 -0.9255907014909818 -0.3784457087013046
60839 74700.000096 0.004077138837486678 0.006638949671420732 -0.9291762696256359 -0.36955481494731973
60839 74820.000096 0.0041409197120951926 0.006599342131757857 -0.9326942489538087 -0.36058388682227155
60839 74940.000096 0.0042046543958771864 0.006558903617667138 -0.9361437744048431 -0.35153112992706576
60839 75060.000096 0.004268345567667718 0.006517618253420017 -0.9395239036305032 -0.34239470846570985
60839 75180.000096 0.00433199560107074 0.006475469528900068 -0.9428336142353638 -0.33317274494828314
60839 75300.000096 0.004395606547316273 0.00643244028436113 -0.9460718008428342 -0.32386331994387096
60839 75420.000096 0.00445918011677712 0.0063885126947576115 -0.9492372719903133 -0.31446447189249066
60839 75540.000096 0.004522717659057512 0.006343668253677937 -0.9523287468468344 -0.30497419698591155
60839 75660.000096 0.004586220141560574 0.006297887756918034 -0.9553448517464259 -0.29539044912829165
60839 75780.000096 0.004649688126436081 0.00625115128573795 -0.9582841165303395 -0.28571113998861924
60839 75900.000096 0.0047131217458040425 0.006203438189852033 -0.9611449706912548 -0.27593413915813453
60839 76020.000096 0.0047765206751436765 0.006154727070211366 -0.9639257393125703 -0.26605727442722904
60839 76140.000096 0.004839884104731224 0.0061049957616461925 -0.9666246387959733 -0.25607833219770343
60839 76260.000096 0.0049032107090036725 0.006054221315446681 -0.9692397723706159 -0.2459950580478466
60839 76380.000096 0.004966498613719116 0.006002379981971759 -0.9717691253774641 -0.23580515746944666
60839 76500.000096 0.005029745360777898 0.005949447193388981 -0.9742105603227069 -0.22550629679770873
60839 76620.000096 0.0050929478705624975 0.005895397546662749 -0.9765618116945806 -0.2150961043569897
60839 76740.000096 0.0051561024016474 0.005840204786924551 -0.9788204805385324 -0.20457217184746077
60839 76860.000096 0.005219204507724436 0.0057838417913769 -0.9809840287864117 -0.19393205600008367
60839 76980.000096 0.0052822489915829015 0.005726280553902646 -0.9830497733363036 -0.1831732805298062
60839 77100.000096 0.005345229855978569 0.005667492170573596 -0.9850148798807675 -0.17229333841956962
60839 77220.000096 0.005408140251220818 0.005607446826277024 -0.9868763564826327 -0.1612896945705994
60839 77340.000096 0.005470972419303059 0.005546113782705706 -0.9886310468991725 -0.15015978885754586
60839 77460.000096 0.005533717634398784 0.0054834613679871315 -0.9902756236574672 -0.13890103963031647
60839 77580.000096 0.005596366139543817 0.00541945696826029 -0.9918065808861148 -0.12751084770793397
60839 77700.000096 0.005658907079325247 0.005354067021544736 -0.9932202269112004 -0.11598660091346698
60839 77820.000096 0.005721328428399433 0.005287257014285816 -0.9945126766276657 -0.1043256792029422
60839 77940.000096 0.00578361691566586 0.005218991481003135 -0.9956798436609492 -0.09252546044523013
60839 78060.000096 0.0058457579439305865 0.00514923400751602 -0.9967174323380964 -0.08058332691412674
60839 78180.000096 0.0059077355049036466 0.005077947238270435 -0.9976209294925111 -0.06849667255821795
60839 78300.000096 0.005969532089389421 0.005005092888346458 -0.9983855961322127 -0.05626291111859682
60839 78420.000096 0.006031128592548145 0.0049306317607842745 -0.9990064590079699 -0.04387948516900687
60839 78540.000096 0.006092504214131658 0.0048545237699293715 -0.9994783021250584 -0.031343876157528414
60839 78660.000096 0.006153636353627666 0.004776727971564649 -0.9997956582507482 -0.018653615533343798
60839 78780.000096 0.006214500500285448 0.00469720260066781 -0.9999528004790372 -0.005806297046390996
60839 78900.000096 0.0062750701180430005 0.004615905117706663 -0.9999437339247036 0.00720040968831609
60839 79020.000096 0.006335316525432378 0.004532792264462342 -0.9997621876305491 0.020368744266365927
60839 79140.000096 0.0063952087706076865 0.0044478201304501645 -0.9994016067848092 0.03370083911135304
60839 79260.000096 0.006454713501720265 0.004360944231089094 -0.9988551453602118 0.04719870153356106
60839 79380.000096 0.006513794832959408 0.0042721195988524455 -0.9981156593021249 0.06086419412833628
60839 79500.000096 0.006572414206686111 0.004181300888712936 -0.9971757004106855 0.07469901341271253
60839 79620.000096 0.006630530252213581 0.004088442499272664 -0.9960275110807839 0.08870466660059961
60839 79740.000096 0.006688098641932601 0.003993498711040728 -0.9946630200842523 0.10288244642053869
60839 79860.000096 0.0067450719456446425 0.003896423843385441 -0.9930738396005411 0.11723340388609219
60839 79980.000096 0.006801399484151439 0.0037971724317405957 -0.9912512637254334 0.13175831893778875
60839 80100.000096 0.006857027183358552 0.003695699426682555 -0.98918626871178 0.14645766888770437
60839 80220.000096 0.00691189743038262 0.0035919604165121867 -0.9868695152215748 0.1613315946137396
60839 80340.000096 0.0069659489334083355 0.0034859118749675792 -0.9842913528945662 0.17637986447109463
60839 80460.000096 0.007019116587321587 0.003377511435653972 -0.9814418275645688 0.1916018359138422
60839 80580.000096 0.007071331347448898 0.0032667181946996176 -0.9783106914800581 0.20699641485064818
60839 80700.000096 0.007122520114058415 0.003153493043022808 -0.9748874169097768 0.2225620127960648
60839 80820.000096 0.00717260563062158 0.003037799029418191 -0.9711612135360093 0.2382965019231087
60839 80940.000096 0.007221506399192787 0.002919601755430311 -0.9671210500567701 0.25419716817464083
60839 81060.000096 0.007269136616630929 0.002798869802671051 -0.962755680432098 0.27026066265071647
60839 81180.000096 0.007315406135753807 0.0026755751928451113 -0.958053675217425 0.2864829515570536
60839 81300.000096 0.007360220455873668 0.002549693880266157 -0.9530034584268537 0.3028592650760644
60839 81420.000096 0.007403480747497499 0.002421206276066281 -0.9475933503592139 0.31938404560652445
60839 81540.000096 0.0074450839162732724 0.0022900978026178668 -0.9418116167978697 0.3360508959103022
60839 81660.000096 0.00748492271150586 0.002156359475893342 -0.9356465249591907 0.3528525278039031
60839 81780.000096 0.00752288588473249 0.002019988512584074 -0.9290864065120708 0.3697807121374256
60839 81900.000096 0.007558858403914614 0.0018809889577857549 -0.922119727919631 0.38682623091201546
60839 82020.000096 0.00759272172874501 0.0017393723279411088 -0.9147351682621224 0.40397883249635896
60839 82140.000096 0.0076243541523589985 0.0015951582625237527 -0.9069217045852184 0.4212271910099333
60839 82260.000096 0.007653631214348846 0.001448375176668952 -0.8986687046789525 0.4385588710415467
60839 82380.000096 -0.0076804261893834306 -0.0012990609056349595 0.8899660270288062 -0.4559602989612972
60839 82500.000096 -0.007704610654906264 -0.001147263330647941 0.8808041274920086 -0.47341674215700036
60839 82620.000096 -0.0077260551403020685 -9.930409743894636E-4 0.8711741720402941 -0.4909122975761558
60839 82740.000096 -0.007744629858571314 -8.364635531807376E-4 0.8610681546777165 -0.5084298909751377
60839 82860.000096 -0.007760205519926569 -6.7761247186553E-4 0.8504790193929137 -0.5259512882616548
60839 82980.000096 -0.00777265422482989 -5.165812465616626E-4 0.8394007847452325 -0.5434571202580796
60839 83100.000096 -0.007781850431845472 -3.534758399136301E-4 0.8278286694211355 -0.5609269221058295
60839 83220.000096 -0.007787671993321856 -1.8841489331178606E-4 0.8157592168408033 -0.5783391883696208
60839 83340.000096 -0.007790001249396382 -2.1529840818609433E-5 0.803190416655928 -0.5956714446816105
60839 83460.000096 -0.0077887261682026716 1.4703510967356068E-4 0.7901218207709182 -0.6129003364879174
60839 83580.000096 -0.007783741517550546 3.171231411839805E-4 0.7765546513545348 -0.630001735125022
60839 83700.000096 -0.007774950050843845 4.885651494750821E-4 0.7624918982009536 -0.6469508610657444
60839 83820.000096 -0.007762263687724977 6.611802306199819E-4 0.7479384027616297 -0.6637224237416774
60839 83940.000096 -0.007745604668014855 8.347763398217553E-4 0.7329009262137028 -0.6802907768828604
60839 84060.000096 -0.007724906656081754 0.0010091511233373221 0.7173881990663029 -0.6966300878311039
60839 84180.000096 -0.007700115771945811 0.0011840929212502734 0.7014109500387286 -0.7127145187989513
60839 84300.000096 -0.007671191525312313 0.0013593819344063815 0.6849819122753583 -0.728518417582515
60839 84420.000096 -0.007638107629407655 0.001534791544224523 0.6681158053877969 -0.7440165148152108
60839 84540.000096 -0.007600852673012121 0.0017100897695063013 0.6508292923258023 -0.7591841244930763
60839 84660.000096 -0.007559430631447985 0.0018850408399858464 0.6331409106603302 -0.7739973442317278
60839 84780.000096 -0.007513861200449336 0.0020594068623913967 0.6150709784947013 -0.7884332515481612
60839 84900.000096 -0.007464179940723084 0.002232949551430356 0.5966414758792444 -0.8024700924113933
60839 85020.000096 -0.007410438225477866 0.002405431995538829 0.5778759032635447 -0.8160874583827173
60839 85140.000096 -0.0073527029880788766 0.0025766204256012976 0.5587991191499181 -0.8292664488710653
60839 85260.000096 -0.007291056272084452 0.0027462859542489422 0.53943715968367 -0.8419898153566404
60839 85380.000096 -0.0072255945910190186 0.0029142062538358255 0.5198170434038231 -0.8542420848750221
60839 85500.000096 -0.007156428110118884 0.0030801671427624715 0.499966564760376 -0.8660096605862928
60839 85620.000096 -0.007083679666743369 0.0032439640523991954 0.4799140802640705 -0.8772808978564944
60839 85740.000096 -0.007007483649988971 0.0034054033503359096 0.4596882912621444 -0.8880461549251855
60839 85860.000096 -0.006927984763126909 0.0035643034998830464 0.43931802732581654 -0.8982978178946199
60839 85980.000096 -0.006845336694696486 0.003720496040469325 0.4188320340965681 -0.9080303004246502
60839 86100.000096 -0.006759700725367796 0.003873826378605283 0.3982587691796877 -0.9172400191262765
60839 86220.000096 -0.006671244298027606 0.0040241543841820476 0.3776262093116224 -0.9259253461926308
60839 86340.000096 -0.0065801395779799396 0.004171354791839565 0.356961671583279 -0.9340865412705646
