CIC_AEM_VERS = 1.0
CREATION_DATE = 2025-02-06T15:17:12.876Z
ORIGINATOR = CS Group

META_START
OBJECT_NAME = BLUE1
OBJECT_ID = BLUE1
CENTER_NAME = null
REF_FRAME_A = EME2000
REF_FRAME_B = SC_BODY_1
ATTITUDE_DIR = A2B
TIME_SYSTEM = UTC
START_TIME = 2025-02-05T16:04:01.478784
STOP_TIME = 2025-02-06T23:59:60.0
ATTITUDE_TYPE = QUATERNION
QUATERNION_TYPE = LAST
META_STOP

60711 57841.478784 -0.7497868138260183 0.07588669601445013 0.06480376609981821 -0.6541111641608925
60711 58261.478784 -0.7138665888229061 0.24155359339063895 -0.08303975355671332 -0.6520358534710021
60711 58681.478784 -0.6415690506171774 0.3954472431908259 -0.22712297016462515 -0.6167866629285594
60711 59101.478784 -0.5360656038298739 0.5297653842930773 -0.3602277139389119 -0.5497438495387345
60711 59521.478784 -0.4022511505919268 0.6373461790216857 -0.47537924255234354 -0.45387050541348095
60711 59941.478784 0.24672798482093214 -0.7121156020412064 0.5662222809989212 0.33377986658285846
60711 60361.478784 0.07764632083596497 -0.7496112923555527 0.6275060655660935 0.1956785550627307
60711 60781.478784 -0.09576190672108793 -0.7475039571029992 0.6556322351763054 0.047051711278347924
60711 61201.478784 -0.26387554734016166 -0.7059196541751432 0.6490451299217845 -0.10386316329666735
60711 61621.478784 -0.41751109493676425 -0.6274367817416627 0.6083721942601301 -0.24877870442118563
60711 62041.478784 -0.5486472121420004 -0.5167268124361556 0.5362418847346837 -0.3800319446764642
60711 62461.478784 -0.6508439065203875 -0.3800203037720386 0.4368980807920252 -0.49102631809968567
60711 62881.478784 -0.719412347806095 -0.22455246282793154 0.31573627255479964 -0.5764830192254008
60711 63301.478784 -0.7513734427439002 -0.05814402177392037 0.17893370407138823 -0.6324871159307719
60711 63721.478784 -0.7453813004953201 0.11109136664966929 0.03319039300934428 -0.6564783491781728
60711 64141.478784 -0.7016794448476261 0.2749604883364804 -0.11445550907957042 -0.6472577716593503
60711 64561.478784 -0.6221219156627801 0.42539194656076673 -0.2567900269205275 -0.605032970942468
60711 64981.478784 -0.510237362466012 0.5546849763726184 -0.3866215291006347 -0.5315131269932307
60711 65401.478784 0.3712838330133992 -0.6558633288764941 0.49707244448937404 0.43001231855294586
60711 65821.478784 0.2122107963459515 -0.7231434435259061 0.581981222628876 0.30549630849997256
60711 66241.478784 0.041442117733209966 -0.7524709534794982 0.6364093706052717 0.16447835132090655
60711 66661.478784 -0.131645577292212 -0.7420168951405247 0.6571647617472114 0.014657599501508979
60711 67081.478784 -0.29745601483296846 -0.6924346343921233 0.6431570277681405 -0.13565851969702
60711 67501.478784 -0.44699809630398946 -0.6067784211539463 0.5954671667212724 -0.27826516648598665
60711 67921.478784 -0.5725581273210931 -0.4900880429059114 0.5171086906157336 -0.4056963188505633
60711 68341.478784 -0.6680578945342247 -0.348845310028995 0.41260824404070273 -0.5116248979192872
60711 68761.478784 -0.7291710397782953 -0.19043629951901614 0.2875550661845782 -0.5910631899261924
60711 69181.478784 -0.7532631342163555 -0.02276224899569619 0.14825643399326977 -0.6403878203329683
60711 69601.478784 -0.7393214895632236 0.14603079636629346 0.001499009258407309 -0.6573252578091653
60711 70021.478784 -0.6879228696267189 0.30775737546438875 -0.14562766032965827 -0.6409681020446504
60711 70441.478784 -0.6012617975720471 0.4543967515588744 -0.28589290954367075 -0.5918387341377952
60711 70861.478784 -0.48322360600332404 0.5783647256320411 -0.4121412059174867 -0.5119851727644052
60711 71281.478784 0.33942952479620253 -0.6728906039447736 0.5176088149997359 0.4050764711187643
60711 71701.478784 0.17717242378296158 -0.7325045368746462 0.5963506192088556 0.27642896859436644
60711 72121.478784 0.005128096123290561 -0.753586295562666 0.6437642824110831 0.13284933745424424
60711 72541.478784 -0.16721091074614872 -0.7348165085949079 0.6570914869469883 -0.017776045837845558
60711 72961.478784 -0.33031404803258413 -0.677378637237529 0.6357096121885422 -0.16710505814501597
60711 73381.478784 -0.47541765729723373 -0.5847797315859748 0.5811481869764328 -0.3070464157586769
60711 73801.478784 -0.5951332836875283 -0.4624065894581303 0.49678101489617127 -0.43035467223178864
60711 74221.478784 -0.6837510331548934 -0.31696400846368156 0.38739159910321563 -0.530985961153875
60711 74641.478784 -0.7373030098021371 -0.15596638368590687 0.2587441040906926 -0.6042435332669726
60711 75061.478784 -0.7534945269492579 0.012618741767746858 0.11726363285570532 -0.6467889962137539
60711 75481.478784 -0.7316376499243841 0.1806193581363533 -0.03018405075705354 -0.6566368248578752
60711 75901.478784 -0.6726390786987015 0.3398626841513015 -0.17646287419512544 -0.6331752362179289
60711 76321.478784 -0.5790428690841644 0.48238713821013296 -0.3143346730007112 -0.5772397404906849
60711 76741.478784 -0.4550954291182125 0.6007395907761969 -0.4366920175548773 -0.49122314305578935
60711 77161.478784 0.30678002690839246 -0.6883771281349892 0.5369042023177596 0.37915276879411147
60711 77581.478784 0.14172038459657904 -0.7401709463122913 0.6092667659878231 0.24669071868982853
60711 78001.478784 -0.031180428586754936 -0.7529553822010198 0.6495397163290797 0.10091645157654518
60711 78421.478784 -0.20235376079266296 -0.7259331740663906 0.6554092081077785 -0.0501273598995187
60711 78841.478784 -0.3623707664480585 -0.6607960183857475 0.6267327706527078 -0.1980961481184573
60711 79261.478784 -0.5027215487274003 -0.5614896840235915 0.565461389721839 -0.3350429762195562
60711 79681.478784 -0.6163524213482554 -0.4337229665706242 0.47530640432475496 -0.4539580409852791
60711 80101.478784 -0.69792138402622 -0.2844006304525154 0.3612906326031163 -0.549082053895752
60711 80521.478784 -0.7438147619798674 -0.12115220164830803 0.22934108270881576 -0.616006827623322
60711 80941.478784 -0.7520724182014449 0.04799497582074282 0.08599161558003922 -0.6516816723880856
60711 81361.478784 -0.7223361142240997 0.21485065926796088 -0.06181923093039107 -0.6544066892895625
60711 81781.478784 -0.6558446010813598 0.37126292044698755 -0.20691513798294003 -0.6238732473885273
60711 82201.478784 -0.5554924853621167 0.5093437126257898 -0.3420601153909631 -0.5612414440982745
60711 82621.478784 -0.42589338056758497 0.6217894245409292 -0.4602134145369135 -0.46925084229871084
60711 83041.478784 0.27338976587510977 -0.7023087031175498 0.5549016695630694 0.35228491105384574
60711 83461.478784 0.10591866881017754 -0.7461391494216976 0.6206891330023622 0.2163390983399014
60711 83881.478784 -0.06741927746802878 -0.750587449111651 0.6537181132608626 0.06874409542943846
60711 84301.478784 -0.23701651004996804 -0.7153801235477681 0.6521315375216609 -0.08233413973649178
60711 84721.478784 -0.3935791426865367 -0.6427135790384476 0.6162512912522764 -0.2285805323985877
60711 85141.478784 -0.5288730913930724 -0.5369442227433094 0.5484381277990306 -0.36221509471474583
60711 85561.478784 -0.6361882882281729 -0.4040776542349036 0.4527210991786166 -0.476475936042766
60711 85981.478784 -0.7105490786268108 -0.2512001926602522 0.3343466258712643 -0.5658893918766663
60712 1.478784 -0.7486923383537403 -0.08604572418457865 0.1993920865596163 -0.6263375381193135
60712 421.478784 -0.7489928065899177 0.08330743373604953 0.054492901138719664 -0.6550573798426803
60712 841.478784 -0.7114212942992725 0.24865918241509308 -0.09334761495820403 -0.6506416646663664
60712 1261.478784 -0.6375551509562819 0.40188954796761023 -0.23692223227404002 -0.6130873319338676
60712 1681.478784 -0.5306432105327298 0.5351999605281627 -0.36901081041677125 -0.5438840015680989
60712 2101.478784 0.3956661040860942 -0.6414563803077619 0.48265803924474265 0.4461202342331231
60712 2521.478784 0.23932027825048224 -0.714640607961009 0.5715706373554631 0.3245329141771306
60712 2941.478784 0.0698345007942931 -0.7503812882615902 0.6306062267019157 0.18543692073171483
60712 3361.478784 -0.10352034480326001 -0.7464734841891506 0.6563051082838808 0.036393412244631204
60712 3781.478784 -0.2711339288298931 -0.7031715184571452 0.6472733409426502 -0.11433910255410831
60712 4201.478784 -0.4238792209522386 -0.6231615203498383 0.6042936660720408 -0.25850588145226855
60712 4621.478784 -0.5538174372646847 -0.5111901432420669 0.5301193610678542 -0.38851556809829646
60712 5041.478784 -0.6545943703109779 -0.37353195055202515 0.4290790528030078 -0.4978667077839683
60712 5461.478784 -0.7215984077482254 -0.21743805295656154 0.30662442769246195 -0.5813758606993892
60712 5881.478784 -0.7519151945905251 -0.05073263803877854 0.16897077641361455 -0.6352154093689
60712 6301.478784 -0.7442516623283676 0.11846449724404685 0.022845815971649655 -0.656912242774304
60712 6721.478784 -0.6989085609366599 0.28195286270933806 -0.124690199879529 -0.6453539809387244
60712 7141.478784 -0.6178063686107815 0.43165490356640746 -0.2664087712704662 -0.6008458219220594
60712 7561.478784 -0.5045516741061826 0.5598766293650844 -0.3951186568090119 -0.5252114003797734
60712 7981.478784 0.3644903291820014 -0.6596744075080994 0.5039685618227866 0.4218911763783481
60712 8401.478783999999 0.20466603242588294 -0.7253267113448545 0.5868668099353757 0.29597351972259456
60712 8821.478783999999 0.03357525904698276 -0.7528784313081298 0.6389892647428027 0.15407624474392562
60712 9241.478783999999 -0.13937184053548765 -0.7406247160114838 0.6572935395367282 0.003965221549813646
60712 9661.478783999999 -0.30459902764688895 -0.6893460443664698 0.640853607926744 -0.14604148958479565
60712 10081.478783999999 -0.4531788515907892 -0.6022016109439862 0.5909011651458574 -0.28778109958193826
60712 10501.478783999999 -0.5774828890198828 -0.484303786846547 0.5105654356085507 -0.41386747987392647
60712 10921.478784 -0.6715202280832732 -0.34217099823805514 0.40445228142871875 -0.5180713689124946
60712 11341.478784 -0.7310394879785342 -0.18320207336683073 0.2782018344402817 -0.595501474930364
60712 11761.478784 -0.7534695972289319 -0.015300788703413976 0.13815582754876227 -0.6426215209834177
60712 12181.478783999999 -0.737852627660465 0.1533817747744467 -0.008873019798555305 -0.6572433343452351
60712 12601.478783999999 -0.6848206436127368 0.31465297083287885 -0.15577507557570963 -0.6385517362416787
60712 13021.478783999999 -0.5966369562804222 0.4604886700884633 -0.2953083576378824 -0.5871690566010852
60712 13441.478783999999 -0.47726906249138007 0.5833150950077509 -0.42032431980254553 -0.5052575661058676
60712 13861.478783999999 0.33242819284152897 -0.6763990526984948 0.5240964573942363 0.39660902846443835
60712 14281.478783999999 0.16949625479351463 -0.7343402237811795 0.6007555671930799 0.26666121546730426
60712 14701.478784 -0.0027858195899837547 -0.7536215304291048 0.6458214400250213 0.12231719293261156
60712 15121.478784 -0.17490226424796565 -0.733051310746475 0.6566840003683189 -0.028479772366918423
60712 15541.478783999999 -0.33734722592839117 -0.6739329594086001 0.6328870100893377 -0.17738446335957342
60712 15961.478783999999 -0.48142309164223074 -0.5798775319168091 0.5761017874230507 -0.31635515696709066
60712 16381.478783999999 -0.5998260798026163 -0.4563401891062191 0.4898155327397559 -0.4382271667548633
60712 16801.478784 -0.686933439657992 -0.31006068329783576 0.378889401696074 -0.5370546000500416
60712 17221.478784 -0.7388516982840593 -0.14856842210927834 0.24913632766406912 -0.6082406449200696
60712 17641.478784 -0.7533521364648426 0.02016663610283617 0.10701411951324227 -0.6485382359560294
60712 18061.478784 -0.7298079752749844 0.18797142685323148 -0.04058925938182055 -0.6560484539533825
60712 18481.478784 -0.6691829229743406 0.34667109006758895 -0.18652252634325123 -0.6302560734157179
60712 18901.478784 -0.574088633110956 0.48830693294168803 -0.3235422916958489 -0.5721004859795822
60712 19321.478784 -0.4488576730776099 0.6054401802767165 -0.4445592554633595 -0.4840826848873176
60712 19741.478784 0.29956111243014777 -0.6915693761627719 0.5429877408968635 0.370350173631885
60712 20161.478784 0.13390681350595696 -0.7416402447429243 0.6132043590697948 0.23668360038696895
60712 20581.478784 -0.03914448829099905 -0.752597076171593 0.6510909223067032 0.09025497694981684
60712 21001.478784 -0.21000663415616375 -0.7237717585345443 0.6544842091890377 -0.06084467996803277
60712 21421.478784 -0.3692799257790867 -0.6569780126396179 0.6234050378943524 -0.20827478496599466
60712 21841.478784 -0.5085262373271615 -0.5562576710800471 0.5599497982491597 -0.3441434188753386
60712 22261.478784 -0.6207804976619168 -0.4273840769887028 0.4679399314948029 -0.46152642933181687
60712 22681.478784 -0.7007889085384238 -0.27729499210205744 0.3524706256767785 -0.5547673846394224
60712 23101.478784 -0.7450134320476515 -0.11363264807528087 0.2195138636209953 -0.6195613537319462
60712 23521.478784 -0.7515614038696072 0.05557664520980703 0.07563224707720864 -0.6529521084450377
60712 23941.478784 -0.7201351036976226 0.222145612700425 -0.0722182089197458 -0.6533309188158716
60712 24361.478784 -0.6520362177680481 0.37792463477035365 -0.21685198148806847 -0.6204812320103903
60712 24781.478784 -0.550228432758284 0.5150328977639005 -0.3510347762430728 -0.5556657015447849
60712 25201.478784 -0.4194077557047437 0.6261863827221399 -0.4677490834772025 -0.4617342779719834
60712 25621.478784 0.2660038893264701 -0.7051391528101246 0.5605720923690465 0.3431903776250143
60712 26041.478784 0.09803057487751737 -0.7472138328227181 0.6241516661069657 0.20614604561685232
60712 26461.478784 -0.07535882569931261 -0.7498291206485057 0.6547605483949609 0.05801690686549447
60712 26881.478784 -0.24454701766131542 -0.712836945898374 0.6507016686255557 -0.09299238228560694
60712 27301.478784 -0.4002786579112926 -0.6385572930439617 0.6124541520520129 -0.23858225238972053
60712 27721.478784 -0.5343972228891131 -0.5314383304461552 0.5425171425112174 -0.37103646610875085
60712 28141.478784 -0.6402856049153234 -0.397540041007239 0.44502488025239817 -0.483682867063244
60712 28561.478784 -0.7130550330554846 -0.24397644174490835 0.3252889663111059 -0.5711524350854046
60712 28981.478784 -0.7495167401567395 -0.07848998734258553 0.18942772333462476 -0.6294291983567621
60712 29401.478784 -0.7481087119697019 0.09084254303840754 0.044101686433040764 -0.6558475651423205
60712 29821.478784 -0.708865449795107 0.255825838468073 -0.10367118321280738 -0.6490879757245119
60712 30241.478784 -0.6334294221921293 0.4083436571708225 -0.24667761027750357 -0.6092395106503542
60712 30661.478784 -0.5251180056530105 0.5406079816771158 -0.37770187945372624 -0.537899043076973
60712 31081.478784 0.3889936779705689 -0.6455106304378013 0.489817295294972 0.43826813906630235
60712 31501.478784 0.23183733841062013 -0.7170884790593858 0.5767853252340703 0.315205092461407
60712 31921.478784 0.0619503286805642 -0.7510588838233012 0.6335625861248174 0.17513183396887108
60712 32341.478784 -0.11135228232744925 -0.7453298899073714 0.6568290232928756 0.025683819639235633
60712 32761.478784 -0.27846283890061935 -0.7002857606379225 0.6453447427347976 -0.12485376976179778
60712 33181.478784 -0.43030271496865863 -0.6187257281611609 0.6000487834325329 -0.268252687410918
60712 33601.478784 -0.5590134447073789 -0.5054790220198431 0.5238260659769122 -0.39699015042870384
60712 34021.478784 -0.6583330113667162 -0.3668680297197976 0.42109906177496687 -0.5046593654006505
60712 34441.478784 -0.7237333358180563 -0.21016570689165892 0.29737879190733507 -0.5861793994982525
60712 34861.478784 -0.7523705947434981 -0.043202753610663884 0.1589177530552425 -0.6378221993703607
60712 35281.478784 -0.7430166151792779 0.12590372936462307 0.012467086996473645 -0.6572055479387182
60712 35701.478784 -0.6960308810156557 0.28895711631910076 -0.13490003928694672 -0.643309239014566
60712 36121.478784 -0.6133966262307685 0.43788330100993006 -0.27594949889263437 -0.596535554419233
60712 36541.478784 -0.4987931532664326 0.5650003233994684 -0.4034979713029784 -0.5188153929553422
60712 36961.478784 0.35764992858689537 -0.6633953222101481 0.5107259118171761 0.4137054725888896
60712 37381.478784 0.19709618204711976 -0.7274078574258195 0.5916058989300108 0.28641467198598825
60712 37801.478784 0.02569810819280079 -0.7531764387173165 0.6414252715887215 0.14366099109969369
60712 38221.478784 -0.14709992962783028 -0.7391181099015687 0.6572829161050394 -0.00672298411984356
60712 38641.478784 -0.3117344438859564 -0.6861392397057606 0.6384138499504127 -0.15640440026612465
60712 39061.478784 -0.4593361730495808 -0.597507532831339 0.5862014330660646 -0.2972589918055702
60712 39481.478784 -0.5823616786082136 -0.4784104554110556 0.5038982473116892 -0.4219773309056043
60712 39901.478784 -0.6749125154690001 -0.3354058116150952 0.39619300054622797 -0.5244303045365537
60712 40321.478784 -0.7328182432376417 -0.17590700232216708 0.2687787880675416 -0.5998267349802519
60712 40741.478784 -0.7535755864734602 -0.007820037348610318 0.1280301080551544 -0.6447255027672104
60712 41161.478784 -0.7362843172276867 0.16070640382288676 -0.019220827454823633 -0.657030757093476
60712 41581.478784 -0.6816337924116019 0.32148203311594015 -0.16585221058902289 -0.6360170749822311
60712 42001.478784 -0.5919525668516603 0.46648426696466866 -0.30461733395490076 -0.5824026675131001
60712 42421.478784 -0.4712841135508895 0.5881516692111771 -0.42837767074785543 -0.498459095135499
60712 42841.478784 0.32542369197029536 -0.6797873264213491 0.5304399581696995 0.38810058273373443
60712 43261.478784 0.16184226400929055 -0.7360567074500239 0.6050114589151346 0.25688273507489223
60712 43681.478784 -0.010655121504949018 -0.7535467060522822 0.647729359307094 0.11180566745514996
60712 44101.478784 -0.18252703196370848 -0.7311892169685928 0.656136380950281 -0.03913133252066629
60712 44521.478784 -0.34429204810561137 -0.6704135822529996 0.6299380671232324 -0.18758103830342168
60712 44941.478784 -0.48732089587564714 -0.5749322924885908 0.5709526424900621 -0.3255522746509161
60712 45361.478784 -0.6043980241210496 -0.45026830393564976 0.482779269189757 -0.4459659854182701
60712 45781.478784 -0.6899918435530089 -0.3031914228665846 0.37035327885878594 -0.5429775923267943
60712 46201.478784 -0.7402875018976397 -0.14123918922898587 0.23953543643842984 -0.6120855174322797
60712 46621.478784 -0.7531192315089098 0.0276175715255981 0.09681165757446313 -0.6501355211278204
60712 47041.478784 -0.7279127783586941 0.19520576505901918 -0.05091187915893736 -0.6553210487618687
60712 47461.478784 -0.6656901197010578 0.3533496388000317 -0.19647136261323273 -0.6272158328400026
60712 47881.478784 -0.5691310796979263 0.49409100908493986 -0.33261902754128736 -0.5668584226954617
60712 48301.478784 -0.44264511915639826 0.6100075910024477 -0.45227541445107156 -0.47686789249174677
60712 48721.478784 0.29239384358159703 -0.6946391691481429 0.54889979183062 0.36151249418112813
60712 49141.478784 0.1261715928013179 -0.7430063734862512 0.6169560350753576 0.22668813138954128
60712 49561.478784 -0.047002283175652575 -0.7521613258121991 0.6524561818807288 0.0796558601380465
60712 49981.478784 -0.21752753272082012 -0.7215632964990114 0.6533936494551081 -0.0714487264099747
60712 50401.478784 -0.3760403978697454 -0.6531506158184476 0.6199472123579994 -0.2182964638181106
60712 50821.478784 -0.5141770156432679 -0.551060662071157 0.5543506278564332 -0.35305739575465483
60712 51241.478784 -0.625062058386149 -0.42112395932584124 0.4605295755689406 -0.4688971572467558
60712 51661.478784 -0.7035301924508494 -0.27030127483171057 0.343648334421078 -0.5602573617401575
60712 52081.478784 -0.7461173506384428 -0.10624123747171535 0.2097212860960709 -0.6229275083787518
60712 52501.478784 -0.7509907368854217 0.0630281763810184 0.06533709905344522 -0.6540423729252216
60712 52921.478784 -0.717905796164111 0.2293179872834656 -0.08253028452832574 -0.652083798815695
60712 53341.478784 -0.6482220149910493 0.38447618167423236 -0.22668276613364793 -0.6169288520924796
60712 53761.478784 -0.5449725882110025 0.5206244033487548 -0.35988263227362416 -0.5499450879171134
60712 54181.478784 -0.4129376918942639 0.6304976474395297 -0.47513026861501706 -0.4540995563002438
60712 54601.478784 0.2586394014478683 -0.7078972442054724 0.5660569155057438 0.3340160476281183
60712 55021.478784 0.0901756174841496 -0.7482264822661502 0.6274083653645243 0.1959189432331401
60712 55025.000352 -0.043604440084728566 0.001141822676491531 -0.07838442526632121 -0.9959684889199765
60712 55115.000352 -0.043569329505976105 0.0020839189836754156 -0.09989016362048558 -0.9940419136132751
60712 55205.000352 -0.04351379523717178 0.003025042833687024 -0.1213490969545279 -0.9916510451808299
60712 55295.000352 -0.04343786331152207 0.003964765648148264 -0.14275141883322826 -0.9887969786995635
60712 55385.000352 -0.04334156989299669 0.0049026501835305785 -0.164087137393727 -0.9854810417670756
60712 55475.000352 -0.043224960625201 0.005838261311783692 -0.18534632174500645 -0.9817047715578252
60712 55565.000352 -0.04308809067043379 0.006771164865566926 -0.2065190758316452 -0.9774699172283426
60712 55655.000352 -0.042931024679513444 0.0077009278207899245 -0.22759554279023542 -0.9727784391795925
60712 55745.000352 -0.04275383675699792 0.008627118481691579 -0.24856590934562503 -0.9676325082284293
60712 55835.000352 -0.042556610422136494 0.00954930666622322 -0.26942041019590607 -0.9620345046937988
60712 55925.000352 -0.0423394385657671 0.010467063891538123 -0.2901493323821155 -0.95598701739806
60712 56015.000352 -0.04210242340336319 0.011379963559484759 -0.31074301964126555 -0.9494928425834377
60712 56105.000352 -0.0418456764243974 0.01228758114198641 -0.3311918767413836 -0.9425549827435977
60712 56195.000352 -0.041569318338145735 0.013189494366185387 -0.35148637379734926 -0.9351766453703045
60712 56285.000352 -0.04127347901601427 0.014085283399234929 -0.37161705056630534 -0.9273612416150881
60712 56375.000352 -0.04095829743039231 0.014974531032623072 -0.3915745207212946 -0.9191123848658797
60712 56465.000352 -0.0406239215899949 0.01585682286594613 -0.41134947610190564 -0.910433889238497
60712 56555.000352 -0.040270508471589805 0.01673174749006316 -0.43093269094046255 -0.9013297679829398
60712 56645.000352 -0.039898223947972336 0.017598896669605846 -0.45031502606238794 -0.8918042318044027
60712 56735.000352 -0.03950724271201004 0.018457865524844068 -0.4694874330592492 -0.8818616870989452
60712 56825.000352 -0.03909774819658016 0.019308252712939265 -0.4884409584329143 -0.8715067341037969
60712 56915.000352 -0.03866993249022916 0.020149660608647518 -0.507166747709289 -0.8607441649622376
60712 57005.000352 -0.03822399624840733 0.020981695484537797 -0.5256560495199089 -0.8495789617031009
60712 57095.000352 -0.03776014860017973 0.021803967690802895 -0.5439002196497373 -0.8380162941349042
60712 57185.000352 -0.03727860705037021 0.0226160918347221 -0.5618907250493638 -0.826061517654713
60712 57275.000352 -0.0367795973771556 0.023417686959815016 -0.5796191478098273 -0.8137201709718374
60712 57365.000352 -0.03626335352519146 0.024208376724688254 -0.5970771890982307 -0.8009979737465122
60712 57455.000352 -0.0357301174944137 0.024987789581534112 -0.6142566730522351 -0.7879008241437903
60712 57545.000352 -0.03518013922470229 0.025755558954190332 -0.6311495506315513 -0.774434796302877
60712 57635.000352 -0.03461367647663321 0.02651132341562284 -0.6477479034244744 -0.7606061377222254
60712 57725.000352 -0.03403099470855976 0.027254726864649383 -0.6640439474075291 -0.7464212665607177
60712 57815.000352 -0.033432366950266745 0.027985418701684597 -0.6800300366562172 -0.7318867688553592
60712 57905.000352 -0.03281807367342209 0.02870305400326601 -0.6956986670049059 -0.7170093956559066
60712 57995.000352 -0.03218840265902355 0.02940729369510961 -0.7110424796538344 -0.7017960600769405
60712 58085.000352 -0.031543648861991486 0.030097804723447093 -0.7260542647212295 -0.6862538342679153
60712 58175.000352 -0.030884114273018053 0.030774260224417125 -0.7407269647384893 -0.6703899463017893
60712 58265.000352 -0.030210107777729728 0.031436339691312126 -0.7550536780864187 -0.654211776982837
60712 58355.000352 -0.029521945013183587 0.0320837291395178 -0.7690276623704194 -0.6377268565743713
60712 58445.000352 -0.028819948221675516 0.03271612126902272 -0.78264233773259 -0.6209428614470714
60712 58535.000352 -0.028104446101822292 0.03333321562441644 -0.7958912900986385 -0.6038676106487006
60712 58625.000352 -0.027375773656865554 0.03393471875232126 -0.8087682743574728 -0.5865090623960764
60712 58715.000352 -0.0266342720401496 0.034520344356229346 -0.8212672174713596 -0.5688753104901542
60712 58805.000352 -0.02588028839774312 0.03508981344872116 -0.8333822215144574 -0.5509745806552344
60712 58895.000352 -0.025114175708198423 0.03564285450103998 -0.8451075666375647 -0.5328152268032975
60712 58985.000352 -0.024336292619475595 0.03617920358997073 -0.856437713956835 -0.5144057272246539
60712 59075.000352 -0.023547003283091804 0.03669860454194641 -0.8673673083642675 -0.49575468070607864
60712 59165.000352 -0.022746677185591008 0.03720080907425606 -0.8778911812576915 -0.4768708025778161
60712 59255.000352 -0.021935688977456114 0.03768557693318738 -0.8880043531880092 -0.45776292069087726
60712 59345.000352 -0.021114418299606214 0.03815267602888505 -0.8977020364214258 -0.4384399713262116
60712 59435.000352 -0.020283249607631327 0.038601882566668154 -0.9069796374144315 -0.4189109950374303
60712 59525.000352 -0.019442571993916642 0.039032981174510505 -0.9158327591993004 -0.399185132428912
60712 59615.000352 -0.01859277900779911 0.03944576502637547 -0.9242572036779149 -0.3792716198712111
60712 59705.000352 -0.017734268473878018 0.03984003596108127 -0.9322489738217616 -0.3591797851558304
60712 59795.000352 -0.01686744230857925 0.0402156045963913 -0.9398042757759917 -0.33891904309152854
60712 59885.000352 -0.015992706335042666 0.04057229043804515 -0.9469195208655101 -0.31849889104441903
60712 59975.000352 -0.015110470096377438 0.040909921983485954 -0.9535913275011112 -0.29792890442426034
60712 60065.000352 -0.014221146667301706 0.04122833682008792 -0.9598165229837666 -0.2772187321193666
60712 60155.000352 -0.013325152464168563 0.041527381717743374 -0.9655921452052376 -0.25637809188271693
60712 60245.000352 -0.012422907053363672 0.041806912715723614 -0.9709154442432836 -0.23541676567184133
60712 60335.000352 -0.011514832958061957 0.0420667952037804 -0.9757838838497989 -0.2143445949452264
60712 60425.000352 -0.010601355463331049 0.042306903997503816 -0.9801951428303266 -0.1931714759179569
60712 60515.000352 -0.009682902419585243 0.042527123407985874 -0.9841471163134614 -0.17190735477946564
60712 60605.000352 -0.00875990404440905 0.04272734730586518 -0.9876379169087732 -0.15056222287624457
60712 60695.000352 -0.007832792722793866 0.042907479179842715 -0.9906658757519585 -0.12914611186248817
60712 60785.000352 -0.0069020028058559306 0.043067432189756734 -0.9932295434360339 -0.1076690888217055
60712 60875.000352 -0.005967970408126002 0.043207129214298826 -0.9953276908274951 -0.08614125136235919
60712 60965.000352 -0.005031133203524138 0.04332650289343552 -0.9969593097664663 -0.0645727226906576
60712 61055.000352 -0.0040919302201537465 0.04342549566557879 -0.9981236136499793 -0.042973646663731935
60712 61145.000352 -0.0031508016340591432 0.04350405979952687 -0.9988200378976384 -0.0213541828263728
60712 61235.000352 -0.0022081885621052354 0.04356215742117331 -0.9990482402990496 2.7549856535447097E-4
60712 61325.000352 -0.0012645328541406695 0.04359976053496486 -0.9988081012425066 0.02190522153033563
60712 61415.000352 -3.2027688460871845E-4 0.04361685104007351 -0.9980997238245606 0.0435248093551382
60712 61505.000352 6.241366562317327E-4 0.04361342074123869 -0.9969234338402153 0.06512408958991903
60712 61595.000352 0.0015682649713157867 0.04358947135423278 -0.9952797796536189 0.08669289904416598
60712 61685.000352 0.0025116653658570883 0.043545014505901945 -0.9931695319492422 0.10822108877891565
60712 61775.000352 0.0034538954563594565 0.04348007172873807 -0.9905936833636543 0.12969852909215518
60712 61865.000352 0.004394513379409928 0.0433946744499425 -0.9875534479981277 0.15111511449405374
60712 61955.000352 0.005333078000115226 0.043288863974946586 -0.9840502608124205 0.17246076866873347
60712 62045.000352 0.006269149120050633 0.04316269146535782 -0.9800857769001944 0.19372544941932443
60712 62135.000352 0.0072022876845946856 0.04301621791130204 -0.9756618706466503 0.21489915359301576
60712 62225.000352 0.008132055989533447 0.042849514098131695 -0.9707806347690704 0.23597192198288758
60712 62315.000352 0.009058017886827037 0.04266266056746838 -0.9654443792410704 0.25693384420331056
60712 62405.000352 0.00997973898944326 0.04245574757254496 -0.9596556301014788 0.2777750635357547
60712 62495.000352 0.01089678687517496 0.04222887502781079 -0.9534171281488746 0.29848578174183615
60712 62585.000352 0.011808731289374085 0.04198215245276309 -0.9467318275229215 0.31905626384052943
60712 62675.000352 0.012715144346550144 0.041715698909972905 -0.9396028941737433 0.33947684284649543
60712 62765.000352 0.013615600730793135 0.041429642937281436 -0.9320337042207065 0.3597379244664893
60712 62855.000352 0.014509677894998551 0.04112412247415777 -0.9240278422020434 0.3798299917509799
60712 62945.000352 0.015396956258875749 0.04079928478223163 -0.9155890992169012 0.39974360969802136
60712 63035.000352 0.016277019405735105 0.040455286360038055 -0.906721470961426 0.4194694298066793
60712 63125.000352 0.017149454278043177 0.04009229285204672 -0.8974291556606415 0.43899819457722056
60712 63215.000352 -0.018013851371737704 -0.0397104789520795 0.8877165518979104 -0.4583207419554977
60712 63305.000352 -0.018869804929281267 -0.03931002830125933 0.8775882563438755 -0.47742800971895366
60712 63395.000352 -0.019716913131419312 -0.03889113338066808 0.8670490613868421 -0.4963110398017871
60712 63485.000352 -0.020554778287592602 -0.038453995398922594 0.8561039526665982 -0.5149609825569647
60712 63575.000352 -0.021383007024927927 -0.03799882417491026 0.844758106513793 -0.5333691009527338
60712 63665.000352 -0.02220121047571315 -0.03752583801594642 0.8330168872970033 -0.5515267747014879
60712 63755.000352 -0.02300900446323704 -0.03703526359162894 0.8208858446796834 -0.5694255043188987
60712 63845.000352 -0.023806009685851042 -0.036527335803680214 0.8083707107892938 -0.5870569151112474
60712 63935.000352 -0.02459185189909344 -0.03600229765205941 0.7954773973008885 -0.6044127610891004
60712 64025.000352 -0.025366162095697732 -0.035460400097630296 0.7822119924375567 -0.6214849288054527
60712 64115.000352 -0.026128576683295837 -0.03490190192165235 0.7685807578901152 -0.638265441116635
60712 64205.000352 -0.026878737659617947 -0.03432706958234736 0.7545901256585028 -0.6547464608643555
60712 64295.000352 -0.027616292784989165 -0.033736177068776574 0.7402466948173594 -0.6709202944773494
60712 64385.000352 -0.02834089575192298 -0.03312950575223515 0.725557228208273 -0.6867793954912447
60712 64475.000352 -0.029052206351616146 -0.03250734423534989 0.7105286490612237 -0.7023163679853262
60712 64565.000352 -0.029749890637161835 -0.03186998819904124 0.6951680375477287 -0.7175239699350187
60712 64655.000352 -0.030433621083309114 -0.03121774024748253 0.6794826272681872 -0.7323951164790219
60712 64745.000352 -0.031103076742613783 -0.03055090975116611 0.663479801675917 -0.7469228831001262
60712 64835.000352 -0.031757943397846745 -0.029869812688162196 0.6471670904403596 -0.7611005087188372
60712 64925.000352 -0.03239791371055185 -0.02917477148363497 0.6305521657518874 -0.7749213986990459
60712 65015.000352 -0.03302268736567006 -0.02846611484765686 0.613642838570632 -0.7883791277650662
60712 65105.000352 -0.03363197121217678 -0.027744177611345948 0.5964470548217385 -0.8014674428294186
60712 65195.000352 -0.03422547939971812 -0.027009300561338333 0.5789728915393869 -0.8141802657308564
60712 65285.000352 -0.03480293351125731 -0.02626183027259261 0.5612285529619299 -0.8265116958821592
60712 65375.000352 -0.03536406269178395 -0.025502118939523664 0.5432223665804641 -0.8384560128272955
60712 65465.000352 -0.03590860377316586 -0.024730524205459545 0.5249627791431171 -0.850007678707622
60712 65555.000352 -0.036436301395253515 -0.023947408990425235 0.5064583526173196 -0.8611613406368346
60712 65645.000352 -0.03694690812336545 -0.02315314131726881 0.48771776011228074 -0.871911832984463
60712 65735.000352 -0.03744018456229451 -0.02234809413616737 0.4687497817638789 -0.8822541795677357
60712 65825.000352 -0.037915899466974656 -0.021532645147575635 0.4495633005841221 -0.8921835957517203
60712 65915.000352 -0.0383738298499321 -0.02070717662370967 0.43016729827729966 -0.9016954904576886
60712 66005.000352 -0.03881376108561786 -0.019872075228686014 0.41057085102482543 -0.9107854680797474
60712 66095.000352 -0.039235487011674466 -0.019027731837476018 0.3907831252408713 -0.9194493303097542
60712 66185.000352 -0.03963881002714022 -0.018174541353851936 0.37081337330060055 -0.9276830778706913
60712 66275.000352 -0.040023541187520335 -0.01731290252752901 0.35067092924296067 -0.9354829121586142
60712 66365.000352 -0.0403895002965985 -0.016443217770718586 0.3303652044497697 -0.9428452367933975
60712 66455.000352 -0.04073651599478113 -0.01556589297430843 0.30990568330286744 -0.9497666590784823
60712 66545.000352 -0.0410644258437084 -0.01468133732387645 0.2893019188209975 -0.9562439913698795
60712 66635.000352 -0.04137307640680881 -0.013789963115722658 0.2685635282780663 -0.9622742523546702
60712 66725.000352 -0.041662323325438594 -0.012892185573070864 0.24770018880438519 -0.9678546682392704
60712 66815.000352 -0.04193203139022471 -0.011988422662548496 0.22672163297246778 -0.972982673847716
60712 66905.000352 -0.042182074607244456 -0.011079094911009123 0.20563764436900006 -0.9776559136302252
60712 66995.000352 -0.0424123362586913 -0.010164625222703267 0.1844580531545069 -0.9818722425823081
60712 67085.000352 -0.0426227089577447 -0.009245438696760248 0.16319273161229272 -0.985629727074689
60712 67175.000352 -0.042813094697427306 -0.008321962444896587 0.14185158968825246 -0.9889266455943082
60712 67265.000352 -0.04298340489332363 -0.007394625409228771 0.12044457052309229 -0.9917614893966904
60712 67355.000352 -0.043133560420147814 -0.006463858180049065 0.0989816459785511 -0.9941329630699741
60712 67445.000352 -0.04326349164224214 -0.00553009281340394 0.07747281215906539 -0.9960399850109246
60712 67535.000352 -0.043373138438188394 -0.004593762648328395 0.05592808493049003 -0.9974816878132452
60712 67625.000352 -0.043462450219818705 -0.0036553021235978035 0.034357495437189696 -0.9984574185685429
60712 67715.000352 -0.04353138594596401 -0.002715146593893956 0.012771085618945249 -0.9989667390802913
60712 67805.000352 -0.04357991413133542 -0.001773732145314583 -0.008821096271130188 -0.9990094259911453
60712 67895.000352 -0.04360801285095466 -8.31495410190975E-4 -0.030409000146747352 -0.9985854708239295
60712 67985.000352 -0.04361566974054224 1.1112661884058019E-4 -0.051982578567290244 -0.9976950799364774
60712 68075.000352 -0.04360288199318769 0.001053696776240043 -0.07353179123237197 -0.9963386743889604
60712 68165.000352 -0.04356965635140857 0.001995777936069801 -0.09504661003268465 -0.9945168896691221
60712 68255.000352 -0.0435160089545145 0.0029369352288590505 -0.11651706978427372 -0.9922305698903954
60712 68345.000352 -0.04344196555610749 0.0038767312473026237 -0.13793315895678832 -0.9894807781072149
60712 68435.000352 -0.043347561311872375 0.004814730751548275 -0.1592849272706162 -0.9862687865082713
60712 68525.000352 -0.043232841272085494 0.00575049578252733 -0.18056237462152097 -0.9825960930641009
60712 68615.000352 -0.043097859780970374 0.0066835920119832385 -0.20175559583643327 -0.9784644007979049
60712 68705.000352 -0.042942680627817746 0.007613586286056658 -0.22285472481663268 -0.9738756240461433
60712 68795.000352 -0.042767377020937185 0.008540046780011376 -0.24384993821545875 -0.9688318877370115
60712 68885.000352 -0.04257203155560886 0.009462543181772207 -0.2647314597693359 -0.9633355264985082
60712 68975.000352 -0.04235673617793412 0.010380646877030325 -0.2854895646604822 -0.9573890836753549
60712 69065.000352 -0.04212159214450685 0.011293931134169335 -0.30611458387018553 -0.9509953102601146
60712 69155.000352 -0.04186670997774069 0.0122019712887975 -0.32659690851598105 -0.9441571637392321
60712 69245.000352 -0.04159220941672964 0.01310434492787661 -0.3469269941703733 -0.936877806854104
60712 69335.000352 -0.04129821936352456 0.014000632073465217 -0.3670953651595499 -0.9291606062771508
60712 69425.000352 -0.04098487782480907 0.014890415366101488 -0.3870926188404923 -0.9210091312028995
60712 69515.000352 -0.040652331848966355 0.01577328024783958 -0.4069094298550685 -0.9124271518540468
60712 69605.000352 -0.04030073745857707 0.016648815144944352 -0.4265365543597003 -0.9034186379024504
60712 69695.000352 -0.039930259578417615 0.017516611650226804 -0.44596483422899513 -0.8939877568050919
60712 69785.000352 -0.03954107195903781 0.01837626470499805 -0.46518520123192847 -0.8841388720549687
60712 69875.000352 -0.03913335709600327 0.019227372780607578 -0.48418868117904557 -0.8738765413469164
60712 69965.000352 -0.03870730614487959 0.02006953805952008 -0.5029663980390695 -0.8632055146584089
60712 70055.000352 -0.03826311883202514 0.020902366615892756 -0.5215095780234096 -0.8521307322453208
60712 70145.000352 -0.03780100336124557 0.021725468595609483 -0.5398095536368821 -0.8406573225527357
60712 70235.000352 -0.037321176316350596 0.022538458395738887 -0.5578577676930259 -0.8287906000408435
60712 70325.000352 -0.036823862559639514 0.02334095484338245 -0.5756457772922843 -0.816536062926035
60712 70415.000352 -0.03630929512635017 0.02413258137389025 -0.5931652577613358 -0.8038993908373039
60712 70505.000352 -0.0357777151150983 0.02491296620841105 -0.6104080065517641 -0.7908864423881238
60712 70595.000352 -0.0352293715743588 0.025681742530743557 -0.6273659470962392 -0.7775032526639997
60712 70685.000352 -0.03466452138505522 0.02643854866343875 -0.6440311326203376 -0.7637560306259331
60712 70775.000352 -0.03408342913934723 0.02718302824308087 -0.6603957499081144 -0.7496511564300677
60712 70865.000352 -0.03348636701573848 0.027914830394648173 -0.6764521230194545 -0.735195178663869
60712 70955.000352 -0.03287361465064417 0.028633609904819644 -0.6921927169572712 -0.7203948114991741
60712 71045.000352 -0.0322454590065815 0.029339027394054855 -0.7076101412824964 -0.7052569317625961
60712 71135.000352 -0.031602194237157925 0.03003074948724821 -0.7226971536749054 -0.6897885759236821
60712 71225.000352 -0.030944121549029573 0.03070844898271588 -0.7374466634376695 -0.6739969370014105
60712 71315.000352 -0.030271549060997438 0.031371805019260054 -0.7518517349435935 -0.6578893613895802
60712 71405.000352 -0.029584791660387917 0.03202050324103799 -0.7659055910209045 -0.6414733456017648
60712 71495.000352 -0.02888417085683141 0.03265423595996443 -0.7796016162765139 -0.6247565329364965
60712 71585.000352 -0.028170014633523578 0.03327270231538647 -0.7929333603545381 -0.6077467100635257
60712 71675.000352 -0.0274426572960106 0.03387560843079997 -0.8058945411279425 -0.590451803531973
60712 71765.000352 -0.02670243931850256 0.03446266756740848 -0.8184790478210947 -0.5728798762013328
60712 71855.000352 -0.025949707187687125 0.03503360027437406 -0.8306809440609977 -0.5550391235963624
60712 71945.000352 -0.025184813243987202 0.035588134535654195 -0.8424944708549696 -0.536937870186991
60712 72035.000352 -0.024408115520192147 0.03612600591337051 -0.853914049492506 -0.5185845655944747
60712 72125.000352 -0.023619977577385227 0.036646957687697865 -0.8649342843690936 -0.49998778072509326
60712 72215.000352 -0.02282076833810198 0.03715074099329536 -0.875549965729686 -0.48115620383286456
60712 72305.000352 -0.022010861916669216 0.03763711495232595 -0.885756072329613 -0.4620986365127773
60712 72395.000352 -0.021190637446705296 0.03810584680411934 -0.8955477740106889 -0.44282398962617586
60712 72485.000352 -0.020360478905798014 0.03855671203152548 -0.9049204341903009 -0.42334127916006725
60712 72575.000352 -0.019520774937413075 0.03898949448398814 -0.9138696122613215 -0.40365962202215355
60712 72665.000352 -0.018671918670127987 0.03940398649733326 -0.9223910659006895 -0.38378823177357063
60712 72755.000352 -0.01781430753431862 0.039799989010226106 -0.9304807532845837 -0.3637364143013624
60712 72845.000352 -0.016948343076458258 0.04017731167720627 -0.9381348352081482 -0.3435135634328517
60712 72935.000352 -0.01607443077120738 0.04053577297816223 -0.945349677107806 -0.3231291564941356
60712 73025.000352 -0.015192979831486684 0.040875200324062645 -0.9521218509842474 -0.302592749815058
60712 73115.000352 -0.014304403016727269 0.04119543015873127 -0.9584481372242806 -0.28191397418304565
60712 73205.000352 -0.013409116439488862 0.04149630805641997 -0.9643255263197649 -0.26110253024838226
60712 73295.000352 -0.012507539370619776 0.04177768881492998 -0.9697512204819954 -0.24016818388341063
60712 73385.000352 -0.011600094043120011 0.04203943654402419 -0.974722635149929 -0.21912076149838086
60712 73475.000352 -0.010687205454843732 0.04228142474888899 -0.9792374003907848 -0.19797014531658033
60712 73565.000352 -0.009769301170163521 0.04250353640842305 -0.9832933621915935 -0.17672626861159124
60712 73655.000352 -0.008846811120690405 0.042705664048157635 -0.9868885836404148 -0.15539911090935105
60712 73745.000352 -0.007920167405139818 0.04288770980764557 -0.9900213459959761 -0.13399869315797608
60712 73835.000352 -0.006989804088410984 0.043049585502183386 -0.9926901496446229 -0.11253507286811555
60712 73925.000352 -0.006056156999949139 0.04319121267876228 -0.9948937149435216 -0.09101833922682115
60712 74015.000352 -0.0051196635314492665 0.04331252266616156 -0.9966309829491715 -0.0694586081877985
60712 74105.000352 -0.004180762433965522 0.04341345661911538 -0.9979011160303455 -0.04786601754106924
60712 74195.000352 -0.0032398936144872976 0.043493965556489336 -0.9987034983646815 -0.02625072196500949
60712 74285.000352 -0.002297497932047711 0.043554010393404695 -0.9990377363182297 -0.004622888063838349
60712 74375.000352 -0.001354016993429594 0.04359356196724236 -0.9989036587073492 0.01700731060636038
60712 74465.000352 -4.0989294853525763E-4 0.04361260105745177 -0.9983013169424524 0.03862969851991589
60712 74555.000352 5.344317145174755E-4 0.043611118399082396 -0.99723098505319 0.060234103168953994
60712 74645.000352 0.001478514374515413 0.04358911468995074 -0.9956931595947854 0.0818103600526479
60712 74735.000352 0.0024219124824337635 0.04354660059135583 -0.9936885594353366 0.10334831766501974
60712 74825.000352 0.003364183766838458 0.043483596722264956 -0.9912181254240312 0.12483784247794391
60712 74915.000352 0.004304886439369392 0.04340013364690667 -0.9882830199403455 0.14626882391598522
60712 75005.000352 0.005243579400271364 0.043296251855732215 -0.9848846263244322 0.16763117931966479
60712 75095.000352 0.006179822443943562 0.04317200173973889 -0.9810245481890302 0.18891485889377424
60712 75185.000352 0.007113176464474504 0.04302744355818468 -0.9767046086133739 0.21010985063729956
60712 75275.000352 0.008043203661127584 0.042862647399764545 -0.9719268492197078 0.2312061852516066
60712 75365.000352 0.0089694677437323 0.042677693137358745 -0.966693529133132 0.2521939410235663
60712 75455.000352 0.009891534137921093 0.04247267037650186 -0.9610071238256563 0.27306324868027754
60712 75545.000352 0.010808970190140115 0.04224767839775367 -0.9548703238454279 0.29380429621221726
60712 75635.000352 0.011721345372340852 0.0420028260931787 -0.9482860334322373 0.31440733366160883
60712 75725.000352 0.012628231486243858 0.04173823189715921 -0.9412573690205014 0.3348626778729342
60712 75815.000352 0.013529202867047905 0.04145402371177422 -0.9337876576310289 0.35516071720256764
60712 75905.000352 0.014423836586441651 0.041150338826977724 -0.9258804351529815 0.3752919161845593
60712 75995.000352 0.015311712654764947 0.040827323835802384 -0.9175394445175215 0.39524682014971696
60712 76085.000352 0.016192414222156053 0.04048513454480151 -0.908768633764744 0.4150160597951696
60712 76175.000352 0.01706552777851613 0.04012393587992666 -0.8995721540055804 0.4345903557016704
60712 76265.000352 -0.01793064335212138 -0.039743901788020446 0.889954357280435 -0.45396052279599236
60712 76355.000352 -0.018787354706713073 -0.039345215134088354 0.8799197943164214 -0.4731174747558192
60712 76445.000352 -0.019635259536896876 -0.03892806759449602 0.8694732121851397 -0.49205222835460444
60712 76535.000352 -0.02047395966169039 -0.03849265954623024 0.8586195518630056 -0.5107559077440033
60712 76625.000352 -0.02130306121605768 -0.038039199952351575 0.8473639456962253 -0.5292197486715084
60712 76715.000352 -0.022122174840274227 -0.03756790624376195 0.8357117147725839 -0.5474351026310456
60712 76805.000352 -0.022930915866970557 -0.037079004197409934 0.8236683662022586 -0.5653934409443855
60712 76895.000352 -0.023728904505700612 -0.0365727278110529 0.8112395903099443 -0.5830863587712988
60712 76985.000352 -0.024515766024889904 -0.036049319174697135 0.7984312577405902 -0.6005055790465506
60712 77075.000352 -0.0252911309310139 -0.03550902833883192 0.7852494164811229 -0.6176429563418644
60712 77165.000352 -0.026054635144866497 -0.03495211317957166 0.7717002888005406 -0.6344904806511383
60712 77255.000352 -0.026805920174785298 -0.034378839260813865 0.7577902681107817 -0.6510402810973004
60712 77345.000352 -0.027544633286707695 -0.03378947969350648 0.743525915750804 -0.6672846295592844
60712 77435.000352 -0.028270427670948454 -0.0331843149921128 0.7289139576963367 -0.6832159442176895
60712 77525.000352 -0.0289829626056073 -0.03256363292834162 0.713961281197737 -0.6988267930178379
60712 77615.000352 -0.029681903616536255 -0.031927728382202085 0.6986749313484395 -0.7141098970489796
60712 77705.000352 -0.030366922633821125 -0.03127690319042735 0.6830621075864659 -0.7290581338385187
60712 77795.000352 -0.031037698144757743 -0.03061146599230255 0.6671301601314741 -0.7436645405602117
60712 77885.000352 -0.0316939153433294 -0.02993173207292729 0.6508865863598206 -0.7579223171553824
60712 77975.000352 -0.03233526627621658 -0.029238023203944474 0.6343390271201159 -0.7718248293662731
60712 78065.000352 -0.0329614499853889 -0.028530667481769426 0.6174952629917136 -0.7853656116807636
60712 78155.000352 -0.03357217264734459 -0.027809999163369483 0.6003632104886023 -0.7985383701877378
60712 78245.000352 -0.0341671477090691 -0.027076358499656714 0.582950918211114 -0.8113369853424924
60712 78335.000352 -0.03474609602078687 -0.026330091566579544 0.5652665629478348 -0.8237555146416631
60712 78425.000352 -0.03530874596557047 -0.02557155009402038 0.5473184457300635 -0.835788195207228
60712 78515.000352 -0.03585483358585414 -0.02480109129263276 0.5291149878411826 -0.8474294462791875
60712 78605.000352 -0.036384102706881666 -0.024019077678771376 0.5106647267831713 -0.8586738716166605
60712 78695.000352 -0.036896305057085486 -0.02322587689768869 0.4919763122024906 -0.8695162618071645
60712 78785.000352 -0.03739120038536768 -0.022421861545190314 0.4730585017775468 -0.8799515964839045
60712 78875.000352 -0.037868556575219196 -0.02160740898795 0.45392015706987526 -0.8899750464509646
60712 78965.000352 -0.03832814975558307 -0.0207829011826884 0.43457023934111716 -0.8995819757163592
60712 79055.000352 -0.03876976440833754 -0.019948724494419364 0.41501780533785965 -0.9087679434329284
60712 79145.000352 -0.03919319347225338 -0.019105269513963862 0.39527200304639365 -0.9175287057470938
60712 79235.000352 -0.03959823844325464 -0.018252930874911068 0.37534206741933535 -0.9258602175555692
60712 79325.000352 -0.03998470947079973 -0.017392107070195548 0.35523731607611625 -0.9337586341701115
60712 79415.000352 -0.04035242545019373 -0.016523200268436507 0.3349671449792558 -0.9412203128904634
60712 79505.000352 -0.04070121411063605 -0.01564661613016017 0.3145410240883075 -0.9482418144856692
60712 79595.000352 -0.041030912098814515 -0.014762763624004317 0.29396849299335703 -0.9548199045839669
60712 79685.000352 -0.04134136505786224 -0.013872054842976673 0.27325915652989546 -0.9609515549715064
60712 79775.000352 -0.04163242770150771 -0.01297490482081241 0.2524226803768162 -0.9666339448001778
60712 79865.000352 -0.04190396388326669 -0.012071731348454807 0.23146878663929685 -0.9718644617048471
60712 79955.000352 -0.042155846660550486 -0.011162954790658314 0.21040724941820332 -0.9766407028303397
60712 80045.000352 -0.04238795835358249 -0.01024899790269155 0.1892478903676428 -0.9809604757685205
60712 80135.000352 -0.04260019059905333 -0.009330285647100743 0.16800057424218 -0.9848217994058446
60712 80225.000352 -0.04279244439847517 -0.008407245010481807 0.14667520443525 -0.9882229046817397
60712 80315.000352 -0.04296463016123934 -0.007480304820195881 0.12528171851014905 -0.9911622352582087
60712 80405.000352 -0.04311666774241041 -0.006549895560958545 0.10383008372499448 -0.9936384481010141
60712 80495.000352 -0.043248486475340686 -0.005616449191235208 0.08233029255300534 -0.9956504139728015
60712 80585.000352 -0.043360025199232745 -0.0046803989593793725 0.06079235819937496 -0.9971972178385085
60712 80675.000352 -0.04345123228180345 -0.003742179219462082 0.03922631011601848 -0.9982781591833831
60712 80765.000352 -0.043522065637253506 -0.0028022252467639363 0.017642189515517468 -0.998892752243919
60712 80855.000352 -0.04357249273975736 -0.001860973052930087 -0.003949955114231862 -0.9990407261520101
60712 80945.000352 -0.04360249063271725 -9.188592008437156E-4 -0.02554007249254984 -0.9987220249926744
60712 81035.000352 -0.043612045934026816 2.367938053623732E-5 -0.04711811301985225 -0.9979368077760152
60712 81125.000352 -0.04360115483764834 9.662055799997519E-4 -0.06867403321196133 -0.9966854483266037
60712 81215.000352 -0.043569823112573305 0.0019082822721648517 -0.09019779976708585 -0.9949685351255514
60712 81305.000352 -0.043518066121162574 0.0028494721478964855 -0.11167938592888407 -0.992786871986178
60712 81395.000352 -0.04344591001822551 0.003789324732344842 -0.1331084759088459 -0.9901415189567526
60712 81485.000352 -0.043353388288064794 0.0047274213470515185 -0.15447549027484928 -0.9870336661511079
60712 81575.000352 -0.04324054581136471 0.005663319002029924 -0.17577030634145174 -0.9834647840286141
60712 81665.000352 -0.04310743580981064 0.006596586346584067 -0.19698307884787186 -0.9794365220238054
60712 81755.000352 -0.04295412180256251 0.0075267883122498765 -0.21810388929799238 -0.9749507599622467
60712 81845.000352 -0.04278067642766141 0.008453493384336128 -0.23912291234480465 -0.9700095798319373
60712 81935.000352 -0.042587181778515074 0.009376271313538466 -0.2600303637757459 -0.9646152742928509
60712 82025.000352 -0.04237372933776292 0.010294693527540434 -0.2808165100979008 -0.958770344766472
60712 82115.000352 -0.0421404199352978 0.01120833331741396 -0.3014716729942355 -0.9524775003400234
60712 82205.000352 -0.04188736370170431 0.012116766019352179 -0.32198623366207785 -0.9457396566050633
60712 82295.000352 -0.041614680016294835 0.013019569195851162 -0.34235063712232283 -0.938559934413906
60712 82385.000352 -0.04132249744951199 0.01391632281686647 -0.36255539650569557 -0.9309416585524518
60712 82475.000352 -0.04101095369957829 0.014806609441174368 -0.3825910973157406 -0.9228883563293261
60712 82565.000352 -0.0406801955233923 0.015690014398123467 -0.4024484016674984 -0.9144037560813282
60712 82655.000352 -0.040330378661774656 0.016566125969907936 -0.4221180525003764 -0.9054917855953396
60712 82745.000352 -0.03996166775927545 0.017434535574458503 -0.4415908777639744 -0.8961565704467288
60712 82835.000352 -0.039574236278849824 0.01829483794896619 -0.4608577945752166 -0.8864024322544667
60712 82925.000352 -0.03916826641177288 0.019146631333992907 -0.4799098133454236 -0.8762338868530577
60712 83015.000352 -0.03874394898324262 0.019989517658058936 -0.4987380418759218 -0.8656556423813994
60712 83105.000352 -0.03830148335412214 0.020823102722501773 -0.5173336894205309 -0.8546725972888237
60712 83195.000352 -0.037841077319289124 0.02164699638637127 -0.5356880707137003 -0.8432898382583521
60712 83285.000352 -0.0373629470030163 0.02246081275104975 -0.5537926099627146 -0.8315126380473702
60712 83375.000352 -0.03686731675176404 0.023264170344267386 -0.5716388448025155 -0.819346453245856
60712 83465.000352 -0.03635441902468276 0.024056692303169234 -0.5892184302117469 -0.8067969219522427
60712 83555.000352 -0.03582449428203788 0.024838006556092425 -0.6065231423884867 -0.7938698613670576
60712 83645.000352 -0.03527779087166911 0.02560774600273893 -0.6235448825841807 -0.7805712653044271
60712 83735.000352 -0.03471456491350858 0.026365548692470438 -0.640275680894185 -0.7669073016215836
60712 83825.000352 -0.034135080182091444 0.02711105800050665 -0.6567077000033201 -0.7528843095664863
60712 83915.000352 -0.03353960798691506 0.027843922801858812 -0.6728332388847078 -0.7385087970437467
60712 84005.000352 -0.03292842705046144 0.02856379764290715 -0.6886447364501835 -0.7237874377990092
60712 84095.000352 -0.03230182338365274 0.029270342910569187 -0.7041347751503716 -0.7087270685220967
60712 84185.000352 -0.03166009015850723 0.029963224999066278 -0.7192960845225473 -0.6933346858692006
60712 84275.000352 -0.031003527577774394 0.030642116474325822 -0.7341215446842634 -0.6776174434045357
60712 84365.000352 -0.03033244274135213 0.03130669623607762 -0.7486041897707226 -0.6615826484618867
60712 84455.000352 -0.02964714950934016 0.03195664967770198 -0.7627372113137111 -0.6452377589266849
60712 84545.000352 -0.028947968361627524 0.032591668843883585 -0.7765139615600155 -0.6285903799391745
60712 84635.000352 -0.02823522625397424 0.033211452586092906 -0.7899279567270883 -0.6116482605194558
60712 84725.000352 -0.027509256470596065 0.03381570671588564 -0.8029728801937632 -0.5944192901152121
60712 84815.000352 -0.02677039847331303 0.03440414415597198 -0.8156425856237872 -0.5769114950730467
60712 84905.000352 -0.026018997747354645 0.034976485088964275 -0.8279311000199603 -0.5591330350344034
60712 84995.000352 -0.025255405643945638 0.0355324571036778 -0.8398326267066519 -0.541092199257151
60712 85085.000352 -0.02447997921980836 0.03607179533882843 -0.8513415482384862 -0.5227974028639859
60712 85175.000352 -0.023693081073722373 0.03659424262394773 -0.8624524292329547 -0.504257183018932
60712 85265.000352 -0.02289507918027357 0.03709954961733571 -0.8731600191248279 -0.48548019503317547
60712 85355.000352 -0.022086346720917673 0.0375874749408632 -0.8834592548401139 -0.46647520840173706
60712 85445.000352 -0.021267261912461803 0.03805778531145719 -0.8933452633874729 -0.4472511027723692
60712 85535.000352 -0.020438207833060097 0.038510255669114105 -0.9028133643648771 -0.42781686384835693
60712 85625.000352 -0.019599572245798426 0.038944669301312185 -0.9118590723794509 -0.40818157922679527
60712 85715.000352 -0.018751747419943596 0.0393608179637159 -0.9204780993783579 -0.38835443417415966
60712 85805.000352 -0.01789512994992657 0.03975850199707881 -0.9286663568886635 -0.36834470734104624
60712 85895.000352 -0.017030120572130273 0.040137530440268104 -0.9364199581641728 -0.3481617664179457
60712 85985.000352 -0.016157123979569046 0.04049772113933232 -0.943735220237219 -0.3278150637341694
60712 86075.000352 -0.015276548634551154 0.04083890085252268 -0.950608665873472 -0.30731413180202366
60712 86165.000352 -0.014388806579434381 0.04116090535116298 -0.9570370254278697 -0.2866685788084689
60712 86255.000352 -0.013494313245593696 0.041463579516234104 -0.9630172385998433 -0.2658880840565502
60712 86345.000352 -0.012593487260730967 0.0417467774305058 -0.9685464560860638 -0.24498239335900854
