CIC_MEM_VERS = 1.0
CREATION_DATE = 2024-12-09T22:46:14.811549
ORIGINATOR = CS Group

META_START
OBJECT_NAME = BLUE2
OBJECT_ID = BLUE2
USER_DEFINED_PROTOCOL = NONE
USER_DEFINED_CONTENT = LLA
USER_DEFINED_SIZE = 3.0
USER_DEFINED_TYPE = REAL
USER_DEFINED_UNIT = [deg] [km]
TIME_SYSTEM = UTC
META_STOP

60653 10648.609919999999 0.12170744214023564 -69.29977355876471 559.0402200906286
60653 11048.60992 25.11812798871099 -72.94396411377951 564.1641647288003
60653 11448.60992 49.84019675584808 -78.57374434475645 579.7958616695934
60653 11848.60992 73.48022636578904 -96.64429781473729 599.0918877416168
60653 12248.60992 77.2758919926167 147.89097677470275 615.1874838024387
60653 12648.60992 54.46994593188954 121.75058247270373 624.8620489362671
60653 13048.609919999999 30.21886250039352 115.30088824395905 629.1002029246785
60653 13448.609919999999 5.739481052691499 111.53473520689629 630.9747086693452
60653 13848.609919999999 -18.765440736792662 108.09814573601935 632.4202307772725
60653 14248.609919999999 -43.134275513060885 103.4176110276675 632.3076742736013
60653 14648.60992 -66.98170670778154 92.0400579726608 627.2577768359039
60653 15048.60992 -81.71171875581932 0.18002301266101547 614.6035082693444
60653 15448.60992 -61.344913123033216 -54.77711181843819 595.3996520401696
60653 15848.60992 -36.960366773514146 -63.33359732802924 575.1150959339361
60653 16248.60992 -12.076419663349455 -67.54651896481165 561.5158794478722
60653 16648.60992 12.946946006180342 -71.01003280008538 560.2380071086773
60653 17048.60992 37.842459242481645 -75.28998529722506 571.4733224262978
60653 17448.60992 62.23151134098889 -84.21396717105631 589.9060660055552
60653 17848.60992 81.99792942752076 -145.1371544896285 608.1645083057529
60653 18248.60992 66.02808229678915 128.66458383459454 621.0111357783193
60653 18648.60992 42.09569234436123 117.88630948032547 627.4753521340914
60653 19048.60992 17.690878887817977 113.30735197648862 630.0376980092934
60653 19448.60992 -6.822148159940318 109.88451903794291 631.5874832794726
60653 19848.60992 -31.281452053897148 106.07167052680285 632.5770041847206
60653 20248.60992 -55.48099743715494 99.39312521692018 630.4274827757209
60653 20648.60992 -78.04676328185552 70.73505639493513 621.6940367496593
60653 21048.60992 -72.64020838476861 -43.30187230580949 605.3256063728044
60653 21448.60992 -48.9493384518604 -60.14969131914287 584.7485717439059
60653 21848.60992 -24.243197680840666 -65.63290874934916 567.0219294994533
60653 22248.60992 0.7444673237550697 -69.24980929875764 559.3714001046958
60653 22648.60992 25.73496951963357 -72.91158241883483 564.8902524828444
60653 23048.60992 50.442493288660934 -78.63886770289436 580.6951372763056
60653 23448.60992 74.01390041367495 -97.55055855619229 599.9168876767283
60653 23848.60992 76.79631120511455 146.3961393477629 615.7523623980628
60653 24248.60992 53.88525480488878 121.64410942210253 625.1037710448034
60653 24648.60992 29.623964494292153 115.32590854087661 629.0908986422072
60653 25048.60992 5.140990316760345 111.58735619784117 630.8347048213525
60653 25448.60992 -19.364422598664504 108.14295946758646 632.202916938371
60653 25848.60992 -43.729495792997305 103.40062866550217 631.9863404621527
60653 26248.60992 -67.550898711388 91.63348995955448 626.7975416185926
60653 26648.60992 -81.48312825761926 -3.552981956261863 614.0373929584199
60653 27048.60992 -60.75539002980685 -55.0021238126039 594.8511308446003
60653 27448.60992 -36.34956911339002 -63.33131012643858 574.7688608123708
60653 27848.60992 -11.459988965672348 -67.5004251504415 561.5580516873454
60653 28248.60992 13.561217079066266 -70.96325619244769 560.7405535097445
60653 28648.60992 38.44712747234641 -75.28675173362575 572.3286241252928
60653 29048.60992 62.81069968110904 -84.45661440187281 590.8929895988235
60653 29448.60992 82.12390148673924 -149.23056361046054 609.038516130546
60653 29848.60992 65.46934159356651 128.31767437141698 621.6168043576191
60653 30248.60992 41.51484148223139 117.87466448500444 627.8118777274682
60653 30648.60992 17.106022933363267 113.35355296967236 630.173442462754
60653 31048.60992 -7.407720799328486 109.93858544028258 631.5490497487586
60653 31448.60992 -31.86512714723454 106.09835690253792 632.3481315719052
60653 31848.60992 -56.055833721839555 99.28000320841144 629.9780871349994
60653 32248.60992 -78.49291597927015 68.93881975066431 621.0373688481636
60653 32648.60992 -72.10501336089091 -44.06027711795436 604.5675824214599
60653 33048.60992 -48.356050946268915 -60.20676963897059 584.0728096196195
60653 33448.60992 -23.63766753916795 -65.59924840085903 566.6463010330679
60653 33848.60992 1.3529420790278304 -69.19905660409881 559.4504845066957
60653 34248.60992 26.33870208707336 -72.8792784090371 565.4521184400777
60653 34648.60992 51.03215031724893 -78.70726060942091 581.5653433431736
60653 35048.60992 74.53048370713411 -98.50989932798134 600.8264629721684
60653 35448.60992 76.31660997008076 145.05560628553528 616.4837715712663
60653 35848.60992 53.314095835547356 121.55340991013733 625.5749617954465
60653 36248.60992 29.045176303544316 115.35601506764135 629.3156508199856
60653 36648.60992 4.560360917372911 111.64181948837799 630.8423535843664
60653 37048.60992 -19.944501234408055 108.18791242841989 632.0179743102119
60653 37448.60992 -44.30553414668028 103.3816346423937 631.5958061838978
60653 37848.60992 -68.10018533187508 91.20951106189011 626.1844848851536
60653 38248.60992 -81.22324697462955 -6.962779774083985 613.2566551455366
60653 38648.60992 -60.178701019774934 -55.20041427322821 594.051354727525
60653 39048.60992 -35.751307213603845 -63.32179736432913 574.1594881455615
60653 39448.60992 -10.854377140129467 -67.45144553293791 561.3263184600784
60653 39848.60992 14.16660248672198 -70.91651446980993 560.9611961775817
60653 40248.60992 39.04474349889973 -75.28817417516882 572.896309788927
60653 40648.60992 63.3834075663142 -84.72184997904898 591.5757664377777
60653 41048.60992 82.20051848402244 -153.4255178889326 609.6065539109582
60653 41448.60992 64.90759783357213 128.00255437017427 621.9591868913736
60653 41848.60992 40.93150770663373 117.86979289673178 627.9264724262116
60653 42248.60992 16.517896768816243 113.40121805560597 630.1218613506296
60653 42648.60992 -7.997053716913705 109.99074168976234 631.3923951089615
60653 43048.60992 -32.452433092120486 106.11863762033347 632.0788774846579
60653 43448.60992 -56.632914202958965 99.14767972679434 629.5500467378235
60653 43848.60992 -78.92341343432584 66.95288456327062 620.4364315905659
60653 44248.60992 -71.56015311449568 -44.75381034841798 603.866069485142
60653 44648.60992 -47.75859280080667 -60.25205449565814 583.4300706028291
60653 45048.60992 -23.02898402869218 -65.56081324430711 566.2730002828558
60653 45448.60992 1.9646146256588748 -69.14686021017577 559.4766702394971
60653 45848.60992 26.94644619056036 -72.84897173547593 565.8391545667707
60653 46248.60992 51.62689402379248 -78.78596032030585 582.1326773509081
60653 46648.60992 75.04706157332248 -99.56913148595058 601.3475515290676
60653 47048.60992 75.81765655467596 143.79899636419918 616.806776546396
60653 47448.60992 52.72805096130716 121.46779598433949 625.6651764862072
60653 47848.60992 28.449414179121224 115.38672887726413 629.2302048367709
60653 48248.60992 3.961142165418125 111.694928475964 630.6646428128595
60653 48648.60992 -20.543795758152093 108.22884584932531 631.7785532292041
60653 49048.60992 -44.90017879824443 103.35196163324211 631.2571724019706
60653 49448.60992 -68.6639006253986 90.73197626816103 625.699599409067
60653 49848.60992 -80.92016520039003 -10.243682996775151 612.6394261403345
60653 50248.60992 -59.58442143845006 -55.389115745201465 593.4134069968619
60653 50648.60992 -35.13750066934389 -63.30973937007419 573.7040248994227
60653 51048.60992 -10.234645023406737 -67.40187118357933 561.2368685817975
60653 51448.60992 14.78506682686068 -70.87083381659559 561.2776816412547
60653 51848.60992 39.65460354646378 -75.29397179461432 573.4930779122205
60653 52248.60992 63.966810178475775 -85.01171348172547 592.2284638720672
60653 52648.60992 82.23258811758807 -157.77521743417412 610.0947844868359
60653 53048.60992 64.33158991749197 127.69664808493997 622.1848507798381
60653 53448.60992 40.33357826067871 117.86480495671205 627.91200129936
60653 53848.60992 15.914207372021014 113.44822465047433 629.9613302049811
60653 54248.60992 -8.602708699775183 110.04187261312794 631.1634385878256
60653 54648.60992 -33.056433807613914 106.13626425089932 631.7823905074458
60653 55048.60992 -57.22616929541047 99.00270452749884 629.1370549412471
60653 55448.60992 -79.35062985446655 64.74144271317203 619.8846668284835
60653 55848.60992 -70.99755997053951 -45.425736480110494 603.2350490038866
60653 56248.60992 -47.14557991798659 -60.29884136853345 582.8912522323773
60653 56648.60992 -22.405620067534638 -65.52395003228636 566.0369895576797
60653 57048.60992 2.589786151578093 -69.09593694169479 559.6625242691623
60653 57448.60992 27.566293285697636 -72.82029938109424 566.3934058589443
60653 57848.60992 52.232188551065605 -78.87085857097898 582.8556133177718
60653 58248.60992 75.5665546451234 -100.72326705223026 601.9956869773
60653 58648.60992 75.3051903841397 142.60726756257458 617.2249301858091
60653 59048.60992 52.13386570637092 121.38105132518784 625.8222781155005
60653 59448.60992 27.845716030516865 115.41545575979112 629.1937240701362
60653 59848.60992 3.3540544807342036 111.74675063502056 630.5195664408543
60653 60248.60992 -21.150959304527195 108.26894371206859 631.5498086804245
60653 60648.60992 -45.50267580624393 103.32030864204037 630.9218622219573
60653 61048.60992 -69.23394656447262 90.22438691124275 625.231497902865
60653 61448.60992 -80.5866690655384 -13.350231957534055 612.0519549343811
60653 61848.60992 -58.98311351149194 -55.5785616084001 592.8320054831792
60653 62248.60992 -34.51701010790007 -63.30158612989929 573.3303321393856
60653 62648.60992 -9.608758404023936 -67.3552116009109 561.251108737124
60653 63048.60992 15.408725790432094 -70.82723743600806 561.7306160506974
60653 63448.60992 40.26834753553112 -75.30203076001044 574.2716254443859
60653 63848.60992 64.55184762757075 -85.31577330309574 593.1152126004653
60653 64248.60992 82.22109686490033 -162.13907068005855 610.8771881954052
60653 64648.60992 63.75717656228411 127.4011976700888 622.7361710394542
60653 65048.60992 39.739987259763836 117.8584277913772 628.2111029116371
60653 65448.60992 15.316630728497039 113.49402709311411 630.0389351045677
60653 65848.60992 -9.201165214502247 110.09304078123188 631.0422684928714
60653 66248.60992 -33.65303899630833 106.15547679649701 631.4647464663642
60653 66648.60992 -57.81274344117531 98.85786601994928 628.619180163462
60653 67048.60992 -79.7584559069665 62.38199038120021 619.1721998230125
60653 67448.60992 -70.43777689499916 -46.06035510217946 602.4337396704891
60653 67848.60992 -46.53638561313486 -60.34676636990497 582.2121553942804
60653 68248.60992 -21.78498283756554 -65.48926424357192 565.7190068916824
60653 68648.60992 3.212846135498991 -69.04650035806726 559.8324918326556
60653 69048.60992 28.183943016955293 -72.79270207500956 567.0060348756249
60653 69448.60992 52.83429929751974 -78.95935512935142 583.7280193184592
60653 69848.60992 76.07547993858121 -101.95616414210778 602.9034828973174
60653 70248.60992 74.79182497757157 141.5134462429325 617.9863618298859
60653 70648.60992 51.54835804022584 121.30254545966197 626.3501844569793
60653 71048.60992 27.253749487018332 115.4476283915344 629.5043846418681
60653 71448.60992 2.761292145977113 111.80184900161092 630.6566927232764
60653 71848.60992 -21.74182113344172 108.31326261289757 631.5336155753268
60653 72248.60992 -46.08787179121068 103.29380251092326 630.7152338295749
60653 72648.60992 -69.78566460656978 89.70888559244804 624.7663409853418
60653 73048.60992 -80.23756682954384 -16.151028145513642 611.3454483176836
60653 73448.60992 -58.39705157809517 -55.74993833548368 592.0395839089975
60653 73848.60992 -33.91075343067331 -63.28804957358775 572.6927807371336
60653 74248.60992 -8.995046196034018 -67.30474949261156 560.9869334393045
60653 74648.60992 16.022470850350825 -70.77984971271339 561.923235924985
60653 75048.60992 40.874312716325555 -75.30671680088392 574.8174947939077
60653 75448.60992 65.13012781171392 -85.6287255862528 593.8104073638364
60653 75848.60992 82.16392525851742 -166.42610906921456 611.519715731235
60653 76248.60992 63.185361677126515 127.12832618282205 623.2187354258716
60653 76648.60992 39.15010208211538 117.85875680988472 628.5439030993639
60653 77048.60992 14.723966538654404 113.54434856715963 630.2801837116372
60653 77448.60992 -9.792473214851876 110.14763239255458 631.2355725459267
60653 77848.60992 -34.23967482868722 106.17653865502109 631.566597290584
60653 78248.60992 -58.38601092167921 98.70918273995972 628.4999504881255
60653 78648.60992 -80.1346617114555 59.88756714064386 618.7548461986696
60653 79048.60992 -69.88950002405187 -46.62620474657594 601.7730005082087
60653 79448.60992 -45.943538603843685 -60.380873155869466 581.4934068870803
60653 79848.60992 -21.180531053499827 -65.4475292399124 565.1903462349264
60653 80248.60992 3.8212561797016384 -68.99238548319356 559.680023493915
60653 80648.60992 28.78927902501289 -72.76204511217507 567.2662968406255
60653 81048.60992 53.42653686138132 -79.04888795157771 584.2736717664475
60653 81448.60992 76.57009460283426 -103.27127946891528 603.5192304581903
60653 81848.60992 74.27657009174868 140.51167247988033 618.515285787061
60653 82248.60992 50.96625249152837 121.23309874076149 626.7430037184781
60653 82648.60992 26.6649317512627 115.48274671641342 629.7781563190231
60653 83048.60992 2.171747712444593 111.85749383431101 630.8254461341153
60653 83448.60992 -22.329067698696033 108.35545076959578 631.5676897710548
60653 83848.60992 -46.668706387407894 103.26010861484225 630.5283689646479
60653 84248.60992 -70.32983054526152 89.15221841382548 624.2907774295777
60653 84648.60992 -79.8646135828483 -18.71467200627824 610.6097816756081
60653 85048.60992 -57.81306078469962 -55.90452761519199 591.2043577016652
60653 85448.60992 -33.30756425635157 -63.27071439065902 572.0043238793844
60653 85848.60992 -8.384606567127912 -67.25435260553564 560.6653225773299
60653 86248.60992 16.632871177939805 -70.73553719504297 562.051883672449
