CIC_MEM_VERS = 1.0
CREATION_DATE = 2025-06-13T14:22:08.542122
ORIGINATOR = CS Group

META_START
OBJECT_NAME = BLUE2
OBJECT_ID = BLUE2
USER_DEFINED_PROTOCOL = NONE
USER_DEFINED_CONTENT = LLA
USER_DEFINED_SIZE = 3.0
USER_DEFINED_TYPE = REAL
USER_DEFINED_UNIT = [deg] [km]
TIME_SYSTEM = UTC
META_STOP

60838 70924.119264 0.12142696817856814 114.70921531686943 600.1990932851791
60838 71344.119264 26.1030547753825 110.88840989899649 586.132628476677
60838 71764.119264 51.94185760890915 104.67518517476229 576.8890895005646
60838 72184.119264 76.44511362426135 80.18038131501511 569.9110970460506
60838 72604.119264 73.02169308872985 -38.643393609251426 563.2274270584943
60838 73024.119264 47.92189235578372 -56.537614891295554 558.5315961995253
60838 73444.119264 21.855434987416327 -62.1005294156358 560.6670780104256
60838 73864.119264 -4.3390464456192515 -65.83459890203268 573.5536792406742
60838 74284.119264 -30.365886036222783 -69.83094337987069 595.8503247092731
60838 74704.119264 -55.928190393202875 -76.89641217140657 620.2813944625119
60838 75124.119264 -79.23029292122546 -111.1974468768362 637.3903726309736
60838 75544.119264 -70.20804368755834 137.11580075302615 640.9653794560111
60838 75964.119264 -45.41755558739111 122.76106816415121 631.139333090323
60838 76384.119264 -19.79732419516638 117.6110084722446 613.7163045480602
60838 76804.119264 6.111949311347233 113.95499843159075 596.2274384518256
60838 77224.119264 32.091167702312916 109.8794176287919 583.365365176877
60838 77644.119264 57.82943288796357 102.24721734599744 574.982558813424
60838 78064.119264 80.71665032125897 58.02602991496317 568.2370824420993
60838 78484.119264 67.46936220882868 -45.9398051164998 561.8194988261722
60838 78904.119264 41.936242516723986 -58.12522738464024 558.3574778211629
60838 79324.119264 15.808535400230888 -62.95840667338627 562.8581382256007
60838 79744.119264 -10.368926369255444 -66.60658701608868 578.32229465948
60838 80164.119264 -36.31764799686269 -70.93757759675583 601.8889907884962
60838 80584.119264 -61.688292854094186 -79.87064597181515 625.3380950024997
60838 81004.119264 -82.06383834288617 -144.0044949253355 639.5560393798805
60838 81424.119264 -64.66277432469668 131.63607417721934 639.660597251411
60838 81844.119264 -39.5481459762899 121.33608163141344 627.322356687059
60838 82264.119264 -13.837799461030782 116.78679707179143 609.1862061173225
60838 82684.119264 12.109150210378306 113.17950084544844 592.5121068505379
60838 83104.119264 38.07119814297221 108.71596310389543 580.8973691266164
60838 83524.119264 63.6490340724808 98.84234456247381 573.2404895240795
60838 83944.119264 82.14945325749922 17.592917099220994 566.6674191065557
60838 84364.119264 61.70399043878158 -50.40241874236803 560.6616473939421
60838 84784.119264 35.925935694705046 -59.427851618380885 558.6692695416596
60838 85204.119264 9.759485257129132 -63.762604617664756 565.6381296290234
60838 85624.119264 -16.38706892761485 -67.41128468316253 583.4396937501531
60838 86044.119264 -42.24320500400231 -72.23706314365047 607.7728912287281
60839 64.119264 -67.34138108507106 -84.22454632054178 629.725911288172
60839 484.119264 -81.05965285376246 175.31437138612156 640.8072615188908
60839 904.119264 -58.970649334383396 128.05717726514743 637.5895051810935
60839 1324.119264 -33.64701701778501 120.14174560165043 623.1774299364106
60839 1744.119264 -7.861198143773214 116.00484033835058 604.7949560049825
60839 2164.119264 18.111646897839393 112.36304213282249 589.1737998775549
60839 2584.119264 44.03865936096722 107.33097681920202 578.7442176679509
60839 3004.119264 69.34368506374861 93.66186751837508 571.6184525116352
60839 3424.119264 79.50234122944664 -17.47718008525251 565.1498111370304
60839 3844.119264 55.82868969323258 -53.428890215835956 559.7013347754688
60839 4264.119264 29.89583281575131 -60.53819115222027 559.405145421738
60839 4684.119264 3.7085050643835418 -64.53625187978656 568.9268041063443
60839 5104.119264 -22.393875974669193 -68.2709651978284 588.8317663818566
60839 5524.119264 -48.13969817051663 -73.81740942057131 613.45960509814
60839 5944.119264 -72.79480390114945 -91.24979458940412 633.4871159294788
60839 6364.119264 -77.08105767691129 151.5895028840583 641.2812744017057
60839 6784.119264 -53.19316104075705 125.51403597675852 634.9555075888861
60839 7204.119264 -27.719307189449104 119.10633713583567 618.908280053773
60839 7624.119264 -1.8709102932971 115.2448227502607 600.6666127827319
60839 8044.119264 24.115246534088282 111.48243366042077 586.2210989788005
60839 8464.119264 49.984504616118855 105.61989028489704 576.8595012581051
60839 8884.119264 74.7694190335889 84.83850282481002 570.1037875477963
60839 9304.119264 74.76648635795924 -34.8342459102422 563.730361514384
60839 9724.119264 49.88990071910078 -55.64065314980573 559.0410242497647
60839 10144.119264 23.853466025998323 -61.514574435913794 560.6796337746645
60839 10564.119264 -2.3383996588793328 -65.29805965842486 572.762147226336
60839 10984.119264 -28.383105900646033 -69.21256885362568 594.4265206573949
60839 11404.119264 -53.994373429808846 -75.82047124662589 618.8166926629534
60839 11824.119264 -77.78409419635538 -104.15821862186088 636.5010297100181
60839 12244.119264 -71.99927881006478 139.94233661745855 640.9257156358784
60839 12664.119264 -47.3606743694122 123.59013754024416 631.7697426961184
60839 13084.119264 -21.76996680113547 118.18228784813914 614.5373745735269
60839 13504.119264 4.129562467809798 114.48898784598164 596.8061753592331
60839 13924.119264 30.116016417881596 110.50800342203352 583.618905122308
60839 14344.119264 55.896037513398966 103.40794403952405 575.1560222253344
60839 14764.119264 79.49905278238671 67.49735938526726 568.5979489354552
60839 15184.119264 69.325506840515 -43.66828210771309 562.3504378807897
60839 15604.119264 43.90850403230744 -57.35316192246704 558.6637512638057
60839 16024.119264 17.801054244722895 -62.39830254285753 562.4694058931979
60839 16444.119264 -8.380486203884455 -66.06602644480134 577.0882229836212
60839 16864.119264 -34.35376431739343 -70.2721877475801 600.1757909829302
60839 17284.119264 -59.792329240300035 -78.49297437739777 623.8473776255307
60839 17704.119264 -81.46713443277929 -130.660463627489 638.8734520052785
60839 18124.119264 -66.51593542889547 133.46142974267855 639.9505573449167
60839 18544.119264 -41.48982856531404 122.06172056677342 628.2823909269173
60839 18964.119264 -15.804907261872385 117.33625784075468 610.2786687439745
60839 19384.119264 10.133839185468851 113.72068118751476 593.310655594539
60839 19804.119264 36.10607763235199 109.4003291964814 581.3355039807806
60839 20224.119264 61.747459753567256 100.38433606258425 573.5543517994905
60839 20644.119264 82.14789884196054 32.460766870883084 567.0782907831913
60839 21064.119264 63.61105049189811 -48.856856013099815 561.071215801704
60839 21484.119264 37.901292172357685 -58.741480719757035 558.6771823900817
60839 21904.119264 11.746950970302917 -63.219241199624854 564.8965915331024
60839 22324.119264 -14.409408110404954 -66.85805775081539 581.9895712413045
60839 22744.119264 -40.295876188736 -71.49954000397598 606.0888859554882
60839 23164.119264 -65.49507173219571 -82.2965277091099 628.5032166250883
60839 23584.119264 -81.83842778652958 -172.32819510837825 640.5335729130961
60839 24004.119264 -60.858061019709105 129.37523997761758 638.2834811255254
60839 24424.119264 -35.59422800666565 120.7972877654171 624.4154038082478
60839 24844.119264 -9.830468957454956 116.54162992490885 606.0189012616867
60839 25264.119264 16.1368327063858 112.92061604526309 590.0198042212713
60839 25684.119264 42.07917843150734 108.10027085051512 579.2407775816096
60839 26104.119264 67.49315172968517 95.9270369122916 572.0492336152817
60839 26524.119264 80.71895272583181 -7.992856021308458 565.6770822814678
60839 26944.119264 57.768412954077256 -52.266109310294006 560.1394190883012
60839 27364.119264 31.880760839968975 -59.90806158004327 559.3581583658897
60839 27784.119264 5.700475062091418 -64.00009472848102 568.1075556478017
60839 28204.119264 -20.415700397757256 -67.69488596205441 587.3590471676902
60839 28624.119264 -46.198184675646644 -72.97023833163503 611.8943123746199
60839 29044.119264 -71.02745821851049 -88.2057902866591 632.5099723681626
60839 29464.119264 -78.5830047911315 157.85616561428563 641.2911636467711
60839 29884.119264 -55.11041352364259 126.54911953611175 635.8461572297222
60839 30304.119264 -29.680486652781386 119.71490119220573 620.1779392948981
60839 30724.119264 -3.8499750786247855 115.77685143137688 601.7889078341525
60839 31144.119264 22.13479387144354 112.06588529774325 586.9682096603748
60839 31564.119264 48.02745625087653 106.51585110790474 577.356098700644
60839 31984.119264 73.02815768009836 88.64632283553865 570.6193465846163
60839 32404.119264 76.44623205405463 -30.17480254389575 564.3411312096367
60839 32824.119264 51.85598906617392 -54.6986925697118 559.4903059598872
60839 33244.119264 25.851547737881745 -60.92199975422344 560.5554745900324
60839 33664.119264 -0.33788440603514613 -64.76213089416734 571.8291723219127
60839 34084.119264 -26.400621116385427 -68.60327284358968 592.9187395129201
60839 34504.119264 -52.05794190843064 -74.8073095076662 617.3529354411803
60839 34924.119264 -76.21255430073117 -98.56618848945563 635.7300757412105
60839 35344.119264 -73.75261968642553 143.28572331904024 641.1443432371391
60839 35764.119264 -49.302976617938555 124.45539859438273 632.7509313448984
60839 36184.119264 -23.746342106946653 118.76036059808729 615.7353095408844
60839 36604.119264 2.1396818952848298 115.0234037408727 597.7427534722052
60839 37024.119264 28.129852076197384 111.12830825899395 584.1707815620416
60839 37444.119264 53.94582649892649 104.4983018349328 575.5344263149599
60839 37864.119264 78.06765736524773 75.00327066057456 569.0747812412424
60839 38284.119264 71.1686946628011 -41.02235972434933 562.9314965908177
60839 38704.119264 45.89273134226897 -56.54808373400884 559.03740427919
60839 39124.119264 19.808386122091033 -61.830681813906416 562.2281132130131
60839 39544.119264 -6.3748948340454135 -65.52491295854261 576.0809091870854
60839 39964.119264 -32.37010050594931 -69.61816964733636 598.7117135013184
60839 40384.119264 -57.868996547759274 -77.21801765176407 622.5606113579901
60839 40804.119264 -80.48966248062573 -119.36325305893892 638.3409786252911
60839 41224.119264 -68.37258380035605 135.54923168298717 640.3394818385543
60839 41644.119264 -43.45125982146281 122.81883995483685 629.2584760661675
60839 42064.119264 -17.793193440832965 117.89444208179036 611.2833097085629
60839 42484.119264 8.137041079540735 114.26277547203013 593.9585164551625
60839 42904.119264 34.11918952124095 110.07083643614284 581.6293685501223
60839 43324.119264 59.816816337950385 101.79156713857944 573.7756048210265
60839 43744.119264 81.6545354508527 46.58344871670548 567.4664897923996
60839 44164.119264 65.5227053441689 -47.1120907092528 561.5729967764089
60839 44584.119264 39.89488406943895 -58.02628433405463 558.9318197968624
60839 45004.119264 13.756764442629503 -62.668423818745524 564.4867376295031
60839 45424.119264 -12.405828586311566 -66.30702686439906 580.8201128140928
60839 45844.119264 -38.31925943085678 -70.78427970944277 604.5695623815444
60839 46264.119264 -63.605535339762575 -80.57389139955525 627.3051028942889
60839 46684.119264 -82.19639040292361 -157.98594823978408 640.1650571429606
60839 47104.119264 -62.76029125348749 130.84726950550476 638.7843196551864
60839 47524.119264 -37.56341332921214 121.48069259878615 625.3770638614986
60839 47944.119264 -11.821041172935828 117.08673564288847 606.8827308883966
60839 48364.119264 14.142253217065036 113.47547844239443 590.4688794484568
60839 48784.119264 40.100830372683966 108.8404255934601 579.3554108197056
60839 49204.119264 65.60734913095713 97.9018768695778 572.1270084908654
60839 49624.119264 81.63351120837484 3.93023959950246 565.9125542823831
60839 50044.119264 59.70802508972491 -50.986169944876465 560.426518627793
60839 50464.119264 33.87202806699664 -59.25600965467512 559.2995422257601
60839 50884.119264 7.700889981161967 -63.46016724400587 567.3561444850153
60839 51304.119264 -18.426787270744665 -67.12784587648122 585.9841738612542
60839 51724.119264 -44.24237124453734 -72.16752909498177 610.3814865846069
60839 51778.999872 2.5955778297501847e-05 165.00000572959914 8621.857976089443
60839 51898.999872 2.1983933673242178e-05 167.36284533369854 8621.888344765925
60839 52018.999872 1.8061553695797232e-05 169.72570203905138 8621.835901496306
60839 52138.999872 1.4193980232726158e-05 172.08855470845796 8621.804598620049
60839 52258.999872 1.0386365013647432e-05 174.45141265112727 8621.77728337004
60839 52378.999872 6.643724938023351e-06 176.81428935693165 8621.769138628022
60839 52498.999872 2.9710101714128644e-06 179.17716690865154 8621.758859024467
60839 52618.999872 -6.26970087606442e-07 -178.4599510317387 8621.741509374911
60839 52738.999872 -4.145500037235039e-06 -176.09706248476377 8621.716937209108
60839 52858.999872 -7.57995204001837e-06 -173.7341651904171 8621.685181993678
60839 52978.999872 -1.0925779790446271e-05 -171.3712568817876 8621.646298500304
60839 53098.999872 -1.4178514156818638e-05 -169.0083353066851 8621.600353712405
60839 53218.999872 -1.7333761600657497e-05 -166.6453982339939 8621.547426505695
60839 53338.999872 -2.038720536026655e-05 -164.28244345799126 8621.487607473677
60839 53458.999872 -2.3334609527588305e-05 -161.9194688022911 8621.420998752752
60839 53578.999872 -2.6171826073946986e-05 -159.55647212361498 8621.34771383235
60839 53698.999872 -2.8894804807381876e-05 -157.1934513155067 8621.267877348364
60839 53818.999872 -3.149960617687511e-05 -154.83040431197392 8621.18162486026
60839 53938.999872 -3.398241677844521e-05 -152.46732909106765 8621.089102612455
60839 54058.999872 -3.6339567366482964e-05 -150.10422367839777 8620.990467280615
60839 54178.999872 -3.856755313134357e-05 -147.74108615055593 8620.885885703645
60839 54298.999872 -4.0663055971055055e-05 -145.37791463847554 8620.77553460189
60839 54418.999872 -4.262296846077088e-05 -143.0147073306859 8620.659600282144
60839 54538.999872 -4.444441920683601e-05 -140.65146247647792 8620.538278329852
60839 54658.999872 -4.6124799262162355e-05 -138.2881783889617 8620.411773288966
60839 54778.999872 -4.766178927421391e-05 -135.92485344801378 8620.28029832978
60839 54898.999872 -4.9053387034923146e-05 -133.56148610310717 8620.1440749049
60839 55018.999872 -5.029793510184401e-05 -131.19807487601713 8620.003332393642
60839 55138.999872 -5.139414816057785e-05 -128.83461836340018 8619.858307734989
60839 55258.999872 -5.234113979915295e-05 -126.47111523923435 8619.709245049276
60839 55378.999872 -5.313844836513256e-05 -124.10756425712168 8619.556395248726
60839 55498.999872 -5.3786061575630475e-05 -121.74396425245158 8619.400015637035
60839 55618.999872 -5.428443954965234e-05 -119.38031414441295 8619.240369498151
60839 55738.999872 -5.463453593178152e-05 -117.01661293785587 8619.077725674617
60839 55858.999872 -5.483781677730883e-05 -114.65285972499932 8618.912358135607
60839 55978.999872 -5.489627687246282e-05 -112.2890536869878 8618.744545535246
60839 56098.999872 -5.4812453170532854e-05 -109.92519409528514 8618.574570761459
60839 56218.999872 -5.458943503635884e-05 -107.56128031291102 8618.402720476035
60839 56338.999872 -5.423087100877476e-05 -105.19731179551891 8618.229284646448
60839 56458.999872 -5.37409718138237e-05 -102.83328809230542 8618.05455607003
60839 56578.999872 -5.312450939139405e-05 -100.46920884676324 8617.878829891362
60839 56698.999872 -5.23868117345882e-05 -98.10507379726764 8617.702403113512
60839 56818.999872 -5.153375338439209e-05 -95.74088277749807 8617.52557410405
60839 56938.999872 -5.057174147170363e-05 -93.37663571669621 8617.348642096598
60839 57058.999872 -4.950769725346826e-05 -91.01233263976124 8617.171906688885
60839 57178.999872 -4.834903314864969e-05 -88.64797366717639 8616.995667338066
60839 57298.999872 -4.7103625341620425e-05 -86.28355901477644 8616.820222854349
60839 57418.999872 -4.577978208394791e-05 -83.91908899335003 8616.645870893743
60839 57538.999872 -4.438620788912996e-05 -81.5545640080796 8616.472907450905
60839 57658.999872 -4.293196387711189e-05 -79.1899845578224 8616.301626352924
60839 57778.999872 -4.142642458515093e-05 -76.82535123423014 8616.132318755119
60839 57898.999872 -3.9879231617548345e-05 -74.46066472071391 8615.965272639667
60839 58018.999872 -3.8300244557827523e-05 -72.09592579125234 8615.800772318056
60839 58138.999872 -3.669948961214795e-05 -69.73113530904763 8615.639097938347
60839 58258.999872 -3.5087106491240466e-05 -67.36629422503273 8615.480524998216
60839 58378.999872 -3.3473294069213915e-05 -65.00140357622976 8615.325323864727
60839 58498.999872 -3.186825538059876e-05 -62.63646448396555 8615.173759301886
60839 58618.999872 -3.028214253141394e-05 -60.27147815194641 8615.02609000692
60839 58738.999872 -2.872500210544072e-05 -57.90644586419703 8614.88256815632
60839 58858.999872 -2.7206721642869742e-05 -55.54136898286227 8614.74343896258
60839 58978.999872 -2.5736977754790546e-05 -53.17624894588274 8614.608940242673
60839 58980.000096 -7.989732972994269e-05 -53.20931185972018 8621.856589432176
60839 59100.000096 0.0406144940176807 -50.604753814664 8663.474698981308
60839 59220.000096 0.08098552427011318 -48.0155207978717 8710.629191422166
60839 59340.000096 0.12092604386079125 -45.44333885096433 8763.189636730518
60839 59460.000096 0.16033442612513568 -42.88983475203533 8821.013132469323
60839 59580.000096 0.19911520033870286 -40.35652978444611 8883.945428805107
60839 59700.000096 0.23717956719032618 -37.84483489457735 8951.822098637813
60839 59820.000096 0.27444579502852257 -35.35604722457472 9024.46973473783
60839 59940.000096 0.31083949838294844 -32.89134797805115 9101.707156574847
60839 60060.000096 0.3462938030732437 -30.451801552339525 9183.346610682187
60839 60180.000096 0.3807494045997352 -28.038355850706115 9269.194949853558
60839 60300.000096 0.41415452841940953 -25.651843672177087 9359.054778139272
60839 60420.000096 0.44646480213060763 -23.29298506531365 9452.725550418529
60839 60540.000096 0.4776430505307006 -20.96239052522309 9550.004617201852
60839 60660.000096 0.5076590250033681 -18.66056490998856 9650.688207197798
60839 60780.000096 0.5364890787824718 -16.387911953102062 9754.572342004078
60839 60900.000096 0.5641157993850747 -14.144739251879216 9861.453679010529
60839 61020.000096 0.5905276089695797 -11.931263617678182 9971.130280193649
60839 61140.000096 0.6157183426203311 -9.747616681485228 10083.40230591545
60839 61260.000096 0.6396868136492395 -7.593850657538703 10198.072634097645
60839 61380.000096 0.6624363739949628 -5.469944177654769 10314.94740621872
60839 61500.000096 0.6839744767413164 -3.3758081193607627 10433.836502476652
60839 61620.000096 0.7043122467114084 -1.3112913614678767 10554.553949180243
60839 61740.000096 0.7234640640570501 0.7238135889810846 10676.91826198751
60839 61860.000096 0.7414471647808585 2.7297651446052154 10800.752729014292
60839 61980.000096 0.7582812612202463 4.706867397424841 10925.885638105929
60839 62100.000096 0.7739881847008501 6.655465118996955 11052.150452716509
60839 62220.000096 0.7885915518386847 8.575939021872799 11179.38594089022
60839 62340.000096 0.8021164553377116 10.468701296545166 11307.43626180537
60839 62460.000096 0.8145891795911054 12.33419143216151 11436.151014238181
60839 62580.000096 0.8260369409460467 14.172872324227733 11565.385251146183
60839 62700.000096 0.8364876521271559 15.985226668276415 11694.999464371851
60839 62820.000096 0.8459697100252349 17.771753634963297 11824.859543238636
60839 62940.000096 0.8545118058376243 19.532965819223147 11954.836710562551
60839 63060.000096 0.8621427563858004 21.269386453890494 12084.807439342825
60839 63180.000096 0.8688913553265538 22.981546876503927 12214.653353129992
60839 63300.000096 0.8747862429072669 24.669984236791958 12344.261112807042
60839 63420.000096 0.8798557928861038 26.33523943152043 12473.522292261101
60839 63540.000096 0.8841280152376076 27.977855252904554 12602.333245175374
60839 63660.000096 0.8876304732873185 29.598374736593403 12730.594964933634
60839 63780.000096 0.8903902139602599 31.197339695272973 12858.212939407242
60839 63900.000096 0.8924337098830093 32.77528942415857 12985.097002185865
60839 64020.000096 0.8937868121436614 34.33275956501883 13111.161181619782
60839 64140.000096 0.8944747125850894 35.87028111585712 13236.323548864644
60839 64260.000096 0.8945219145818165 37.388379573943084 13360.50606595654
60839 64380.000096 0.8939522113273843 38.8875742005099 13483.634434798387
60839 64500.000096 0.8927886707356214 40.36837739609373 13605.637947805293
60839 64620.000096 0.8910536261342894 41.83129417617232 13726.449340837404
60839 64740.000096 0.8887686720022757 43.27682173744337 13846.004648941602
60839 64860.000096 0.8859546640709829 44.70544910576465 13964.243065329083
60839 64980.000096 0.8826317231764081 46.1176568574412 14081.106803931905
60839 65100.000096 0.878819242310193 47.51391690618986 14196.540965807673
60839 65220.000096 0.8745358963755635 48.8946923487288 14310.4934095973
60839 65340.000096 0.8697996542074274 50.26043736252807 14422.914626184633
60839 65460.000096 0.8646277924650684 51.61159714981363 14533.757617657919
60839 65580.000096 0.8590369110508869 52.94860792244128 14642.977780631561
60839 65700.000096 0.8530429497497249 54.27189692274592 14750.53279395069
60839 65820.000096 0.8466612058205908 55.58188247592931 14856.382510770873
60839 65940.000096 0.839906352306343 56.87897406997195 14960.488854979767
60839 66060.000096 0.8327924568573073 58.16357245944709 15062.815721906105
60839 66180.000096 0.8253330008920806 59.43606978997633 15163.328883244156
60839 66300.000096 0.8175408989432604 60.69684974039742 15261.99589610721
60839 66420.000096 0.8094285180576253 61.9462876800198 15358.786016112574
60839 66540.000096 0.8010076971397313 63.1847508386215 15453.670114391445
60839 66660.000096 0.7922897661450933 64.41259848709525 15546.620598410413
60839 66780.000096 0.7832855650443831 65.63018212688186 15637.61133648638
60839 66900.000096 0.774005462493476 66.83784568654056 15726.617585873662
60839 67020.000096 0.7644593741560551 68.03592572399452 15813.61592429968
60839 67140.000096 0.7546567806357817 69.22475163316545 15898.584184825479
60839 67260.000096 0.7446067449841606 70.4046458538626 15981.501393907083
60839 67380.000096 0.7343179297580873 71.57592408393718 16062.34771253506
60839 67500.000096 0.7237986136079321 72.73889549283705 16141.104380331219
60839 67620.000096 0.7130567073829618 73.89386293581103 16217.753662483916
60839 67740.000096 0.7020997697459971 75.0411231681161 16292.278799405856
60839 67860.000096 0.6909350222936095 76.18096705867201 16364.663959001864
60839 67980.000096 0.6795693641819043 77.31367980269012 16434.894191437084
60839 68100.000096 0.6680093862611396 78.43954113287782 16502.955386300015
60839 68220.000096 0.6562613847251105 79.55882552888566 16568.83423205845
60839 68340.000096 0.6443313742835043 80.67180242472318 16632.518177710386
60839 68460.000096 0.6322251008673161 81.77873641392229 16693.995396535844
60839 68580.000096 0.6199480538789688 82.87988745227322 16753.254751859695
60839 68700.000096 0.6075054780000599 83.97551105800045 16810.28576473958
60839 68820.000096 0.5949023845706793 85.06585850928238 16865.07858349699
60839 68940.000096 0.5821435625550601 86.15117703905153 16917.62395501364
60839 69060.000096 0.5692335891089603 87.23171002704056 16967.913197719063
60839 69180.000096 0.5561768397646455 88.30769718906603 17015.938176199496
60839 69300.000096 0.5429774982497008 89.37937476356255 17061.69127736163
60839 69420.000096 0.5296395659561328 90.44697569540249 17105.165388088568
60839 69540.000096 0.5161668710763663 91.51072981705117 17146.353874329256
60839 69660.000096 0.5025630774228312 92.57086402712497 17185.250561565837
60839 69780.000096 0.4888316929478253 93.62760246643158 17221.84971660705
60839 69900.000096 0.4749760779803228 94.6811666915847 17256.146030659005
60839 70020.000096 0.4609994531963125 95.73177584629525 17288.134603628274
60839 70140.000096 0.4469049073391628 96.77964683044944 17317.810929614876
60839 70260.000096 0.4326954047063954 97.8249944670927 17345.170883556486
60839 70380.000096 0.41837379241910566 98.86803166744512 17370.21070898768
60839 70500.000096 0.4039428074901602 99.90896959407891 17392.927006881382
60839 70620.000096 0.38940508370715604 100.94801782239509 17413.316725542194
60839 70740.000096 0.3747631583460222 101.98538450053799 17431.37715152448
60839 70860.000096 0.36001947873101053 103.02127650789396 17447.10590155052
60839 70980.000096 0.34517640865675425 104.05589961231932 17460.500915406872
60839 71100.000096 0.3302362346879894 105.08945862624844 17471.560449799625
60839 71220.000096 0.3152011723524701 106.12215756183376 17480.2830731521
60839 71340.000096 0.30007337224261416 107.15419978527073 17486.6676613306
60839 71460.000096 0.2848549260413879 108.1857881704636 17490.71339428688
60839 71580.000096 0.26954787248799783 109.21712525218749 17492.4197536079
60839 71700.000096 0.25415420329900323 110.24841337890459 17491.786520966678
60839 71820.000096 0.23867586906059743 111.2798548653912 17488.813777469517
60839 71940.000096 0.22311478510790997 112.31165214533442 17483.501903898206
60839 72060.000096 0.20747283740739877 113.34400792405575 17475.851581847743
60839 72180.000096 0.1917518884585989 114.37712533151962 17465.86379576257
60839 72300.000096 0.17595378323176733 115.4112080757848 17453.53983587702
60839 72420.000096 0.1600803551582795 116.4464605970545 17438.881302067788
60839 72540.000096 0.1441334321909818 117.48308822248138 17421.890108629013
60839 72660.000096 0.1281148429521098 118.5212973218824 17402.568489982874
60839 72780.000096 0.1120264229868438 119.56129546451517 17380.91900734115
60839 72900.000096 0.09587002114106258 120.60329157706835 17356.94455633583
60839 73020.000096 0.07964750608243207 121.64749610301347 17330.648375639503
60839 73140.000096 0.063360772984564 122.69412116346454 17302.034056598717
60839 73260.000096 0.04701175039464786 123.74338071968766 17271.105553906556
60839 73380.000096 0.03060240730569013 124.7954907373993 17237.867197343
60839 73500.000096 0.01413476045525918 125.85066935298684 17202.32370461507
60839 73620.000096 -0.0023891181265179333 126.90913704178026 17164.48019533109
60839 73740.000096 -0.01896709329604712 127.97111678849679 17124.34220614672
60839 73860.000096 -0.03559695867792756 129.03683425997366 17081.91570712356
60839 73980.000096 -0.05227642822345702 130.1065179802962 17037.20711934392
60839 74100.000096 -0.06900312741942766 131.180399508417 16990.22333382896
60839 74220.000096 -0.08577458411934942 132.25871361835337 16940.97173181056
60839 74340.000096 -0.10258821896814893 133.3416984820363 16889.460206410604
60839 74460.000096 -0.11944133539013421 134.42959585486906 16835.697185785186
60839 74580.000096 -0.1363311091087496 135.52265126403867 16779.691657794443
60839 74700.000096 -0.15325457716531965 136.62111419960394 16721.453196262744
60839 74820.000096 -0.17020862640263348 137.7252383083614 16660.991988897484
60839 74940.000096 -0.18718998137783827 138.83528159046892 16598.318866938705
60839 75060.000096 -0.20419519166771133 139.95150659877635 16533.445336615685
60839 75180.000096 -0.22122061852797728 141.07418064078342 16466.383612490543
60839 75300.000096 -0.2382624208669501 142.20357598311023 16397.146652772783
60839 75420.000096 -0.25531654049240665 143.33997005832427 16325.748196693174
60839 75540.000096 -0.2723786865892934 144.48364567392645 16252.202804028759
60839 75660.000096 -0.28944431938462034 145.63489122324586 16176.525896875495
60839 75780.000096 -0.3065086329547703 146.7940008979386 16098.733803768275
60839 75900.000096 -0.3235665371294483 147.96127490172262 16018.843806252651
60839 76020.000096 -0.34061263844570555 149.13701966491038 15936.874188015629
60839 76140.000096 -0.3576412201048731 150.3215480592219 15852.84428668699
60839 76260.000096 -0.3746462208849628 151.5151796122736 15766.774548425552
60839 76380.000096 -0.3916212129611607 152.71824072103985 15678.686585407833
60839 76500.000096 -0.40855937858752633 153.93106486347526 15588.603236339037
60839 76620.000096 -0.42545348559402735 155.15399280736435 15496.548630108471
60839 76740.000096 -0.4422958616546726 156.38737281533113 15402.548252712731
60839 76860.000096 -0.4590783672848695 157.63156084478982 15306.629017570682
60839 76980.000096 -0.4757923675293619 158.88692074145575 15208.819339354077
60839 77100.000096 -0.4924287023063501 160.15382442484932 15109.14921145617
60839 77220.000096 -0.5089776553788232 161.43265206402683 15007.650287218177
60839 77340.000096 -0.5254289219309352 162.7237922415488 14904.355965029352
60839 77460.000096 -0.5417715747356441 164.02764210345123 14799.301477410485
60839 77580.000096 -0.5579940289100799 165.34460749272026 14692.523984182952
60839 77700.000096 -0.5740840052674017 166.6751030634739 14584.062669814926
60839 77820.000096 -0.5900284922886482 168.01955237273626 14473.958845024003
60839 77940.000096 -0.6058137067555525 169.37838794634072 14362.256052698927
60839 78060.000096 -0.6214250531058226 170.75205131511825 14249.00017818398
60839 78180.000096 -0.6368470815964492 172.14099301711812 14134.239563946137
60839 78300.000096 -0.6520634453885703 173.54567256116323 14018.025128616599
60839 78420.000096 -0.6670568566997646 174.96655834656718 13900.41049036594
60839 78540.000096 -0.6818090422069075 176.40412753333032 13781.452094532176
60839 78660.000096 -0.6963006979253259 177.85886585658636 13661.20934537667
60839 78780.000096 -0.7105114438385911 179.3312673784973 13539.744741789442
60839 78900.000096 -0.7244197786083324 -179.17816582981425 13417.124016705402
60839 79020.000096 -0.7380030347555627 -177.66892408434137 13293.41627992339
60839 79140.000096 -0.7512373347746627 -176.1404905709804 13168.694163940878
60839 79260.000096 -0.7640975487189009 -174.59234192441085 13043.033972327758
60839 79380.000096 -0.7765572538825484 -173.02394891313355 12916.515830061133
60839 79500.000096 -0.7885886972996446 -171.43477724141994 12789.22383513002
60839 79620.000096 -0.8001627618834478 -169.8242884795976 12661.246210591775
60839 79740.000096 -0.8112489371435233 -168.19194113474242 12532.675456121493
60839 79860.000096 -0.8218152955390524 -166.53719187444347 12403.60849794038
60839 79980.000096 -0.8318284756566695 -164.8594969168329 12274.146835838177
60839 80100.000096 -0.8412536735379511 -163.15831360049847 12144.39668581927
60839 80220.000096 -0.8500546436241269 -161.4331021481909 12014.469116700038
60839 80340.000096 -0.8581937109315133 -159.68332763836523 11884.480178769109
60839 80460.000096 -0.8656317962178235 -157.9084621985067 11754.55102239132
60839 80580.000096 -0.8723284560432186 -156.10798743384453 11624.808004192993
60839 80700.000096 -0.8782419397661919 -154.28139710439203 11495.382778212286
60839 80820.000096 -0.883329265637401 -152.42820006221325 11366.412369137666
60839 80940.000096 -0.8875463182576938 -150.54792345933456 11238.039224492202
60839 81060.000096 -0.8908479697416534 -148.64011623473203 11110.411242359276
60839 81180.000096 -0.893188226965781 -146.70435288625816 10983.68177098975
60839 81300.000096 -0.8945204072702951 -144.74023753015356 10858.009576392216
60839 81420.000096 -0.8947973449137174 -142.74740824685594 10733.558773793393
60839 81540.000096 -0.8939716304371825 -140.72554170710964 10610.498718678567
60839 81660.000096 -0.8919958848672589 -138.67435806683537 10489.003852991094
60839 81780.000096 -0.8888230703583737 -136.59362611282612 10369.253502003154
60839 81900.000096 -0.8844068384353143 -134.48316863405938 10251.43161737893
60839 82020.000096 -0.8787019164306198 -132.34286798529547 10135.726462054281
60839 82140.000096 -0.8716645320109215 -130.1726718007131 10022.330232770666
60839 82260.000096 -0.8632528748437993 -127.97259880571706 9911.438616441297
60839 82380.000096 -0.8534275934703861 -125.74274466490152 9803.250277012326
60839 82500.000096 -0.8421523243228394 -123.48328779366393 9697.966270124427
60839 82620.000096 -0.8293942485714769 -121.19449505042955 9595.789383694048
60839 82740.000096 -0.815124671124395 -118.87672721619577 9496.92340352649
60839 82860.000096 -0.7993196146634997 -116.53044415854887 9401.572304247704
60839 82980.000096 -0.7819604201267445 -114.15620956891136 9309.939367196028
60839 83100.000096 -0.7630343435899898 -111.75469515505596 9222.226228436524
60839 83220.000096 -0.7425351381269792 -109.32668416641998 9138.631861729311
60839 83340.000096 -0.7204636080054815 -106.87307412802174 9059.3515030692
60839 83460.000096 -0.6968281215915931 -104.39487866035259 8984.575525275055
60839 83580.000096 -0.6716450686655352 -101.89322826796659 8914.488272993874
60839 83700.000096 -0.6449392475824758 -99.36936998899033 8849.266870333453
60839 83820.000096 -0.6167441679151834 -96.8246658116765 8789.080015081467
60839 83940.000096 -0.5871022549521194 -94.26058978248147 8734.086775031057
60839 84060.000096 -0.5560649437354139 -91.67872375282843 8684.435403237101
60839 84180.000096 -0.5236926522219475 -89.08075173833562 8640.26218999626
60839 84300.000096 -0.4900546256202375 -86.46845289422639 8601.690369907532
60839 84420.000096 -0.45522864694384046 -83.84369314302833 8568.8291024686
60839 84540.000096 -0.4193006122407545 -81.20841552443342 8541.772544252353
60839 84660.000096 -0.38236397268603856 -78.56462937106701 8520.59902976239
60839 84780.000096 -0.3445190496110158 -75.91439844653952 8505.370376584657
60839 84900.000096 -0.3058722324150756 -73.2598282121152 8496.131328457124
60839 85020.000096 -0.2665350729826893 -70.60305241426862 8492.909147419474
60839 85140.000096 -0.2266232935275077 -67.94621920608503 8495.713363352308
60839 85260.000096 -0.1862557275400539 -65.29147702988926 8504.535686065154
60839 85380.000096 -0.14555321558465295 -62.6409604959415 8519.350081753973
60839 85500.000096 -0.10463747897063361 -59.99677649214458 8540.113012243917
60839 85620.000096 -0.06362999475294542 -57.36099075245862 8566.76383208615
60839 85740.000096 -0.022650895087115347 -54.73561509748309 8599.225335410476
60839 85860.000096 0.01818208728918953 -52.12259554015269 8637.404441559109
60839 85980.000096 0.058754607668132515 -49.523801423696334 8681.19300603751
60839 86100.000096 0.09895661490879543 -46.94101572915856 8730.468741288623
60839 86220.000096 0.1386831598132199 -44.375926657226955 8785.096230278656
60839 86340.000096 0.17783509564343278 -41.83012055526879 8844.928014899257
