CIC_MEM_VERS = 1.0
CREATION_DATE = 2024-12-07T13:42:40.877990
ORIGINATOR = CS Group

META_START
OBJECT_NAME = PLEIADES1A
OBJECT_ID = PLEIADES1A
USER_DEFINED_PROTOCOL = NONE
USER_DEFINED_CONTENT = LLA
USER_DEFINED_SIZE = 3.0
USER_DEFINED_TYPE = REAL
USER_DEFINED_UNIT = [deg] [km]
TIME_SYSTEM = UTC
META_STOP

60651 12398.284223999999 29.356482271823452 49.65175797277714 702.3114215866285
60651 12458.284223999999 32.96277995961584 48.9441652317751 703.4441877428466
60651 12518.284223999999 36.56205971314624 48.17684554572613 704.6251584014702
60651 12578.284223999999 40.153114703427086 47.33511960549745 705.8538554348689
60651 12638.284223999999 43.734499827624795 46.40009621812972 707.1082645899106
60651 12698.284223999999 47.304375111815766 45.34694270173978 708.3692215454016
60651 12758.284223999999 50.860311213183614 44.14225250198564 709.617848136319
60651 12818.284223999999 54.39897710901235 42.739932868852684 710.8355635182972
60651 12878.284223999999 57.91562808341362 41.074565054880665 712.0043444243385
60651 12938.284223999999 61.40323281999548 39.05028688841011 713.1069877102548
60651 12998.284223999999 64.85091430055478 36.521424452025556 714.1273621335051
60651 13058.284223999999 68.24101171627471 33.257318187407805 715.0506492898704
60651 13118.284223999999 71.54320168805006 28.87597191320062 715.8635722283144
60651 13178.284223999999 74.70198643798577 22.716746886477704 716.5546072474515
60651 13238.284223999999 77.60881548288697 13.61199821187106 717.1141718931665
60651 13298.284223999999 80.04215274984102 -0.3556230317620318 717.5347813119656
60651 13358.284223999999 81.58224823148765 -21.072865096163216 717.8111662631205
60651 13418.284223999999 81.71580663109486 -46.19378599732796 717.9403489012577
60651 13478.284223999999 80.38421634450228 -68.03576138585944 717.921675971118
60651 13538.284223999999 78.06805922899656 -83.06447854731142 717.7568121567904
60651 13598.284223999999 75.22273725435646 -92.84347612364509 717.4496980713654
60651 13658.284223999999 72.09812509536702 -99.40501370050454 717.0064773892333
60651 13718.284223999999 68.81666930178439 -104.03297960611627 716.435396204237
60651 13778.284223999999 65.44032700710113 -107.4553276291337 715.746675646694
60651 13838.284223999999 62.002561117757516 -110.09036278020076 714.9523570880923
60651 13898.284223999999 58.52265698093258 -112.18870814760807 714.0661186724428
60651 13958.284223999999 55.01238313288152 -113.90746709035774 713.1030627149157
60651 14018.284223999999 51.479284767237736 -115.34933317986561 712.0794754191811
60651 14078.284223999999 47.92841424135635 -116.58397558842617 711.0125626925392
60651 14138.284223999999 44.36329162235658 -117.66022803597262 709.9201677846162
60651 14198.284223999999 40.78646402210541 -118.61332086043039 708.8204774605535
60651 14258.284223999999 37.19984501138555 -119.46933345044043 707.7317232943366
60651 14318.284223999999 33.60492792215106 -120.24802846631283 706.6718837470412
60651 14378.284223999999 30.00292386538822 -120.96471123688133 705.6583916281344
60651 14438.284224 26.394853165404385 -121.63148364717824 704.7078512392613
60651 14498.284223999999 22.78160703192186 -122.2581115936984 703.8357720515138
60651 14558.284223999999 19.163989645561273 -122.85263996844088 703.0563411934439
60651 14618.284223999999 15.542746790908662 -123.42183947079964 702.3822971009631
60651 14678.284223999999 11.918584633708168 -123.9715397821086 701.8237134681614
60651 14738.284223999999 8.292190419341727 -124.50688395089537 701.3891081754041
60651 14798.284223999999 4.664234415773261 -125.0325321745453 701.0870567782931
60651 14858.284223999999 1.0353757593611108 -125.55282926330885 700.9203107409609
60651 14918.284223999999 -2.593729824279328 -126.07194951003109 700.8913733421824
60651 14978.284223999999 -6.22242665553985 -126.59403044375951 701.0000524564672
60651 15038.284223999999 -9.850056432838672 -127.12330412157867 701.2438057979685
60651 15098.284223999999 -13.475954514688246 -127.66423466064496 701.6178027316048
60651 15158.284223999999 -17.099444762922026 -128.22167164672416 702.1149950922043
60651 15218.284223999999 -20.71983202530658 -128.80103088539062 702.7262255080774
60651 15278.284223999999 -24.336391064455395 -129.40851733630305 703.440375587193
60651 15338.284223999999 -27.94835035320245 -130.05141058735225 704.2445538308428
60651 15398.284223999999 -31.554868523013436 -130.73844200482273 705.1243207481847
60651 15458.284223999999 -35.15500021635467 -131.48030667819654 706.0639462589752
60651 15518.284223999999 -38.74764639097921 -132.29037583994085 707.0466919444735
60651 15578.284223999999 -42.33148128141906 -133.18571257815256 708.0551087792787
60651 15638.284223999999 -45.904843370752495 -134.1885563077885 709.071340744113
60651 15698.284223999999 -49.46556919756701 -135.32855016532844 710.077426312709
60651 15758.284223999999 -53.01073329742489 -136.6461800972982 711.0555924766031
60651 15818.284223999999 -56.53622816076679 -138.19825492918108 711.9885386750431
60651 15878.284223999999 -60.036059811353795 -140.06694925333733 712.85970979642
60651 15938.284223999999 -63.5011133365984 -142.3753108576144 713.6535577681187
60651 15998.284223999999 -66.91687651938166 -145.31497259008938 714.3557901794841
60651 16058.284223999999 -70.25899266283201 -149.1977233625124 714.95360247213
60651 16118.284223999999 -73.4840154782236 -154.5542998814455 715.4358883982661
60651 16178.284223999999 -76.50908252354444 -162.31993422536314 715.7934225782832
60651 16238.284223999999 -79.16673702631884 -174.11024712710102 716.0190095920515
60651 16298.284223999999 -81.1218597848809 167.9013257101517 716.1075960403236
60651 16358.284223999999 -81.8526831843932 143.72466497525593 716.0563447827212
60651 16418.284224 -81.05406207375572 119.74032937482853 715.864673155424
60651 16478.284224 -79.05550012741578 102.07494974881764 715.534258512984
60651 16538.284224 -76.37455960565552 90.51729412962496 715.0690144506353
60651 16598.284224 -73.33664067005107 82.89198952004882 714.4750396713548
60651 16658.284224 -70.1037349750755 77.61983733511872 713.7605393444879
60651 16718.284224 -66.756157754022 73.78998191688189 712.9357169316357
60651 16778.284224 -63.33615313813002 70.8850245697127 712.0126337191344
60651 16838.284224 -59.867477607552274 68.60040182077924 711.0050341644114
60651 16898.284224 -56.36432579234762 66.74852988578432 709.9281375455694
60651 16958.284224 -52.83563636395774 65.2087295677937 708.7983998430605
60651 17018.284224 -49.28730225386032 63.900271078943184 707.6332541045597
60651 17078.284224 -45.72337227597195 62.76726091487895 706.4508424433143
60651 17138.284224 -42.14673832195503 61.76981259205146 705.2697342647572
60651 17198.284224 -38.55954615806724 60.87868703783498 704.1084609822443
60651 17258.284224 -34.96345109636635 60.07192414111284 702.9851462486972
60651 17318.284224 -31.359779551404852 59.33265762067568 701.918189111912
60651 17378.284224 -27.749634894300797 58.647656987430636 700.9247332711326
60651 17438.284224 -24.13397135476651 58.006329334081094 700.0207128653076
60651 17498.284224 -20.51364219290974 57.4000178940245 699.2209565851731
60651 17558.284224 -16.889432699136883 56.82149739245857 698.5387126464245
60651 17618.284224 -13.262083155887359 56.264601804647796 697.985392441643
60651 17678.284224 -9.63230463997712 55.72394212232729 697.5703797564325
60651 17738.284224 -6.000789823849621 55.19468548886634 697.3008718678161
60651 17798.284224 -2.3682203288465153 54.67237566846278 697.181760360788
60651 17858.284224 1.2647282138268183 54.15278021095209 697.215555505355
60651 17918.284224 4.897382467903306 53.63175296702544 697.4023532805304
60651 17978.284224 8.529068248451964 53.10510242603795 697.7398417745176
60651 18038.284224 12.159107144626715 52.568457020458034 698.2233433866721
60651 18098.284224 15.78681208557848 52.017118187074864 698.8458905533635
60651 18158.284224 19.411480921779688 51.445890534278625 699.598334965733
60651 18218.284224 23.032386900909056 50.84887567993254 700.4694909675999
60651 18278.284224 26.648764518978755 50.21921168839356 701.4462259034946
60651 18338.284224 30.259785440778252 49.54873324276063 702.5103696491115
60651 18398.284224 33.8645342688537 48.827512822290984 703.6647529945376
60651 18458.284224 37.461979868009756 48.04322613002414 704.8610289979778
60651 18518.284224 41.050867537714836 47.180268455835794 706.1001775098775
60651 18578.284224 44.62966787793516 46.218453596228414 707.3603272460839
60651 18638.284224 48.19641580563057 45.131096746536436 708.6223764640122
60651 18698.284224 51.748492131595356 43.882079619010526 709.867485549484
60651 18758.284224 55.28227129841354 42.42122890749667 711.0771749529067
60651 18818.284224 58.792538615044485 40.67678844554023 712.2335915763749
60651 18878.284224 62.27148574868481 38.54269222999102 713.3197739365521
60651 18938.284224 65.70689348856415 35.856160432985526 714.3199058525585
60651 18998.284224 69.07865704913762 32.356592116708384 715.2195564565035
60651 19058.284224 72.35172352670156 27.60743610414641 716.0059031095001
60651 19118.284224 75.46084349082204 20.846895865747047 716.6679321276928
60651 19178.284224 78.27647104212684 10.733877246574764 717.1966114450585
60651 19238.284224 80.53456135138616 -4.810224865128714 717.5850298945867
60651 19298.284224 81.76428450836845 -27.147805519596233 717.8284995369011
60651 19358.284224 81.50718976785353 -52.18371854447314 717.9246198096967
60651 19418.284224 79.87597163775555 -72.3576224860163 717.8733044087854
60651 19478.284224 77.39285705417608 -85.853623068735 717.676773055009
60651 19538.284224 74.46043004558646 -94.66351008747326 717.339510351639
60651 19598.284224 71.28803801673492 -100.64631011620084 716.8681929992026
60651 19658.284224 67.97834838329858 -104.91870082437299 716.2715853320097
60651 19718.284224 64.58410790066694 -108.11232622176495 715.5604022590179
60651 19778.284224 61.13428660150555 -110.59352355109189 714.74713886027
60651 19838.284224 57.64583417444068 -112.58429344844556 713.845867315835
60651 19898.284224 54.12922932700363 -114.2253201294391 712.8720042131232
60651 19958.284224 50.59126677977698 -115.60946462367374 711.8420538558134
60651 20018.284224 47.03654287707275 -116.80026744229791 710.7733351003526
60651 20078.284224 43.4682907437368 -117.84260342325675 709.6836997767575
60651 20138.284224 39.88887198809038 -118.7690643502979 708.5912496750925
60651 20198.284224 36.30007788491566 -119.60392270544472 707.5140567374182
60651 20258.284224 32.703320119871286 -120.36567469375822 706.4698883082824
60651 20318.284224 29.099754953260444 -121.06872052929725 705.4759371226633
60651 20378.284224 25.490365817681592 -121.72450499283616 704.5485552400723
60651 20438.284224 21.87601915662954 -122.34231136772968 703.70299407536
60651 20498.284224 18.2575025599441 -122.92982769227717 702.9531669272011
60651 20558.284224 14.635550744622398 -123.49356068972752 702.3115034341112
60651 20618.284224 11.010862227347163 -124.03914653544322 701.7880620966262
60651 20678.284224 7.384117468948066 -124.57159005893327 701.3899008024217
60651 20738.284224 3.7559840673541314 -125.0954574975905 701.1265319384394
60651 20798.284224 0.12711837019810013 -125.61503776208984 700.9993698541984
60651 20858.284224 -3.50182630560491 -126.13448327098777 701.0103471906272
60651 20918.284224 -7.130195465052614 -126.657942070806 701.1585058271731
60651 20978.284224 -10.757330817750479 -127.18968989086356 701.4404981329156
60651 21038.284224 -14.382566220747272 -127.73427072969812 701.85068994826
60651 21098.284224 -18.005222026859588 -128.29665598754067 702.3812748414206
60651 21158.284224 -21.62459688553416 -128.88243428250468 703.0224216484055
60651 21218.284224 -25.23995569861344 -129.4980479152741 703.7624502335118
60651 21278.284224 -28.850511980838423 -130.15109814863155 704.5880317923268
60651 21338.284224 -32.455402156632275 -130.85075132593158 705.4844115607791
60651 21398.284224 -36.05364816290898 -131.6082935901078 706.4356526096159
60651 21458.284224 -39.644102813692136 -132.43790746873617 707.4248989246187
60651 21518.284224 -43.22536916274278 -133.35778580800644 708.4346545976247
60651 21578.284224 -46.79567954907732 -134.39177022842853 709.4470745448324
60651 21638.284224 -50.352710149530274 -135.57182659685833 710.4442612231725
60651 21698.284224 -53.89328872040899 -136.94189623381772 711.4085614594567
60651 21758.284224 -57.41291845928472 -138.56408440812265 712.3228576840246
60651 21818.284224 -60.904971262089944 -140.52896744182115 713.1708483937342
60651 21878.284224 -64.35925683057077 -142.97344734960473 713.9373133191096
60651 21938.284224 -67.7593474090309 -146.11299189571807 714.6083593353557
60651 21998.284224 -71.07727076167475 -150.30217741845934 715.171643556456
60651 22058.284224 -74.26230742251207 -156.15092942871172 715.6165703455355
60651 22118.284224 -77.21611954637902 -164.7375334966126 715.9344593118755
60651 22178.284224 -79.73838854817316 -177.8745156218822 716.1186818889382
60651 22238.284224 -81.43986020251818 162.3806353064529 716.1647648494895
60651 22298.284224 -81.79362277512433 137.44413864287537 716.0704600291328
60651 22358.284224 -80.64547429341584 114.73133976499086 715.8357804039296
60651 22418.284224 -78.43394142240398 98.7739489236125 715.4630032773408
60651 22478.284224 -75.64159422311148 88.39025433442995 714.9566415241071
60651 22538.284224 -72.54417288089184 81.46885090746768 714.3233836126706
60651 22598.284224 -69.27714680300537 76.6222750744588 713.572002652498
60651 22658.284224 -65.90850599219114 73.06099486149371 712.7132342792194
60651 22718.284224 -62.47462077157345 70.33353304637497 711.7596231120243
60651 22778.284224 -58.99627210397714 68.1711639097165 710.7253380283396
60651 22838.284224 -55.48604981779597 66.40650864569471 709.6259577245364
60651 22898.284224 -51.951977737577664 64.93078225972313 708.4782301842268
60651 22958.284224 -48.39940243231325 63.67055363703726 707.2998137922879
60651 23018.284224 -44.832033765927335 62.574578938245615 706.1090143058412
60651 23078.284224 -41.25254684271867 61.6060331155052 704.9244914199287
60651 23138.284224 -37.662945680671996 60.73775156061061 703.764642992025
60651 23198.284224 -34.06479166790541 59.94921510189496 702.6475772072847
60651 23258.284224 -30.459346992696233 59.224579298890504 701.5916943646023
60651 23318.284224 -26.84767202271797 58.55135123388858 700.6136107319528
60651 23378.284224 -23.230692294260727 57.9194775332518 699.7289990195127
60651 23438.284224 -19.609241885605826 57.32069957067644 698.9523047024628
60651 23498.284224 -15.984093631408157 56.748086819533526 698.2963206448271
60651 23558.284224 -12.355980038361038 56.19569036714551 697.7719803024826
60651 23618.284224 -8.725607590583744 55.6582782603747 697.3881820104413
60651 23678.284224 -5.09366647032561 55.13112657905972 697.1516366536587
60651 23738.284224 -1.4608371618148113 54.60984779277748 697.066748644526
60651 23798.284224 2.172204950550182 54.09024274532668 697.135535690458
60651 23858.284224 5.804786089026786 53.56816549010236 697.3575900340128
60651 23918.284224 9.436230901464416 53.039391709014474 697.7300820304001
60651 23978.284224 13.065858826382103 52.49948185993456 698.2478055380976
60651 24038.284224 16.692979191333013 51.94362958614002 698.9032636789709
60651 24098.284224 20.316884103776516 51.36648417862274 699.6867933516531
60651 24158.284224 23.93683795865828 50.76193269370976 700.5867255086772
60651 24218.284224 27.55206188900841 50.122822109719266 701.5894383746594
60651 24278.284224 31.161705221311436 49.44059469390686 702.674586162975
60651 24338.284224 34.76483824135131 48.704787833484794 703.8481846337868
60651 24398.284224 38.3603656777711 47.902354603615706 705.0612204717645
60651 24458.284224 41.946979976023286 47.016682204775975 706.3123808462425
60651 24518.284224 45.52305789984031 46.02616779324985 707.580255199578
60651 24578.284224 49.0864946354324 44.902089822077144 708.8456845027744
60651 24638.284224 52.634458022293074 43.60532945697414 710.0897532145674
60651 24698.284224 56.16299028402166 42.08116559169422 711.2939800061444
60651 24758.284224 59.66634288342694 40.25072016743598 712.440605678817
60651 24818.284224 63.13581684778999 37.996352074486374 713.5128694106392
60651 24878.284224 66.55763687926755 35.135676100039426 714.4952631051427
60651 24938.284224 69.90882550161405 31.37341955495829 715.3737605123739
60651 24998.284224 73.14868465799488 26.209391666360897 716.1360195623657
60651 25058.284224 76.20016542023308 18.764485521928226 716.7715573790874
60651 25118.284224 78.9083243088292 7.508704327620498 717.2718978618827
60651 25178.284224 80.96069312424146 -9.725342826548694 717.6306915238191
60651 25238.284224 81.84716203227357 -33.420025595829024 717.843806620997
60651 25298.284224 81.20819184401792 -57.817558254774646 717.9093898021264
60651 25358.284224 79.31394789825485 -76.23423485038747 717.8278939216879
60651 25418.284224 76.6895850030542 -88.34292112638731 717.6020706041721
60651 25478.284224 73.68306227322799 -96.30261969444463 717.2369257719482
60651 25538.284224 70.46934045678297 -101.77649442538248 716.7396375903339
60651 25598.284224 67.13481290192267 -105.73298414989561 716.1194378753304
60651 25658.284224 63.72459641618106 -108.72119381436721 715.3874595727481
60651 25718.284224 60.263882967522946 -111.06290111951392 714.5565540836258
60651 25778.284224 56.767628165835994 -112.95534628863761 713.6410827487268
60651 25838.284224 53.245194881394504 -114.52486089473727 712.6566866972062
60651 25898.284224 49.70272159922222 -115.85562464671044 711.6200387123645
60651 25958.284224 46.144402598154215 -117.00571825710715 710.5485801121633
60651 26018.284224 42.573216400556284 -118.01646211427195 709.4602452407019
60651 26078.284224 38.99135911481367 -118.91806314485952 708.3731762579754
60651 26138.284224 35.400512208229706 -119.73315147862839 707.3054315358833
60651 26198.284224 31.802013359558064 -120.4790668629423 706.2746919515791
60651 26258.284224 28.19696839142069 -121.16937991252625 705.2979704611616
60651 26318.284224 24.58632615294691 -121.81493135518954 704.3913315621214
60651 26378.284224 20.970929387588303 -122.42455986736363 703.5696305890481
60651 26438.284224 17.351549578740293 -123.00562433447075 702.8463029188847
60651 26498.284224 13.728910496738399 -123.56438808678541 702.2332973672886
60651 26558.284224 10.10370294485803 -124.10630946178686 701.7389150027934
60651 26618.284224 6.47660633679208 -124.63626655960678 701.3728844315267
60651 26678.284224 2.848284530031268 -125.15874207606178 701.1402988766672
60651 26738.284224 -0.7806081384441402 -125.67797799960037 701.0438846625965
60651 26798.284224 -4.409418216803445 -126.1981132505816 701.0848663415557
60651 26858.284224 -8.037490805245751 -126.72331523154308 701.2618270601772
60651 26918.284224 -11.66416653000949 -127.257913200983 701.5710071887856
60651 26978.284224 -15.288777075939946 -127.80654253851326 702.0063691864748
60651 27038.284224 -18.910638886118623 -128.37431030827005 702.5597019681522
60651 27098.284224 -22.529044012783512 -128.96699504111268 703.2207688647401
60651 27158.284224 -26.143246761317055 -129.59129799955932 703.9774938426787
60651 27218.284224 -29.75244425210631 -130.25517016107327 704.8161797631805
60651 27278.284224 -33.355748197873794 -130.96825022862194 705.7217520876234
60651 27338.284224 -36.952143861082796 -131.7424667051247 706.6780217736508
60651 27398.284224 -40.540429967815854 -132.59288593526054 707.6679617747694
60651 27458.284224 -44.11912967063474 -133.53893609161267 708.6739923371506
60651 27518.284224 -47.686356268187666 -134.60621928823045 709.6782710409047
60651 27578.284224 -51.23960595370292 -135.82926883102118 710.6629840383267
60651 27638.284224 -54.77542861196192 -137.25587227331658 711.610635051524
60651 27698.284224 -58.288886514844855 -138.95407821691717 712.5043284636148
60651 27758.284224 -61.7726272235517 -141.0239777849637 713.3280424864869
60651 27818.284224 -65.21521856246987 -143.61832349087823 714.0668881580958
60651 27878.284224 -68.59799099464315 -146.98014623116802 714.7073499702797
60651 27938.284224 -71.88867574504108 -151.51396998209682 715.237504267992
60651 27998.284224 -75.02777622233125 -157.92233685407365 715.6472120796119
60651 28058.284224 -77.89812488310955 -167.44604770019606 715.9282835703868
60651 28118.284224 -80.26043800887362 177.92051725339226 716.0746117327556
60651 28178.284224 -81.67157169508839 156.47435315946322 716.0822732252808
60651 28238.284224 -81.63580096882478 131.31056220165095 715.949594551204
60651 28298.284224 -80.16875264138122 110.1649695372983 715.6771821975948
60651 28358.284224 -77.77477714672057 95.81461228928272 715.2679160708848
60651 28418.284224 -74.88743579052608 86.47061223210542 714.7269065746566
60651 28478.284224 -71.7384395788042 80.16943315213705 714.0614168267867
60651 28538.284224 -68.44125026824362 75.70129924596706 713.2807525267157
60651 28598.284224 -65.05364477317266 72.38161273896367 712.3961225649674
60651 28658.284224 -61.60705857805546 69.81552407384974 711.4204734439895
60651 28718.284224 -58.119732826234994 67.76532017371564 710.3683000287164
60651 28778.284224 -54.60286766060952 66.08129230809556 709.2554344999079
60651 28838.284224 -51.06368504555882 64.66516804864338 708.0988156879513
60651 28898.284224 -47.507048002134084 63.45002983094881 706.9162443922563
60651 28958.284224 -43.93636419424825 62.388818931297585 705.7261324285352
60651 29018.284224 -40.354114502634964 61.44748643324296 704.5471511048162
60651 29078.284224 -36.76217585445941 60.60076096473766 703.3975440433804
60651 29138.284224 -33.16202451931734 59.829445329836574 702.2957635462384
60651 29198.284224 -29.554864589461324 59.118636811119416 701.2598170349646
60651 29258.284224 -25.94171806204969 58.456524708636806 700.306063080717
60651 29318.284224 -22.323484335039723 57.83355581311057 699.4499617108137
60651 29378.284224 -18.70097985486627 57.24184104544685 698.7055457902406
60651 29438.284224 -15.074965816806188 56.67472335235754 698.0851055168984
60651 29498.284224 -11.446167240586934 56.12645467815792 697.5990025087465
60651 29558.284224 -7.8152859747647465 55.59194730784193 697.2555080784135
60651 29618.284224 -4.183009502924758 55.06657573708273 697.0606681165009
60651 29678.284224 -0.5500169273144788 54.54601204441114 697.0182009022888
60651 29738.284224 3.083016807342542 54.02608198285165 697.1294317402549
60651 29798.284224 6.71541757428104 53.50263150657756 697.3932673560881
60651 29858.284224 10.346508829665293 52.971394666165544 697.8062119968549
60651 29918.284224 13.975607720290391 52.42785396184273 698.3624256693445
60651 29978.284224 17.602019711090673 51.86708336586627 699.0538232434328
60651 30038.284224 21.225030756484255 51.28356215784232 699.8702121085345
60651 30098.284224 24.843895761888582 50.67094408360114 700.7994623142295
60651 30158.284224 28.457821397971863 50.02176049407978 701.8273917889301
60651 30218.284224 32.065929032698044 49.32702910968516 702.9317595257153
60651 30278.284224 35.66728797741382 48.57570360011685 704.112643863535
60651 30338.284224 39.26072501012951 47.753952315784474 705.3387407658744
60651 30398.284224 42.84487219087747 46.84406217732655 706.5970961973435
60651 30458.284224 46.41800261115177 45.82287652282948 707.8673174456138
60651 30518.284224 49.97785634369672 44.659427339154085 709.1303118892317
60651 30578.284224 53.52136330442363 43.31126442456262 710.3672342379781
60651 30638.284224 57.0441917517864 41.71857870986273 711.5597389993691
60651 30698.284224 60.539986672178 39.79445426517422 712.6902770032698
60651 30758.284224 63.999026046798726 37.408056932992686 713.7423736061601
60651 30818.284224 67.40572365856389 34.354417166836036 714.7008793863587
60651 30878.284224 70.73370835709486 30.2979129023262 715.5521901218088
60651 30938.284224 73.93550620329606 24.6638651473078 716.2844360499186
60651 30998.284224 76.91972974565942 16.437631282259094 716.8876424534793
60651 31058.284224 79.50082270647805 3.8917405182078872 717.3538641177453
60651 31118.284224 81.31318900356635 -15.099982095948366 717.6772951577204
60651 31178.284224 81.82921993069343 -39.75787731585909 717.8543536463753
60651 31238.284224 80.82778304047629 -63.04172941789202 717.8837382559194
60651 31298.284224 78.70539309794523 -79.71209015603286 717.7664526566655
60651 31358.284224 75.96110033924239 -90.57919623873205 717.5057933137102
60651 31418.284224 72.89094470419019 -97.79128433363705 717.1072976932754
60651 31478.284224 69.64105864945415 -102.81483619191167 716.5786523315785
60651 31538.284224 66.28439806551535 -106.48863274644725 715.9295629683279
60651 31598.284224 62.85971145805343 -109.29096690017089 715.1715911784562
60651 31658.284224 59.388987411522116 -111.50522350375772 714.3179630552481
60651 31718.284224 55.885465146414255 -113.30709564064094 713.383355343568
60651 31778.284224 52.357534541823654 -114.81029043049742 712.3836632906855
60651 31838.284224 48.81075565435414 -116.09127483957255 711.3357529913144
60651 31898.284224 45.24896524315797 -117.20323549925561 710.2571998381183
60651 31958.284224 41.67491386815212 -118.18428164712475 709.1660143444212
60651 32018.284224 38.090648738983354 -119.06245095730687 708.0803572197092
60651 32078.284224 34.49775232841445 -119.85887080177285 707.0182469136985
60651 32138.284224 30.897495722082827 -120.58981733888186 705.997264434724
60651 32198.284224 27.29093967928588 -121.26809493365364 705.0342617036505
60651 32258.284224 23.679002551673033 -121.903984560035 704.1450814648147
60651 32318.284224 20.06250655569129 -122.5059121162617 703.3443037559653
60651 32378.284224 16.44220943216332 -123.08093095606645 702.6450738542022
60651 32438.284224 12.818825282002111 -123.63507928937877 702.0588497817779
60651 32498.284224 9.193041234163164 -124.17365185279415 701.5921348871484
60651 32558.284224 5.565533386880218 -124.70141285518837 701.2575530263674
60651 32618.284224 1.9369619017524604 -125.22277244100809 701.0565432945822
60651 32678.284224 -1.6920189907430478 -125.74193555527616 700.9924287686755
60651 32738.284224 -5.3207551892867215 -126.26303732413997 701.065604485849
60651 32798.284224 -8.948590605446409 -126.79027423289384 701.2740212512643
60651 32858.284224 -12.574863622568477 -127.32803929510492 701.6133064092338
60651 32918.284224 -16.198902262168726 -127.88107063322413 702.0768469819432
60651 32978.284224 -19.820017308011675 -128.454624348839 702.6559135894004
60651 33038.284224 -23.437492281294084 -129.05468549819062 703.3398216910001
60651 33098.284224 -27.05056878983908 -129.6882358886965 704.1161241040703
60651 33158.284224 -30.658425191783287 -130.36360524101363 704.9708289589607
60651 33218.284224 -34.26014558585171 -131.09094471197767 705.888638295489
60651 33278.284224 -37.85467463984329 -131.88288178272626 706.8532037783275
60651 33338.284224 -41.440751287278765 -132.75544826862892 707.8473966807719
60651 33398.284224 -45.01681010786063 -133.72942809386117 708.8535892412623
60651 33458.284224 -48.5808318373881 -134.83236600018654 709.8539439712861
60651 33518.284224 -52.13011112989142 -136.1016462165361 710.8307067177335
60651 33578.284224 -55.66088468709566 -137.58935835428468 711.7664985333715
60651 33638.284224 -59.16771388755951 -139.37025448839512 712.6446009988306
60651 33698.284224 -62.64241541571415 -141.5552598792264 713.4492297663712
60651 33758.284224 -66.07211553134289 -144.3153657983659 714.1657917259281
60651 33818.284224 -69.43550537922714 -147.92566266755887 714.781122072426
60651 33878.284224 -72.69517682702158 -152.8492684060348 715.283698326495
60651 33938.284224 -75.7809765977186 -159.8971350350006 715.6638287483669
60651 33998.284224 -78.5527869917756 -170.49147048212927 715.9138125198774
60651 34058.284224 -80.72592204201126 173.23763465344157 716.0280687431592
60651 34118.284224 -81.809971876864 150.26404543185336 716.0032310932868
60651 34178.284224 -81.38381686026243 125.4380455431244 715.8382052597975
60651 34238.284224 -79.63177764010757 106.02512519284045 715.5341873436041
60651 34298.284224 -77.0819636362434 93.15282010514606 715.0946430639733
60651 34358.284224 -74.11322900497132 84.72810685029012 714.5252495900182
60651 34418.284224 -70.91927337450603 78.97577841874853 713.8338034737723
60651 34478.284224 -67.59531280097708 74.84610304608258 713.030098995279
60651 34538.284224 -64.19061408365093 71.74502510951862 712.1257809657196
60651 34598.284224 -60.73243765873018 69.32650316297583 711.1341748130535
60651 34658.284224 -57.236841363073616 67.3797927672726 710.0700951656482
60651 34718.284224 -53.71381356995067 65.77071902459853 708.949633100952
60651 34778.284224 -50.16986844700845 64.4103488184559 707.7899231766814
60651 34838.284224 -46.609437715392154 63.23760635554695 706.6088958852902
60651 34898.284224 -43.035657071742165 62.20921782231821 705.4250130560954
60651 34958.284224 -39.450831354161394 61.293663232864574 704.2568341299846
60651 35018.284224 -35.85672150243964 60.467406650491625 703.1224956371295
60651 35078.284224 -32.25472534804757 59.71246909963059 702.0404816646864
60651 35138.284224 -28.645994381883217 59.014819839128464 701.0282304648621
60651 35198.284224 -25.031515524426325 58.36328208429142 700.1018571113448
60651 35258.284224 -21.412164466541196 57.74876868136838 699.2764693009141
60651 35318.284224 -17.788741907201846 57.16373545879324 698.5656733691804
60651 35378.284224 -14.161998736036384 56.601780557289516 697.981314738837
60651 35438.284224 -10.5326533005623 56.05734278677411 697.5332927438094
60651 35498.284224 -6.901403151157412 55.525467539808766 697.2293940102962
60651 35558.284224 -3.2689330067140348 55.00161844485187 697.0751511982194
60651 35618.284224 0.36407976929507285 54.48151900402466 697.0737357765696
60651 35678.284224 3.996961181516963 53.961012198890565 697.2258919478802
60651 35738.284224 7.629037276653236 53.4359281886045 697.5299170545195
60651 35798.284224 11.25963073292363 52.90195116182844 697.981690978591
60651 35858.284224 14.888056617089253 52.35447630446292 698.5747535043921
60651 35918.284224 18.513616471030645 51.78844669248033 699.3004254458929
60651 35978.284224 22.1355896982002 51.19815750709692 700.1479680021172
60651 36038.284224 25.753220884304316 50.57701085351804 701.1047615528809
60651 36098.284224 29.365700340960416 49.917197996611556 702.1553862220494
60651 36158.284224 32.97211489332955 49.20927932365475 703.2891781040456
60651 36218.284224 36.5715207352069 48.44157959485145 704.474869903199
60651 36278.284224 40.16268439030005 47.59941033294594 705.7109237699165
60651 36338.284224 43.744162096961524 46.663860565262524 706.9733428300627
60651 36398.284224 47.31411215694814 45.610070742508235 708.2426283425292
60651 36458.284224 50.87010207872893 44.404596066369756 709.4997540957714
60651 36518.284224 54.40879572713969 43.001287777112985 710.7259726411913
60651 36578.284224 57.925440278723435 41.33464254945479 711.903105339096
60651 36638.284224 61.412991620234884 39.30866599502232 713.0138401165074
60651 36698.284224 64.86055206463327 36.77746942183715 714.0420063809387
60651 36758.284224 68.25042571710611 33.51003005854344 714.9728195258915
60651 36818.284224 71.5522254972409 29.123715053164005 715.7930925973626
60651 36878.284224 74.71032955065311 22.95675723641693 716.4914162912438
60651 36938.284224 77.61593391493338 13.839684008102804 717.0583105392902
60651 36998.284224 80.04701130999221 -0.14633021588104944 717.4863510709558
60651 37058.284224 81.58322961829376 -20.88173729089877 717.7702726811943
60651 37118.284224 81.71193677326234 -45.999683200227835 717.9070482648754
60651 37178.284224 80.37667458756346 -67.81860374698067 717.895940085046
60651 37238.284224 78.05858141180188 -82.82696644555399 717.7385182378423
60651 37298.284224 75.21233474136034 -92.59376750413239 717.4386414482536
60651 37358.284224 72.08726774096594 -99.14845780016856 717.0023971572471
60651 37418.284224 68.8055765624995 -103.77248356453289 716.4380007501558
60651 37478.284224 65.42910858468386 -107.19246859176837 715.7556568057765
60651 37538.284224 61.991276167464285 -109.82603286818748 714.9673875026476
60651 37598.284224 58.511339670734415 -111.9234372746271 714.0868342215982
60651 37658.284224 55.00105441427829 -113.64158484860069 713.1290378636231
60651 37718.284224 51.46795822237447 -115.08305310904562 712.1102018947089
60651 37778.284224 47.91709921608997 -116.31744105357951 711.0474403826566
60651 37838.284224 44.35199500620703 -117.39353834213523 709.9585120777415
60651 37898.284224 40.77519127493038 -118.346546765484 708.8615414271437
60651 37958.284224 37.18860072263764 -119.20252676783895 707.7747283981138
60651 38018.284224 33.59371606588257 -119.98122825437706 706.7160507958273
60651 38078.284224 29.991747869280236 -120.6979479473036 705.7029648507605
60651 38138.284224 26.383715890142792 -121.36478200653691 704.7521119081343
60651 38198.284224 22.770510733547 -121.99149266197509 703.8790426523699
60651 38258.284224 19.152935957945356 -122.58612263370011 703.0979882883242
60651 38318.284224 15.531736662152117 -123.15544154544432 702.421764993915
60651 38378.284224 11.907617950112115 -123.70527883407966 701.8601437748714
60651 38438.284224 8.281267734049942 -124.24077757407431 701.4224744170443
60651 38498.284224 4.6533553787151485 -124.76659857436607 701.1164948283133
60651 38558.284224 1.0245390465944824 -125.28708747216703 700.9453630241048
60651 38618.284224 -2.6045260548756253 -125.80641946955511 700.9115697842298
60651 38678.284224 -6.233184813094725 -126.32873316733519 701.0149141240873
60651 38738.284224 -9.860779436614667 -126.85826192052602 701.2528419580066
60651 38798.284224 -13.486645627948398 -127.39947150324863 701.6205022648843
60651 38858.284224 -17.110107347032944 -127.95721371774572 702.1108274055373
60651 38918.284224 -20.730469252312687 -128.5369074102914 702.7146544934105
60651 38978.284224 -24.347005633912275 -129.1447617380512 703.4208856331396
60651 39038.284224 -27.958944249692745 -129.7880620588866 704.2166830891214
60651 39098.284224 -31.56544282388837 -130.47554761482135 705.0876942915584
60651 39158.284224 -35.165554921267386 -131.2179241928121 706.0183013477254
60651 39218.284224 -38.75818020564886 -132.02857755561521 706.991889860292
60651 39278.284224 -42.34199125575208 -132.9245906488215 707.991131816574
60651 39338.284224 -45.915324265934686 -133.92823036436428 708.9982772815516
60651 39398.284224 -49.47601242534459 -135.06917856104675 709.9954498171427
60651 39458.284224 -53.02112520960085 -136.3879770532827 710.9649408989862
60651 39518.284224 -56.54654731743073 -137.94151756670252 711.889498996739
60651 39578.284224 -60.04627252836543 -139.81210172684408 712.7526093747599
60651 39638.284224 -63.511166110858625 -142.12297906720414 713.5387610227571
60651 39698.284224 -66.926682405027 -145.06611525280056 714.2336973846542
60651 39758.284224 -70.26840523530737 -148.9538683856789 714.8246476548062
60651 39818.284224 -73.4927761105334 -154.31796848750972 715.3005353362535
60651 39878.284224 -76.51670979194766 -162.09530585926902 715.6521605723764
60651 39938.284224 -79.17230913836922 -173.90344565684347 715.8723526318428
60651 39998.284224 -81.12377760000108 168.08673590365237 715.9560890558389
60651 40058.284224 -81.84935109659696 143.90402566367453 715.9005785446458
60651 40118.284224 -81.04599252811676 119.94192677406657 715.7053057278374
60651 40178.284224 -79.04470501097164 102.30279756099722 715.372037415224
60651 40238.284224 -76.36244692457775 90.76172475194501 714.904791486656
60651 40298.284224 -73.32386593618355 83.14551264839177 714.3097708840827
60651 40358.284224 -70.09058514241502 77.87836565308793 713.5952658955706
60651 40418.284224 -66.74276376397405 74.05136849393888 712.7715279135556
60651 40478.284224 -63.32257830644771 71.1481030123207 711.8506172023448
60651 40538.284224 -59.8537541712415 68.86450725350525 710.8462262673969
60651 40598.284224 -56.350470951279995 67.01326506667523 709.773479717232
60651 40658.284224 -52.821659852498975 65.47384685553136 708.6487117623731
60651 40718.284224 -49.27321015020717 64.16561011132141 707.4892247233453
60651 40778.284224 -45.70916898648567 63.03271419106335 706.3130351783738
60651 40838.284224 -42.13242761650546 62.03530567553846 705.1385852757604
60651 40898.284224 -38.54513177514641 61.14416676791433 703.984252993555
60651 40958.284224 -34.94893689798574 60.33735132288035 702.8681562985214
60651 41018.284224 -31.34516924843954 59.59800230174209 701.8085678178834
60651 41078.284224 -27.73493260483801 58.91289549028038 700.8224497201026
60651 41138.284224 -24.119181703602134 58.27144212185518 699.9256742646701
60651 41198.284224 -20.498770411343816 57.66498802334445 699.132969192872
60651 41258.284224 -16.874484815333204 57.08630935863629 698.4575011509485
60651 41318.284224 -13.24706612552707 56.52924063451379 697.9106397785905
60651 41378.284224 -9.61722636130654 55.98839264100951 697.5017704218955
60651 41438.284224 -5.9856590246911745 55.45893171581677 697.2381301568953
60651 41498.284224 -2.353046354986921 54.936400307667014 697.1246749170593
60651 41558.284224 1.2799356450202288 54.41656419867414 697.1639849907085
60651 41618.284224 4.912613471757339 53.895275032699736 697.3562137331586
60651 41678.284224 8.544312872494011 53.3683386122507 697.6990818858349
60651 41738.284224 12.17435533682772 52.83138009938929 698.1879172821035
60651 41798.284224 15.80205354909924 52.279696904444556 698.8157374210163
60651 41858.284224 19.426704908912342 51.70808860657165 699.5733712318996
60651 41918.284224 23.047582011443264 51.110650462467405 700.4496166004928
60651 41978.284224 26.663918576886285 50.48051240957001 701.43137132312
60651 42038.284224 30.274885670761975 49.80949862660099 702.50025327628
60651 42098.284224 33.87956029474818 49.08766939209798 703.6642183782543
60651 42158.284224 37.47691854107679 48.30268118318837 704.8643160036665
60651 42218.284224 41.06570156155026 47.438906327664824 706.1078665733295
60651 42278.284224 44.64437799926262 46.47612686243723 707.3721131514684
60651 42338.284224 48.21097910339387 45.38761422226547 708.6378549475444
60651 42398.284224 51.76288002974603 44.13718805569185 709.886133338872
60651 42458.284224 55.29644654483862 42.674584415187745 711.0983631612012
60651 42518.284224 58.80645058174311 40.92791044133853 712.2566245984992
60651 42578.284224 62.285062725163066 38.790886728135824 713.3439430236851
60651 42638.284224 65.72002918538236 36.100387897373324 714.344543325148
60651 42698.284224 69.09118535392756 32.59523314860895 715.2440762668459
60651 42758.284224 72.3633683967879 27.8378731888636 716.0298175799951
60651 42818.284224 75.47111518243548 21.06482306144302 716.6908419233262
60651 42878.284224 78.28445564436976 10.932650615053399 717.2181737141198
60651 42938.284224 80.53860782342316 -4.637053288295735 717.60491535934
60651 42998.284224 81.76227001119129 -26.99091835741694 717.8463512549328
60651 43058.284224 81.49881747373796 -52.00787013633844 717.9400239324594
60651 43118.284224 79.8635908375172 -72.14657929059561 717.8857776877738
60651 43178.284224 77.3786252545285 -85.6178086509902 717.6857653464872
60651 43238.284224 74.44540799163362 -94.41408855891916 717.3444154439012
60651 43298.284224 71.272674120448 -100.38961539633368 716.8683595202267
60651 43358.284224 67.96283200777394 -104.65800328438846 716.2663217094413
60651 43418.284224 64.56851973954018 -107.84935003359791 715.5489746150121
60651 43478.284224 61.118659185561604 -110.32922066717735 714.7287661813373
60651 43538.284224 57.63017739868611 -112.3192149784641 713.8197218683516
60651 43598.284224 54.113542022395656 -113.9597989542024 712.837225301969
60651 43658.284224 50.575542345571385 -115.34370931262522 711.797779326701
60651 43718.284224 47.020772157392805 -116.5344129066249 710.7187486505956
60651 43778.284224 43.452463479795846 -117.5767394862875 709.6180854379886
60651 43838.284224 39.87297745205599 -118.5032525240701 708.5140403031262
60651 43898.284224 36.28410502361332 -119.33820639213805 707.4248628654311
60651 43958.284224 32.687257435950244 -120.10008557337713 706.3684978273467
60651 44018.284224 29.08359030938897 -120.80328265682834 705.3622840227988
60651 44078.284224 25.474086311132734 -121.45923748161943 704.4226655519901
60651 44138.284224 21.859611149303834 -122.07723018789846 703.5649313658733
60651 44198.284224 18.240951786128832 -122.66494693198777 702.8030436475801
60651 44258.284224 14.618841732645217 -123.2288936035257 702.1494032517792
60651 44318.284224 10.993981261712978 -123.77470586864106 701.6115207342195
60651 44378.284224 7.367055321296575 -124.30738834350583 701.20286661108
60651 44438.284224 3.738728644833931 -124.83150878605187 700.9262564783344
60651 44498.284224 0.10965904120120061 -125.35135759130036 700.7861251399288
60651 44558.284224 -3.5194976692857116 -125.87108918061055 700.7841332318378
60651 44618.284224 -7.148085324283783 -126.39485444607888 700.9194949745786
60651 44678.284224 -10.775444160197459 -126.92693281569838 701.1890861734913
60651 44738.284224 -14.400906681315869 -127.4718729852675 701.5875007546028
60651 44798.284224 -18.023791941061 -128.03465226604422 702.1071454258914
60651 44858.284224 -21.64339724522081 -128.6208667058539 702.7383733401365
60651 44918.284224 -25.25898600157523 -129.23696799073707 703.469653264364
60651 44978.284224 -28.869769981650023 -129.89056935651297 704.2877697178857
60651 45038.284224 -32.47488352480455 -130.59085262876613 705.1780490551006
60651 45098.284224 -36.07334603406387 -131.34912429847762 706.1246072355672
60651 45158.284224 -39.66400718385092 -132.17959413124655 707.110615959199
60651 45218.284224 -43.24546602761357 -133.10049217611567 708.1185839054577
60651 45278.284224 -46.81594962488121 -134.13571199836448 709.1306492585561
60651 45338.284224 -50.37312691096002 -135.31729377401354 710.1288790080697
60651 45398.284224 -53.91381531173103 -136.68928803745183 711.0955698398232
60651 45458.284224 -57.43350268469166 -138.31396552122277 712.0135448933453
60651 45518.284224 -60.92553714305364 -140.28216195301096 712.8664404545419
60651 45578.284224 -64.37968968045371 -142.73120180944994 713.6389769092327
60651 45638.284224 -67.77946593272554 -145.87726945928586 714.3172089762351
60651 45698.284224 -71.09677163352129 -150.0762045437458 714.8887511891733
60651 45758.284224 -74.28064860904482 -155.94020510829037 715.3429755630206
60651 45818.284224 -77.23226730596595 -164.55142065995693 715.6711791677146
60651 45878.284224 -79.75032077415361 -177.72658676045145 715.8667198631227
60651 45938.284224 -81.44416062814375 162.48526086943818 715.9251187926111
60651 45998.284224 -81.78749749757677 137.54324316301995 715.8441285462505
60651 46058.284224 -80.63065328105715 114.87510378376234 715.623766351494
60651 46118.284224 -78.41420645642965 98.96364908039573 715.2663123043809
60651 46178.284224 -75.61937950949832 88.60884259746857 714.7762734550502
60651 46238.284224 -72.52065068105688 81.70398008289088 714.160315322818
60651 46298.284224 -69.25287574280905 76.86705683956917 713.4271629094558
60651 46358.284224 -65.88377184823376 73.31165995264516 712.5874733415168
60651 46418.284224 -62.44958332077666 70.58794236342736 711.6536819026577
60651 46478.284224 -58.97102914312344 68.42804533783227 710.6398226230814
60651 46538.284224 -55.4606667626115 66.66507101152548 709.5613241898783
60651 46598.284224 -51.92650222497663 65.19051348705041 708.4347823487759
60651 46658.284224 -48.373871949455804 63.931110505211066 707.277711823803
60651 46718.284224 -44.80647981903308 62.835724194918136 706.1082806352412
60651 46778.284224 -41.226997350402705 61.86759814865585 704.9449934143704
60651 46838.284224 -37.63742625294046 60.99961340155442 703.8062303552301
60651 46898.284224 -34.039325486063056 60.21128164357256 702.710161261633
60651 46958.284224 -30.433955929126398 59.486779940051015 701.6747638633283
60651 47018.284224 -26.822377117287278 58.81363050838016 700.7167368962042
60651 47078.284224 -23.205513337971105 58.18179058256847 699.8516295361195
60651 47138.284224 -19.584197569280896 57.58300903889941 699.0936969326585
60651 47198.284224 -15.95920170609886 57.01036060159621 698.4555535276747
60651 47258.284224 -12.331257440272177 56.45789992403644 697.9479562366996
60651 47318.284224 -8.701070533481582 55.92039732220643 697.5796356005997
60651 47378.284224 -5.069330486533744 55.39313011137637 697.3571536800348
60651 47438.284224 -1.4367170784981278 54.87171113532622 697.2847915976097
60651 47498.284224 2.196095096939409 54.3519408512703 697.3644706959033
60651 47558.284224 5.828433180738521 53.82967220216095 697.5957106249934
60651 47618.284224 9.459622878985057 53.30067901118098 697.9756270625157
60651 47678.284224 13.088984804971295 52.76051904161245 698.4989709002218
60651 47738.284224 16.71582952380723 52.204382250569445 699.158209657548
60651 47798.284224 20.33945036709875 51.62691301809515 699.9436508776361
60651 47858.284224 23.959112844621668 51.02199193786424 700.8435986440214
60651 47918.284224 27.574038784801925 50.38245755967251 701.8441633411072
60651 47978.284224 31.183373903211315 49.69974187380732 702.9257625931037
60651 48038.284224 34.78621106396965 48.96336310129156 704.0842513774594
60651 48098.284224 38.3814315559621 48.16025897723349 705.2909638135421
60651 48158.284224 41.96773373448814 47.27378859609136 706.5329425109428
60651 48218.284224 45.543491691511754 46.28231222797829 707.7900861396535
60651 48278.284224 49.10659749681128 45.15705580390017 709.0434420312729
60651 48338.284224 52.65421391520536 43.858824033066334 710.2742719632868
60651 48398.284224 56.18237482158262 42.33278119840825 711.4642728891766
60651 48458.284224 59.68531780136675 40.499871715169405 712.5958532621423
60651 48518.284224 63.15432029469243 38.242169373390034 713.6523979188439
60651 48578.284224 66.57556554566973 35.376812867280336 714.6185145710415
60651 48638.284224 69.92599989596808 31.60770285332171 715.4802597732927
60651 48698.284224 73.16477765120545 26.433171926880373 716.2253429893154
60651 48758.284224 76.21454870461183 18.971525657367202 716.843307356684
60651 48818.284224 78.91974942599603 7.689160635873191 717.3256853314242
60651 48878.284224 80.96685110944387 -9.58025243364955 717.6661268389591
60651 48938.284224 81.84533365653621 -33.293892063106654 717.8604971513706
60651 48998.284224 81.19849924110217 -57.66522007456404 717.9069416899888
60651 49058.284224 79.29938849775844 -76.04139216760673 717.8059154243551
60651 49118.284224 76.6725818376745 -88.12208724002039 717.5601754492168
60651 49178.284224 73.66481715444738 -96.06565386480524 717.1747364804977
60651 49238.284224 70.45039509266441 -101.53026304758676 716.6567901666832
60651 49298.284224 67.11541525807309 -105.48120749964 716.0155900415173
60651 49358.284224 63.70486219305446 -108.4659402692202 715.2623045261516
60651 49418.284224 60.24386484155959 -110.80537460074517 714.409840635195
60651 49478.284224 56.74734703526316 -112.69628097271803 713.4726410718923
60651 49538.284224 53.22465491189609 -114.26472391896996 712.4664573823904
60651 49598.284224 49.681917916724565 -115.59472467707026 711.4081019258495
60651 49658.284224 46.12332542084506 -116.74426623803801 710.315181679094
60651 49718.284224 42.55185334582452 -117.75460666409309 709.2058173148417
60651 49778.284224 38.969696530554984 -118.65591193150422 708.0983514908223
60651 49838.284224 35.378535969907134 -119.47078454912037 707.0110507755251
60651 49898.284224 31.779709372128405 -120.21654521359662 705.9618061143052
60651 49958.284224 28.174322927005733 -120.9067511826972 704.9678375359013
60651 50018.284224 24.56332609071622 -121.5522337599574 704.0454117755818
60651 50078.284224 20.947562356207595 -122.16182504858439 703.2095959927412
60651 50138.284224 17.327803777364586 -122.74287957509607 702.4740865906481
60651 50198.284224 13.704774292935038 -123.30165811217819 701.8500528519739
60651 50258.284224 10.079172303295739 -123.84361677455193 701.3472408447401
60651 50318.284224 6.4516743767601845 -124.3736342638532 700.9749928764776
60651 50378.284224 2.8229438972107497 -124.89619453255462 700.7374426598886
60651 50438.284224 -0.806361025733282 -125.41554114018327 700.63811239949
60651 50498.284224 -4.4355840080165025 -125.93581555291978 700.6778774259938
60651 50558.284224 -8.064067438893309 -126.46118857261135 700.8552012484683
60651 50618.284224 -11.691149055777814 -126.99599371390714 701.1662109156374
60651 50678.284224 -15.316157551491807 -127.54487164743244 701.6047782277506
60651 50738.284224 -18.938406374238124 -128.11293607617537 702.1626361630915
60651 50798.284224 -22.55718465790107 -128.70597398951077 702.8295291027482
60651 50858.284224 -26.171743903002564 -129.33069759968438 703.5933937528928
60651 50918.284224 -29.781278516157023 -129.99507226499526 704.440566451201
60651 50978.284224 -33.38489749010595 -130.708755826075 705.3560120354186
60651 51038.284224 -36.9815831743299 -131.48370259225226 706.3235711202104
60651 51098.284224 -40.57013089608359 -132.33501422126042 707.3262238551064
60651 51158.284224 -44.149059494582566 -133.28216804713892 708.3463677251666
60651 51218.284224 -47.71647641203549 -134.35083603798518 709.3661060569518
60651 51278.284224 -51.26986948175751 -135.57565316637982 710.3675432687776
60651 51338.284224 -54.80577616944412 -137.00455911959358 711.3330822714441
60651 51398.284224 -58.319239587315735 -138.70583750529332 712.2457186567907
60651 51458.284224 -61.802876485148445 -140.77995578223766 713.0893256059826
60651 51518.284224 -65.2452026742113 -143.38029378613624 713.8489230901337
60651 51578.284224 -68.62745567629453 -146.7509736971615 714.510925139789
60651 51638.284224 -71.91718961004199 -151.29849416415666 715.063359812568
60651 51698.284224 -75.0545474104082 -157.7290292499469 715.4960579093963
60651 51758.284224 -77.92159413611414 -167.28954175752273 715.8008082358286
60651 51818.284224 -80.27750695367492 178.02002645693258 715.9714789180781
60651 51878.284224 -81.67730875138759 156.5159992204837 716.0041055914312
60651 51938.284224 -81.6273152820987 131.3571485810697 715.8969479106944
60651 51998.284224 -80.14944680588631 110.27386759087412 715.6505157176507
60651 52058.284224 -77.74953435898914 95.97977218947794 715.2675655033777
60651 52118.284224 -74.85917059463787 86.67090135162539 714.7530668806455
60651 52178.284224 -71.70858355259197 80.39046483541928 714.1141380634924
60651 52238.284224 -68.41052017780608 75.93493585369545 713.3599491904216
60651 52298.284224 -65.02242812842152 72.62326828889391 712.5015928718407
60651 52358.284224 -61.57558387863808 70.06251266358636 711.5519224810595
60651 52418.284224 -58.088146616468286 68.0159953669358 710.525360132312
60651 52478.284224 -54.571271456242144 66.33460044712179 709.437677661275
60651 52538.284224 -51.03215410694412 64.9204085206708 708.3057551243949
60651 52598.284224 -47.47564140851873 63.70672093691416 707.147322383626
60651 52658.284224 -43.90513054203985 62.64661971286616 705.9806862687964
60651 52718.284224 -40.323095293708406 61.70614937188299 704.8244107270773
60651 52778.284224 -36.731407017736124 60.86010224440235 703.6968915428466
60651 52838.284224 -33.131537153283176 60.08932563773968 702.6162601887836
60651 52898.284224 -29.5246872811604 59.37894896370051 701.6002949500829
60651 52958.284224 -25.91187646999814 58.71718474517753 700.6655015284706
60651 53018.284224 -22.294001104483687 58.09449682322442 699.8271403335225
60651 53078.284224 -18.67187493623718 57.50300879616652 699.0990670944759
60651 53138.284224 -15.04625667732466 56.936073053646545 698.4934071277152
60651 53198.284224 -11.417869088072008 56.387948562581144 698.0203457012474
60651 53258.284224 -7.787412026034623 55.8535528049172 697.6879767155641
60651 53318.284224 -4.155571259746531 55.32826408316513 697.5021879383141
60651 53378.284224 -0.5230243965717974 54.80775720375632 697.4665801360363
60651 53438.284224 3.109555010091368 54.287859773654084 697.5824179121631
60651 53498.284224 6.741494270805114 53.764418835987435 697.8486102492396
60651 53558.284224 10.372118462861266 53.23316878625878 698.2617204636365
60651 53618.284224 14.00074661716876 52.68959166655628 698.8160075578617
60651 53678.284224 17.626686333824896 52.12876005609243 699.5035027639626
60651 53738.284224 21.249225841344177 51.54515070504808 700.3141240599713
60651 53798.284224 24.867622213853803 50.932413424746194 701.2357696998814
60651 53858.284224 28.481082316758314 50.28307416093916 702.2526870707787
60651 53918.284224 32.08873487738402 49.58814139593189 703.3593603680584
60651 53978.284224 35.68963311290545 48.8365612515922 704.5217097960514
60651 54038.284224 39.282621364293696 48.014483133898814 705.7347021101896
60651 54098.284224 42.866329216103864 47.104172664926736 706.977384554107
60651 54158.284224 46.43902797579527 46.082442406357934 708.2306253942126
60651 54218.284224 49.99845595134843 44.91827923799206 709.4755368020997
60651 54278.284224 53.54153993978485 43.569165449949644 710.6934418313454
60651 54338.284224 57.06394258566595 41.975187811694056 711.8661415756654
60651 54398.284224 60.55929869765065 40.04926397001574 712.9761953756299
60651 54458.284224 64.01786754932493 37.66028323403634 714.0071908765296
60651 54518.284224 67.42402768931548 34.602796422332574 714.9439977413691
60651 54578.284224 70.75133898439391 30.540312749668896 715.7729999133202
60651 54638.284224 73.95218529058018 24.8965287408969 716.4823019214755
60651 54698.284224 76.93487097920382 16.65382718699771 717.0619060255465
60651 54758.284224 79.51317472291852 4.080534046332392 717.5038586702029
60651 54818.284224 81.32038648533032 -14.947500441968357 717.8023661211846
60651 54878.284224 81.82876366279156 -39.621929693065006 717.9538797225023
60651 54938.284224 80.82022030473263 -62.88105695381257 717.9571507520697
60651 54998.284224 78.69346155977017 -79.51743542121467 717.8132536487262
60651 55058.284224 75.9468354754171 -90.36086964277014 717.5255751076187
60651 55118.284224 72.87538655250404 -97.5585503236707 717.0997659727025
60651 55178.284224 69.62471059875728 -102.5732511084738 716.5436535390804
60651 55238.284224 66.26751122363994 -106.24136522601565 715.8671138633887
60651 55298.284224 62.8424155454677 -109.03987266653776 715.0819064583807
60651 55358.284224 59.371350305663064 -111.25143777176 714.2014764260957
60651 55418.284224 55.86752135980363 -113.05134430829888 713.2407307385295
60651 55478.284224 52.33929970578716 -114.55305696398074 712.2157954355448
60651 55538.284224 48.79223434244647 -115.8328932243476 711.1437590224178
60651 55598.284224 45.23015543724769 -116.94394414890486 710.0424049926561
60651 55658.284224 41.65580962725201 -117.92425589622135 708.9299342440144
60651 55718.284224 38.07124183915295 -118.80182334911412 707.8246772406496
60651 55778.284224 34.47803327266339 -119.59774416208434 706.7447967064637
60651 55838.284224 30.87745435021665 -120.32827343545222 705.7079843896976
60651 55898.284224 27.270565534267075 -121.00620034214116 704.7311597576895
60651 55958.284224 23.6582851186937 -121.6417947063727 703.8301862585929
60651 56018.284224 20.041435406618156 -122.24347410636655 703.0196440476059
60651 56078.284224 16.42077401161731 -122.81828563264034 702.3126177127956
60651 56138.284224 12.797016306843739 -123.3722624853763 701.7188501540454
60651 56198.284224 9.170856134633913 -123.91069471161366 701.2494739419982
60651 56258.284224 5.542965372635698 -124.43834438764743 700.9108669144392
60651 56318.284224 1.9140062529492452 -124.9596193584577 700.7075315647373
60651 56378.284224 -1.715363205397119 -125.47872284059355 700.6422927502326
60651 56438.284224 -5.344486199131822 -125.99978925034914 700.7154913515378
60651 56498.284224 -8.972704185072281 -126.52701536104631 700.9251394334282
60651 56558.284224 -12.599353322209126 -127.064795612903 701.2669561490711
60651 56618.284224 -16.223759667200735 -127.61787087921236 701.7344251448885
60651 56678.284224 -19.84523224505379 -128.19150156038611 702.3188940786578
60651 56738.284224 -23.463052909175044 -128.7916788541995 703.0097196455409
60651 56798.284224 -27.07646155562363 -129.4253929782554 703.7944561977879
60651 56858.284224 -30.68463466902309 -130.10098498281275 704.6590805408678
60651 56918.284224 -34.28665422540961 -130.82862128849436 705.5882426852536
60651 56978.284224 -37.88146244535961 -131.62095016336096 706.5655333264557
60651 57038.284224 -41.467795379407036 -132.49403222761438 707.5737612056869
60651 57098.284224 -45.04408406829712 -133.4686921794591 708.5952359786428
60651 57158.284224 -48.60830462587781 -134.57253387129498 709.6120546128992
60651 57218.284224 -52.157745228440575 -135.843029507399 710.6063907654204
60651 57278.284224 -55.68863288887136 -137.33240352399804 711.5607861708812
60651 57338.284224 -59.19551367088296 -139.11562157572254 712.4584408887126
60651 57398.284224 -62.670178793706846 -141.30396023650394 713.2834963303783
60651 57458.284224 -66.09970984608869 -144.0690135336192 714.0213026979883
60651 57518.284224 -69.46271468617843 -147.68695352611422 714.6586619368362
60651 57578.284224 -72.72161895675329 -152.62291950946573 715.1840389491482
60651 57638.284224 -75.80591455839907 -159.69168744600188 715.5877371639225
60651 57698.284224 -78.57469834973348 -170.3219532727936 715.8620384437806
60651 57758.284224 -80.74171840134092 173.35169112391833 716.0013103456545
60651 57818.284224 -81.81508719240134 150.32863733598174 716.0020848875315
60651 57878.284224 -81.37654753947922 125.51585374675949 715.8631119236
60651 57938.284224 -79.61568011051473 106.15654320041973 715.5853875898085
60651 57998.284224 -77.06100107479813 93.32894524691375 715.1721552809965
60651 58058.284224 -74.08968081300574 84.93247111885506 714.6288746201942
60651 58118.284224 -70.89429609106898 79.19744756481717 713.9631538143425
60651 58178.284224 -67.5695157346287 75.07873933266613 713.1846427885847
60651 58238.284224 -64.16434427414585 71.98493450788038 712.3048878338794
60651 58298.284224 -60.70590972533832 69.57144793217601 711.3371519351381
60651 58358.284224 -57.21019861303246 67.62835703596649 710.2962072273745
60651 58418.284224 -53.687158450156545 66.02196974021379 709.1981065020249
60651 58478.284224 -50.14327865805781 64.6636486149915 708.0599396479373
60651 58538.284224 -46.582975247281425 63.49250611635903 706.8995789289019
60651 58598.284224 -43.009373561287504 62.465392548062056 705.7354081550037
60651 58658.284224 -39.42477131347654 61.550872324886775 704.5859879233216
60651 58718.284224 -35.83092361457116 60.725468351535426 703.4696631466676
60651 58778.284224 -32.22922385419997 59.97124383842262 702.404564118072
60651 58838.284224 -28.62082075793682 59.27419911185257 701.4082454781418
60651 58898.284224 -25.006697877031755 58.62318040974475 700.4969638740439
60651 58958.284224 -21.387727640793294 58.00911806189586 699.6857349529747
60651 59018.284224 -17.76470778205966 57.42448142072821 698.9880901285429
60651 59078.284224 -14.13838648667886 56.862879222148536 698.4157893549307
60651 59138.284224 -10.509479698699634 56.31875865290804 697.9786311702212
60651 59198.284224 -6.878682867778557 55.78717174566556 697.6843058706413
60651 59258.284224 -3.246678836338236 55.2635873539025 697.5382756855347
60651 59318.284224 0.38585683365847995 54.74373300506111 697.5436802824047
60651 59378.284224 4.0182520482868815 54.22345465632677 697.7012696204312
60651 59438.284224 7.64983499549283 53.698584506865316 698.0093693641875
60651 59498.284224 11.2799307866011 53.16480794582378 698.463886332436
60651 59558.284224 14.907857152577286 52.61752060418928 699.0583614870939
60651 59618.284224 18.53291836969519 52.05166531432471 699.7840755792643
60651 59678.284224 22.154396426109123 51.46153635948525 700.6302054014906
60651 59738.284224 25.771537975636488 50.84053429780793 701.5838301711606
60651 59798.284224 29.383528812119362 50.18084922994816 702.6253882171887
60651 59858.284224 32.98950275433812 49.47302903083533 703.7572823074587
60651 59918.284224 36.58843437419797 48.70540982041406 704.9399978416094
60651 59978.284224 40.179138734397206 47.863286793612886 706.16741149716
60651 60038.284224 43.76016824032187 46.92773936267349 707.4190451439407
60651 60098.284224 47.32968149386967 45.873892262155685 708.6759920337594
60651 60158.284224 50.88524668404447 44.668276412751496 709.9194122444617
60651 60218.284224 54.423528014748506 43.264704865176576 711.1307169896799
60651 60278.284224 57.93977195348937 41.59761251722087 712.2918519051763
60651 60338.284224 61.426931363496685 39.57090157387651 713.3855830195149
60651 60398.284224 64.87410077472205 37.03850317161308 714.3957713227344
60651 60458.284224 68.26356661677768 33.76906614125786 715.3076269733169
60651 60518.284224 71.56490248772573 29.379330772363915 716.1079365682111
60651 60578.284224 74.72239670977496 23.20629199129575 716.785260243186
60651 60638.284224 77.62703273059682 14.078094475425038 717.3300986545095
60651 60698.284224 80.05629548860675 0.0725103564372294 717.7350318041259
60651 60758.284224 81.58906083905842 -20.68858815824984 717.9948314726007
60651 60818.284224 81.71280542967895 -45.81650790698534 718.1065469034713
60651 60878.284224 80.37319281812681 -67.62009848150424 718.0695603836893
60651 60938.284224 78.05244108945746 -82.60891081112482 717.8856069625117
60651 60998.284224 75.2047254017201 -92.3617809726162 717.5587520407838
60651 61058.284224 72.07881804957195 -98.90752801674125 717.095322513291
60651 61118.284224 68.7966089513702 -103.52573196546292 716.5037911450162
60651 61178.284224 65.41979343089677 -106.94176742909127 715.7946186498472
60651 61238.284224 61.981705864108655 -109.57253323981458 714.9800618980825
60651 61298.284224 58.50156412986361 -111.66787574374251 714.0739584573623
60651 61358.284224 54.99109896404719 -113.38445230471257 713.0914967218367
60651 61418.284224 51.45783322386233 -114.82468913286291 712.0489776738457
60651 61478.284224 47.90680558593032 -116.05808838467232 710.9635701537981
60651 61538.284224 44.34152759262103 -117.13337546316454 709.853058018441
60651 61598.284224 40.76454102939917 -118.08570808432144 708.7355760798673
60651 61658.284224 37.177756145974364 -118.94111553228565 707.6293327789526
60651 61718.284224 33.582664192780506 -119.71932507435189 706.5523207480857
60651 61778.284224 29.980474955764418 -120.43561658925059 705.5220207196825
60651 61838.284224 26.372207916657448 -121.10207345596997 704.5551091895063
60651 61898.284224 22.75875378985501 -121.72844806967565 703.667191645131
60651 61958.284224 19.140916427464244 -122.3227755524233 702.8726418104407
60651 62018.284224 15.519440420744123 -122.89181982323656 702.1842953123179
60651 62078.284224 11.895034778101685 -123.44140537209786 701.609966458553
60651 62138.284224 8.268389423718196 -123.97667183751311 701.1639318729794
60651 62198.284224 4.640171830452894 -124.50227816932038 700.8494304503166
60651 62258.284224 1.0110424002396738 -125.0225683675434 700.6715292146994
60651 62318.284224 -2.618341628293959 -125.5417167515388 700.6324713491734
60651 62378.284224 -6.247323599116433 -126.06386171157473 700.7320551104378
60651 62438.284224 -9.875244189628075 -126.59323691406516 700.9677123334912
60651 62498.284224 -13.501437507558077 -127.13430891964585 701.3345545624117
60651 62558.284224 -17.12522581298254 -127.69193081130585 701.825463469839
60651 62618.284224 -20.745911944010288 -128.27152331224568 702.4312257048881
60651 62678.284224 -24.362768272764658 -128.87929826049202 703.1407063380766
60651 62738.284224 -27.975020599685365 -129.5225448399112 703.9410532355821
60651 62798.284224 -31.581824724535878 -130.21000777766344 704.8179237442173
60651 62858.284224 -35.182232370264735 -130.95240075654067 705.755726644081
60651 62918.284224 -38.7751414279436 -131.76312095036752 706.737876335894
60651 62978.284224 -42.35922266465375 -132.65926789859162 707.7470594640132
60651 63038.284224 -45.93281020355552 -133.6631328831848 708.7655147818801
60651 63098.284224 -49.4937345531283 -134.80443421066767 709.7753255766561
60651 63158.284224 -53.03906137454888 -136.12376942296092 710.7587211896168
60651 63218.284224 -56.56466958671359 -137.67811796369904 711.6983808828803
60651 63278.284224 -60.06454374745362 -139.54992442293167 712.5777306603486
60651 63338.284224 -63.529533542636614 -141.86268088336482 713.3812227839612
60651 63398.284224 -66.94506512226958 -144.80878334409172 714.094589146813
60651 63458.284224 -70.28666729728953 -148.70139016865133 714.7050629955755
60651 63518.284224 -73.51066557876146 -154.07378180875907 715.2015676180919
60651 63578.284224 -76.53371286869837 -161.8658694654456 715.5748741171037
60651 63638.284224 -79.18730771549893 -173.70030150253808 715.8177321249922
60651 63698.284224 -81.13447267209544 168.24989009168723 715.9249768224836
60651 63758.284224 -81.8526731053758 144.0369464729949 715.8936133082707
60651 63818.284224 -81.04142220057471 120.08841143033077 715.7228763064475
60651 63878.284224 -79.03476466713656 102.48273814138385 715.4142607116443
60651 63938.284224 -76.34949023056767 90.9681702507617 714.9715175951043
60651 63998.284224 -73.30922706413764 83.36901516121873 714.4006113929788
60651 64058.284224 -70.07496710362139 78.11270322413121 713.7096366528957
60651 64118.284224 -66.72655615579065 74.29283731134467 712.9086959325746
60651 64178.284224 -63.3060147222913 71.39447379359288 712.0097430852725
60651 64238.284224 -59.83698629245846 69.11438734594911 711.0263974233703
60651 64298.284224 -56.33360475164905 67.26574831761404 709.973733984716
60651 64358.284224 -52.80477431483516 65.72832092707135 708.8680539511624
60651 64418.284224 -49.25636750582942 64.42164711819555 707.7266382387771
60651 64478.284224 -45.69242061311719 63.29000626738561 706.5674857587973
60651 64538.284224 -42.115817594764394 62.2936255943378 705.4090229065266
60651 64598.284224 -38.52869893293801 61.40334301215554 704.2697313535344
60651 64658.284224 -34.9327155510585 60.597251759054224 703.1678540475864
60651 64718.284224 -31.329190633928178 59.8585235273992 702.1214272458208
60651 64778.284224 -27.719225654029547 59.1739554996644 701.1476177369304
60651 64838.284224 -24.103772732955914 58.532975049009906 700.262366835515
60651 64898.284224 -20.48368331433263 57.926940508350135 699.4803841488925
60651 64958.284224 -16.859741219524846 57.34863790648124 698.8148464275193
60651 65018.284224 -13.232685438511606 56.791909626625646 698.2771409780925
60651 65078.284224 -9.603225743304844 56.251372795319305 697.8766713278062
60651 65138.284224 -5.97205329717211 55.722198863551995 697.6206911943386
60651 65198.284224 -2.339847860353006 55.19993440885086 697.5141658736952
60651 65258.284224 1.2927171989121296 54.68034855458137 697.5596680850748
60651 65318.284224 4.924971134069013 54.15929567358665 697.7573159881333
60651 65378.284224 8.556242489428096 53.632583845101074 698.1047597455962
60651 65438.284224 12.185855474531477 53.09584019674394 698.5972200569506
60651 65498.284224 15.813125292062768 52.54436390600931 699.2275782326938
60651 65558.284224 19.437351557298793 51.97295619494336 699.986514017624
60651 65618.284224 23.057808716410022 51.37571386842693 700.8626781959719
60651 65678.284224 26.67373162726689 50.74576836274293 701.8424074196034
60651 65738.284224 30.284282231661745 50.074947112416716 702.9068169148584
60651 65798.284224 33.88859359516009 49.35330047304539 704.047938557713
60651 65858.284224 37.48557996308261 48.56849709097461 705.2448912139828
60651 65918.284224 41.07400524545593 47.70490464139983 706.4807804180235
60651 65978.284224 44.652337047835566 46.742304023136555 707.7358938554376
60651 66038.284224 48.21860800911001 45.65396336074674 708.9912898623784
60651 66098.284224 51.770195045459346 44.40369614497796 710.228127670707
60651 66158.284224 55.30346581075328 42.941227468712135 711.427915352478
60651 66218.284224 58.81319405711519 41.194644886115356 712.5727977189422
60651 66278.284224 62.291551764143534 39.05763312848546 713.6458318805713
60651 66338.284224 65.72628535771211 36.36699875696242 714.6312426956732
60651 66398.284224 69.09722747997478 32.86142607285503 715.5146560070413
60651 66458.284224 72.36920495639909 28.103085768338786 716.2833100784572
60651 66518.284224 75.47672390295125 21.327891200908994 716.9262464049252
60651 66578.284224 78.28972718964972 11.191154340502216 717.4344799296036
60651 66638.284224 80.54320779417843 -4.38743488615678 717.8011461227627
60651 66698.284224 81.765494235571 -26.753256376358244 718.0216194668913
60651 66758.284224 81.50007296374083 -51.774946053288424 718.0935959838833
60651 66818.284224 79.86316410392085 -71.90842826088807 718.0171325764624
60651 66878.284224 77.3771503535287 -85.37270868925843 717.7946384506805
60651 66938.284224 74.44332697230885 -94.16374541667625 717.4308181678239
60651 66998.284224 71.27023056119425 -100.13568304877434 716.9325706658501
60651 67058.284224 67.9601560069562 -104.40159357326586 716.3088523695317
60651 67118.284224 64.5656810961998 -107.59117310835543 715.5705140668096
60651 67178.284224 61.11569461616637 -110.06973720425275 714.730120121288
60651 67238.284224 57.62710453812288 -112.0587332510675 713.8017553043409
60651 67298.284224 54.11036704739347 -113.69853199796259 712.8008203042478
60651 67358.284224 50.572264415054775 -115.08180869898324 711.7438133458496
60651 67418.284224 47.01738615212376 -116.27198924720449 710.6480936218004
60651 67478.284224 43.44896175193259 -117.3138753171338 709.5316229873396
60651 67538.284224 39.86935094980681 -118.24001069002738 708.41268532
60651 67598.284224 36.280344002727865 -119.07463568059349 707.3095870861409
60651 67658.284224 32.68335189988352 -119.83622460216023 706.2403466919246
60651 67718.284224 29.079530282379505 -120.539162611332 705.2223832286267
60651 67778.284224 25.46986201891385 -121.19488406708714 704.2722183423947
60651 67838.284224 21.855213140154042 -121.81266503424506 703.4052198502825
60651 67898.284224 18.236370848687528 -122.40018863460539 702.6354917398163
60651 67958.284224 14.614068255735006 -122.96395856099687 701.9748564153815
60651 68018.284224 10.989011068278653 -123.50960793558262 701.432261170825
60651 68078.284224 7.361881350620064 -124.04214050341685 701.0192748499152
60651 68138.284224 3.7333444576376573 -124.56612287607217 700.7396511286189
60651 68198.284224 0.10406015536340889 -125.08584433279376 700.5976933933817
60651 68258.284224 -3.5253142942797204 -125.60545843558563 700.5949269140976
60651 68318.284224 -7.154121282817337 -126.12911538210996 700.7304888684613
60651 68378.284224 -10.781699536667595 -126.66109407547762 701.0011875288217
60651 68438.284224 -14.407380039857651 -127.20594290311355 701.4015639871776
60651 68498.284224 -18.03048038402486 -127.76863916041164 701.923989746712
60651 68558.284224 -21.65029653481758 -128.35477927597665 702.558798022884
60651 68618.284224 -25.26609072101598 -128.97081584731657 703.2944462896473
60651 68678.284224 -28.877073698514355 -129.62436372370237 704.1177081099702
60651 68738.284224 -32.48237891409855 -130.32460727283527 705.0138917708788
60651 68798.284224 -36.08102492250995 -131.08285677530785 705.9670839249982
60651 68858.284224 -39.671860491620336 -131.91332751340144 706.9604173053087
60651 68918.284224 -43.253483604352915 -132.83425754267222 707.9763599643222
60651 68978.284224 -46.824119991181114 -133.86955218648976 708.9970202312993
60651 69038.284224 -50.38143690935246 -135.0512692777386 710.0044588338753
60651 69098.284224 -53.92224962537512 -136.42348665516832 710.9809983059287
60651 69158.284224 -57.442043072336524 -138.0485187387725 711.9095201136025
60651 69218.284224 -60.93416101376145 -140.01727385535847 712.7737418375273
60651 69278.284224 -64.38836715944032 -142.46720225555433 713.5584697936387
60651 69338.284224 -67.78815349431805 -145.61471629993244 714.24982577865
60651 69398.284224 -71.10539770571368 -149.81608858392468 714.8354491911504
60651 69458.284224 -74.28907952884266 -155.68437039255303 715.3046768687743
60651 69518.284224 -77.24022404739989 -164.30337368866148 715.6487023982185
60651 69578.284224 -79.75718670300765 -177.49241521886378 715.8607147958069
60651 69638.284224 -81.44871893506637 162.69990200522227 715.9360141501578
60651 69698.284224 -81.78842164549121 137.74741263318 715.872099997556
60651 69758.284224 -80.62811944501081 115.08900813155604 715.6687275539871
60651 69818.284224 -78.40946893186884 99.1926515871995 715.3279276624494
60651 69878.284224 -75.61341691404819 88.84899545587265 714.853988118279
60651 69938.284224 -72.51400320408315 81.95130293334616 714.2533962433537
60651 69998.284224 -69.24583370823164 77.11901094662214 713.5347444674072
60651 70058.284224 -65.87650141818087 73.56672347499168 712.708601750678
60651 70118.284224 -62.44218764110155 70.8451849670403 711.787353870087
60651 70178.284224 -58.963577485590996 68.68687597240854 710.7850152252435
60651 70238.284224 -55.453209006086 66.9250987300277 709.7170144951845
60651 70298.284224 -51.91907645028444 65.45146985260367 708.5999568355825
60651 70358.284224 -48.36650865217605 64.19280494628832 707.4513666523751
60651 70418.284224 -44.79920439596054 63.09801738623311 706.2894143526391
60651 70478.284224 -41.219831671474516 62.13038558863375 705.1326077338273
60651 70538.284224 -37.630389607368414 61.26281493607225 703.9993959547195
60651 70598.284224 -34.03243510735807 60.47483459186252 702.907974439149
60651 70658.284224 -30.42722788210161 59.750634596692436 701.8762786900567
60651 70718.284224 -26.8158265558577 59.07774696663029 700.9211840757885
60651 70778.284224 -23.19915436611619 58.44613645611182 700.0583656536488
60651 70838.284224 -19.578043168301487 57.84755784767929 699.3022116040692
60651 70898.284224 -15.953263513511226 57.27509056610276 698.6654932890941
60651 70958.284224 -12.325545432069875 56.72279304153562 698.1591153864608
60651 71018.284224 -8.695592709075532 56.18543864962017 697.7919210543022
60651 71078.284224 -5.064092640182038 55.65830720505222 697.570531857841
60651 71138.284224 -1.431722715596238 55.137013613369625 697.499227222252
60651 71198.284224 2.2008446774916455 54.617360051925374 697.5798691864339
60651 71258.284224 5.832938657937584 54.095200914857756 697.8118747896358
60651 71318.284224 9.463886587926451 53.566311258109 698.1922349371897
60651 71378.284224 13.093010390455957 53.02624988919681 698.7155760522456
60651 71438.284224 16.71962163226115 52.47020763325631 699.3742598520373
60651 71498.284224 20.343014415457453 51.892829561798884 700.1585168564553
60651 71558.284224 23.962454856215892 51.28799677937009 701.0565862700314
60651 71618.284224 27.577164771030535 50.64854825553824 702.0539785543222
60651 71678.284224 31.186289437265042 49.96591627880779 703.1374226362802
60651 71738.284224 34.788924699578885 49.22961859639801 704.2868999201171
60651 71798.284224 38.38395185747005 48.426592635243814 705.4894282231215
60651 71858.284224 41.97007019948669 47.54019681209022 706.7257912282807
60651 71918.284224 45.54565357687423 46.548790643569895 707.976592732228
60651 71978.284224 49.10859437137502 45.42359875911747 709.2229267128099
60651 72038.284224 52.656055724719785 44.125423871808096 710.4460712735832
60651 72098.284224 56.18407191456184 42.5994271146877 711.6277350394251
60651 72158.284224 59.68688089698244 40.766547718135904 712.7503274593935
60651 72218.284224 63.15576030774369 38.508850544945396 713.7972175518271
60651 72278.284224 66.5768931315788 35.64345817430132 714.7529796657877
60651 72338.284224 69.92722445457832 31.874240690379377 715.6036271187202
60651 72398.284224 73.16590515114441 26.699469892877286 716.336832573387
60651 72458.284224 76.21557657521144 19.237327723063018 716.9421306781608
60651 72518.284224 78.92065407215387 7.95398051090422 717.4110953466277
60651 72578.284224 80.96756326364572 -9.317113676259197 717.7374824639842
60651 72638.284224 81.84573826829259 -33.0324083334853 717.9173296354032
60651 72698.284224 81.19856007577097 -57.403653210014504 717.9490078514539
60651 72758.284224 79.29920694235483 -75.77855235726136 717.8332247718495
60651 72818.284224 76.672265023294 -87.8580908150468 717.572984255953
60651 72878.284224 73.66442533086484 -95.80087878962662 717.1735102453932
60651 72938.284224 70.44995581531451 -101.26498821207171 716.6421440471707
60651 72998.284224 67.11493870448052 -105.21560826016946 715.988222252592
60651 73058.284224 63.704349471539174 -108.20012642309159 715.2229386828536
60651 73118.284224 60.24331228718472 -110.53941707813837 714.3591892966342
60651 73178.284224 56.746748566059345 -112.430227315232 713.4113955455764
60651 73238.284224 53.22400337174032 -113.99860713431251 712.3953004724207
60651 73298.284224 49.68120580140873 -115.32856847535497 711.3277333769936
60651 73358.284224 46.122545187463814 -116.47808827667103 710.2263426622857
60651 73418.284224 42.55099744931592 -117.48842065024112 709.109301313998
60651 73478.284224 38.968757319919845 -118.38972902530793 707.9949938641963
60651 73538.284224 35.37750556602112 -119.20461430295165 706.9016963898684
60651 73598.284224 31.77857962194012 -119.95039617840396 705.8472615911538
60651 73658.284224 28.17308548480807 -120.64063126321525 704.8488201012817
60651 73718.284224 24.561972621355718 -121.28615038114788 703.922511161212
60651 73778.284224 20.946084772187653 -121.89578519574471 703.0832749978908
60651 73838.284224 17.32619427608732 -122.47688978651772 702.344632547303
60651 73898.284224 13.703026840379897 -123.03572421273475 701.7168564926793
60651 73958.284224 10.077282982098744 -123.57774380728374 701.211724077661
60651 74018.284224 6.44963862908516 -124.10782691856043 700.8362116272272
60651 74078.284224 2.820758700280147 -124.63045689314339 700.595529197138
60651 74138.284224 -0.8086973263380246 -125.1498768866856 700.4931412913577
60651 74198.284224 -4.438072074536325 -125.67022827487384 700.5300081297289
60651 74258.284224 -8.06670712536107 -126.19568212926625 700.7047216208132
60651 74318.284224 -11.693939548396347 -126.73057264477019 701.013546638851
60651 74378.284224 -15.319097473980484 -127.27954161548172 701.4504866396268
60651 74438.284224 -18.94149384865152 -127.84770433170907 702.0073868114036
60651 74498.284224 -22.560417310179304 -128.4408498585747 702.6740733299317
60651 74558.284224 -26.175118801029555 -129.06569302322865 703.4385273242833
60651 74618.284224 -29.784792030133982 -129.73020244239538 704.2870911710993
60651 74678.284224 -33.388545071544925 -130.4440400495243 705.2047028627359
60651 74738.284224 -36.98535905926087 -131.21916539977792 706.1751546807872
60651 74798.284224 -40.57402774842398 -132.070687054413 707.1813728963799
60651 74858.284224 -44.153068011213385 -133.01809169205433 708.2057132708943
60651 74918.284224 -47.72058490162212 -134.08706428740683 709.2302648268696
60651 74978.284224 -51.274063393774945 -135.31225842506697 710.237153560776
60651 75038.284224 -54.81003747662805 -136.74164120144206 711.2088384131546
60651 75098.284224 -58.32354579486118 -138.44353786714967 712.1283934024266
60651 75158.284224 -61.80719880933711 -140.51848137876777 712.9797719280749
60651 75218.284224 -65.24950248856075 -143.11995858669152 713.7480513306606
60651 75278.284224 -68.63167737412209 -146.49227356509095 714.4196573118338
60651 75338.284224 -71.9212458477167 -151.04224475644148 714.9825683990591
60651 75398.284224 -75.05828762211901 -157.47661093406194 715.4265002471932
60651 75458.284224 -77.92473756001942 -167.04322224436314 715.7430684906161
60651 75518.284224 -80.2795258007797 178.25745283380866 715.9259275926023
60651 75578.284224 -81.67742291011281 156.74557228520956 715.9708821945861
60651 75638.284224 -81.62516559434015 131.58979808977116 715.8759671934008
60651 75698.284224 -80.14567515584686 110.51775790100653 715.6414932486994
60651 75758.284224 -77.74492690998888 96.2328124580012 715.2700554671693
60651 75818.284224 -74.8541648793905 86.92932982628422 714.7665042945524
60651 75878.284224 -71.70338397367783 80.65192999959324 714.1378788404412
60651 75938.284224 -68.40522578259184 76.19817000266184 713.3933037625184
60651 75998.284224 -65.01709193318277 72.88758270114859 712.5438514322911
60651 76058.284224 -61.57023764965372 70.3275162798155 711.602371536294
60651 76118.284224 -58.08281151068736 68.2814548503547 710.5832907481138
60651 76178.284224 -54.565962842124996 66.60036988230877 709.5023858369485
60651 76238.284224 -51.02688387381341 65.18639265897448 708.3765347221669
60651 76298.284224 -47.47041914861274 63.97285507161251 707.2234514003421
60651 76358.284224 -43.89996422759075 62.912858149001 706.0614082248386
60651 76418.284224 -40.31799174241895 61.972458539659605 704.9089193526328
60651 76478.284224 -36.72637224190454 61.12645642916028 703.7843423348688
60651 76538.284224 -33.12657664155274 60.35570426063714 702.7057571750591
60651 76598.284224 -29.519806423802013 59.645334864375315 701.6908810797253
60651 76658.284224 -25.90708077322209 58.983563050013785 700.7562539799585
60651 76718.284224 -22.289296196824598 58.36085420485686 699.9172023581393
60651 76778.284224 -18.667266480656604 57.769333005652 699.1876985250558
60651 76838.284224 -15.041750119034754 57.20235260483023 698.5800379388985
60651 76898.284224 -11.41346927187093 56.6541724906371 698.1046078035364
60651 76958.284224 -7.783122764871179 56.1197104460769 697.7697071105115
60651 77018.284224 -4.151394949929534 55.59434484280783 697.5814014939597
60651 77078.284224 -0.5189617659648966 55.073750298396966 697.5434162196298
60651 77138.284224 3.113504965760044 54.55375394677772 697.6570706648521
60651 77198.284224 6.745334153659589 54.03020205580014 697.9212553336401
60651 77258.284224 10.375852176402311 53.498827933821325 698.3324508032758
60651 77318.284224 14.004378975866446 52.95511221531927 698.8847872150201
60651 77378.284224 17.630222657137416 52.3941257299187 699.5701428006399
60651 77438.284224 21.25267159594956 51.81034308388405 700.3782774758424
60651 77498.284224 24.870982721379193 51.19741145021983 701.2969231163323
60651 77558.284224 28.484362574911174 50.547853462439214 702.3104031253785
60651 77618.284224 32.09194340379439 49.852672565832854 703.4112168297936
60651 77678.284224 35.69276998482916 49.100810791745566 704.5694953189434
60651 77738.284224 39.28569035691789 48.2784092738974 705.7766953983734
60651 77798.284224 42.86933243043038 47.36772371946572 707.0127368713135
60651 77858.284224 46.441966031088945 46.34555297739685 708.2584856789449
60651 77918.284224 50.001327371296256 45.180864930000425 709.4950569189086
60651 77978.284224 53.54434021690684 43.831115103478346 710.7037937022892
60651 78038.284224 57.06666273866036 42.236351738100254 711.8665264254107
60651 78098.284224 60.56192294786257 40.30943554396087 712.9658479405962
60651 78158.284224 64.02036941622207 37.9191691955172 713.9853817361729
60651 78218.284224 67.42636314638504 34.859967885613194 714.9100387501862
60651 78278.284224 70.75343392663117 30.795124709557836 715.7262584568039
60651 78338.284224 73.9539116944782 25.14799961925444 716.4222281120218
60651 78398.284224 76.93600164059755 16.90054114591013 716.9880728437074
60651 78458.284224 79.513311971414 4.321070189740084 717.4160094635756
60651 78518.284224 81.31896079285835 -14.711652126510026 717.7004587260509
60651 78578.284224 81.82549030041966 -39.3815671919465 717.8381139382558
60651 78638.284224 80.81567047657367 -62.62844964454532 717.8279675157328
60651 78698.284224 78.68837337865587 -79.25557798339621 717.6713002181558
60651 78758.284224 75.94155922968572 -90.0944817079355 717.3716394405341
60651 78818.284224 72.87002884080951 -97.29023028600089 716.9346925805269
60651 78878.284224 69.61928867137972 -102.30418895243409 716.368259298155
60651 78938.284224 66.26201380298954 -105.97210128108334 715.6821231991189
60651 78998.284224 62.83682335348345 -108.77065897458354 714.8879202621918
60651 79058.284224 59.365643037484915 -110.98239438136787 713.9989793600429
60651 79118.284224 55.86168006261937 -112.7825281972605 713.0301302764602
60651 79178.284224 52.33330743887251 -114.2844938308233 711.9974768392559
60651 79238.284224 48.78607610628303 -115.56459285653645 710.9181366017364
60651 79298.284224 45.223817791821475 -116.67590816873137 709.8099528294991
60651 79358.284224 41.64928025069582 -117.65648180198099 708.6911881310544
60651 79418.284224 38.064509207218315 -118.53430668241529 707.5802109131951
60651 79478.284224 34.47108657035743 -119.33047970030864 706.4951855654522
60651 79538.284224 30.870283640180233 -120.0612558746996 705.4537754245906
60651 79598.284224 27.263162114032003 -120.73942472578516 704.472866270833
60651 79658.284224 23.650641914301445 -121.37525674866852 703.5683231332457
60651 79718.284224 20.033547164643302 -121.97717050846492 702.7547865146684
60651 79778.284224 16.412637565566865 -122.55221437159777 702.0449995206627
60651 79838.284224 12.788633373082373 -123.10642272340243 701.4496357837434
60651 79898.284224 9.162227015976361 -123.64508810128268 700.979677716787
60651 79958.284224 5.534091619480499 -124.17297497423111 700.6412396836233
60651 80018.284224 1.9048909537533876 -124.69449388142323 700.4394367158658
60651 80078.284224 -1.7247161105711617 -125.21385118019504 700.3770110751148
60651 80138.284224 -5.354072078798799 -125.73518480178835 700.454250719887
60651 80198.284224 -8.982517506884655 -126.26269537748732 700.6690469664298
60651 80258.284224 -12.609387287092805 -126.80078157421411 701.0169497422236
60651 80318.284224 -16.23400581374395 -127.35418894879034 701.491261441862
60651 80378.284224 -19.855680131730363 -127.92818321379004 702.0831691910241
60651 80438.284224 -23.473689934212956 -128.52876178582972 702.7819098706311
60651 80498.284224 -27.087272909824428 -129.16292241822887 703.5749641029898
60651 80558.284224 -30.695603360099803 -129.83901559277103 704.4482746992102
60651 80618.284224 -34.29776107509424 -130.5672198631249 705.3864834998361
60651 80678.284224 -37.89268594870171 -131.36019946236533 706.3731838823094
60651 80738.284224 -41.47911132993588 -132.23403643234082 707.3911890649096
60651 80798.284224 -45.05546487308218 -133.20958476112148 708.4228143848178
60651 80858.284224 -48.61971822619417 -134.31448916392446 709.4501688574492
60651 80918.284224 -52.16915346753857 -135.58628016759508 710.4554499203168
60651 80978.284224 -55.69998898516627 -137.07726765959353 711.4212348423315
60651 81038.284224 -59.20675809153597 -138.8625462895476 712.330762513973
60651 81098.284224 -62.681232124065424 -141.0535939666501 713.1682002725329
60651 81158.284224 -66.11045983684711 -143.82233040114198 713.9188918907777
60651 81218.284224 -69.47299160582168 -147.44547293601465 714.5695844303881
60651 81278.284224 -72.7311465007549 -152.38909358754867 715.1086328463341
60651 81338.284224 -75.81420882682869 -159.4695143787321 715.5261816970501
60651 81398.284224 -78.58086808583677 -170.1173906487383 715.8143230154593
60651 81458.284224 -80.74420293221534 173.5339403734512 715.9672285525471
60651 81518.284224 -81.8120780762703 150.50044375805638 715.9812536275895
60651 81578.284224 -81.36816315573014 125.70895020368296 715.8550091484836
60651 81638.284224 -79.60412907861979 106.38064857860715 715.5893983261944
60651 81698.284224 -77.04805677245254 93.57343695168218 715.1876153076869
60651 81758.284224 -74.07617988396096 85.18790875899327 714.6551042679648
60651 81818.284224 -70.88059368251444 79.45867963066479 713.9994791401451
60651 81878.284224 -67.555768671229 75.34313765947893 713.2304057680001
60651 81938.284224 -64.15062737589288 72.25112109374187 712.3594495417907
60651 81998.284224 -60.69226188350038 69.83866529595691 711.3998923699567
60651 82058.284224 -57.196641871784166 67.89616871334829 710.3665231709796
60651 82118.284224 -53.67370635571836 66.29011346123676 709.2754061440658
60651 82178.284224 -50.129940083666305 64.93196095367745 708.1436312410287
60651 82238.284224 -46.56975621687836 63.76088196987487 706.9890514512865
60651 82298.284224 -42.99627817674443 62.73376237477922 705.8300064621036
60651 82358.284224 -39.41180228037977 61.81918882997487 704.684999389881
60651 82418.284224 -35.81808255079839 60.99369838509195 703.5723146906906
60651 82478.284224 -32.21651165472284 60.239363309416184 702.5099491587939
60651 82538.284224 -28.608238008816375 59.54218967312457 701.5153874685158
60651 82598.284224 -24.994244849289633 58.89102714057265 700.6048719665545
60651 82658.284224 -21.37540424876881 58.276807846267914 699.7933956458563
60651 82718.284224 -17.75251345402363 57.69200177870665 699.0945064664203
60651 82778.284224 -14.126319904597953 57.130217450197755 698.5200024829621
60651 82838.284224 -10.497538506393603 56.585901202177254 698.0797151336784
60651 82898.284224 -6.86686345515495 56.054103789740424 697.7813418369229
60651 82958.284224 -3.2349762824244155 55.530292502630424 697.6303155775867
60651 83018.284224 0.3974486262725881 55.010193116210225 697.6297139563343
60651 83078.284224 4.029740058297315 54.489649687149935 697.7802097392866
60651 83138.284224 7.661226712007325 53.96449233779472 698.0800629408235
60651 83198.284224 11.291233872335559 53.43040410168274 698.5251530899288
60651 83258.284224 14.919079235715778 52.88277779560538 699.10904968742
60651 83318.284224 18.54406700731807 52.31655272225421 699.8231184374785
60651 83378.284224 22.165479206074362 51.72601858606165 700.6566510653141
60651 83438.284224 25.78256260572211 51.10456990901997 701.5967959277172
60651 83498.284224 29.39450641957142 50.444388140640676 702.6272415762462
60651 83558.284224 33.00043423972888 49.73601243940121 703.7407759174661
60651 83618.284224 36.599332873923736 48.96776212008236 704.9086996007786
60651 83678.284224 40.190011647511795 48.124913934544715 706.12010640325
60651 83738.284224 43.77102076869697 47.188520969762024 707.355173837881
60651 83798.284224 47.340515472824116 46.13367145497975 708.5948752584922
60651 83858.284224 50.89605867499595 44.926844692780804 709.820326168819
60651 83918.284224 54.434306745480654 43.521778791863944 711.012944548296
60651 83978.284224 57.95049450822356 41.85279649573512 712.1547337867054
60651 84038.284224 61.43755698277356 39.82362636456163 713.228564610326
60651 84098.284224 64.88456001649396 37.287920564062404 714.2184408372924
60651 84158.284224 68.27374124541811 34.013862489724 715.1097444561428
60651 84218.284224 71.57458603194823 29.617390998934237 715.8894569103792
60651 84278.284224 74.7312132757369 23.434117928185056 716.546353632821
60651 84338.284224 77.63426845335283 14.290063615256761 717.0711688981582
60651 84398.284224 80.06060437266476 0.2617516044422419 717.4567283400471
60651 84458.284224 81.58840690719946 -20.519755431066635 717.6980472038465
60651 84518.284224 81.70608943227423 -45.63987046648916 717.7923935571686
60651 84578.284224 80.36199352430516 -67.41230597763699 717.7393170170783
60651 84638.284224 78.0388662525553 -82.37553000146313 717.5406446938215
60651 84698.284224 75.1899251269708 -92.11374428310033 717.2004466188489
60651 84758.284224 72.06328481142775 -98.65159488917907 716.7249727080026
60651 84818.284224 68.78054650660482 -103.26544943094653 716.1225623728324
60651 84878.284224 65.40328577615769 -106.67900395946185 715.4035265876505
60651 84938.284224 61.964785968949215 -109.30831605348804 714.5800010892546
60651 84998.284224 58.48424276448258 -111.4027973924265 713.6657689810056
60651 85058.284224 54.97337746756276 -113.11887026187601 712.676051688611
60651 85118.284224 51.43970936061053 -114.55882788242383 711.6272689863508
60651 85178.284224 47.888276213271865 -115.7920941189951 710.5367713199367
60651 85238.284224 44.322589811346496 -116.86734671843061 709.4225502629798
60651 85298.284224 40.74519265204928 -117.8197136090415 708.3029349592307
60651 85358.284224 37.15799592661078 -118.67520510383747 707.1962833139904
60651 85418.284224 33.56249203681797 -119.45353627911496 706.120676446645
60651 85478.284224 29.95989217714758 -120.16997921811704 705.0936242562212
60651 85538.284224 26.351217503821125 -120.83661244947736 704.1317913093212
60651 85598.284224 22.737360560992126 -121.46318555922944 703.2507557561066
60651 85658.284224 19.119127023233773 -122.05773231175212 702.4647010414832
60651 85718.284224 15.497265333901861 -122.62701598192317 701.7855507787195
60651 85778.284224 11.87248837025502 -123.17686118110785 701.2247195591982
60651 85838.284224 8.245482039234018 -123.71240940212355 700.7910815792893
60651 85898.284224 4.6169173369352965 -124.23832072900983 700.4907487928023
60651 85958.284224 0.9874571275259199 -124.75894091577918 700.3281604200556
60651 86018.284224 -2.642239629396974 -125.27844663923953 700.3053393585491
60651 86078.284224 -6.271514423838836 -125.80097924562882 700.421914621379
60651 86138.284224 -9.89970589078074 -126.33077613304565 700.6751645072055
60651 86198.284224 -13.526145972050198 -126.87230862247522 701.0600805038538
60651 86258.284224 -17.150154745865432 -127.43043591087587 701.5694661104934
60651 86318.284224 -20.771032958555644 -128.0105866004164 702.1940671514485
60651 86378.284224 -24.388051034496513 -128.61898270248568 702.9227304942532
