CIC_MEM_VERS = 1.0
CREATION_DATE = 2024-12-07T13:42:40.207178
ORIGINATOR = CS Group

META_START
OBJECT_NAME = PLEIADES1B
OBJECT_ID = PLEIADES1B
USER_DEFINED_PROTOCOL = NONE
USER_DEFINED_CONTENT = LLA
USER_DEFINED_SIZE = 3.0
USER_DEFINED_TYPE = REAL
USER_DEFINED_UNIT = [deg] [km]
TIME_SYSTEM = UTC
META_STOP

60651 14847.976512 0.11937268068570647 54.13924249371614 697.7586974979686
60651 14907.976512 3.750535059514504 53.61960093673919 697.7712402894084
60651 14967.976512 7.381082497675889 53.095657412795525 697.9147888148368
60651 15027.976512 11.010360766652484 52.56311543349694 698.1860154542403
60651 15087.976512 14.637707034964926 52.01739933432976 698.5793915201832
60651 15147.976512 18.262444674101538 51.45349286562081 699.0872620856048
60651 15207.976512 21.883874829770342 50.8657460834566 699.6999647846743
60651 15267.976512 25.501263903597156 50.24763408186516 700.4059840041792
60651 15327.976512 29.11382521743804 49.591444721863404 701.1921409659051
60651 15387.976512 32.72069236629357 48.887862269674564 702.0438195294519
60651 15447.976512 36.32088055029796 48.12539747813503 702.9452241088508
60651 15507.976512 39.913230163387794 47.2895880553127 703.8796622991485
60651 15567.976512 43.49632352633143 46.361849352541334 704.8298421362591
60651 15627.976512 47.06835980919706 45.317780007243464 705.7781733122887
60651 15687.976512 50.62696280548951 44.1245956260793 706.7070633165227
60651 15747.976512 54.16887707932036 42.737125202963476 707.5992027361315
60651 15807.976512 57.68947121839647 41.09135788178393 708.437837633058
60651 15867.976512 61.18189286319595 39.09365779696362 709.2070297018926
60651 15927.976512 64.63556329506213 36.60201037624016 709.891905867311
60651 15987.976512 68.0333484326297 33.392024389413734 710.4788978708789
60651 16047.976512 71.34591476439547 29.092863124098926 710.9559697797174
60651 16107.976512 74.51974646741401 23.064115749732167 711.3128283345073
60651 16167.976512 77.4504471636796 14.172393665005682 711.5411088795838
60651 16227.976512 79.92480690708244 0.5345634545115153 711.6345291805192
60651 16287.976512 81.5337539991758 -19.82748731617972 711.5890049621281
60651 16347.976512 81.75449534725375 -44.94263171500241 711.4027239829028
60651 16407.976512 80.48970027862738 -67.16720791217149 711.0761788696227
60651 16467.976512 78.2075253325752 -82.56240225046167 710.6121616235307
60651 16527.976512 75.37603212265988 -92.56997220456293 710.0157238594061
60651 16587.976512 72.25540309980299 -99.26400342963758 709.2941062642009
60651 16647.976512 68.97305402170254 -103.97079265552625 708.4566389574653
60651 16707.976512 65.59319688377191 -107.44230059842002 707.5146123666974
60651 16767.976512 62.15036887582333 -110.10946369098112 706.4811169432732
60651 16827.976512 58.66440559103561 -112.22969035455152 705.3708502757515
60651 16887.976512 55.147379164084604 -113.96388733682421 704.1998922259921
60651 16947.976512 51.607014911219665 -115.41697833829393 702.9854540163005
60651 17007.976512 48.048479979895184 -116.65999620867512 701.7456343042982
60651 17067.976512 44.475372677940356 -117.74264053346991 700.499428763223
60651 17127.976512 40.890295511836875 -118.70071044175795 699.2661825088381
60651 17187.976512 37.295217064424676 -119.56066705791702 698.0607548433792
60651 17247.976512 33.69166574403492 -120.34254060415472 696.9075022736096
60651 17307.976512 30.08088445769986 -121.06182632681842 695.8208657107432
60651 17367.976512 26.463927004062022 -121.730763301568 694.81841642746
60651 17427.976512 22.84171567761598 -122.35921938403824 693.9161864210033
60651 17487.976512 19.215084637935124 -122.9553167857075 693.1286568864447
60651 17547.976512 15.584809296107254 -123.52588609217743 692.468632485781
60651 17607.976512 11.95162639134948 -124.07680431003803 691.9470277556426
60651 17667.976512 8.316247714244088 -124.61325387224367 691.572664897964
60651 17727.976512 4.679369457044585 -125.13992787201093 691.3521037397069
60651 17787.976512 1.0416786035568237 -125.66119945522834 691.28951301322
60651 17847.976512 -2.5961425733957357 -126.18126872473283 691.3865884330514
60651 17907.976512 -6.233413036923557 -126.70429778661193 691.6425198761949
60651 17967.976512 -9.869449755927509 -127.23454318633239 692.054007077929
60651 18027.976512 -13.503563951962782 -127.77649468969335 692.6153211267144
60651 18087.976512 -17.13505599079928 -128.3350301064472 693.3184079487295
60651 18147.976512 -20.763207942372485 -128.91559776340853 694.1530298377481
60651 18207.976512 -24.387272584927523 -129.52444165726448 695.1069417281212
60651 18267.976512 -28.006457227370177 -130.1688899126408 696.1661019104218
60651 18327.976512 -31.619900097750268 -130.85773609057094 697.3149690622254
60651 18387.976512 -35.226639939001565 -131.6017580823659 698.5618660655756
60651 18447.976512 -38.82612865437812 -132.41456580203547 698.6151462292623
60651 18507.976512 -42.417184257182925 -133.31347748045886 699.7797736379322
60651 18567.976512 -45.99741030129829 -134.32082053153093 701.1240960753054
60651 18627.976512 -49.56455528992782 -135.46657353138443 702.4713013162171
60651 18687.976512 -53.115646577240014 -136.79174199593157 703.80225543976
60651 18747.976512 -56.64651010181443 -138.3539337326448 705.0981696314778
60651 18807.976512 -60.15105121181203 -140.23659635251047 706.3409738111242
60651 18867.976512 -63.6199909927727 -142.56488775901204 707.5135952286439
60651 18927.976512 -67.03853034205329 -145.53409379177972 708.6002171909145
60651 18987.976512 -70.38177371889454 -149.46261642112478 709.5865168038852
60651 19047.976512 -73.60518745796134 -154.8936049494507 710.4598773594539
60651 19107.976512 -76.62357002505537 -162.78543780087313 711.2095709109922
60651 19167.976512 -79.26435260463856 -174.78934263214708 711.8269074406793
60651 19227.976512 -81.18316717745812 166.92011984176855 712.3053485475969
60651 19287.976512 -81.85406398665644 142.5571582221427 712.6405853886683
60651 19347.976512 -80.99427551164067 118.73470802002055 712.8305821669643
60651 19407.976512 -78.95570573571294 101.351788904089 712.8755873173423
60651 19467.976512 -76.25280055739562 90.00118623829873 712.7781144574302
60651 19527.976512 -73.20271854028941 82.50325165280253 712.5428942634759
60651 19587.976512 -69.96270787560012 77.30925017810222 712.1767971224078
60651 19647.976512 -66.61081992794865 73.52929973547064 711.6887253001676
60651 19707.976512 -63.18820101166838 70.65769933449498 711.0894729998053
60651 19767.976512 -59.71804003224909 68.39632344465451 710.3915533566505
60651 19827.976512 -56.21421599686676 66.56124610296513 709.6089930601047
60651 19887.976512 -52.685478850132434 65.03395452311932 708.7570974847745
60651 19947.976512 -49.13760033472973 63.73505566483892 707.8521913424138
60651 20007.976512 -45.57454577271717 62.609512272690885 706.9113413384679
60651 20067.976512 -41.99914546410284 61.61800485966401 705.952067774383
60651 20127.976512 -38.41349650504082 60.731680887673235 704.9920514743002
60651 20187.976512 -34.819212368901255 59.92885034771707 704.04884117091
60651 20247.976512 -31.21758283667832 59.19284017387763 703.1395651046655
60651 20307.976512 -27.60967912376928 58.51056098352566 702.2806496170992
60651 20367.976512 -23.9964243729278 57.871524273472815 701.4875472948492
60651 20427.976512 -20.378641609644678 57.2671516159019 700.7744777671571
60651 20487.976512 -16.757086657642887 56.6902771517806 700.1541852480216
60651 20547.976512 -13.132470809040997 56.134780184169976 699.6377174807427
60651 20607.976512 -9.505476414873579 55.59530628859705 699.2342270696862
60651 20667.976512 -5.876767643752987 55.06704878697443 698.9507804967392
60651 20727.976512 -2.2469984717263927 54.54557092328939 698.7927672660667
60651 20787.976512 1.3831824573326916 54.0266540774497 698.7617206541398
60651 20847.976512 5.013132755218141 53.506160288119624 698.8591159873746
60651 20907.976512 8.642204937275322 52.97990206645114 699.0826124366688
60651 20967.976512 12.26974598778168 52.44350727349039 699.4279959052061
60651 21027.976512 15.89509468269019 51.89227158186534 699.8888980178087
60651 21087.976512 19.51757348661945 51.32098814977977 700.4568155499378
60651 21147.976512 23.13647881740745 50.72374026462583 701.1212938077452
60651 21207.976512 26.751066794398707 50.093638896363274 701.8701053930085
60651 21267.976512 30.360532433480167 49.4224793509254 702.6894585493071
60651 21327.976512 33.96397943513342 48.70027919849243 703.5642350730127
60651 21387.976512 37.56037626122415 47.91464037797235 704.4782532083308
60651 21447.976512 41.148491801281565 47.049846872181966 705.4145494824762
60651 21507.976512 44.726799874697 46.085556635936356 706.3556726446989
60651 21567.976512 48.293334752138314 44.99485585083505 707.2839827965428
60651 21627.976512 51.845467159913206 43.74128302835946 708.1819494235928
60651 21687.976512 55.379546439913646 42.27413634719117 709.0324431206448
60651 21747.976512 58.89030809521163 40.52081910924522 709.8190169740619
60651 21807.976512 62.36985086824271 38.37387788209323 710.5261744790348
60651 21867.976512 65.80578239508496 35.66814431087724 711.1396213249872
60651 21927.976512 69.17766504914418 32.13871464756552 711.646498388937
60651 21987.976512 72.44977241113695 27.34094778528535 712.0355930277719
60651 22047.976512 75.55540782363201 20.49753376351375 712.2975255360575
60651 22107.976512 78.36178568095382 10.239911305589427 712.4249076768896
60651 22167.976512 80.5981135193569 -5.536310588407859 712.4124705985765
60651 22227.976512 81.78554475850989 -28.10903195643584 712.2571601435662
60651 22287.976512 81.47405852525803 -53.13163272938562 711.9581983318178
60651 22347.976512 79.79967765416356 -73.08827871139322 711.5171104247163
60651 22407.976512 77.28939604884224 -86.38714375710022 710.9377173032215
60651 22467.976512 74.3393149239057 -95.06940644309047 710.2260929426449
60651 22527.976512 71.15391704516983 -100.97336947241601 709.3904867204709
60651 22587.976512 67.83344449821607 -105.1956669952569 708.4412104236317
60651 22647.976512 64.42948247074669 -108.35606885174766 707.3904903629202
60651 22707.976512 60.9704220270357 -110.81430867299757 706.2522860312918
60651 22767.976512 57.4729096731163 -112.78864674042795 705.0420780989265
60651 22827.976512 53.94725944423884 -114.41756703387213 703.7766297483523
60651 22887.976512 50.4001755668039 -115.79258318027698 702.4737249383559
60651 22947.976512 46.836206137638044 -116.97637911500125 701.1518718417135
60651 23007.976512 43.258561593997726 -118.01326684330944 699.8295353366204
60651 23067.976512 39.66946786177691 -118.93548891669332 698.5672119963801
60651 23127.976512 36.07109240922705 -119.76696416755532 697.3615416380844
60651 23187.976512 32.464606646522164 -120.52606982489613 696.1622660518507
60651 23247.976512 28.851200540238565 -121.22706882464915 695.0372979402155
60651 23307.976512 25.231878388812284 -121.88131066289621 694.0038867576055
60651 23367.976512 21.607530108950392 -122.49801066258206 693.0777395184722
60651 23427.976512 17.978969075951653 -123.0848092713696 692.2730446648632
60651 23487.976512 14.346957877964018 -123.64818137317987 691.6022215773174
60651 23547.976512 10.712225979972278 -124.19374385405364 691.0756965454971
60651 23607.976512 7.0754817945790744 -124.72649380351866 690.7017135429743
60651 23667.976512 3.4374208985574373 -125.25099976235153 690.4861855266598
60651 23727.976512 -0.20126833171661593 -125.7715621557968 690.4325904966471
60651 23787.976512 -3.8399006747537703 -126.29235517407079 690.5419142898608
60651 23847.976512 -7.477790773349373 -126.817560127371 690.8126398236622
60651 23907.976512 -11.114249827432163 -127.35149930063169 691.240780761854
60651 23967.976512 -14.748581486101559 -127.89877938680063 691.8199565827528
60651 24027.976512 -18.3800760676098 -128.46445469669368 692.5415057600362
60651 24087.976512 -22.008002061569204 -129.0542227284803 693.3946339929752
60651 24147.976512 -25.63159357280833 -129.67466877161243 694.3665948625064
60651 24207.976512 -29.25003188928651 -130.33358281845705 695.4429010271613
60651 24267.976512 -32.862418593631205 -131.0403825485172 696.6075693285691
60651 24327.976512 -36.46773653186787 -131.80669295977887 697.8435707340248
60651 24387.976512 -40.06481747696618 -132.64716622663437 699.0782018325561
60651 24447.976512 -43.652210041092964 -133.58064520732023 700.4011062332831
60651 24507.976512 -47.22803349035848 -134.63188313370637 701.7515006708675
60651 24567.976512 -50.78985266635218 -135.83418449676066 703.0975483083041
60651 24627.976512 -54.334340967067995 -137.2334977449842 704.4201251004582
60651 24687.976512 -57.856765111735946 -138.89503006711965 705.700657607085
60651 24747.976512 -61.35011623847659 -140.9143252775197 706.9213986318048
60651 24807.976512 -64.80355817215522 -143.43656457497988 708.0656950404556
60651 24867.976512 -68.19950330152814 -146.6916248718837 709.1182362247459
60651 24927.976512 -71.50776120900746 -151.06024402532682 710.0652795077306
60651 24987.976512 -74.67308093070992 -157.20111749067516 710.8948494745565
60651 25047.976512 -77.58736638478057 -166.27960477143637 711.5969085468528
60651 25107.976512 -80.02978317070506 179.78540085331963 712.1634964817166
60651 25167.976512 -81.58074759680187 159.0856865381464 712.5888369411274
60651 25227.976512 -81.72396587176577 133.92833199230515 712.8694098476738
60651 25287.976512 -80.3966043214141 112.02274788888144 713.0039888766041
60651 25347.976512 -78.08009423954857 96.95186351635911 712.9936440665374
60651 25407.976512 -75.23239796565679 87.15255119567074 712.8417100922469
60651 25467.976512 -72.10473302470949 80.58195858113503 712.5537211806633
60651 25527.976512 -68.82006199739946 75.95008483356897 712.1373139432668
60651 25587.976512 -65.44053486619458 72.52619598097006 711.6020995600137
60651 25647.976512 -61.99968893434414 69.8907382041117 710.9595068320832
60651 25707.976512 -58.51683851227277 67.7925064730516 710.2225977003911
60651 25767.976512 -55.00376248335154 66.07411451393432 709.4058569912402
60651 25827.976512 -51.468008250253604 64.63272634358567 708.5249584740033
60651 25887.976512 -47.91462658382604 63.39859950376909 707.5965098373754
60651 25947.976512 -44.347134045123425 62.322862353532706 706.6377798928175
60651 26007.976512 -40.76807314421137 61.37026525351236 705.6664121174139
60651 26067.976512 -37.17935211484868 60.51471945487403 704.7001294244444
60651 26127.976512 -33.58245837804469 59.73645820049096 703.7564356513352
60651 26187.976512 -29.978596645013933 59.02017472382153 702.8523195590858
60651 26247.976512 -26.368780413950336 58.353766882063496 702.0039670899895
60651 26307.976512 -22.753893701311792 57.72746886216765 701.2264872660642
60651 26367.976512 -19.13473321261501 57.13323574327906 700.533656539297
60651 26427.976512 -15.512037339916791 56.564296505936674 699.9376856800354
60651 26487.976512 -11.88650611370572 56.01482093223496 699.4490114342778
60651 26547.976512 -8.258814886313044 55.47966415004632 699.0761034951144
60651 26607.976512 -4.629623956699724 54.95416403568255 698.8253468657407
60651 26667.976512 -0.9995855263152879 54.433973832647894 698.7021150883962
60651 26727.976512 2.6306519140110045 53.91491669895688 698.7053234467015
60651 26787.976512 6.2604480209589735 53.39285067667255 698.8372299575177
60651 26847.976512 9.889150560862129 52.863539587741165 699.0941728716838
60651 26907.976512 13.516104430074419 52.32251326304739 699.4713365048879
60651 26967.976512 17.140642987955722 51.76491405084432 699.9616191550857
60651 27027.976512 20.7620802383462 51.18531532024444 700.5558715555444
60651 27087.976512 24.3796997998011 50.57749745010907 701.2430646557476
60651 27147.976512 27.99273870432584 49.93416087140603 702.0104748311101
60651 27207.976512 31.600363779304377 49.2465468192109 702.8438953392795
60651 27267.976512 35.2016373123559 48.503922337504775 703.7278721684961
60651 27327.976512 38.79546698504412 47.692863298317604 704.6459620965451
60651 27387.976512 42.38053221223407 46.79623167751118 705.5810104894389
60651 27447.976512 45.95517414709708 45.79167999862522 706.5154453285109
60651 27507.976512 49.51722800622412 44.649405892370574 707.4315823343073
60651 27567.976512 53.06376065756714 43.32868268496923 708.3119343143786
60651 27627.976512 56.590646592667426 41.77232656838414 709.1395165785943
60651 27687.976512 60.09185625916251 39.897558314276125 709.8981399503544
60651 27747.976512 63.55820751563801 37.58031603899343 710.5726838038595
60651 27807.976512 66.97506017328506 34.6271898019272 711.1493435510437
60651 27867.976512 70.31780487826438 30.723130272884728 711.6158495976392
60651 27927.976512 73.54246885626011 25.331181368227956 711.961657278341
60651 27987.976512 76.56502867614508 17.50424063413433 712.1781089722979
60651 28047.976512 79.21542193999365 5.607489555146151 712.2585700539786
60651 28107.976512 81.15358822181109 -12.537433756361487 712.1985395267461
60651 28167.976512 81.85469369940311 -36.8226780033345 711.9957345266648
60651 28227.976512 81.02393874864204 -60.740062687243224 711.6501460754231
60651 28287.976512 79.00267511302022 -78.26759024312807 711.1640622564433
60651 28347.976512 76.30762561181973 -89.72013741915389 710.5420549210754
60651 28407.976512 73.26024745775476 -97.27935959043603 709.7909272296603
60651 28467.976512 70.0201611728638 -102.51033671829659 708.9196214729031
60651 28527.976512 66.66652936103284 -106.31358840495321 707.939089056731
60651 28587.976512 63.24103297712887 -109.20060633616767 706.8621265360161
60651 28647.976512 59.76713832578896 -111.47265319940801 705.703182593231
60651 28707.976512 56.25888187835266 -113.31541602966094 704.478140642995
60651 28767.976512 52.725112107149904 -114.84844041034472 703.204080133686
60651 28827.976512 49.1716690307961 -116.15175150142821 701.8990134479726
60651 28887.976512 45.60257026220674 -117.2807888973823 700.5815275504747
60651 28947.976512 42.020688723714436 -118.27513764925253 699.2743683672287
60651 29007.976512 38.42823280318877 -119.1638143874197 697.9156908887192
60651 29067.976512 34.826638288445515 -119.9686852362096 696.6673600621114
60651 29127.976512 31.21736448182728 -120.70648061444314 695.4815963992248
60651 29187.976512 27.60152017335453 -121.39035775460552 694.377253018374
60651 29247.976512 23.98006569255738 -122.03085719679643 693.3708892404662
60651 29307.976512 20.353862006916327 -122.63659848491868 692.4777047994859
60651 29367.976512 16.723703776562868 -123.21478119381848 691.7112838072323
60651 29427.976512 13.090342017561662 -123.77155485126197 691.0833703714154
60651 29487.976512 9.454499575768152 -124.31229969308444 690.6036730222346
60651 29547.976512 5.816881609266114 -124.84184665321857 690.2796982088504
60651 29607.976512 2.178182662616713 -125.36465649140563 690.1166150904361
60651 29667.976512 -1.460908467651309 -125.8849726347282 690.1171552907823
60651 29727.976512 -5.09970511475107 -126.4069590710016 690.2815522997364
60651 29787.976512 -8.737519546633132 -126.93483286401165 690.6075252884473
60651 29847.976512 -12.373659428272122 -127.47300023971485 691.0903109323838
60651 29907.976512 -16.007423156819595 -128.02620560772988 691.7227444899818
60651 29967.976512 -19.638093180829372 -128.59970440661417 692.4953883632681
60651 30027.976512 -23.264926201952044 -129.1994735699422 693.3967034154149
60651 30087.976512 -26.88713879585447 -129.83247825230183 694.4132561675151
60651 30147.976512 -30.503886408050708 -130.50702120190053 695.5299540779607
60651 30207.976512 -34.11423275510736 -131.23321349546725 696.7303011573482
60651 30267.976512 -37.717105161156596 -132.02362516496268 697.9966611197478
60651 30327.976512 -41.311255044751675 -132.89421279314269 699.2198081191057
60651 30387.976512 -44.895151066471556 -133.86566093023885 700.5603682135659
60651 30447.976512 -48.46670080025564 -134.96533467267687 701.9103912747576
60651 30507.976512 -52.02320592578037 -136.23038104801168 703.2507242152207
60651 30567.976512 -55.560919694532 -137.71253430325208 704.5624312798818
60651 30627.976512 -59.07443819382016 -139.48599968181324 705.827191098201
60651 30687.976512 -62.55564277515288 -141.66083185070082 707.0275817336965
60651 30747.976512 -65.99177726806377 -144.40658244321162 708.1473465181765
60651 30807.976512 -69.36175045629871 -147.99586688409397 709.1716394253552
60651 30867.976512 -72.62857410603817 -152.88741657848584 710.08724638642
60651 30927.976512 -75.72294499531546 -159.88448113590118 710.8827796064627
60651 30987.976512 -78.50649606166861 -170.39796274706993 711.5488424338056
60651 31047.976512 -80.69766211008749 173.4430983499271 712.0781624646212
60651 31107.976512 -81.80793302124783 150.54471433182087 712.465690509639
60651 31167.976512 -81.40833978094646 125.64897927327016 712.7086631520651
60651 31227.976512 -79.67286266008358 106.10053614774714 712.8066272115385
60651 31287.976512 -77.13083744487037 93.13001646482154 712.7614256264986
60651 31347.976512 -74.16558372779483 84.64867614821699 712.5771459109922
60651 31407.976512 -70.97332836680559 78.8642352937406 712.2600340043315
60651 31467.976512 -67.65040729541819 74.71563880927594 711.8183774840278
60651 31527.976512 -64.24658055286723 71.60288799573146 711.2623623429745
60651 31587.976512 -60.78933486354823 69.17686397152693 710.603906744629
60651 31647.976512 -57.29483476637699 67.22517032315417 709.8564736602589
60651 31707.976512 -53.77311783848872 65.61270381241759 709.0348626719582
60651 31767.976512 -50.23071773030372 64.24998600056838 708.1549802088357
60651 31827.976512 -46.67206917838412 63.0756078151507 707.2335876181714
60651 31887.976512 -43.10030117360637 62.046084659446315 706.2880279138327
60651 31947.976512 -39.51770560740402 61.129759288063845 705.3359344697451
60651 32007.976512 -35.926025217470816 60.30300399588806 704.39492763341
60651 32067.976512 -32.3266364743438 59.54777742799406 703.4823073808045
60651 32127.976512 -28.7206689858143 58.850006246611635 702.6147510429994
60651 32187.976512 -25.1090851877761 58.19848408256131 701.8080245450482
60651 32247.976512 -21.49273440040578 57.584103391482586 701.0767137607648
60651 32307.976512 -17.87238987086818 56.999306364065205 700.4339801557586
60651 32367.976512 -14.248774258346403 56.4376826036637 699.8913425158902
60651 32427.976512 -10.62257713738159 55.89366641047593 699.4584834097807
60651 32487.976512 -6.994466989815703 55.362302028432026 699.1430689554124
60651 32547.976512 -3.3650997204144266 54.839054967842834 698.9507215901749
60651 32607.976512 0.2648755893934304 54.31965350263313 698.8853051783567
60651 32667.976512 3.894813668593284 53.799948163891415 698.9462523575041
60651 32727.976512 7.52407220252853 53.27577930081518 699.1337694810716
60651 32787.976512 11.151999750650912 52.742845606965545 699.4437385111013
60651 32847.976512 14.777938914641055 52.19656072119108 699.8704365481163
60651 32907.976512 18.401218392406363 51.631891423692174 700.4059607497561
60651 32967.976512 22.02114409199219 51.043163335837896 701.0404310381172
60651 33027.976512 25.636986532927832 50.4238177678221 701.7621751029519
60651 33087.976512 29.247962424818063 49.76609664919078 702.5579278802009
60651 33147.976512 32.85320783187134 49.06062203249895 703.4130505504727
60651 33207.976512 36.451739098232174 48.29582002758149 704.3117677105016
60651 33267.976512 40.04239567743313 47.45711200691651 705.237422331494
60651 33327.976512 43.623755597686845 46.52575106759336 706.1727485117361
60651 33387.976512 47.19400838904347 45.47710530750385 707.1001608398906
60651 33447.976512 50.750759746575504 44.27805536386185 708.0020566686204
60651 33507.976512 54.2907226747025 42.88293057073581 708.8611245844244
60651 33567.976512 57.80921223438117 41.22695170638022 709.6606499106064
60651 33627.976512 61.299285155642124 39.21525938699518 710.3848071116558
60651 33687.976512 64.75020466556578 36.70381280036301 711.0189299156585
60651 33747.976512 68.14455043165628 33.464720054749236 711.5497526266532
60651 33807.976512 71.45244163932603 29.120846379084607 711.9656196717001
60651 33867.976512 74.6192506208286 23.020195194986993 712.2566638207119
60651 33927.976512 77.53821270316071 14.009222215858697 712.4149557113182
60651 33987.976512 79.99124770204814 0.18249416950866332 712.4346277198395
60651 34047.976512 81.56255494171845 -20.393221598747605 712.3119738873285
60651 34107.976512 81.7333359377212 -45.533112769316205 712.0455251831883
60651 34167.976512 80.4280576737958 -67.55184652300333 711.6360968758813
60651 34227.976512 78.12320064150165 -82.7388497265124 711.0868031853987
60651 34287.976512 75.28025686173676 -92.6133934872357 710.4030343651285
60651 34347.976512 72.15363690930725 -99.2290185664277 709.5923929818491
60651 34407.976512 68.86790962393148 -103.88851476362687 708.6645889370845
60651 34467.976512 65.48598015160819 -107.33016964167825 707.6312958304319
60651 34527.976512 62.041759880096286 -109.97761766455697 706.5059736817675
60651 34587.976512 58.55476474699146 -112.08430183004448 705.3036641446924
60651 34647.976512 55.03689324894013 -113.8088858127942 704.0407639408501
60651 34707.976512 51.49577144174032 -115.25496743254882 702.7347803008071
60651 34767.976512 47.93650755896232 -116.49276290770423 701.4040652775635
60651 34827.976512 44.36266446515801 -117.57145001423932 700.0673667255821
60651 34887.976512 40.776841855045085 -118.5264789635185 698.7576917419699
60651 34947.976512 37.18154995252578 -119.38394988948173 698.1559130447366
60651 35007.976512 33.57784770164165 -120.16386847217584 696.9021266070557
60651 35067.976512 29.966845193290485 -120.88163468459186 695.7148825878276
60651 35127.976512 26.34959029130343 -121.54940020817897 694.6123233406431
60651 35187.976512 22.72700126306877 -122.17696986901686 693.6107332211621
60651 35247.976512 19.099909949394526 -122.77242027873554 692.7249459591391
60651 35307.976512 15.469090810965994 -123.34254922637797 691.9680829431086
60651 35367.976512 11.835280867209857 -123.89321054616947 691.3513329902044
60651 35427.976512 8.199193312004176 -124.42957094628494 690.8837672683122
60651 35487.976512 4.561526739082172 -124.95631378754814 690.5721908662906
60651 35547.976512 0.9229713874082994 -125.47780757152144 690.4210325498364
60651 35607.976512 -2.715786504561841 -125.99825239155578 690.4322739377687
60651 35667.976512 -6.354061337229943 -126.52181492370808 690.6054190945066
60651 35727.976512 -9.991164979789774 -127.05276118619601 690.9375052048188
60651 35787.976512 -13.626403012472744 -127.59559603436077 691.423154437083
60651 35847.976512 -17.2590695495909 -128.15521913757888 692.0546662995381
60651 35907.976512 -20.888439673713584 -128.7371091447061 692.8221488710657
60651 35967.976512 -24.513758259539 -129.3475512450022 693.7136864581823
60651 36027.976512 -28.134223549997884 -129.99392904579105 694.7155408615733
60651 36087.976512 -31.74896318025309 -130.68511079123317 695.8123847989973
60651 36147.976512 -35.356999291233386 -131.43197446767178 696.9875718742379
60651 36207.976512 -38.95719727204937 -132.24813971672282 698.2223972602234
60651 36267.976512 -42.54810508519298 -133.15099090087332 699.5413644690135
60651 36327.976512 -46.12816892203312 -134.16329076293636 700.8262118681197
60651 36387.976512 -49.69508336305844 -135.31536570302595 702.1279525983522
60651 36447.976512 -53.2458447390772 -136.64874805089985 703.4146077596498
60651 36507.976512 -56.776217733894526 -138.2218470882871 704.6674052850177
60651 36567.976512 -60.280008318482054 -140.1193767824468 705.868472679204
60651 36627.976512 -63.747771058606155 -142.46857485855728 707.0009279064258
60651 36687.976512 -67.16441357856813 -145.4682901900373 708.0491351125444
60651 36747.976512 -70.50449251930021 -149.44329466353204 708.998941238463
60651 36807.976512 -73.72238247330311 -154.94849466390758 709.8378886597727
60651 36867.976512 -76.73057501509449 -162.96358136360794 710.5554013205968
60651 36927.976512 -79.35159524483737 -175.17016011243973 711.1429410964383
60651 36987.976512 -81.23271283171542 166.26811759764726 711.5941307764823
60651 37047.976512 -81.84591938600316 141.7709132317242 711.904840331293
60651 37107.976512 -80.9308129656761 118.13456697368545 712.0732341408009
60651 37167.976512 -78.85778949124865 101.02035901611963 712.0997784963853
60651 37227.976512 -76.1365646481513 89.85668347263959 711.9872106071632
60651 37287.976512 -73.07643641558415 82.47057438842761 711.7404720291838
60651 37347.976512 -69.83039781312729 77.34378711899755 711.3666104153953
60651 37407.976512 -66.47453122537677 73.60597804505004 710.8746534868754
60651 37467.976512 -63.04905279164038 70.76204565541865 710.275458219894
60651 37527.976512 -59.576685145852515 68.51960187897527 709.5815368349822
60651 37587.976512 -56.07105897184457 66.69794023646895 708.806859876667
60651 37647.976512 -52.540784949402465 65.18043457229972 707.9666360875773
60651 37707.976512 -48.991553499407836 63.88884459895338 707.0770692697216
60651 37767.976512 -45.42728106016987 62.76886447263603 706.1550938602851
60651 37827.976512 -41.850768016363695 61.78165444950929 705.2180931037249
60651 37887.976512 -38.264093044406955 60.89868589497732 704.2836057944777
60651 37947.976512 -34.6688583814885 60.09849301065779 703.3690289070379
60651 38007.976512 -31.066347194419805 59.364561248010496 702.4913235826416
60651 38067.976512 -27.457627147602803 58.68391524334371 701.6667308892673
60651 38127.976512 -23.84361991570193 58.0461495637794 700.9105019381459
60651 38187.976512 -20.225148484547603 57.442746755519345 700.2366450404478
60651 38247.976512 -16.602969588713513 56.866585728067335 699.6576913649635
60651 38307.976512 -12.977796002264146 56.311578325922284 699.1844804831783
60651 38367.976512 -9.350311814352402 55.772393149677164 698.8259679695077
60651 38427.976512 -5.721182836012861 55.244238858022136 698.5890527698011
60651 38487.976512 -2.09106379120508 54.72268747380473 698.4783353915303
60651 38547.976512 1.5393941663227082 54.2035237303517 698.4975704399624
60651 38607.976512 5.1695427363649955 53.68260816838822 698.6428001370862
60651 38667.976512 8.798744704696798 53.155744087740636 698.916551758089
60651 38727.976512 12.426338952286576 52.618546948455624 699.312276423825
60651 38787.976512 16.051663165691885 52.06629232926313 699.8234141592878
60651 38847.976512 19.67403830212054 51.49374528023976 700.4411630855312
60651 38907.976512 23.29275867766484 50.89495094049787 701.1548046546893
60651 38967.976512 26.90707771718371 50.26296911939492 701.9518916670048
60651 39027.976512 30.516186947399493 49.5895266833812 702.8184505951906
60651 39087.976512 34.11918536598012 48.86454927580859 703.7392047792364
60651 39147.976512 37.715034785785775 48.07551423168444 704.697817965783
60651 39207.976512 41.3024943162868 47.206534365084195 705.6771586489041
60651 39267.976512 44.88002302067018 46.23702841028992 706.6595846356578
60651 39327.976512 48.44563257070266 45.13974115532261 707.627244565978
60651 39387.976512 51.99665867580834 43.87771177548547 708.5623897684127
60651 39447.976512 55.52939559905726 42.39948705126096 709.4476870064794
60651 39507.976512 59.038490227496204 40.63130226369506 710.2665213736038
60651 39567.976512 62.51589403713939 38.463820421353525 711.0032793382981
60651 39627.976512 65.94895922138444 35.72870969682957 711.6436045628523
60651 39687.976512 69.31678100066704 32.155522314864356 712.1746228364153
60651 39747.976512 72.58272493867824 27.289534902055273 712.585136145137
60651 39807.976512 75.67821812323024 20.334988867002192 712.865788456637
60651 39867.976512 78.46647099851396 9.893501480526947 713.009206541258
60651 39927.976512 80.66900442731658 -6.155711116967444 713.0101180394591
60651 39987.976512 81.80014234710585 -28.95755073140057 712.8654465937929
60651 40047.976512 81.42497010210676 -53.88317895329592 712.5743811838906
60651 40107.976512 79.70650952366677 -73.54277086874319 712.1384148756553
60651 40167.976512 77.17308244873814 -86.60478392214932 711.5613477535082
60651 40227.976512 74.2114028043906 -95.14317490830123 710.8492500324727
60651 40287.976512 71.01996474950207 -100.96217089761595 710.0103838469831
60651 40347.976512 67.69620152886921 -105.13246260213162 709.0550851766299
60651 40407.976512 64.29039812129211 -108.25950633688517 707.9956098831096
60651 40467.976512 60.830309318399635 -110.69539208832661 706.8459492104765
60651 40527.976512 57.33224894923005 -112.6541767377178 705.621620107764
60651 40587.976512 53.80634609344742 -114.27193088644412 704.3394346376127
60651 40647.976512 50.25919651343249 -115.63872117554416 703.0172511528126
60651 40707.976512 46.69528171131564 -116.81632892727285 701.6737083761955
60651 40767.976512 43.11776943997969 -117.84848307242555 700.3279386937571
60651 40827.976512 39.52898635262207 -118.76700668635574 698.997453347014
60651 40887.976512 35.93120890527234 -119.59552889999149 698.6500039053283
60651 40947.976512 32.32644282048549 -120.35208767504491 698.4943006459424
60651 41007.976512 28.715333865564496 -121.05096222639693 697.4056068489119
60651 41067.976512 25.09828702253296 -121.70351206496296 696.3403096528332
60651 41127.976512 21.47620364268397 -122.31886490591592 695.3718484865885
60651 41187.976512 17.849884558513576 -122.90460005486023 694.5151814194525
60651 41247.976512 14.220079444150494 -123.46714702191962 693.7827883041282
60651 41307.976512 10.587505933189506 -124.01208903303086 693.1852102641463
60651 41367.976512 6.952861620345869 -124.5443986575765 692.7308768096995
60651 41427.976512 3.316832131642369 -125.06862730333503 692.4259681021326
60651 41487.976512 -0.3199033847584184 -125.58906446626055 692.2743135116287
60651 41547.976512 -3.9566683243427807 -126.1098788508781 692.2773275019646
60651 41607.976512 -7.592785389674788 -126.63525131143705 692.4339849505138
60651 41667.976512 -11.227573267495437 -127.16950861386997 692.7408378866648
60651 41727.976512 -14.860342436076328 -127.71726711497308 693.192074703029
60651 41787.976512 -18.490389242156034 -128.28359661487067 693.7796213621185
60651 41847.976512 -22.1169872138795 -128.8742170692655 694.4932821531743
60651 41907.976512 -25.739374271903266 -129.49574500048428 695.3209150319003
60651 41967.976512 -29.35673400082497 -130.156013135817 696.2486337391153
60651 42027.976512 -32.96816835165864 -130.86449744039086 697.2610403234639
60651 42087.976512 -36.57265803601989 -131.63290277307394 698.3415844430315
60651 42147.976512 -40.169005114723625 -132.47598619035472 699.4729256801941
60651 42207.976512 -43.75574644477811 -133.4127424411044 700.6365587420878
60651 42267.976512 -47.33102269573286 -134.46815501294722 701.8138348866825
60651 42327.976512 -50.89238042653759 -135.6758552874443 702.9863076647941
60651 42387.976512 -54.436456023742124 -137.08228094095804 704.1355563518483
60651 42447.976512 -57.958457042808575 -138.7533973028247 705.2436623820822
60651 42507.976512 -61.4512775224315 -140.78596541701737 706.2935431853622
60651 42567.976512 -64.90391553711011 -143.32720056657098 707.2692129781378
60651 42627.976512 -68.2984856068728 -146.61052915659974 708.1560270606743
60651 42687.976512 -71.60422809066446 -151.02314644360095 708.9409070412948
60651 42747.976512 -74.7647300491473 -157.23577356687514 709.6125409626196
60651 42807.976512 -77.66939899365767 -166.43495912203014 710.1615542491699
60651 42867.976512 -80.09221906274752 179.4367114639066 710.5806484343415
60651 42927.976512 -81.6064157074481 158.5182138761568 710.8647052470947
60651 42987.976512 -81.6997016505031 133.3349752568776 711.0108543125161
60651 43047.976512 -80.33105261834213 111.63042971849993 711.0185036248586
60651 43107.976512 -77.99004974909998 96.76241638262707 710.8893330634493
60651 43167.976512 -75.12850887942544 87.09404635978161 710.6272523672234
60651 43227.976512 -71.99223296770973 80.60174104900574 710.2383259064451
60651 43287.976512 -68.70149082651805 76.01777735627803 709.7306670568356
60651 43347.976512 -65.31718555183373 72.62454704654091 709.1143048824999
60651 43407.976512 -61.87225557363694 70.00959573089752 708.4010252500252
60651 43467.976512 -58.38571118384661 67.92561888319824 707.6041876918869
60651 43527.976512 -54.86916935043276 66.21745969383105 706.7385186838509
60651 43587.976512 -51.33008850885091 64.78361234874598 705.819881848045
60651 43647.976512 -47.77347018311728 63.55516048758048 704.8650261401007
60651 43707.976512 -44.202804475657764 62.48376413920303 703.8913142919471
60651 43767.976512 -40.62062111866959 61.5345266077915 702.9164353957793
60651 43827.976512 -37.02882410676671 60.681599728463965 701.9581071160457
60651 43887.976512 -33.428902128165234 59.905384415270795 701.0337741816468
60651 43947.976512 -29.82206480505768 59.1906928678751 700.1603102458292
60651 44007.976512 -26.2093329975008 58.52550848439426 699.3537298242413
60651 44067.976512 -22.59159973387614 57.90012744690368 698.6289159802229
60651 44127.976512 -18.969671814921014 57.306549798079935 697.9993680864388
60651 44187.976512 -15.34429839005163 56.738036806290566 697.4769728606307
60651 44247.976512 -11.716190588859655 56.1887807962356 697.0718013352295
60651 44307.976512 -8.086034949350339 55.6536516481126 696.7919344206231
60651 44367.976512 -4.454502557013998 55.127995418622525 696.6433199368645
60651 44427.976512 -0.8222552938563503 54.60746761589002 696.6296645429874
60651 44487.976512 2.810049713127536 54.087888074265145 696.7523681040053
60651 44547.976512 6.441756477255583 53.565107002956076 697.0105619856776
60651 44607.976512 10.072206053766289 53.03487316425278 697.3993202426116
60651 44667.976512 13.700735409803054 52.49269459952959 697.9533420992525
60651 44727.976512 17.32663974763203 51.93368858379627 698.5843779406706
60651 44787.976512 20.949257053871346 51.352383645383064 699.3278538432869
60651 44847.976512 24.567862832472553 50.74250698335053 700.1684485626731
60651 44907.976512 28.18168585599416 50.09668855893129 701.0925959117044
60651 44967.976512 31.78988398092664 49.40607592839508 702.0853368124855
60651 45027.976512 35.39150900529959 48.659810575255875 703.1304809451972
60651 45087.976512 38.98545556533602 47.84429797034589 704.2108731720733
60651 45147.976512 42.570385943210496 46.94216509617381 705.308682747505
60651 45207.976512 46.144617694862305 45.930734064851585 706.4057051567792
60651 45267.976512 49.705952139794036 44.779727266534366 707.4836693398787
60651 45327.976512 53.251405528734196 43.447716351932016 708.5245427728975
60651 45387.976512 56.77677385050168 41.876450054049954 709.5108270638685
60651 45447.976512 60.27590091128797 39.98146907180207 710.4258377803808
60651 45507.976512 63.73939124320869 37.6359642863314 711.2539640159752
60651 45567.976512 67.15222718216256 34.6418421017625 711.9809052792968
60651 45627.976512 70.48909266451025 30.675725906561794 712.5938850867573
60651 45687.976512 73.70460734374016 25.18539000698706 713.0818416594733
60651 45747.976512 76.71178373818954 17.19628334893528 713.435596121264
60651 45807.976512 79.33429569999916 5.035028602271664 713.647997664978
60651 45867.976512 81.22153056607613 -13.46081035710806 713.7140437160714
60651 45927.976512 81.84653387904876 -37.91521820244787 713.6309717700243
60651 45987.976512 80.94412032159468 -61.581500729377126 713.3983188791277
60651 46047.976512 78.87972712219093 -78.75189214826173 713.0179450523685
60651 46107.976512 76.16336996059785 -89.95790390970953 712.4940181030097
60651 46167.976512 73.10584103258216 -97.37077494343428 711.8329593897097
60651 46227.976512 69.86103262906441 -102.51441872995522 711.0433518985357
60651 46287.976512 66.5054682559494 -106.26326621750488 710.1358136502041
60651 46347.976512 63.07958293630217 -109.11476236508982 709.1228401286354
60651 46407.976512 59.60621530672323 -111.36261330875988 708.0186192709189
60651 46467.976512 56.099062881596836 -113.1882884025315 706.8388218109379
60651 46527.976512 52.56677868313543 -114.70887320162288 705.6003689051003
60651 46587.976512 49.0150829448885 -116.00289595494696 704.3211784552099
60651 46647.976512 45.447915516065414 -117.1248499083097 703.0198915496048
60651 46707.976512 41.86809709031129 -118.11370104931817 701.7155798981782
60651 46767.976512 38.277725418881516 -118.99806581926815 700.4274199069989
60651 46827.976512 34.67842225546103 -119.79947284380833 699.1738831569443
60651 46887.976512 31.071322754560626 -120.53451655000976 697.83201833309
60651 46947.976512 27.457712100517547 -121.21616368026841 696.7095559559313
60651 47007.976512 23.83849477078028 -121.85485717591204 695.6703858739621
60651 47067.976512 20.214523157412465 -122.45913667148697 694.7353407036996
60651 47127.976512 16.58657832457807 -123.03614313896736 693.9181351858269
60651 47187.976512 12.955398549528132 -123.59198238932953 693.2306675986963
60651 47247.976512 9.32169479331377 -124.13200224831466 692.6828208149578
60651 47307.976512 5.686161128675457 -124.66101010092862 692.2822950930705
60651 47367.976512 2.049481804882189 -125.18345035362877 692.0344777592059
60651 47427.976512 -1.5876638694405274 -125.70355618151925 691.9423514319834
60651 47487.976512 -5.224597885441071 -126.2254867725911 692.0064437910515
60651 47547.976512 -8.860640324791436 -126.75345957032818 692.2248212854097
60651 47607.976512 -12.495105817798782 -127.29188643944705 692.5931276673551
60651 47667.976512 -16.12729887344757 -127.84552313471401 693.1046662921983
60651 47727.976512 -19.756507170810778 -128.4196430203667 693.7505231576448
60651 47787.976512 -23.38199168102687 -129.02024895175134 694.5197258392375
60651 47847.976512 -27.002972120963 -129.65434215192698 695.3994309705525
60651 47907.976512 -30.618605641264644 -130.33027478195464 696.3751267773727
60651 47967.976512 -34.227955686305314 -131.05822541683654 697.4308462913575
60651 48027.976512 -37.829946764770945 -131.85085683684068 698.5496412726756
60651 48087.976512 -41.423299590209076 -132.72424887380402 699.7140634815748
60651 48147.976512 -45.006430155664724 -133.6992528256541 700.9048313066202
60651 48207.976512 -48.577297493035374 -134.80351084500347 702.1034609817009
60651 48267.976512 -52.13317361265963 -136.07455438866774 703.2914615308372
60651 48327.976512 -55.67026844139927 -137.56470289754975 704.4503660390209
60651 48387.976512 -59.183107740472465 -139.349080349071 705.5623827703646
60651 48447.976512 -62.663455334960055 -141.53923843829685 706.6106731534873
60651 48507.976512 -66.09835006900919 -144.30727140004802 707.5795989783522
60651 48567.976512 -69.46632311244731 -147.93030600944732 708.4549599850925
60651 48627.976512 -72.72964494449232 -152.87539238824021 709.2242079646135
60651 48687.976512 -75.81746094366555 -159.96124048231343 709.876631171999
60651 48747.976512 -78.5880446610302 -170.62417781034782 710.4035065532805
60651 48807.976512 -80.75330068783978 172.99220588826574 710.7982187591865
60651 48867.976512 -81.81887099238055 149.90479635264157 711.0563456185841
60651 48927.976512 -81.36804466800548 125.08281224115274 711.1757101343322
60651 48987.976512 -79.59615392120563 105.764580993245 711.1563993311827
60651 49047.976512 -77.03359375458317 92.97888745113781 711.0007505092046
60651 49107.976512 -74.05661115476332 84.6115758905039 710.7133056467038
60651 49167.976512 -70.85689315048332 78.8956749998247 710.3007348218032
60651 49227.976512 -67.52861915690977 74.7897550055497 709.7717295522375
60651 49287.976512 -64.12054003286309 71.70482253045462 709.1368669005224
60651 49347.976512 -60.65964644520852 69.2977231663678 708.408445130213
60651 49407.976512 -57.161845082396255 67.35938410488654 707.6002917493274
60651 49467.976512 -53.63703316627535 65.75663313593175 706.7275450664744
60651 49527.976512 -50.09166560239389 64.4011621635136 705.806410995705
60651 49587.976512 -46.53013255086775 63.23229944709561 704.8538977727718
60651 49647.976512 -42.955538351235894 62.20704112327999 703.8875323862919
60651 49707.976512 -39.370162393774535 61.29405286696367 702.9250637031175
60651 49767.976512 -35.77574261701711 60.469929493038904 701.9841582723648
60651 49827.976512 -32.17365573006732 59.716786278078224 701.0820954479868
60651 49887.976512 -28.56503494785873 59.02066200415873 700.2354686686433
60651 49947.976512 -24.950848593620254 58.37043150619433 699.4598994554121
60651 50007.976512 -21.331953425357092 57.75704637962416 698.7697699934477
60651 50067.976512 -17.70913118399475 57.17299177279781 698.1779791810231
60651 50127.976512 -14.083113743969813 56.61188804109901 697.6957259467931
60651 50187.976512 -10.454600387959683 56.068190749487016 697.3323226547549
60651 50247.976512 -6.82426959667807 55.53695777008523 697.09504066009
60651 50307.976512 -3.1927870494041635 55.01366178263901 696.9889896576072
60651 50367.976512 0.4391888884043592 54.49403249772901 697.0170337921481
60651 50427.976512 4.071003085351775 53.97391664205302 697.179779516828
60651 50487.976512 7.701999226349969 53.44914598034363 697.4772647293103
60651 50547.976512 11.331572987997053 52.915395717663934 697.9190787838263
60651 50607.976512 14.95893645968923 52.36807552932386 698.4614071680123
60651 50667.976512 18.583483998981073 51.80211106572298 699.1275793840954
60651 50727.976512 22.204506615878167 51.21178818621613 699.8974521519312
60651 50787.976512 25.821267318059544 50.590493594338014 700.7586883006105
60651 50847.976512 29.43297511808118 49.9303962808502 701.6973786408669
60651 50907.976512 33.0387573024682 49.22202048849401 702.698221396688
60651 50967.976512 36.63761951776497 48.453659975095306 703.7447792196564
60651 51027.976512 40.22838749556598 47.610554694461186 704.8197566853469
60651 51087.976512 43.80962089870027 46.673704942536155 705.905290310805
60651 51147.976512 47.37948368589287 45.61811946065723 706.9832448480067
60651 51207.976512 50.935544507144506 44.41015594501528 708.0355102592739
60651 51267.976512 54.47446048473697 43.00336178159627 709.0442945424849
60651 51327.976512 57.991458834268606 41.3317514658593 709.9924083070144
60651 51387.976512 61.479452154794274 39.29853747336883 710.8635375474606
60651 51447.976512 64.92745597969 36.75647199762819 711.6425013658603
60651 51507.976512 68.31760152645383 33.472095975569076 712.315491512777
60651 51567.976512 71.6191466911474 29.05820790588873 712.8702906861594
60651 51627.976512 74.77570318122639 22.844206033630908 713.2964666810791
60651 51687.976512 77.67673433420534 13.644130354270283 713.5855397948611
60651 51747.976512 80.09639973656253 -0.48257552004940235 713.7311213341684
60651 51807.976512 81.60844918607539 -21.392816861528146 713.7290215322093
60651 51867.976512 81.7014107786874 -46.562416382734924 713.5773255329362
60651 51927.976512 80.33409541764115 -68.25901510744085 713.2764362572262
60651 51987.976512 77.99498623230176 -83.12613048900029 712.8290829702426
60651 52047.976512 75.13524576847898 -92.79608873428997 712.240294373453
60651 52107.976512 72.00047576079061 -99.29029870033791 711.5173352665321
60651 52167.976512 68.71089375921835 -103.8759290659954 710.6696064428563
60651 52227.976512 65.3273902109165 -107.27052023888298 709.7085085420432
60651 52287.976512 61.882900714835166 -109.88657038326934 708.6472719386582
60651 52347.976512 58.39643548005938 -111.97144142457628 707.5007560901377
60651 52407.976512 54.879612496924096 -113.68033933181358 706.2852227314119
60651 52467.976512 51.33989208725857 -115.11480828926435 705.018087600901
60651 52527.976512 47.78227864342173 -116.34379398373996 703.7176549031655
60651 52587.976512 44.21026629817725 -117.41565888291221 702.4028373531148
60651 52647.976512 40.62639012496142 -118.36531718645024 701.0928598065635
60651 52707.976512 37.03256092985844 -119.21863094044615 699.8068678617042
60651 52767.976512 33.43027959739079 -119.99520973343714 698.5609831408207
60651 52827.976512 29.821286388842132 -120.71014793134955 698.3212488975171
60651 52887.976512 26.20655083002527 -121.37550933248883 697.2417928228342
60651 52947.976512 22.58652135769752 -122.0010877706891 696.249776524181
60651 53007.976512 18.962024332322287 -122.5948835744428 695.3629062126104
60651 53067.976512 15.333820938397462 -123.16363841487377 694.5950381999103
60651 53127.976512 11.70263390615053 -123.71316400482239 693.9572537638641
60651 53187.976512 8.069162710570037 -124.2485953398576 693.4585305487805
60651 53247.976512 4.43409285509194 -124.77459217306061 693.1056064378664
60651 53307.976512 0.798102104724063 -125.29550592973717 692.902882801554
60651 53367.976512 -2.8381351822030374 -125.81552512514153 692.8523687197968
60651 53427.976512 -6.473944718545311 -126.33880974943554 692.953663003628
60651 53487.976512 -10.108649135044338 -126.86962378196299 693.2039721465244
60651 53547.976512 -13.7415642114437 -127.41247477105054 693.5981635666308
60651 53607.976512 -17.371993643653596 -127.97227023000343 694.1288543188622
60651 53667.976512 -20.999221367149875 -128.5545026016837 694.7865353534218
60651 53727.976512 -24.622500211491356 -129.16547810021348 695.5597303061119
60651 53787.976512 -28.241035246548996 -129.81261053303015 696.4351878521836
60651 53847.976512 -31.853959521606104 -130.5048104339976 697.3981164644458
60651 53907.976512 -35.460298869603605 -131.25301456245253 698.4324762584547
60651 53967.976512 -39.05892053123191 -132.070924582854 699.5212032320009
60651 54027.976512 -42.64845679089005 -132.97606282036722 700.6463372399678
60651 54087.976512 -46.22719084491168 -133.99131955160001 701.7895330343229
60651 54147.976512 -49.79288326307969 -135.14728195335087 702.9323797996651
60651 54207.976512 -53.3424989440929 -136.48584197464695 704.0565464992719
60651 54267.976512 -56.87176417190391 -138.06596678244364 705.1441062601151
60651 54327.976512 -60.37442067551495 -139.97326055574766 706.1778599476539
60651 54387.976512 -63.84091160009927 -142.33643716610172 707.1416210611743
60651 54447.976512 -67.2559435432109 -145.35690023831705 708.0204769961733
60651 54507.976512 -70.59369059306609 -149.36404072952732 708.8010252910818
60651 54567.976512 -73.80775215089746 -154.92140151260895 709.4715789117615
60651 54627.976512 -76.80895441564992 -163.02457785005623 710.0223366813613
60651 54687.976512 -79.4162212923933 -175.37839765727912 710.4455181402207
60651 54747.976512 -81.27058881642861 165.8599884899428 710.7354646950635
60651 54807.976512 -81.84235356830084 141.26008620646112 710.888710107954
60651 54867.976512 -80.88713453331853 117.75098317746125 710.9040229366519
60651 54927.976512 -78.78849900241116 100.8249859602609 710.7824218139493
60651 54987.976512 -76.05293275496821 89.7941265661354 710.527162276059
60651 55047.976512 -72.98426306204244 82.48872404224781 710.1436922236547
60651 55107.976512 -69.73248397272073 77.41119705036448 709.6395728019803
60651 55167.976512 -66.37227173830027 73.70472563315082 709.0243627534613
60651 55227.976512 -62.94317145054774 70.88165369149739 708.309466718502
60651 55287.976512 -59.46756784682743 68.65367288937527 707.5079506497358
60651 55347.976512 -55.95891239948521 66.84239054865574 706.6343294637486
60651 55407.976512 -52.42571706197214 65.33254948233379 705.7043325959104
60651 55467.976512 -48.87361694554683 64.04675330495573 704.7346521757578
60651 55527.976512 -45.306497958158495 62.93123609667027 703.7426766907201
60651 55587.976512 -41.72714480054134 61.947515038146065 702.746211274588
60651 55647.976512 -38.13762969845657 61.06730421322925 701.7631851694969
60651 55707.976512 -34.53955431423352 60.26930688886537 700.8113480502581
60651 55767.976512 -30.934205015842384 59.53712863242389 699.907959610872
60651 55827.976512 -27.322655112258484 58.85788074760323 699.0694801766343
60651 55887.976512 -23.70583354826381 58.221221005423565 698.311272763065
60651 55947.976512 -20.08457175032864 57.618678268811436 697.6473278083305
60651 56007.976512 -16.459635852803416 57.043165279806 697.0900204247541
60651 56067.976512 -12.831748909146992 56.48861820097035 696.6499067941216
60651 56127.976512 -9.20160612005025 55.94972242532302 696.3355618009745
60651 56187.976512 -5.569885161294783 55.42169716961491 696.1534552901875
60651 56247.976512 -1.9372531249968996 54.90011953739167 696.1078614590044
60651 56307.976512 1.6956287482508874 54.380773861626615 696.200796439833
60651 56367.976512 5.328101557932618 53.85951524520115 696.4319852229162
60651 56427.976512 8.959505526533816 53.332137903673015 696.7988994487426
60651 56487.976512 12.589175734839703 52.794239541981156 697.2957571388838
60651 56547.976512 16.216420345187537 52.24107482139365 697.9468288325331
60651 56607.976512 19.840569916042927 51.66737369046094 698.6755535386235
60651 56667.976512 23.460909633781025 51.06713790124498 699.5129720309313
60651 56727.976512 27.07668446925268 50.433369693991736 700.4405727745676
60651 56787.976512 30.687075295165002 49.75771973569657 701.4435785063203
60651 56847.976512 34.29116919920052 49.03001159184473 702.5060478208202
60651 56907.976512 37.887914073415615 48.23758412720001 703.6110073539967
60651 56967.976512 41.47605206975148 47.36435926850347 704.7407276760589
60651 57027.976512 45.05402059946206 46.38948753597841 705.8770096946741
60651 57087.976512 48.619802161660225 45.285328490302625 707.0014721555714
60651 57147.976512 52.170690885247225 44.014353975970764 708.095838989472
60651 57207.976512 55.70291847739527 42.52425099867606 709.1422260211467
60651 57267.976512 59.21103286184927 40.7399085876098 710.1234251156203
60651 57327.976512 62.68682115345898 38.54980209225013 711.0231814407931
60651 57387.976512 66.11734832463415 35.78189493930513 711.8264574219719
60651 57447.976512 69.48117852934 32.15918713297109 712.5196761963126
60651 57507.976512 72.74063193971593 27.214917815531837 713.0909383772847
60651 57567.976512 75.82494613064031 20.131057338469287 713.5302083566824
60651 57627.976512 78.59259907040556 9.47283475759017 713.8294692239853
60651 57687.976512 80.75597216941689 -6.9006921689651595 713.9828474907748
60651 57747.976512 81.8215189748724 -29.97345943225367 713.986709312807
60651 57807.976512 81.37268093547185 -54.78806252186758 713.8397286530563
60651 57867.976512 79.60353504002893 -74.10987657541473 713.542925467635
60651 57927.976512 77.04353254980818 -86.90177452501639 713.0996697070184
60651 57987.976512 74.06871904610792 -95.27409898676233 712.5156459379504
60651 58047.976512 70.87078846579111 -100.99355896087373 711.7987744539685
60651 58107.976512 67.54394373874129 -105.10198305581571 710.9590877780252
60651 58167.976512 64.13695013335118 -108.18871518926981 710.0085655607952
60651 58227.976512 60.67680536795786 -110.59714471355421 708.9609346479248
60651 58287.976512 57.179419171249805 -112.53649536145072 707.8314432014173
60651 58347.976512 53.6546900209996 -114.14003727248647 706.6366174999675
60651 58407.976512 50.109073655913924 -115.49614369673661 705.3940076104465
60651 58467.976512 46.54696148474232 -116.66553099355528 704.1219245564008
60651 58527.976512 42.97146001626602 -117.69123449091823 702.8391683004085
60651 58587.976512 39.38485200848792 -118.60461135244903 701.5647434859791
60651 58647.976512 35.78888011199927 -119.42908381392765 700.3175543733759
60651 58707.976512 32.18492736586981 -120.18254964303419 699.116238227633
60651 58767.976512 28.574047011386877 -120.87899669399208 697.9712258965811
60651 58827.976512 24.9574246933307 -121.52951901780467 696.943127433858
60651 58887.976512 21.335796572640024 -122.14319790735478 695.9872618247828
60651 58947.976512 17.709969195346506 -122.7275518353819 695.1412396772604
60651 59007.976512 14.080688114042292 -123.28896605792626 694.4175354267608
60651 59067.976512 10.448666976740997 -123.83299067297624 693.8265027541433
60651 59127.976512 6.814599933267536 -124.36457379882495 693.3764172497094
60651 59187.976512 3.179169568076014 -124.88824948049957 693.0733495972424
60651 59247.976512 -0.45694777716634516 -125.40829590809575 692.9210665451553
60651 59307.976512 -4.093078208394013 -125.92887592352423 692.9209600268607
60651 59367.976512 -7.728547116459535 -126.4541696894582 693.0720081026649
60651 59427.976512 -11.362675840464771 -126.98850849203173 693.3707744550181
60651 59487.976512 -14.99477737209284 -127.53651878907485 693.8114534476362
60651 59547.976512 -18.624150259583438 -128.1032868211791 694.3859651044291
60651 59607.976512 -22.250069708351113 -128.69455658767896 695.084099483536
60651 59667.976512 -25.871774566863095 -129.31697821477812 695.8937047608534
60651 59727.976512 -29.488448374164 -129.97843054124866 696.8009133987714
60651 59787.976512 -33.09919185620437 -130.6884525637004 697.7904157451908
60651 59847.976512 -36.70298300182236 -131.45883570926696 698.8457631802063
60651 59907.976512 -40.29861835300061 -132.3044570063346 699.9495188996286
60651 59967.976512 -43.88462535910838 -133.24448000415464 701.0835027773282
60651 60027.976512 -47.459131060270344 -134.3041307134522 702.2293246564047
60651 60087.976512 -51.019659928218 -135.51739650344192 703.3685525628804
60651 60147.976512 -54.562812478169526 -136.93125177335565 704.4829355491717
60651 60207.976512 -58.08373772827967 -138.61249687935398 705.554748622515
60651 60267.976512 -61.575231617400476 -140.6592394140599 706.5671040331368
60651 60327.976512 -65.02612138683942 -143.2209555797205 707.5042292219512
60651 60387.976512 -68.41820894550568 -146.53503748743162 708.3517176345653
60651 60447.976512 -71.72012747392965 -150.99593480811086 709.0967476779866
60651 60507.976512 -74.87420662805677 -157.28795332908598 709.7282664621154
60651 60567.976512 -77.76712079337928 -166.62166941852874 710.2371391947491
60651 60627.976512 -80.16715410263275 179.0337112933418 710.6162680570357
60651 60687.976512 -81.6397995687317 157.87245618724702 710.8606848930133
60651 60747.976512 -81.6780035849481 132.66443190324483 710.9676201968567
60651 60807.976512 -80.26499060553877 111.18138187146089 710.9365476712247
60651 60867.976512 -77.89858018685202 96.53425560147454 710.7692005354661
60651 60927.976512 -75.02355710126075 87.00877739702459 710.4695541520574
60651 60987.976512 -71.87973413803124 80.60248875425671 710.0437701377168
60651 61047.976512 -68.58439214453816 76.07159971355244 709.5000997426796
60651 61107.976512 -65.19703530086754 72.71263555156638 708.8487479234269
60651 61167.976512 -61.749918979197666 70.12082330310287 708.1017028341456
60651 61227.976512 -58.261698623182674 68.05309998538354 707.2725372555211
60651 61287.976512 -54.74379568458999 66.35674484256687 706.3761882765211
60651 61347.976512 -51.20355541170822 64.93171214376649 705.4287197127658
60651 61407.976512 -47.64591123649878 63.70999639896084 704.4470693253186
60651 61467.976512 -44.074311175038574 62.64384661272625 703.4487811519082
60651 61527.976512 -40.49125853473729 61.698759110374404 702.4517231082805
60651 61587.976512 -36.89864064861941 60.84915529696122 701.4737916696206
60651 61647.976512 -33.29793579324773 60.07562545388614 700.5326083006246
60651 61707.976512 -29.69034726883706 59.36311757938412 699.6452151865551
60651 61767.976512 -26.076892350747173 58.69971416535652 698.8277794235084
60651 61827.976512 -22.4584623646721 58.0757847112991 698.0953143395689
60651 61887.976512 -18.835863738257437 57.48338401232318 697.4614242977982
60651 61947.976512 -15.209846198260296 56.915814343503484 696.9380763926778
60651 62007.976512 -11.58112211124137 56.36729853363335 696.535399942395
60651 62067.976512 -7.950379663221374 55.83272864803626 696.2615130642297
60651 62127.976512 -4.3182917812700055 55.30746606701766 696.1223756589429
60651 62187.976512 -0.6855222101290918 54.78717570609914 696.1216704316715
60651 62247.976512 2.947270150616239 54.26768145351177 696.26071769113
60651 62307.976512 6.579427721969088 53.744832457933214 696.5384402573432
60651 62367.976512 10.210290602422262 53.21437117716776 696.9515156986049
60651 62427.976512 13.839185552907727 52.671795291005985 697.4782161168556
60651 62487.976512 17.465499662558866 52.11218922987254 698.1447818440025
60651 62547.976512 21.08844442796908 51.53007453377533 698.9186966020025
60651 62607.976512 24.707325963268428 50.91913785409057 699.7930196553148
60651 62667.976512 28.321367915836486 50.27196133787185 700.7525486124739
60651 62727.976512 31.929722052548037 49.5796277264157 701.7820364390024
60651 62787.976512 35.531432757871194 48.83119018023746 702.8651038324857
60651 62847.976512 39.125385353503894 48.012932585272665 703.9844620522985
60651 62907.976512 42.71022990824118 47.10731218239179 705.1221774139594
60651 62967.976512 46.28426714752874 46.091409880283145 706.2599455397122
60651 63027.976512 49.84527405570708 44.93459788494416 707.3793743879199
60651 63087.976512 53.390230176978086 43.594926332409464 708.462274472429
60651 63147.976512 56.91487398727362 42.013343829219195 709.4909515235701
60651 63207.976512 60.412955684926864 40.10412064663137 710.448494095932
60651 63267.976512 63.874920846184835 37.73835049251976 711.3190475921106
60651 63327.976512 67.28546811347461 34.714326702773306 712.0880672820099
60651 63387.976512 70.61874477337265 30.70217271577191 712.7425456734171
60651 63447.976512 73.8282880067465 25.137583214786513 713.2712128590988
60651 63507.976512 76.82479710416905 17.023955112631207 713.6647108605187
60651 63567.976512 79.42698386583967 4.656312895764711 713.9157435231076
60651 63627.976512 81.27579297058134 -14.116301101862 714.0192020103916
60651 63687.976512 81.84253667370227 -38.7066870121669 713.9722631083381
60651 63747.976512 80.88492576606184 -62.18747408913729 713.7744547209645
60651 63807.976512 78.78655336136725 -79.09133660064543 713.4276815307657
60651 63867.976512 76.0524989102242 -90.11105039128076 712.9362047307964
60651 63927.976512 72.98570566527144 -97.4114553471461 712.3065730353509
60651 63987.976512 69.73580156494833 -102.48680970908508 711.5475069332304
60651 64047.976512 66.37731506252584 -106.19239398790255 710.669742842252
60651 64107.976512 62.94972562327569 -109.01518199885152 709.6858468994932
60651 64167.976512 59.47538485456622 -111.2431704945121 708.6100085765609
60651 64227.976512 55.967725295255796 -113.05460366230695 707.4578220770384
60651 64287.976512 52.43524702822079 -114.56466521538799 706.2460594487287
60651 64347.976512 48.88357739499497 -115.85071426015406 704.9924350362858
60651 64407.976512 45.316597319974186 -116.96649771240436 703.7153578471674
60651 64467.976512 41.7370886809858 -117.95048901897366 702.4336674732751
60651 64527.976512 38.147122732050576 -118.83097001640228 701.1663493614647
60651 64587.976512 34.548301912842085 -119.6292363855777 699.9322161756775
60651 64647.976512 30.94191521447396 -120.36168329509589 698.7510436184401
60651 64707.976512 27.32898998214204 -121.0412108067733 697.5544360628093
60651 64767.976512 23.71048051960887 -121.6781583105942 696.5248573860779
60651 64827.976512 20.087243885458985 -122.28099731254873 695.5938051443445
60651 64887.976512 16.460059823208766 -122.85681855298758 694.7777611726494
60651 64947.976512 12.82966130932398 -123.41169088479491 694.0885128237004
60651 65007.976512 9.196754385825153 -123.95093466223172 693.5358322732967
60651 65067.976512 5.562028603194097 -124.47933722273558 693.1273140488845
60651 65127.976512 1.9261639980087442 -125.0013289573817 692.8682496234171
60651 65187.976512 -1.7101640929088553 -125.52113415359138 692.7615419501891
60651 65247.976512 -5.346281428573134 -126.042907723576 692.8076611053647
60651 65307.976512 -8.981511656813545 -126.57086726987862 693.0046431526083
60651 65367.976512 -12.615172741798379 -127.10942940038892 693.3481331296713
60651 65427.976512 -16.246572234954687 -127.66335969456769 693.8314707846571
60651 65487.976512 -19.875000480339754 -128.23794732745247 694.4458152067808
60651 65547.976512 -23.499720617412144 -128.83921837045105 695.1803026303407
60651 65607.976512 -27.11995386701472 -129.4742067805232 696.0222316255775
60651 65667.976512 -30.73485799667985 -130.15131007158826 696.9572763661604
60651 65727.976512 -34.343495965558134 -130.88076937882067 697.9697487408964
60651 65787.976512 -37.94479027922988 -131.67533409094776 699.0428833275389
60651 65847.976512 -41.537455604360325 -132.55120464397862 700.1589577015918
60651 65907.976512 -45.11989788991038 -133.5294032460921 701.2996065116353
60651 65967.976512 -48.690062334493554 -134.63781970402172 702.4463636394418
60651 66027.976512 -52.24519701794838 -135.91435174131828 703.580812812179
60651 66087.976512 -55.781473101692306 -137.41187653272777 704.6848511140565
60651 66147.976512 -59.29335308997475 -139.2063960208177 705.7410369691922
60651 66207.976512 -62.77249407039459 -141.41089696930828 706.7328832936206
60651 66267.976512 -66.20574654016026 -144.1999196720008 707.6451087482416
60651 66327.976512 -69.5712905383378 -147.85494801416095 708.4638585474688
60651 66387.976512 -72.83069942089155 -152.85109896311448 709.1768972601873
60651 66447.976512 -75.91164513097954 -160.0221240454241 709.7737760094283
60651 66507.976512 -78.6691889613039 -170.82905200266592 710.2459767127568
60651 66567.976512 -80.80900899426638 172.57127479620942 710.5870345433389
60651 66627.976512 -81.83148547550249 149.30613286282954 710.7926372613927
60651 66687.976512 -81.33228057848817 124.55902832375216 710.8606976392334
60651 66747.976512 -79.52673971797931 105.45882648308961 710.7913939120795
60651 66807.976512 -76.94571988235927 92.84665142420751 710.5871735463896
60651 66867.976512 -73.9586847557589 84.58660023050244 710.2527174781303
60651 66927.976512 -70.75303205955524 78.93550426061165 709.7948646301969
60651 66987.976512 -67.42089668401735 74.87018233820328 709.2224990301262
60651 67047.976512 -64.01006383528323 71.81188672917973 708.546403431079
60651 67107.976512 -60.54704316915458 69.423034114538 707.7790836658969
60651 67167.976512 -57.04748663732026 67.49766727643285 706.9345672653114
60651 67227.976512 -53.52114901340119 65.90443051544534 706.028178790511
60651 67287.976512 -49.974402014445424 64.5561203396284 705.0762936135384
60651 67347.976512 -46.41158570254223 63.39276312953177 704.0960720406855
60651 67407.976512 -42.835773753685096 62.37181157249859 703.1051767746313
60651 67467.976512 -39.24922683328768 61.4622389365216 702.1214783493169
60651 67527.976512 -35.6536717852749 60.640852667411856 701.1627546747504
60651 67587.976512 -32.05047926411293 59.88991829037815 700.2463915523605
60651 67647.976512 -28.440779832923372 59.19558272401044 699.3890906105831
60651 67707.976512 -24.82554146664392 58.546799779464 698.6065896743138
60651 67767.976512 -21.205622088968752 57.93457932962262 697.9133987748439
60651 67827.976512 -17.5818055220419 57.35144972561668 697.3225538284576
60651 67887.976512 -13.954826177665828 56.791063232866264 696.8453900766524
60651 67947.976512 -10.325385997777074 56.247898588645455 696.4913383879455
60651 68007.976512 -6.694166037194127 55.717029816324946 696.2677488481669
60651 68067.976512 -3.0618343837859223 55.19393985132872 696.1797473704
60651 68127.976512 0.5709483312198206 54.67436345177946 696.2301319627608
60651 68187.976512 4.203524852398732 54.154147509025904 696.419316488989
60651 68247.976512 7.835237787741235 53.62911895009812 696.7453503948401
60651 68307.976512 11.465425636024506 53.09495134182698 697.2042319286702
60651 68367.976512 15.093378870154705 52.547027065409516 697.7907637212328
60651 68427.976512 18.718513067110973 51.98024536190699 698.4781094377272
60651 68487.976512 22.340064207521174 51.388868798209934 699.2832986433907
60651 68547.976512 25.95729407789894 50.76624186673159 700.18252602055
60651 68607.976512 29.569405521679723 50.1044776513658 701.1612927511479
60651 68667.976512 33.175518691831705 49.39402504613626 702.2040102875292
60651 68727.976512 36.77463053516745 48.62307547250321 703.2939808344419
60651 68787.976512 40.36555563717887 47.776728178800134 704.4136566128765
60651 68847.976512 43.94683870001059 46.835786856350005 705.5449274666149
60651 68907.976512 47.516622751933 45.774980046933806 706.6694201811315
60651 68967.976512 51.07244605071722 44.5602566219474 707.7688009695537
60651 69027.976512 54.610919968089235 43.14455093364012 708.8250727993353
60651 69087.976512 58.127200183557726 41.46092883217647 709.8208604653003
60651 69147.976512 61.61408262292638 39.411081213452675 710.7396788681668
60651 69207.976512 65.06038318820623 36.845219800436084 711.5661829784719
60651 69267.976512 68.4478722922441 33.52545715728695 712.2864002865822
60651 69327.976512 71.74511427307502 29.05655067889469 712.8879472006482
60651 69387.976512 74.89429922839535 22.75298806069141 713.3602295209358
60651 69447.976512 77.78183616335411 13.402868636678257 713.6946242553198
60651 69507.976512 80.17561392234808 -0.9615127630286374 713.884636777165
60651 69567.976512 81.64116477967062 -22.13121413204761 713.9260250499074
60651 69627.976512 81.6734985405936 -47.31362082942635 713.8168824671794
60651 69687.976512 80.25821986397135 -68.75746992311575 713.5576731792326
60651 69747.976512 77.89227037022667 -83.37986569997402 713.1512180844447
60651 69807.976512 75.01878702720583 -92.89372125490068 712.6026346923587
60651 69867.976512 71.87675897488018 -99.29495363848906 711.919238231642
60651 69927.976512 68.58314707498485 -103.82375742466773 711.1104133594131
60651 69987.976512 65.19732931382929 -107.18199511782012 710.1874650458169
60651 70047.976512 61.75150660323025 -109.77372050684444 709.163454037274
60651 70107.976512 58.26430834335482 -111.8416634422471 708.0530179472169
60651 70167.976512 54.74714239353824 -113.53838394538853 706.8721750825215
60651 70227.976512 51.207346528489595 -114.96384777444595 705.6381060077308
60651 70287.976512 47.64985009890514 -116.18602012098485 704.3689083130822
60651 70347.976512 44.078099171979815 -117.25263203031321 703.0833228405567
60651 70407.976512 40.49459664702273 -118.19817807101633 701.800433245818
60651 70467.976512 36.90123075611577 -119.04823371222227 700.5393399150504
60651 70527.976512 33.29948210871044 -119.82220892187489 699.3188152598785
60651 70587.976512 29.69052317137974 -120.535164397443 698.1908797696951
60651 70647.976512 26.075545570062946 -121.19898995442523 697.1504495886331
60651 70707.976512 22.455293131323778 -121.82335074559595 696.1601763851736
60651 70767.976512 18.83059837242448 -122.41619281566584 695.2758585849491
60651 70827.976512 15.202221082750484 -122.98421888092328 694.5109145951194
60651 70887.976512 11.570883710030161 -123.53321192513086 693.8763384002268
60651 70947.976512 7.9372859050379345 -124.06828632264308 693.3810610753363
60651 71007.976512 4.302113560741103 -124.59408787504108 693.031808119695
60651 71067.976512 0.6660449036652791 -125.11495981011065 692.8329917516184
60651 71127.976512 -2.9702452278094382 -125.6350876732528 692.786641531322
60651 71187.976512 -6.6060820319829565 -126.15863350198687 692.8923747279622
60651 71247.976512 -10.240787533922466 -126.68986842245285 693.1474072034389
60651 71307.976512 -13.873676745777075 -127.2333126257458 693.5466041161978
60651 71367.976512 -17.504052359833057 -127.79389254026546 694.0825684162493
60651 71427.976512 -21.13119698254284 -128.3771270672547 694.745764340252
60651 71487.976512 -24.754361650708248 -128.98935836718593 695.5246730429469
60651 71547.976512 -28.372748942944227 -129.63804857435466 696.4059797005077
60651 71607.976512 -31.985488337397513 -130.33217319623196 697.3748047636839
60651 71667.976512 -35.591600450595585 -131.0827569327958 698.4150033768311
60651 71727.976512 -39.189944862715606 -131.903621840825 699.509394725244
60651 71787.976512 -42.77914251026246 -132.81245756561734 700.6398811028951
60651 71847.976512 -46.35745974719121 -133.83239129125943 701.7880225215014
60651 71907.976512 -49.922632111583795 -134.99435318272404 702.9353656428863
60651 71967.976512 -53.47158666008611 -136.34074479063054 704.0635836042795
60651 72027.976512 -56.999990900485855 -137.93131345141302 705.1548106799595
60651 72087.976512 -60.50149190603598 -139.85289942485775 706.191952680245
60651 72147.976512 -63.96637341194702 -142.23625233659007 707.1589443930791
60651 72207.976512 -67.379059101279 -145.2862736454345 708.0409794141519
60651 72267.976512 -70.71319011592814 -149.33862494593012 708.8247194050932
60651 72327.976512 -73.92129534495035 -154.96843783764845 709.4984840423584
60651 72387.976512 -76.91192652559917 -163.192211204874 710.0524214627362
60651 72447.976512 -79.49918323895427 -175.74348257556406 710.4786574079119
60651 72507.976512 -81.31615801200775 165.23800590347827 710.7714196103923
60651 72567.976512 -81.83246734317949 140.52968834801587 710.9271329716241
60651 72627.976512 -80.82611893498309 117.21125289928555 710.9444811712838
60651 72687.976512 -78.69656335593166 100.53680059554951 710.8244314617532
60651 72747.976512 -75.9449368880988 89.67748840276677 710.5702211173823
60651 72807.976512 -72.86775250016834 82.47448722978237 710.1873057467947
60651 72867.976512 -69.61113472969583 77.45867706882363 709.6832709593347
60651 72927.976512 -66.24796999950367 73.79105122058054 709.0677095071079
60651 72987.976512 -62.81695290882109 70.99358846821374 708.3520661281004
60651 73047.976512 -59.340038224173526 68.78320423083507 707.5494522421121
60651 73107.976512 -55.830445788541724 66.98444508656273 706.6744327755772
60651 73167.976512 -52.29655549376322 65.48378122084304 705.7427879265938
60651 73227.976512 -48.74392341160463 64.2048745473836 704.7712535742262
60651 73287.976512 -45.17638618870956 63.09463224391224 703.7772449968543
60651 73347.976512 -41.596696826798635 62.115013873853215 702.7785692173832
60651 73407.976512 -38.006906710262726 61.23803265360623 701.7931313706403
60651 73467.976512 -34.408603685091755 60.44259910772921 700.8386399768293
60651 73527.976512 -30.803065024387813 59.71246538374167 699.9323151491027
60651 73587.976512 -27.191358172981175 59.0348482001696 699.0906029294749
60651 73647.976512 -23.574408381000946 58.39948210013113 698.328898486091
60651 73707.976512 -19.953044729999466 57.79795229291094 697.66128117664
60651 73767.976512 -16.328031711984544 57.22321293385669 697.1002657363697
60651 73827.976512 -12.700090962867868 56.66923039072828 696.6565756086492
60651 73887.976512 -9.069916201079135 56.130711601141655 696.33894545879
60651 73947.976512 -5.438183461814395 55.60289040377254 696.153959511894
60651 74007.976512 -1.8055581168356223 55.081352757192754 696.1059309982834
60651 74067.976512 1.8273002005022867 54.56188679149631 696.1968265454254
60651 74127.976512 5.4597338557794854 54.040346683406845 696.4262409017408
60651 74187.976512 9.091083827327555 53.51252098381754 696.791438035193
60651 74247.976512 12.720684910200756 52.97399669349972 697.2846625906009
60651 74307.976512 16.34786523703672 52.42000869164604 697.9161935625236
60651 74367.976512 19.971932459508906 51.84526622845231 698.6452560041783
60651 74427.976512 23.592169702508738 51.24373834464064 699.4800906979455
60651 74487.976512 27.207820346014852 50.60838263094626 700.4044219664477
60651 74547.976512 30.81806194194464 49.93078960581591 701.4033509250718
60651 74607.976512 34.42197674205953 49.200701363828315 702.4608577076516
60651 74667.976512 38.01850562341586 48.4053454992719 703.5599063085984
60651 74727.976512 41.606380454876785 47.5284900610707 704.6827194428275
60651 74787.976512 45.184023486916765 46.54906923178998 705.8110739075393
60651 74847.976512 48.749394701277375 45.439132163438416 706.9265983327026
60651 74907.976512 52.299754303729905 44.160694371552886 708.0110655901788
60651 74967.976512 55.83128169492546 42.660752731986136 709.0466756263539
60651 75027.976512 59.338441517591626 40.86311791981853 710.0163273328308
60651 75087.976512 62.81288285726379 38.65451663630165 710.9038799336099
60651 75147.976512 66.24143069651375 35.85995766196964 711.6944045823041
60651 75207.976512 69.60220799958682 32.1972299593951 712.3744252800851
60651 75267.976512 72.85667160450137 27.190040858066343 712.9321453785333
60651 75327.976512 75.93226288232694 20.002886298118717 713.3576528939356
60651 75387.976512 78.68361597171199 9.173230083147088 713.6430958725131
60651 75447.976512 80.81586096354425 -7.450974326479886 713.7828190647846
60651 75507.976512 81.82988062367042 -30.717107813888244 713.7734554886672
60651 75567.976512 81.3245404910625 -55.42399403694032 713.6139705752153
60651 75627.976512 79.51705031253388 -74.48099893841336 713.3056613258317
60651 75687.976512 76.93661146264881 -87.06867711290228 712.8521168194953
60651 75747.976512 73.95107266280621 -95.31716907985074 712.2591482761239
60651 75807.976512 70.74710988421522 -100.96300073952581 711.534696154181
60651 75867.976512 67.41657633125247 -105.0259874845559 710.6887187562551
60651 75927.976512 64.00714256144005 -108.08334806183318 709.733062632457
60651 75987.976512 60.54526745482091 -110.47195989458619 708.6813112139024
60651 76047.976512 57.04657847828134 -112.39744025474798 707.5486059794183
60651 76107.976512 53.52081774269534 -113.99097419948443 706.3514348764926
60651 76167.976512 49.97435012597838 -115.3396767713035 705.1073856387227
60651 76227.976512 46.411512023119 -116.50347489792173 703.8348661581576
60651 76287.976512 42.83537541573265 -117.5248912760315 702.5527986052946
60651 76347.976512 39.2482007486611 -118.43494009674114 701.2802961753832
60651 76407.976512 35.651716015224395 -119.25680817160513 700.0363313853035
60651 76467.976512 32.04729381668041 -120.00822829095532 698.841435333694
60651 76527.976512 28.435974967533284 -120.70307182687252 697.6239552169413
60651 76587.976512 24.818846821655654 -121.35236326463743 696.5783721614988
60651 76647.976512 21.19674818040437 -121.96510177835204 695.625187406099
60651 76707.976512 17.570477672019976 -122.54876220481339 694.7835723388781
60651 76767.976512 13.940780994758134 -123.10969711318904 694.0658294090744
60651 76827.976512 10.308372718506224 -123.65343336773212 693.4823109133422
60651 76887.976512 6.673947995304434 -124.18490343660835 693.0412723116918
60651 76947.976512 3.038190371069592 -124.70863201450996 692.7487228578697
60651 77007.976512 -0.5982228467002548 -125.2288934498632 692.6083130894755
60651 77067.976512 -4.234616664269905 -125.74985186448014 692.6212644425027
60651 77127.976512 -7.870315097024814 -126.2756937958571 692.7863451950467
60651 77187.976512 -11.504637733211338 -126.81076232807949 693.0998944240627
60651 77247.976512 -15.136895400577869 -127.35970185390853 693.5558927035205
60651 77307.976512 -18.76638407192008 -127.92762385875629 694.1460757585899
60651 77367.976512 -22.392375949727818 -128.5203066601786 694.8600855632344
60651 77427.976512 -26.014106344900423 -129.14444634744834 695.685652411552
60651 77487.976512 -29.63075445062803 -129.8079830953121 696.608804143554
60651 77547.976512 -33.24141533424318 -130.52053805111862 697.6141245594076
60651 77607.976512 -36.84505932697032 -131.2940136845868 698.6851031958558
60651 77667.976512 -40.440472497424636 -132.1434391881272 699.8042680364582
60651 77727.976512 -44.02616712109728 -133.08819007896687 700.9532756581283
60651 77787.976512 -47.60024787099412 -134.15379367236957 702.113721219345
60651 77847.976512 -51.16020632487965 -135.3746760904213 703.2672135772466
60651 77907.976512 -54.70259315936885 -136.7984683330008 704.3955344026749
60651 77967.976512 -58.22247923451513 -138.4929846209507 705.4810157892437
60651 78027.976512 -61.712532963039415 -140.55795483802677 706.50683390331
60651 78087.976512 -65.16136360309042 -143.14555645644614 707.4572588854571
60651 78147.976512 -68.55037991156787 -146.49787498461188 708.3178852995269
60651 78207.976512 -71.84746171167608 -151.01784484159808 709.0758435504868
60651 78267.976512 -74.99340142328208 -157.40538565283694 709.7199902764773
60651 78327.976512 -77.87159484830266 -166.89773579108723 710.2410758731745
60651 78387.976512 -80.2437044971248 178.5105724323812 710.6318869082896
60651 78447.976512 -81.66704788312171 157.09239982713152 710.8873605469724
60651 78507.976512 -81.64268723156947 131.8961566373879 711.0046677101933
60651 78567.976512 -80.1815133311095 110.68482705258853 710.9832617908585
60651 78627.976512 -77.78856071979439 96.2876927003684 710.8248903989979
60651 78687.976512 -74.89997290984726 86.91875130206097 710.5335686661373
60651 78747.976512 -71.74890040162404 80.60480126272485 710.1155138866561
60651 78807.976512 -68.44940678070905 76.12995117252966 709.5790424888756
60651 78867.976512 -65.05951738223064 72.80660950247778 708.934431359035
60651 78927.976512 -61.61077510088584 70.23848357540017 708.1937463328965
60651 78987.976512 -58.12146907931827 68.18713753718353 707.3706412456202
60651 79047.976512 -54.60282033853573 66.50248282563386 706.480131345679
60651 79107.976512 -51.06205825526254 65.08603805137027 705.5383451742819
60651 79167.976512 -47.504046025559305 63.870765969302695 704.5622591937172
60651 79227.976512 -43.93218735329892 62.80953693886506 703.5694194963538
60651 79287.976512 -40.34895666493415 61.86825883214426 702.5776548314947
60651 79347.976512 -36.756221999216 61.02163317541061 701.6047849869134
60651 79407.976512 -33.15544851259157 60.2504453815953 700.6683283497488
60651 79467.976512 -29.547830454025096 59.53978199313173 699.7852123598009
60651 79527.976512 -25.934378736247506 58.87782533648159 698.9714906150479
60651 79587.976512 -22.315980061190718 58.25501758346617 698.2420705832152
60651 79647.976512 -18.693437313414336 57.66346667191338 697.6104562503072
60651 79707.976512 -15.067497329183146 57.09651363487823 697.0885106898537
60651 79767.976512 -11.43887000510146 56.54840919123426 696.6862442343847
60651 79827.976512 -7.808241404160754 56.01406484190386 696.4116339960399
60651 79887.976512 -4.17628270835868 55.48885458031796 696.2704796326508
60651 79947.976512 -0.5436563649732499 54.96845016042784 696.2662991606671
60651 80007.976512 3.088979529491845 54.448677116462285 696.4002690499226
60651 80067.976512 6.720967724007434 53.92538123350421 696.6712213880083
60651 80127.976512 10.35164828043622 53.39429640491934 697.0752976701099
60651 80187.976512 13.980346974867937 52.850906065876345 697.6022168809037
60651 80247.976512 17.606422343500338 52.29027801528493 698.2505531733221
60651 80307.976512 21.229140751427668 51.70689588227881 699.010601742539
60651 80367.976512 24.847781511183193 51.09441034820665 699.8688967863823
60651 80427.976512 28.461567310607737 50.44534977008962 700.8111632992023
60651 80487.976512 32.06964724969528 49.750724681828714 701.8222345919881
60651 80547.976512 35.67106103781876 48.99949059053954 702.8857727101176
60651 80607.976512 39.26468637344421 48.17779784668025 703.9845003383305
60651 80667.976512 42.8491614111036 47.26791832966953 705.1004821015285
60651 80727.976512 46.42276870037603 46.24667081302238 706.2154189064661
60651 80787.976512 49.98325767881752 45.083048496580666 707.3109467377308
60651 80847.976512 53.52756576130372 43.734539200491405 708.368934497183
60651 80907.976512 57.051365564027606 42.14123200183381 709.3717765590154
60651 80967.976512 60.54830094839612 40.21603771093908 710.3026763751393
60651 81027.976512 64.00863856505563 37.827815350772525 711.1459176825682
60651 81087.976512 67.41676057790103 34.771026771785 711.8871195772309
60651 81147.976512 70.74622086259811 30.70894375402496 712.513471080329
60651 81207.976512 73.9493705289821 25.064640348323632 713.0139401902243
60651 81267.976512 76.93440154236993 16.818874257610933 713.3794522301207
60651 81327.976512 79.51473873802723 4.2360510174566866 713.6030329262604
60651 81387.976512 81.32270926960385 -14.813844594219253 713.6799131901248
60651 81447.976512 81.82910689265819 -39.51620555216557 713.6075948040855
60651 81507.976512 80.81607547918456 -62.78541263025927 713.3858785986974
60651 81567.976512 78.68418953488882 -79.4153133863554 713.0168585952985
60651 81627.976512 75.93260029155084 -90.24932797999027 712.504886390736
60651 81687.976512 72.85633684040533 -97.43932205966095 711.8565095080791
60651 81747.976512 69.60086429512495 -102.44837114980945 711.0803856926622
60651 81807.976512 66.23879386458242 -106.1123765757633 710.1871727813685
60651 81867.976512 62.80869861915123 -108.90786318781392 709.1893916553272
60651 81927.976512 59.33247526114429 -111.11717498669388 708.1012587281424
60651 81987.976512 55.823313839872704 -112.91538157186294 706.9384849523236
60651 82047.976512 52.289578150900354 -114.41580443112946 705.7180404786628
60651 82107.976512 48.73681540039429 -115.69466387726804 704.4578873624913
60651 82167.976512 45.168857560082245 -116.80498387597699 703.1766861016685
60651 82227.976512 41.5884556798945 -117.78476357039595 701.8934838764656
60651 82287.976512 37.99766124065203 -118.66196460014407 700.6273912656771
60651 82347.976512 34.39806398105492 -119.45766112313689 699.3974523723438
60651 82407.976512 30.790909360595094 -120.18809871234778 698.2419286222647
60651 82467.976512 27.17739693463279 -120.86603141719797 697.1584142448185
60651 82527.976512 23.55835548765334 -121.50174355337315 696.144943773914
60651 82587.976512 19.934634724873074 -122.10364733166155 695.2339855487821
60651 82647.976512 16.307010723836004 -122.6787900189658 694.4395888501155
60651 82707.976512 12.676217071413976 -123.2332084327408 693.7733723981105
60651 82767.976512 9.042960765615712 -123.77220028155972 693.2449424227917
60651 82827.976512 5.407932369289708 -124.30053783650551 692.8617263256789
60651 82887.976512 1.7718128972984226 -124.8226428248095 692.628836925266
60651 82947.976512 -1.8647213625756467 -125.34273659339905 692.548979763362
60651 83007.976512 -5.500995184884369 -125.86497657055689 692.6224079313114
60651 83067.976512 -9.13633111969302 -126.39358843742768 692.8469263299783
60651 83127.976512 -12.770045841361858 -126.9330029229101 693.2179439911487
60651 83187.976512 -16.401445342043363 -127.48800666852462 693.7285701197147
60651 83247.976512 -20.029818043248635 -128.06391826910806 694.3697475526103
60651 83307.976512 -23.654424658085308 -128.66680368193227 695.1304164002975
60651 83367.976512 -27.274483250737394 -129.30375029682125 695.9977006487007
60651 83427.976512 -30.88914733986874 -129.98322710463194 696.9571189426438
60651 83487.976512 -34.497474026036606 -130.71557138539245 697.9928735812623
60651 83547.976512 -38.098377800012855 -131.51366327427112 699.0882026890542
60651 83607.976512 -41.690561963223935 -132.39388357665234 700.2252633140287
60651 83667.976512 -45.27241523812991 -133.37750760454182 701.3856094084248
60651 83727.976512 -48.841857454180015 -134.49278817099415 702.5508817553781
60651 83787.976512 -52.396098439676834 -135.7781566410655 703.7026684836593
60651 83847.976512 -55.93124966293201 -137.28729718296543 704.8228534514699
60651 83907.976512 -59.44167753915224 -139.09747255687267 705.8939806712236
60651 83967.976512 -62.918878620708405 -141.32371370184157 706.8995283812279
60651 84027.976512 -66.34942283426764 -144.14401393026355 707.824155341613
60651 84087.976512 -69.7109728170184 -147.8459435833679 708.6539281433944
60651 84147.976512 -72.96408772831394 -152.9157354040317 709.3765274429395
60651 84207.976512 -76.03432901619652 -160.2074206616756 709.9814316803254
60651 84267.976512 -78.77225703694785 -171.2136502389956 710.4600769689137
60651 84327.976512 -80.87519796256302 171.89969632003536 710.8059909577253
60651 84387.976512 -81.83781120477352 148.4265539700225 711.0148973522431
60651 84447.976512 -81.274663060095 123.81995410469284 711.0847871147328
60651 84507.976512 -79.42675769441544 105.02462828386574 711.015952561639
60651 84567.976512 -76.82359882730367 92.64196397277522 710.8109817044004
60651 84627.976512 -73.82522570599528 84.5200068825869 710.474711991955
60651 84687.976512 -70.61343454859295 78.95078528646805 710.0141446471857
60651 84747.976512 -67.27775736473234 74.93592205293952 709.438322542708
60651 84807.976512 -63.86476874742773 71.91021739840781 708.7581756587489
60651 84867.976512 -60.40038168491861 69.54334198988194 707.9863384699297
60651 84927.976512 -56.899934159263395 67.63335028837307 707.1369432400832
60651 84987.976512 -53.37300552394091 66.05120390887957 706.2253924747603
60651 85047.976512 -49.825864295469124 64.71109682182771 705.2681130653865
60651 85107.976512 -46.26278714293092 63.55393183878992 704.2822942663964
60651 85167.976512 -42.686807394260526 62.537730660133406 703.285611733591
60651 85227.976512 -39.10015927649711 61.63184725955224 702.2959403967924
60651 85287.976512 -35.504551877788586 60.81335046199064 701.3310597871418
60651 85347.976512 -31.901343652934543 60.06468920387289 700.4083563715154
60651 85407.976512 -28.291656583579254 59.37214143595134 699.5445282458554
60651 85467.976512 -24.676452457108983 58.72475590802105 698.7552980166311
60651 85527.976512 -21.05658463464478 58.1136119632541 698.05513975024
60651 85587.976512 -17.432833534195797 57.53128903061634 697.4570256173479
60651 85647.976512 -13.805931054471863 56.971476841570144 696.9721976183199
60651 85707.976512 -10.1765773675272 56.428681234714084 696.6099695575214
60651 85767.976512 -6.545452408675282 55.89799515595783 696.3775637623439
60651 85827.976512 -2.9132237107127184 55.374913708220134 696.2799858474012
60651 85887.976512 0.7194481906985385 54.855177915494124 696.319940116604
60651 85947.976512 4.351905801300627 54.334635438144524 696.4977909437491
60651 86007.976512 7.983491305855801 53.80910849801277 696.8115588758864
60651 86067.976512 11.613541906587402 53.27426027680309 697.2538725298771
60651 86127.976512 15.24139558906592 52.725448757439985 697.8316847559336
60651 86187.976512 18.866359648120387 52.15756481373391 698.5156875511154
60651 86247.976512 22.48772860064378 51.56482819842187 699.3074641223358
60651 86307.976512 26.104761081128466 50.94053773240674 700.1924394376832
60651 86367.976512 29.71665760212168 50.27674487029478 701.1562420141765
