CIC_MEM_VERS = 1.0
CREATION_DATE = 2025-05-14T14:35:31.473942
ORIGINATOR = CS Group

META_START
OBJECT_NAME = PLEIADES-NEO3
OBJECT_ID = PLEIADES-NEO3
USER_DEFINED_PROTOCOL = NONE
USER_DEFINED_CONTENT = LLA
USER_DEFINED_SIZE = 3.0
USER_DEFINED_TYPE = REAL
USER_DEFINED_UNIT = [deg] [km]
TIME_SYSTEM = UTC
META_STOP

60809 17608.39344 0.12088104240673861 -150.3224566333518 624.4793604476473
60809 18028.39344 25.938841282777076 -154.14920441762987 623.8018649807592
60809 18448.39344 51.50223267563399 -160.28609257162324 631.0706980679228
60809 18868.39344 75.72440069992844 176.8698225826019 637.5840603967692
60809 19288.39344 74.12685196079374 58.74212358293133 637.9215373506411
60809 19708.39344 49.66806230630241 39.071362966029355 632.1579281726287
60809 20128.39344 24.086753718486914 33.25959592201639 625.0611775432552
60809 20548.39344 -1.7404606101815507 29.487758113665073 621.6746776011073
60809 20968.39344 -27.549194815720515 25.605083938832117 625.4235138872492
60809 21388.39344 -53.07329215695527 19.158052499340585 632.5941372533847
60809 21808.39344 -77.02693523502039 -7.054123028691886 637.8866391257179
60809 22228.39344 -72.71883593619515 -123.92191975230368 636.824954894497
60809 22648.39344 -48.082455439530044 -141.4060145370698 629.9965815789978
60809 23068.39344 -22.45553160892802 -146.972789952936 622.3843445709231
60809 23488.39344 3.3895215899501534 -150.70548283611853 620.3374122547959
60809 23908.39344 29.19983114774516 -154.65519568278344 625.000701243081
60809 24328.39344 54.727724997241545 -161.4770324165636 625.750465429037
60809 24748.39344 78.37481460333738 167.65535224858272 621.8122785382826
60809 25168.39344 71.03419905646787 53.45526662295305 622.5441702327042
60809 25588.39344 46.152293781079635 38.04604608163652 620.6539441109111
60809 26008.39344 20.46246491965039 32.7428796835985 620.2875794292908
60809 26428.39344 -5.37552651547555 29.052097861735437 625.6817053571518
60809 26848.39344 -31.11075903989046 25.023570576503285 636.8583116939025
60809 27268.39344 -56.46314714723452 17.788152631892974 648.8460156870028
60809 27688.39344 -79.49217287045764 -18.266632926749704 654.9465102072492
60809 28108.39344 -69.7868459222123 -128.17113420813615 651.1657048551397
60809 28528.39344 -44.98249884264735 -142.2520008769915 639.1296418440191
60809 28948.39344 -19.365417719233594 -147.39438015294823 625.101682538801
60809 29368.39344 6.492619016022954 -151.0696150734282 615.9605857161772
60809 29788.39344 32.34239136708844 -155.17810758810165 614.5605057839942
60809 30208.39344 57.85864161212573 -162.84850008835826 618.3587557162865
60809 30628.39344 80.51806396651871 154.1229510978576 622.1778656431466
60809 31048.39344 68.02377435131352 49.84825339455937 621.7685034029573
60809 31468.39344 42.922880808647456 37.22864094670136 619.1404604824558
60809 31888.39344 17.185804788136124 32.30540261867271 618.9115153521633
60809 32308.39344 -8.665087561215252 28.65849747522807 625.07528825948
60809 32728.39344 -34.38234932144573 24.449241411000102 637.0028340202348
60809 33148.39344 -59.653602361433016 16.23680015467666 649.1500296802202
60809 33568.39344 -81.31771591323422 -34.79285204612601 654.8465422024324
60809 33988.39344 -66.71962298072502 -131.40611532588917 650.5760493825113
60809 34408.39344 -41.72605592066231 -143.0417012875579 638.5465682652119
60809 34828.39344 -16.07281232395213 -147.82805415326987 625.1902278721485
60809 35248.39344 9.785270204268327 -151.46635817513288 617.0563308104535
60809 35668.39344 35.60334365429097 -155.7691900609245 616.2823590926993
60809 36088.39344 61.02050575090858 -164.52371383154647 619.8056837983006
60809 36508.39344 81.87912927617076 134.60538546999499 622.5980880660525
60809 36928.39344 64.95072164784456 47.094552593755395 621.0285258620019
60809 37348.39344 39.686274357920006 36.49846756198945 617.3989696084801
60809 37768.39344 13.904938986637712 31.884565589774777 617.0940111356164
60809 38188.39344 -11.959811018522572 28.255634418666222 623.8529686100485
60809 38608.39344 -37.660031557564736 23.82059591802451 636.4281465931185
60809 39028.39344 -62.83459243573535 14.33697394433087 648.7525018317164
60809 39448.39344 -82.13152569044404 -57.23309442942497 654.2251256171279
60809 39868.39344 -63.57542019255978 -133.92280647157034 649.8138657558552
60809 40288.39344 -38.439454528481974 -143.75505759043702 638.2262070059455
60809 40708.39344 -12.758425508052623 -148.2489537904321 625.9238300334341
60809 41128.39344 13.091184579034994 -151.87459071472176 618.9760694959703
60809 41548.39344 38.86744682904099 -156.41770776867787 618.7700349151348
60809 41968.39344 64.15732876305177 -166.58446278807128 621.7850801527193
60809 42388.39344 82.0474104560331 111.14452314028857 623.1892820288932
60809 42808.39344 61.83495708766647 44.925060387186754 620.1660920886021
60809 43228.39344 36.44101338073929 35.83905366659609 614.9031032077794
60809 43648.39344 10.612440406166606 31.476026789975375 613.9764175807971
60809 44068.39344 -15.274123648595243 27.838530532983256 620.9984916575379
60809 44488.39344 -40.964839606841615 23.12059213836913 634.153831963736
60809 44908.39344 -66.02308045721652 11.9271195445946 646.9286239131328
60809 45328.39344 -81.5968125963173 -80.85527952645991 652.7815104404322
60809 45748.39344 -60.338678275460204 -135.95532759505798 649.0619986556461
60809 46168.39344 -35.09405951561689 -144.41160490161533 638.7951125016384
60809 46588.39344 -9.398956982269427 -148.6632379066142 628.3019151862463
60809 47008.39344 16.425429204931195 -152.29952953405584 622.8756866522515
60809 47428.39344 42.14091956634656 -157.1373297395937 623.0787711481089
60809 47848.39344 67.25848317548915 -169.18318770543317 625.0390938857679
60809 48268.39344 80.95810527258561 90.19564897562746 624.1404008650658
60809 48688.39344 58.71775066430903 43.18167633509639 626.5628001940012
60809 49108.39344 33.27838543919817 35.254034312782025 620.2302688928479
60809 49528.39344 7.461043276307365 31.09745604302605 617.2781592438688
60809 49948.39344 -18.40677624297321 27.434382148106916 621.8087186869202
60809 50368.39344 -44.06697609817092 22.39465267430422 632.6924670367346
60809 50788.39344 -68.98426171676664 9.022900691356327 641.8971306413865
60809 51208.39344 -80.00233570271736 -98.39255538834492 644.8134660740716
60809 51628.39344 -57.16852134802245 -137.56355687234583 639.8179703772911
60809 52048.39344 -31.776298678638387 -145.00514729848584 630.6159567603407
60809 52468.39344 -6.005323622279089 -149.07256329408224 622.3467360072625
60809 52888.39344 19.842639882046093 -152.7538812922812 621.3211902155253
60809 53308.39344 45.51655182470522 -157.97154281667832 625.9397205960574
60809 53728.39344 70.39847303849123 -172.68740543094975 631.120110632804
60809 54148.39344 78.9282076604456 74.95537921454715 631.9393987910707
60809 54568.39344 55.498068101426895 41.700452579402324 627.4755416938773
60809 54988.39344 29.98921571482691 34.69202608549093 621.5604150972902
60809 55408.39344 4.167563320174759 30.705949131807188 619.7336095373199
60809 55828.39344 -21.673193395239277 26.991535532894794 625.0661477784246
60809 56248.39344 -47.279337961282536 21.546725779204273 634.9342292772145
60809 56668.39344 -71.95207373562327 5.0932292603425955 643.005799427205
60809 57088.39344 -77.73407548324062 -110.46114478581511 644.2068206335324
60809 57508.39344 -53.99960135102753 -138.90005894449527 637.7777384086855
60809 57928.39344 -28.52329118388126 -145.54181007290063 628.0309450605793
60809 58348.39344 -2.7238035772932343 -149.46120037853007 619.5831979570078
60809 58768.39344 23.13108715661598 -153.21094745692588 620.0921311964967
60809 59188.39344 48.76738836849422 -158.88381702971327 626.0551842710657
60809 59608.39344 73.36391608023563 -177.31957948237584 632.0748239623605
60809 60028.39344 76.4135765613372 64.99076894302397 633.044128773355
60809 60448.39344 52.29514264386381 40.46764982022596 628.6920495644122
60809 60868.39344 26.735733792674466 34.17719559930058 623.2020125216217
60809 61288.39344 0.914016116740657 30.3234162979631 622.0131104281993
60809 61708.39344 -24.899408866231127 26.530860813835623 627.1886902939649
60809 62128.39344 -50.455988747436855 20.588606582619462 635.1429938784784
60809 62548.39344 -74.79507279945292 -0.29011641325657983 642.4716625151344
60809 62968.39344 -75.10427340095617 -118.54498354171463 642.7536774442386
60809 63388.39344 -50.81591563811026 -140.03565130533278 635.90267082867
60809 63808.39344 -25.272082468188763 -146.04046734880734 626.5718377122018
60809 64228.39344 0.5420974172936355 -149.84473243011772 620.3262935244277
60809 64648.39344 26.37602345614038 -153.68793908287287 621.9625562077488
60809 65068.39344 51.94786925692785 -159.9120614330782 628.1772710332485
60809 65488.39344 76.12325551848896 176.29363494385913 633.3009374743151
60809 65908.39344 73.67800553636575 58.359702401026624 633.0479826209372
60809 66328.39344 49.127766796864364 39.42921392850001 627.7365932885673
60809 66748.39344 23.510805152735706 33.70103470201696 622.0372210266938
60809 67168.39344 -2.3290698628745834 29.943283336680555 621.308435819983
60809 67588.39344 -28.13337824666191 26.038951717631917 626.7003211247243
60809 68008.39344 -53.64447041891034 19.470874644058267 633.9029845562386
60809 68428.39344 -77.47330730427139 -8.108298438197927 641.1348044175862
60809 68848.39344 -72.23923831701075 -124.20140273390017 641.3543923164654
60809 69268.39344 -47.58845841957396 -141.02438573202036 634.977102525019
60809 69688.39344 -21.995649013592566 -146.51177072681665 626.9907291146912
60809 70108.39344 3.8271472482346396 -150.2306876076707 622.2650179559623
60809 70528.39344 29.624944079339475 -154.19716863467082 625.9230113511354
60809 70948.39344 55.10648832958192 -161.1028746172929 632.7967928131873
60809 71368.39344 78.61294161955864 167.06615586166774 637.2488020896291
60809 71788.39344 70.83411728035246 53.70967850369062 635.3451736611048
60809 72208.39344 46.01085406086005 38.541270251435805 628.1414958459258
60809 72628.39344 20.347859605891713 33.26103798078909 620.4847571433486
60809 73048.39344 -5.5140757781635275 29.56910769551652 619.0686456683147
60809 73468.39344 -31.318965997959026 25.520655928805105 624.7083636531497
60809 73888.39344 -56.79741544667007 18.169086023971897 624.1951035512702
60809 74308.39344 -79.84436217704658 -20.043249420436698 631.1356744733448
60809 74728.39344 -69.13919931436875 -128.41652858498583 632.4621800517372
60809 75148.39344 -44.18482066886743 -141.9347418326857 629.300350783969
60809 75568.39344 -18.527232575432212 -146.98744380317757 626.2860733159101
60809 75988.39344 7.283186531444047 -150.64401337969198 628.0044376121341
60809 76408.39344 33.00594533815763 -154.77168574667314 634.9586812111056
60809 76828.39344 58.343611683497244 -162.5583576491831 642.6270674559972
60809 77248.39344 80.69489222690102 152.99433720305973 645.3315325010415
60809 77668.39344 67.86329846752574 50.21819985176706 639.9443992080334
60809 78088.39344 42.856380382863364 37.74809702843701 628.6952617006308
60809 78508.39344 17.147388842855374 32.8363043748086 616.9452038561232
60809 78928.39344 -8.75575299819787 29.18256792822358 613.1152123230003
