CIC_AEM_VERS = 1.0
CREATION_DATE = 2024-12-08T21:18:59.670Z
ORIGINATOR = CS Group

META_START
OBJECT_NAME = PLEIADES1A
OBJECT_ID = PLEIADES1A
CENTER_NAME = null
REF_FRAME_A = EME2000
REF_FRAME_B = SC_BODY_1
ATTITUDE_DIR = A2B
TIME_SYSTEM = UTC
START_TIME = 2024-12-08T12:46:11.908128
STOP_TIME = 2024-12-10T22:59:60.0
ATTITUDE_TYPE = QUATERNION
QUATERNION_TYPE = LAST
META_STOP

60652 45971.908128 -0.6513461572921889 0.38336020388343545 -0.6533100098194984 -0.04437531440786627
60652 46571.908128 -0.4990466896453991 0.5675510797876722 -0.6345208107982775 0.1619305840467231
60652 47171.908128 0.2970433151299166 -0.6949153874364754 0.5523267119752958 -0.3518424029010728
60652 47771.908128 0.06511358520355327 -0.752958924743518 0.4147353145688338 -0.506761973238438
60652 48371.908128 -0.17345755118162318 -0.7356232129322052 0.23547454015851763 -0.6110013972737776
60652 48971.908128 -0.394702029310902 -0.6445312563379725 0.032546763033206076 -0.654011067090849
60652 49571.908128 -0.5763157984395982 -0.4888909424150157 -0.17353668216513748 -0.6314513178674999
60652 50171.908128 -0.700164697103071 -0.28444273475816223 -0.3620788190651708 -0.5456744967086457
60652 50771.908128 -0.7540059473800257 -0.05153261824501823 -0.5143933204758212 -0.40523935201584543
60652 51371.908128 -0.732458267933157 0.18634314858420872 -0.6151791323738318 -0.22435630546936416
60652 51971.908128 -0.6377858036150504 0.40549297754642677 -0.6544903587003558 -0.02114436652910166
60652 52571.908128 -0.4794616694911177 0.5841699490026748 -0.6284541549752404 0.18413949404014116
60652 53171.908128 0.2733413236884976 -0.7045673546766938 0.5396728201734501 -0.37097521568716807
60652 53771.908128 0.03994713340829218 -0.7547070922401993 0.3969829761171069 -0.5207935753520848
60652 54371.908128 -0.197488723438158 -0.7295296207893396 0.21457975504630325 -0.6186600562748477
60652 54971.908128 -0.4153221214073322 -0.6314253845310102 0.010620885070661511 -0.6547493536002116
60652 55571.908128 -0.5917289229351497 -0.470100002374796 -0.19447836883287298 -0.6253327382964445
60652 56171.908128 -0.7088498196220858 -0.26202281853807635 -0.37987594689412046 -0.5334512543413822
60652 56771.908128 -0.7552461254998856 -0.027821406987411118 -0.5273293690605227 -0.38826923102002675
60652 57371.908128 -0.7262678853882832 0.20914258552420306 -0.6221429061814459 -0.20428544211956837
60652 57971.908128 -0.6247525729157222 0.42527623353580374 -0.6548467945933041 1.5308710135451418E-4
60652 58571.908128 -0.46075447564271904 0.5990236195570641 -0.6220938764661015 0.20463436967268153
60652 59171.908128 0.2508944216776655 -0.7128620100820654 0.5272133580731349 -0.3884917229775116
60652 59771.908128 0.015961708950557048 -0.7555890944391795 0.37962528478688595 -0.5335869070380512
60652 60371.908128 -0.22054231946133102 -0.7228846549070621 0.1941011778790137 -0.6253987478181368
60652 60971.908128 -0.43505620302405323 -0.6179783183296369 -0.010836018708894392 -0.654760627239687
60652 61571.908128 -0.6062050863517614 -0.4512632111221275 -0.2147531684126053 -0.6186743765711871
60652 62171.908128 -0.7167808216459775 -0.2394759230250215 -0.3971542991382564 -0.5207158521572314
60652 62771.908128 -0.755753357701336 -0.0036842214129225873 -0.5398916188582835 -0.3705945611073089
60652 63371.908128 -0.7191605081139668 0.23241158326933908 -0.6286124815167554 -0.18341038033014068
60652 63971.908128 -0.6107090535021298 0.4452044930514302 -0.654478205963417 0.022038358746941267
60652 64571.908128 0.44126496242320634 -0.6135205954948699 0.6149379985280632 -0.2252309255132751
60652 65171.908128 0.22778604224856253 -0.7205829293862147 0.5139445492475598 -0.4058753024423144
60652 65771.908128 -0.00835153577917199 -0.7557174380727859 0.3616229862593328 -0.5459397599110328
60652 66371.908128 -0.2435870288693094 -0.7154508413788521 0.1732225332575194 -0.6314977489340421
60652 66971.908128 -0.4545696682795408 -0.6037676514505597 -0.03250780911444771 -0.6540445566539655
60652 67571.908128 -0.6202806937131432 -0.4317117001691949 -0.2350729584088249 -0.6112426467195231
60652 68171.908128 -0.7240858092959209 -0.21641599663438585 -0.4141994944406016 -0.5072500724318992
60652 68771.908128 -0.7554942814295257 0.020528854740176905 -0.5518924305436499 -0.3524509922797267
60652 69371.908128 -0.7113261842621529 0.2554061263906368 -0.6343678816438776 -0.16235812552451795
60652 69971.908128 -0.5959807944270373 0.46474265527196873 -0.6533659941590612 0.04397766161836389
60652 70571.908128 0.4210099181715701 -0.6276020779802806 0.6069671935307347 -0.24588026861345588
60652 71171.908128 0.20403511493055465 -0.7276796369738884 0.49985420457789936 -0.4230813065766686
60652 71771.908128 -0.0336357305736111 -0.7550305834611524 0.34248642380629707 -0.5581223030622094
60652 72371.908128 -0.26825124198239486 -0.7065858057507575 0.15046353144088348 -0.6372899622564238
60652 72971.908128 -0.47609860047770014 -0.5869498937731851 -0.056895331824721215 -0.6523671251982099
60652 73571.908128 -0.6358368920103632 -0.4084717990228306 -0.2582266286182488 -0.6018149586327238
60652 74171.908128 -0.7315826837033598 -0.18958608213080932 -0.43317891817943877 -0.4911210840643789
60652 74771.908128 -0.7542876287934285 0.047556589531747004 -0.5645352036901765 -0.331795942765711
60652 75371.908128 -0.7021922701253028 0.27956043442666073 -0.6397024053146918 -0.1398313695636577
60652 75971.908128 -0.5805178368811844 0.4839261381710893 -0.6515031860970079 0.06601615228907366
60652 76571.908128 0.40089193649877336 -0.6406483653393718 0.5985459287870298 -0.2657030266495397
60652 77171.908128 0.18076055231599117 -0.7338196435749132 0.48560557810636623 -0.43934220824089615
60652 77771.908128 -0.058005759294544684 -0.7535626905819277 0.32360131307367646 -0.5692633779091901
60652 78371.908128 -0.2911657788621983 -0.697464728329171 0.12882374421694825 -0.6420045832252381
60652 78971.908128 -0.49483701762882154 -0.5712475747342924 -0.07873381277600225 -0.6500873180351664
60652 79571.908128 -0.6486802288195415 -0.3877648024994642 -0.2781861470531609 -0.5928447404412862
60652 80171.908128 -0.7373439298526374 -0.1658181637132396 -0.44939616355103085 -0.47631014463042187
60652 80771.908128 -0.7523391284094694 0.07219136066251061 -0.5754435999176808 -0.3124722493655324
60652 81371.908128 -0.692558833492474 0.30265011296377603 -0.6441154105862908 -0.11781557248433344
60652 81971.908128 -0.5640229724010731 0.503056440654853 -0.6488275728046707 0.08851601486696319
60652 82571.908128 0.37918287987074334 -0.6537361856908488 0.5889597140095613 -0.2863141603293228
60652 83171.908128 0.15616418448589212 -0.7394528522286677 0.4701261912410555 -0.4558547917088543
60652 83771.908128 -0.08286711264683774 -0.7512417270901961 0.3039283511774715 -0.5799969538460173
60652 84371.908128 -0.3137907669660518 -0.6875845272722801 0.1070156754348239 -0.6459957566686026
60652 84971.908128 -0.5131898250329886 -0.5548182134331899 -0.10064008737382775 -0.6470583639354353
60652 85571.908128 -0.660947381988513 -0.3664689513396267 -0.29799652051007675 -0.5831356100517722
60652 86171.908128 -0.7423447299887039 -0.14178109562288635 -0.4651689599527323 -0.4609124227860055
60653 371.908128 -0.7495917221036048 0.0966397565848811 -0.5856539574745343 -0.29288641090938894
60653 971.908128 -0.6822977226460362 0.32511298849269005 -0.6477388474798034 -0.09594658853195662
60653 1571.908128 -0.5472136122444425 0.5212835089412649 -0.6454529262996164 0.1105046868306179
60653 2171.908128 0.35746937412366764 -0.6658564929402454 0.5788693277865803 -0.3062043087888592
60653 2771.908128 0.13173336155979998 -0.7441950104135867 0.45431458957738036 -0.47161251215888367
60653 3371.908128 -0.1075088081176811 -0.7481128693135145 0.28401264955885075 -0.5900049201787875
60653 3971.908128 -0.33616529902111475 -0.6769214438098897 0.0850135316578922 -0.6492633903736076
60653 4571.908128 -0.5308669853155443 -0.537919556573342 -0.12227126015598441 -0.6433292574551481
60653 5171.908128 -0.6723223958653005 -0.3451522552755282 -0.317147251020491 -0.5729486345793177
60653 5771.908128 -0.7465272462203023 -0.11779087585061065 -0.4802932231182444 -0.4451300933926693
60653 6371.908128 -0.7459285574044611 0.12171072536984753 -0.5954633552243876 -0.2723976489681217
60653 6971.908128 -0.670469033079033 0.34883861734201593 -0.6507993187682857 -0.07240953959052966
60653 7571.908128 -0.5277751245400203 0.5409402713640317 -0.6408356500214781 0.13478393967726052
60653 8171.908128 0.33241033117706986 -0.678702690679948 0.5666907767314127 -0.32821881871412806
60653 8771.908128 0.10423685277629445 -0.7485340037543631 0.4360752224397162 -0.4885385595026338
60653 9371.908128 -0.1340403215340825 -0.7438083727388984 0.26214755098945675 -0.6000507964804161
60653 9971.908128 -0.3589230196644466 -0.6651187812163077 0.062176905167323375 -0.6518629497771001
60653 10571.908128 -0.5482883363973402 -0.5201306835741999 -0.14414335872932812 -0.63880095828787
60653 11171.908128 -0.6832229988016965 -0.3230199270752176 -0.33633343906147006 -0.5619112727022145
60653 11771.908128 -0.749984849842742 -0.09327578669337111 -0.4951173180503581 -0.4285804405122951
60653 12371.908128 -0.7415648880153045 0.1459611588165547 -0.6043272828353704 -0.25212178049624223
60653 12971.908128 -0.6587629472394769 0.37046154462037556 -0.6528760851856337 -0.050422620861323146
60653 13571.908128 -0.5099643933822844 0.5577537787060637 -0.6359543902375913 0.15623396992613187
60653 14171.908128 0.31027788102678117 -0.6890961347903414 0.5553728019427887 -0.34703775648300605
60653 14771.908128 0.07994966350528587 -0.7515153936220768 0.4194324519650023 -0.502900668813507
60653 15371.908128 -0.15812783480324213 -0.7390595418958594 0.24178703466303478 -0.608543844979125
60653 15971.908128 -0.38049009256402183 -0.6530118424272662 0.04002875931656663 -0.6536057845046551
60653 16571.908128 -0.5651400963933567 -0.5017555285424068 -0.16589435179152998 -0.6335117402774044
60653 17171.908128 -0.6935541900448211 -0.30017711918629464 -0.35544509894623316 -0.5500318756430319
60653 17771.908128 -0.752650650459804 -0.06844315448029357 -0.5095073086256808 -0.4113816177519798
60653 18371.908128 -0.7364028674824388 0.17006252803708657 -0.6125181223645058 -0.23154071585001462
60653 18971.908128 -0.6464476167321781 0.39153138128419307 -0.6542132116331365 -0.0285259533694445
60653 19571.908128 -0.4918322486247202 0.5737938327964445 -0.6304249560251012 0.17727394472473024
60653 20171.908128 0.28814141902227114 -0.6986423228706717 0.5435905330150814 -0.36521604531302243
60653 20771.908128 0.05546633801980879 -0.753722840935066 0.40223512338896517 -0.5167516520648089
60653 21371.908128 -0.18313163075798655 -0.7332653438140225 0.22024305614911505 -0.616666634086296
60653 21971.908128 -0.4032461189441927 -0.6392058286424648 0.01620511493351159 -0.6546341500685231
60653 22571.908128 -0.5826972811413892 -0.4812498150367142 -0.18915541521449658 -0.6269630953832871
60653 23171.908128 -0.703739889476275 -0.27546197615339163 -0.37530466338545604 -0.5366724115274775
60653 23771.908128 -0.7546003133908619 -0.041901550023634555 -0.5241369921270458 -0.3925596013601541
60653 24371.908128 -0.7298751985663545 0.1962074956341123 -0.6206311806830903 -0.20881032239481748
60653 24971.908128 -0.6319085182804869 0.41458589461695056 -0.6548229085587852 -0.004137503575245009
60653 25571.908128 -0.47067447780910454 0.5912752659050047 -0.6233358664759655 0.2007772233913748
60653 26171.908128 0.2624802307281913 -0.7086921424237056 0.5294550231140152 -0.3854049224427619
60653 26771.908128 0.028217891632933426 -0.7552446169184205 0.3826818086744035 -0.5313792925182796
60653 27371.908128 -0.2086459607267807 -0.726423762041343 0.1978159175331396 -0.624214901924508
60653 27971.908128 -0.4247653544519991 -0.6251149988859367 -0.006851686907044153 -0.6547966754738687
60653 28571.908128 -0.5986094942114577 -0.46131302173987226 -0.21092455104493404 -0.6199740342785525
60653 29171.908128 -0.7126734404283646 -0.251478038051588 -0.3938613209935688 -0.5231908098494499
60653 29771.908128 -0.7555962153586059 -0.016494839792153552 -0.5374726309758514 -0.37406610451613853
60653 30371.908128 -0.7230182133133422 0.22016813643780578 -0.6273900167430135 -0.1874897912044472
60653 30971.908128 -0.6181213080120564 0.43488461453812416 -0.6545849152636458 0.0178888045653459
60653 31571.908128 -0.45146919598508606 0.6060746500632246 -0.6163112798392868 0.22138087083165117
60653 32171.908128 0.23962715495559855 -0.7167530596593444 0.5163504062214103 -0.40277305777799777
60653 32771.908128 0.0037070197862278634 -0.7557739453200842 0.36460090308368315 -0.5439284723657897
60653 33371.908128 -0.2327252015862401 -0.7190794159678451 0.17617036022766783 -0.6306566246819583
60653 33971.908128 -0.4463946072445831 -0.609862044843817 -0.030540586093525297 -0.6541157493004862
60653 34571.908128 -0.6148192894055884 -0.4394882125484179 -0.2337907701788325 -0.6117100850770667
60653 35171.908128 -0.721275808086455 -0.22565914123217226 -0.41302275554802015 -0.5081843799715912
60653 35771.908128 -0.7557218195512143 0.009920864706054272 -0.550620789674951 -0.3544049292481968
60653 36371.908128 -0.7153117527708177 0.24406524579672578 -0.6334596005136749 -0.16580164854180351
60653 36971.908128 -0.604113930233801 0.4541465571271136 -0.6536478377005104 0.03926535644186605
60653 37571.908128 0.4326399536816072 -0.6196607285829022 0.6089382629286768 -0.24090961764090982
60653 38171.908128 0.21741190887333847 -0.7238082547535065 0.5031949299081528 -0.4190805826395006
60653 38771.908128 -0.020234879640409802 -0.7555195156647166 0.3465356058625907 -0.555602272282194
60653 39371.908128 -0.25611084188307104 -0.7110897192675093 0.1547098644017482 -0.636257420922375
60653 39971.908128 -0.46603432873587275 -0.5949893909948126 -0.05260122836004503 -0.652711835206273
60653 40571.908128 -0.6288074969833153 -0.4192333244387233 -0.25428145828948123 -0.6034778300715022
60653 41171.908128 -0.7282580117867873 -0.20202115298656464 -0.4299386950637796 -0.4939437624883917
60653 41771.908128 -0.7550016904893391 0.034642953233614625 -0.5623061017515794 -0.335535633103902
60653 42371.908128 -0.7069111152460523 0.2674371219796579 -0.6387296201758625 -0.1441476092025758
60653 42971.908128 -0.5888124730005388 0.4738190644361712 -0.651924907498122 0.061557134431244026
60653 43571.908128 0.41194437928360683 -0.633609961941727 0.6003469346519839 -0.26157943833339364
60653 44171.908128 0.19342970268609058 -0.7305879956848719 0.48859324699647 -0.4360077633131991
60653 44771.908128 -0.04503694815734818 -0.7544523721226303 0.32743278648437557 -0.5670635430304842
60653 45371.908128 -0.2792182353817894 -0.7023383898815542 0.13307445624735323 -0.6411311505638584
60653 45971.908128 -0.4851354004454651 -0.5795173706267909 -0.07455732761929786 -0.6505724135518641
60653 46571.908128 -0.6420888083808418 -0.3985909455322546 -0.27443312850782636 -0.5945869812476394
60653 47171.908128 -0.7344500077096718 -0.1782053481636701 -0.4463465088929576 -0.4791668123526469
60653 47771.908128 -0.7534604052137589 0.05935710795351364 -0.5733667090220916 -0.316266926022449
60653 48371.908128 -0.6976972234234992 0.2906126058803587 -0.6432881941053225 -0.12224237013114583
60653 48971.908128 -0.5727605221408255 0.4930866331894257 -0.6494377725594123 0.08391386071415512
60653 49571.908128 0.39065283738370743 -0.6469434899804212 0.5910036279763397 -0.28208011829055885
60653 50171.908128 0.16911461780968987 -0.7365937992893461 0.47335083352280616 -0.4525138774610498
60653 50771.908128 -0.06984284750729555 -0.7525596042893775 0.3079078450036892 -0.577900318073171
60653 51371.908128 -0.3020002469647815 -0.692840605751101 0.11130461335719237 -0.645274382647463
60653 51971.908128 -0.5035511679880631 -0.5635778110784523 -0.09624227473170995 -0.6477296477947755
60653 52571.908128 -0.6544556757746847 -0.37792831034080726 -0.2939214123402731 -0.5852077956223264
60653 53171.908128 -0.7397267875693041 -0.15481540839663332 -0.46186943979852607 -0.4642338738777872
60653 53771.908128 -0.7511719470608638 0.08338913748560581 -0.5835336669542263 -0.29711179247743047
60653 54371.908128 -0.687913732103848 0.31303694614180994 -0.6470421954873142 -0.10059306532818649
60653 54971.908128 -0.5562469070741138 0.5116189938675225 -0.6462258953785648 0.10595978306243532
60653 55571.908128 0.3689373526978289 -0.6595578159311131 0.5809635107248077 -0.3022418178128305
60653 56171.908128 0.144460126314842 -0.7418154340244548 0.4574595046049874 -0.46858503539354424
60653 56771.908128 -0.09474261238827547 -0.749822109417055 0.2878997769616131 -0.5881363447812561
60653 57371.908128 -0.324649202699625 -0.6825052876440162 0.08923063485174902 -0.648712048083285
60653 57971.908128 -0.5217308311491446 -0.546770739417652 -0.11815661672313106 -0.6441100156569839
60653 58571.908128 -0.6664377518618221 -0.3563525309012029 -0.31353829407672623 -0.5749498541274047
60653 59171.908128 -0.7443790490437676 -0.13059376642325152 -0.47729545806765705 -0.44836831425076284
60653 59771.908128 -0.7480335774874759 0.10794368165748602 -0.5932827234205661 -0.2771453384637593
60653 60371.908128 -0.6772199919956241 0.335524198270642 -0.6501086854124125 -0.07845566880496645
60653 60971.908128 -0.5389837753263533 0.5297620872083499 -0.6422220688249214 0.12806027957896038
60653 61571.908128 0.34682560006567276 -0.6714414024290775 0.5702406692022195 -0.3220310938884078
60653 62171.908128 0.11965289892224003 -0.7462168662747607 0.4410248069482922 -0.4840874837493754
60653 62771.908128 -0.11961983020498469 -0.7462548747339871 0.26748352728867036 -0.5977016988320368
60653 63371.908128 -0.3468675492006328 -0.6714777807737984 0.0671288054998002 -0.6513787045266457
60653 63971.908128 -0.5392971513280124 -0.5294411581888457 -0.13986704162989297 -0.6397560888736007
60653 64571.908128 -0.6776519820098332 -0.3345382903697886 -0.3326802986391735 -0.5640884172290316
60653 65171.908128 -0.7482120789842506 -0.10652577815157431 -0.4920000398362038 -0.4321653667896598
60653 65771.908128 -0.7441889996581282 0.13191486593191062 -0.6021738174994149 -0.2572312081614162
60653 66371.908128 -0.6660518413139381 0.3571895782821947 -0.6523631942351794 -0.056681678311196956
60653 66971.908128 -0.5214502620738075 0.547034124648945 -0.6375342115884557 0.14964431064028572
60653 67571.908128 0.32477362684949346 -0.6823901969472849 0.5590464269539828 -0.34107594890765436
60653 68171.908128 0.095549002403906 -0.7496965562338186 0.42460893510253744 -0.4985305546722894
60653 68771.908128 -0.1433424683160527 -0.7420737123231232 0.24758156852376834 -0.606203686217224
60653 69371.908128 -0.3679922809550241 -0.6601435690278207 0.04566526430317882 -0.6532280100124691
60653 69971.908128 -0.5557935684479742 -0.5121023775254206 -0.16079501960740983 -0.6348146389885251
60653 70571.908128 -0.6879636825243121 -0.3128021589273843 -0.3511061665814104 -0.5527976489516412
60653 71171.908128 -0.751275474793607 -0.08228158425354815 -0.506194268987712 -0.41543021545184045
60653 71771.908128 -0.7394234814315154 0.1564730496138485 -0.6106299195567069 -0.23643223383119563
60653 72371.908128 -0.6536865231518457 0.3793531190214964 -0.653934922586205 -0.03397436622643441
60653 72971.908128 -0.5027355768613793 0.5642870648787255 -0.6319293074579626 0.17176262266310802
60653 73571.908128 0.30163739444290344 -0.6929395051631199 0.5468290851563449 -0.3603160780274199
60653 74171.908128 0.07013538648379318 -0.7525146681534961 0.4068905565709808 -0.5130719021247996
60653 74771.908128 -0.168388753038842 -0.7368071422706578 0.2261807460365602 -0.6144938836728285
60653 75371.908128 -0.38994763643112285 -0.6474259450257726 0.02293623579294159 -0.6544115032889601
60653 75971.908128 -0.5724827014937315 -0.4933859409706216 -0.18250353043857026 -0.6289088416618351
60653 76571.908128 -0.6978402357547757 -0.2901313536539314 -0.3696288867787244 -0.5405712617660852
60653 77171.908128 -0.7535882438805881 -0.057534331164592944 -0.5200387942594067 -0.39793744720450314
60653 77771.908128 -0.7338957210088485 0.18067396674079933 -0.6183109855437232 -0.21551221214352714
60653 78371.908128 -0.6408350466856247 0.4006915603959165 -0.654707118183416 -0.01163210070818399
60653 78971.908128 -0.48380602126757943 0.5806055020246796 -0.6256729545667999 0.19329340063115258
60653 79571.908128 0.2785309834547432 -0.7025558207692392 0.5341480584432764 -0.3788425287903569
60653 80171.908128 0.045147875099413336 -0.7544380069422694 0.38902631131522625 -0.5267290500432389
60653 80771.908128 -0.19306403131339311 -0.7307386769233152 0.20465023840279767 -0.6219851652435627
60653 81371.908128 -0.41183893722257553 -0.6337304473193021 -2.1316265398461768E-4 -0.6548086472317998
60653 81971.908128 -0.5892216698704329 -0.47327601977074585 -0.20489568930604815 -0.6219689617407436
60653 82571.908128 -0.707568028500533 -0.26554688626590534 -0.38892648414789466 -0.5268477257867862
60653 83171.908128 -0.7551329325957212 -0.03148651540428116 -0.5339091372246209 -0.3791093333659077
60653 83771.908128 -0.7271261297262157 0.20624773639858013 -0.6257012067585932 -0.1929960169554717
60653 84371.908128 -0.6265062863230427 0.42274193936124227 -0.6547036574143512 0.011926729269889776
60653 84971.908128 -0.4637500964575702 0.5967465819731312 -0.6184755848091843 0.21521458113686606
60653 85571.908128 0.2551696753742447 -0.7113791202724068 0.52087267984593 -0.39688768612792513
60653 86171.908128 0.021259633472568602 -0.755493198042666 0.3715321296145824 -0.5392049075814593
60654 371.908128 -0.21507807470477924 -0.7245658052477855 0.18499899787757132 -0.6281092153687987
60654 971.908128 -0.4304970181245524 -0.6212036124884444 -0.020452221353102696 -0.6544922427797742
60654 1571.908128 -0.6032757483612003 -0.4552226345834757 -0.2243464498592816 -0.6152230447875386
60654 2171.908128 -0.7155642594097292 -0.24317917355129579 -0.4058902440459161 -0.5138918076742041
60654 2771.908128 -0.7557578464725359 -0.00680046269828306 -0.5464331273861899 -0.3608249831943903
60654 3371.908128 -0.7200134014296977 0.22983251150587297 -0.631866231141771 -0.17176374576502948
60654 3971.908128 -0.6123929974337206 0.44292396500150666 -0.6539390292848457 0.03401358404345175
60654 4571.908128 0.44404161889297794 -0.6115441683028962 0.610866299397544 -0.2359727424216034
60654 5171.908128 0.2318171971581247 -0.7193224979160558 0.5071711145818502 -0.41426246707535636
60654 5771.908128 -0.003433994995627005 -0.7557799803362785 0.35307829338808466 -0.5514712574009838
60654 6371.908128 -0.23866517316361868 -0.7171335946129539 0.16360778778724921 -0.6340274713067613
60654 6971.908128 -0.4506096345996205 -0.6067574802173087 -0.04264505174103298 -0.6534353196517183
60654 7571.908128 -0.6178422637584307 -0.4352336155609304 -0.24505891022272375 -0.6072798099064952
60654 8171.908128 -0.7231236266980682 -0.21968309019432636 -0.4230298542824274 -0.4998772877211895
60654 8771.908128 -0.75557985898394 0.01782816272015243 -0.5582972566189538 -0.3421774489407258
60654 9371.908128 -0.7121471511843265 0.2531516856885003 -0.6373028193333107 -0.15035217179320085
60654 9971.908128 -0.5976137337402715 0.4626611732796129 -0.6524233404725559 0.05609143242220944
60654 10571.908128 0.42378792384878206 -0.6257397351598671 0.6025280657363771 -0.2565414380601668
60654 11171.908128 0.2080957272637443 -0.7265332539512809 0.4928120843010741 -0.43125612895861315
60654 11771.908128 -0.028252510438823302 -0.7552554021923409 0.33411128539023216 -0.5631702425448957
60654 12371.908128 -0.2620860650369277 -0.7089003669024829 0.14193555085673668 -0.6392381901310176
60654 12971.908128 -0.47026721805826543 -0.5916372555231965 -0.06483320862773097 -0.6516216360402352
60654 13571.908128 -0.6317378892088109 -0.4147862298760414 -0.2654982974959047 -0.5986403568671192
60654 14171.908128 -0.7298940519749297 -0.19599081092746282 -0.43967814476031336 -0.4853095959732745
60654 14771.908128 -0.7545960074455301 0.042397772061495274 -0.569525274216814 -0.32315361130544396
60654 15371.908128 -0.7035223721226121 0.2761954272858254 -0.6420243674385536 -0.12875196885678408
60654 15971.908128 -0.5821522727041026 0.48195476922297453 -0.6501582034993824 0.07818338846029317
60654 16571.908128 0.402950709844403 -0.6393493343723212 0.5934331867135937 -0.27694802216392655
60654 17171.908128 0.18393945432038686 -0.7330212874981298 0.4777390383008252 -0.4478967297294157
60654 17771.908128 -0.053279992037652435 -0.7539035232356667 0.3145615042937177 -0.5743185354120043
60654 18371.908128 -0.2854164964176455 -0.6998279470427125 0.11991249473080724 -0.643738504144418
60654 18971.908128 -0.48952037360852485 -0.5757984683435414 -0.0870685020340568 -0.6490339002155029
60654 19571.908128 -0.6449945815632931 -0.3938475064146779 -0.285684257429121 -0.5892797608115387
60654 20171.908128 -0.7358939222639008 -0.17209161900983988 -0.4558259579324253 -0.4701779513297182
60654 20771.908128 -0.7528162268830221 0.06690924483075368 -0.5800990292307764 -0.30376964592154265
60654 21371.908128 -0.6942236359241596 0.2987825013633942 -0.645987073524115 -0.1071599787375071
60654 21971.908128 -0.5662698624221061 0.5005087358063884 -0.64718281796619 0.0999192094808655
60654 22571.908128 0.38196150915418237 -0.6521062117814572 0.5837729487648876 -0.29676933529434046
60654 23171.908128 0.15982452337573322 -0.7386621093520503 0.46225493071475093 -0.4638478079771427
60654 23771.908128 -0.07820293007881206 -0.7517331078694304 0.2946834971431771 -0.5847591579201843
60654 24371.908128 -0.30862130861629167 -0.6899102150219952 0.09758466837061998 -0.6474982745731976
60654 24971.908128 -0.5085378160336304 -0.5590725343235224 -0.10952438277564694 -0.6456249690078854
60654 25571.908128 -0.6577639974522345 -0.37213566195120007 -0.30583554460133994 -0.5790735639089398
60654 26171.908128 -0.741156657270329 -0.14784244604885716 -0.47154044788346705 -0.4543996330764608
60654 26771.908128 -0.750265795512457 0.09123860377013888 -0.5899541621774932 -0.2841317296529686
60654 27371.908128 -0.6839552782462106 0.32160491298969957 -0.6492766686335525 -0.08494271521532969
60654 27971.908128 -0.5487625638384623 0.5196498261889357 -0.6432250117848055 0.12282219215468908
60654 28571.908128 0.35840309958977323 -0.6653546263027555 0.5724108648380124 -0.3181135666351915
60654 29171.908128 0.13248139942968923 -0.7440653711837505 0.4442651149809952 -0.4810861771255354
60654 29771.908128 -0.10608284743895037 -0.748318591314158 0.27204257597254583 -0.5956161114602764
60654 30371.908128 -0.3335755622261228 -0.6782022589888053 0.07313969000320349 -0.6507070200437697
60654 30971.908128 -0.5278604760137222 -0.540871724317969 -0.13287529748972243 -0.6412216863245435
60654 31571.908128 -0.6699705853009148 -0.34970262583118594 -0.32587695111171017 -0.5680243842058714
60654 32171.908128 -0.7456376993884157 -0.12334546423148478 -0.48675401634851034 -0.43804205879443153
60654 32771.908128 -0.746875908150216 0.1158254168433333 -0.5992643513100591 -0.2638997686372469
60654 33371.908128 -0.6731070178759667 0.34374459974096444 -0.6517691357465022 -0.06295701965074829
60654 33971.908128 -0.5318086429887471 0.5369935909197556 -0.6387814435368836 0.14413784356132367
60654 34571.908128 0.3372477591336248 -0.6763313233317204 0.5617005532825766 -0.33664874644317294
60654 35171.908128 0.10919985570450859 -0.7478460980581442 0.42845495969068853 -0.4952049602435074
60654 35771.908128 -0.1295143256049623 -0.744628479173979 0.2525050410243544 -0.6041487165619307
60654 36371.908128 -0.35504249986588615 -0.6672182509475743 0.0515791407506093 -0.652766590084749
60654 36971.908128 -0.545186292906844 -0.5234065676013476 -0.15441018698166728 -0.636376433547437
60654 37571.908128 -0.681195597647192 -0.32731701462026175 -0.3451525998789324 -0.5565121853858888
60654 38171.908128 -0.7493580634845423 -0.09832655077465459 -0.5016186556434327 -0.4209193585640024
60654 38771.908128 -0.7426012861242136 0.14069508972562203 -0.6080164961484331 -0.24303119549791385
60654 39371.908128 -0.661400942075855 0.36577009546340206 -0.6535354009813922 -0.040651085470822836
60654 39971.908128 -0.5139907514987953 0.5540758329256316 -0.6335395373067253 0.16565365498730114
60654 40571.908128 0.315436190858796 -0.6867809352528416 0.5502268966777869 -0.35508072130440643
60654 41171.908128 0.08531634802552326 -0.7509531234011416 0.41186177821754794 -0.5090779929020082
60654 41771.908128 -0.15381453669901432 -0.7399959254641854 0.23187746085748442 -0.6123560743086959
60654 42371.908128 -0.3773308377807912 -0.6548719991404095 0.02878289682416533 -0.6541679053973063
60654 42971.908128 -0.5629771359820467 -0.5042200707491314 -0.1770752228815012 -0.6304468495096631
60654 43571.908128 -0.6922307777274309 -0.30328991574216924 -0.36503237664323934 -0.5436755846809495
60654 44171.908128 -0.7523422500921519 -0.0720925793558485 -0.5164782832476751 -0.4025344477950092
60654 44771.908128 -0.7373132506857629 0.16621192283338052 -0.6162895817635881 -0.2212010815545107
60654 45371.908128 -0.6486232196896101 0.38797541223642457 -0.6545604329776948 -0.01770982663700487
60654 45971.908128 -0.49504445108288275 0.5710633847275968 -0.6273887778566096 0.18761909149949949
60654 46571.908128 0.2920907479959642 -0.6970300252816398 0.5375029398118578 -0.37406246601957405
60654 47171.908128 0.059848682968753945 -0.7534142185716487 0.39377711731919823 -0.5231870910838301
60654 47771.908128 -0.17905936042240603 -0.7342965281257319 0.210040984778124 -0.6201847619387717
60654 48371.908128 -0.3998824570995538 -0.6413454305697577 0.005236921178178823 -0.6547844178413909
60654 48971.908128 -0.5801535075313254 -0.48435130298715257 -0.1996017669907525 -0.6236865058728762
60654 49571.908128 -0.7022775938529243 -0.2792318614487572 -0.3841858155450424 -0.5303178366395
60654 50171.908128 -0.7543860928455319 -0.045946172823536566 -0.5305857744516951 -0.3837568345627437
60654 50771.908128 -0.7310256751562136 0.19195263679138747 -0.6239080986700524 -0.19873180899180662
60654 51371.908128 -0.6345219509342882 0.41060654405235286 -0.6547871295572003 0.006162364008247094
60654 51971.908128 -0.4745664296343314 0.5881718185320155 -0.6201455865685428 0.21038076720181226
60654 52571.908128 0.26726411356603313 -0.7069139239111002 0.5234911343019387 -0.393445841365293
60654 53171.908128 0.03312869423593459 -0.7550566695388498 0.3743706911248349 -0.5372508734565591
60654 53771.908128 -0.2046586560674633 -0.7275682851929329 0.18745444627879843 -0.6273914690592978
60654 54371.908128 -0.421838230698963 -0.6271072784498791 -0.018204713781768755 -0.6545666939526318
60654 54971.908128 -0.5967235050625082 -0.463766290781028 -0.22200270615486797 -0.6160817190122079
60654 55571.908128 -0.7116315344495997 -0.2544242611607427 -0.4031545082906591 -0.5160574550906474
60654 56171.908128 -0.7555312594815722 -0.019300279074139764 -0.5442294577774639 -0.36416248085311764
60654 56771.908128 -0.7236801108075471 0.217984321374088 -0.6308394394899655 -0.17553214645939022
60654 57371.908128 -0.6191006366557344 0.4334844288133237 -0.6541062042886319 0.03083383174322222
60654 57971.908128 -0.45274082844051095 0.605120281034396 -0.6117789771605312 0.23362720485480143
60654 58571.908128 0.24169109727551197 -0.7160536343785666 0.5085440264828562 -0.4125961455462337
60654 59171.908128 0.0063640669492129156 -0.7557498486521674 0.3544641373928191 -0.5505968036743918
60654 59771.908128 -0.22985782534700028 -0.7199930488695969 0.16475585037631318 -0.6337435597092788
60654 60371.908128 -0.4433351001166032 -0.6120814679959832 -0.041671198280996524 -0.6535088192016306
60654 60971.908128 -0.6123210607039599 -0.4429519481788069 -0.24377484536631683 -0.6078077944462423
60654 61571.908128 -0.7200337224004316 -0.2295657131368486 -0.42140523167629584 -0.5012670472652236
60654 62171.908128 -0.7557485665655831 0.006906882074571231 -0.5569303604180174 -0.34441976243928224
60654 62771.908128 -0.7155917153779376 0.24322078426916477 -0.6367885253987652 -0.15255333789340425
60654 63371.908128 -0.6035745338886208 0.4548472715336894 -0.6525711578632866 0.05443000592009793
60654 63971.908128 0.43114758483673027 -0.6206871137505339 0.6028799554675633 -0.2557245123348858
60654 64571.908128 0.21588366862568562 -0.7242555748288498 0.49293514299692465 -0.43111836976478857
60654 65171.908128 -0.02056038466533233 -0.7555014748237068 0.33396282745728334 -0.5632615928663643
60654 65771.908128 -0.25468837166478736 -0.7115888409868771 0.14192412496094567 -0.6392438482111203
60654 66371.908128 -0.4635393550581374 -0.5969222875271806 -0.06424951211245342 -0.6516801739802398
60654 66971.908128 -0.6265388454552103 -0.42260155787783554 -0.2643006895198819 -0.5991678762535535
60654 67571.908128 -0.727188880570047 -0.20581347285999088 -0.4381888054291811 -0.48664948079818093
60654 68171.908128 -0.7551190302952271 0.03186630431580905 -0.568376506083296 -0.32515832461709054
60654 68771.908128 -0.7072664140912176 0.26648082217037006 -0.6415826528107978 -0.13089648782993835
60654 69371.908128 -0.5884880646090114 0.4742117465441881 -0.6503653131661771 0.07635428398270372
60654 69971.908128 0.4107535582979727 -0.634377689466316 0.593923693669532 -0.2758642919097578
60654 70571.908128 0.19210496610878186 -0.7309376828159438 0.4780522565586017 -0.44753974777133637
60654 71171.908128 -0.04555966775481478 -0.7544221208270824 0.31444969553718005 -0.5743630987950155
60654 71771.908128 -0.2784269132682121 -0.7026520572604215 0.11962868011256318 -0.6437759853319778
60654 72371.908128 -0.483476290928043 -0.5809016371775386 -0.08702708696781182 -0.6490225344075616
60654 72971.908128 -0.6404571561804699 -0.40121389164898164 -0.2850617414209032 -0.5895607244577835
60654 73571.908128 -0.7336865024364327 -0.18134491084268564 -0.4547850875524833 -0.47115672933105057
60654 74171.908128 -0.7536688303766739 0.056749316319775214 -0.5791401651965102 -0.3055478330344585
60654 74771.908128 -0.698266197463205 0.2892608949220438 -0.6456096227790612 -0.10927335962737252
60654 75371.908128 -0.5729090370783121 0.49292651846823554 -0.647448924366395 0.09802332865998582
60654 75971.908128 0.3902476133750253 -0.6472032378355257 0.5844422052832813 -0.29540155360783665
60654 76571.908128 0.16863321459151387 -0.7367196141242506 0.4629451764686744 -0.46312936927551407
60654 77171.908128 -0.07014715705633907 -0.7525468581922499 0.294847738288873 -0.584651531946871
60654 77771.908128 -0.30222438417509007 -0.6927581565192729 0.09683735448675912 -0.6475871253831501
60654 78371.908128 -0.5036479331374535 -0.5635086324427879 -0.11060438532916186 -0.6454172685594864
60654 78971.908128 -0.6544951367806694 -0.3778955852066002 -0.3067808958673473 -0.5785469078152972
60654 79571.908128 -0.7397598864014013 -0.15477291810200863 -0.4720056453476534 -0.4538847045820338
60654 80171.908128 -0.7511802830234404 0.08354891525853406 -0.5899812650031445 -0.28402441462176387
60654 80771.908128 -0.6878036893108654 0.31333793723865516 -0.6491124968225507 -0.08601388565912658
60654 81371.908128 -0.5559466124852861 0.511984369463196 -0.6436274157667676 0.12057826987024285
60654 81971.908128 0.3684456029489409 -0.6598642340483122 0.5738903331896623 -0.3153996128134655
60654 82571.908128 0.14382103897160994 -0.7419715446621706 0.4465751389809566 -0.4789200151433413
