CIC_OEM_VERS = 2.0
CREATION_DATE = 2025-02-12T09:04:53.138420
ORIGINATOR = ISAE-SUPAERO


META_START
OBJECT_NAME = PLEIADES-NEO3
OBJECT_ID = PLEIADES-NEO3
CENTER_NAME = Earth
REF_FRAME = EME2000
TIME_SYSTEM = UTC
START_TIME = 2025-02-12T04:04:50.426
USEABLE_START_TIME = 2025-02-12T04:04:50.426
USEABLE_STOP_TIME = 2025-02-12T23:54:50.426
STOP_TIME = 2025-02-12T23:54:50.426
INTERPOLATION = lagrange
INTERPOLATION_DEGREE = 5
META_STOP



60718 14690.426 -3495.6964 6067.1291 14.68077 0.9059289 0.50301718 7.473401
60718 15110.426 -2775.4878 5659.344099999999 3045.7508 2.4635390000000004 -2.4094097000000003 6.711733199999999
60718 15530.426 -1496.295 4111.7534 5461.7271 3.5231582 -4.8330144 4.5960639
60718 15950.426 83.921197 1737.0828999999999 6776.4357 3.8729319 -6.281289200000001 1.557712
60718 16370.426 1647.2948999999999 -986.61617 6726.152400000001 3.4443919000000003 -6.4669774 -1.7933346
60718 16790.426 2879.4301 -3511.813 5320.2408 2.3222159 -5.351707800000001 -4.787466800000001
60718 17210.426 3533.1189 -5331.6324 2842.3041000000003 0.72867601 -3.1529336 -6.8173492
60718 17630.426 3474.2329 -6075.7575 -209.07276000000002 -1.0103552 -0.32112313000000003 -7.470061800000001
60718 18050.426 2712.3293 -5590.9627 -3220.0252 -2.5472313 2.5760753 -6.6197881
60718 18470.426 1400.8676 -3973.532 -5577.4319000000005 -3.5745752000000004 4.9606774 -4.4318184
60718 18890.426 -191.7696 -1556.3736000000001 -6804.4647 -3.8794029 6.3443565 -1.3393235
60718 19310.426 -1746.096 1173.8505 -6660.6975 -3.394935 6.4369666 2.0255314
60718 19730.426 -2948.2451 3666.8070000000002 -5171.6867999999995 -2.2248059 5.2276129000000005 4.9732356
60718 20150.426 -3556.2032999999997 5421.4844 -2634.9251 -0.60373543 2.9603157 6.9160203000000005
60718 20570.426 -3442.4866 6075.826400000001 437.4841 1.1371086000000001 0.10035366999999999 7.4636126
60718 20990.426 -2633.3703 5502.823 3421.335 2.6496317 -2.7821004 6.5003197
60718 21410.426 -1292.4876000000002 3818.6229 5712.5830000000005 3.6257725 -5.0997689 4.2232975999999995
60718 21830.426 309.01584 1364.5207 6849.2126 3.8699670999999998 -6.386247900000001 1.0973545
60718 22250.426 1848.3935000000001 -1364.4272 6603.3730000000005 3.3349324 -6.3862934 -2.2478229
60718 22670.426 3015.6005 -3818.6303 5024.6428 2.1277238 -5.0998989 -5.1413764
60718 23090.426 3574.943 -5503.0778 2430.6126 0.4897869 -2.7832196 -6.9990873
60718 23510.426 3412.9846000000002 -6077.2278 -655.10087 -1.2476965 0.095993178 -7.4417876
60718 23930.426 2562.8187000000003 -5425.9365 -3608.2485 -2.7314129 2.952006 -6.3805833000000005
60718 24350.426 1196.492 -3682.0883 -5833.660400000001 -3.6626517 5.2079104 -4.0363942
60718 24770.426 -410.06387 -1199.0517 -6885.0773 -3.8570158 6.4139939 -0.88546396
60718 25190.426 -1934.4238 1524.3836000000001 -6552.536099999999 -3.2779520000000004 6.3335173000000005 2.4423382
60718 25610.426 -3070.5781 3941.7802 -4901.9005 -2.0392817 4.980575300000001 5.2844764
60718 26030.426 -3589.4505 5566.919400000001 -2262.631 -0.38564796 2.6192715 7.0669146000000005
60718 26450.426 -3383.8898 6068.2463 833.45975 1.3484306 -0.27412148000000003 7.422973
60718 26870.426 -2495.0993 5344.377 3760.8169 2.811176 -3.1136144 6.2767531
60718 27290.426 -1102.7626 3541.9900000000002 5927.3135 3.7051786000000004 -5.3215996 3.8632037
60718 27710.426 511.85837 1025.8148 6896.490400000001 3.8518423 -6.454819400000001 0.67348104
60718 28130.426 2023.4846000000002 -1696.881 6473.9898 3.223103 -6.2884117999999996 -2.6509787
60718 28550.426 3127.6326000000004 -4077.855 4744.5871 1.9442309 -4.854743099999999 -5.4434528
60718 28970.426 3601.0742000000005 -5636.4856 2056.1416 0.27117653 -2.4393832000000004 -7.1388177
60718 29390.426 3347.6229 -6057.4006 -1048.4277 -1.4572218000000001 0.46923324000000005 -7.390211000000001
60718 29810.426 2419.0626 -5256.6867 -3940.7668 -2.8893817 3.2790748 -6.1477164
60718 30230.426 1003.1548 -3397.2359 -6038.1355 -3.7371076 5.4225655 -3.6699263
60718 30650.426 -614.23299 -855.6090600000001 -6920.1641 -3.8332611 6.4736061000000005 -0.4590166
60718 31070.426 -2108.4435 1857.5938 -6410.7775 -3.1605147000000002 6.2259042 2.8436655
60718 31490.426 -3179.3477000000003 4197.741599999999 -4611.2626 -1.8512457 4.7264710999999995 5.5798201
60718 31910.426 -3610.6501000000003 5693.643 -1880.8368 -0.16484506 2.2696209 7.195832800000001
60718 32330.426 -3313.1748 6040.040599999999 1229.0983999999999 1.5572286 -0.64873627 7.3583099
60718 32750.426 -2346.8905 5167.1769 4090.2373 2.9650078 -3.4361734000000004 6.031698500000001
60718 33170.426 -907.19148 3252.0367 6124.2732000000005 3.7730813 -5.5267804 3.4886684
60718 33590.426 715.27983 681.92463 6922.013900000001 3.8207117 -6.5021626 0.24556249
60718 34010.426 2193.8558 -2025.3975 6323.5767000000005 3.0995493 -6.1691471 -3.0465966
60718 34430.426 3230.7608999999998 -4324.9537 4448.906599999999 1.7529531 -4.5927446000000005 -5.7276999
60718 34850.426 3616.1969 -5752.3562 1675.0353 0.050545243999999996 -2.0871553 -7.2542987000000005
60718 35270.426 3271.7009 -6018.6595 -1437.8146000000002 -1.6626737 0.84056668 -7.3135393
60718 35690.426 2264.6996 -5066.0994 -4258.3336 -3.0413766 3.5991645 -5.8977639
60718 36110.426 799.77794 -3089.5438 -6216.927900000001 -3.8070142000000002 5.6330057 -3.2873102
60718 36530.426 -826.95064 -488.80001000000004 -6917.6277 -3.8021815 6.527839200000001 -0.0060947336
60718 36950.426 -2286.0443 2208.4772000000003 -6221.5834 -3.0251583 6.0968481 3.2762152
60718 37370.426 -3287.0755 4464.7126 -4270.1936 -1.6365383 4.4305168 5.8843981
60718 37790.426 -3619.8262000000004 5812.597900000001 -1450.8018000000002 0.079470909 1.8771988 7.3095998
60718 38210.426 -3222.4374 5988.019200000001 1661.7768 1.780602 -1.0566612 7.2568696
60718 38630.426 -2174.073 4954.0801 4438.8042000000005 3.1212476000000002 -3.7743139 5.7395423
60718 39050.426 -688.64525 2923.9137 6320.0573 3.8308428 -5.7268745 3.0661008
60718 39470.426 935.2503 306.08849 6928.1498 3.7698961 -6.5258500999999995 -0.21939839
60718 39890.426 2371.4087999999997 -2373.1798 6141.9755000000005 2.9520312 -6.0145872 -3.4606367000000002
60718 40310.426 3331.0344 -4575.4986 4118.6738 1.5389697000000002 -4.2926799 -6.0098151
60718 40730.426 3620.6219 -5857.541 1264.4521000000002 -0.18729220000000002 -1.7014956 -7.3487016
60718 41150.426 3179.1338 -5956.8168 -1845.7294 -1.8759358 1.232146 -7.2052172
60718 41570.426 2095.0638 -4851.8116 -4580.977 -3.1884841 3.9200071 -5.6089602
60718 41990.426 587.51038 -2766.3307000000004 -6388.7743 -3.8596442000000004 5.821058600000001 -2.8751088
60718 42410.426 -1038.7834 -122.36341 -6904.2148 -3.7489164 6.544490799999999 0.44863327
60718 42830.426 -2455.6384 2545.0701000000004 -6028.3745 -2.8747082 5.9346694 3.6791727
60718 43250.426 -3377.0098 4699.2253 -3932.0498 -1.4236004 4.1299606 6.1553773000000005
60718 43670.426 -3616.6009 5904.3953 -1040.7138 0.31327156 1.4951731 7.3888274
60718 44090.426 -3124.6252000000004 5915.1511 2061.3864 1.9861577 -1.4373259 7.136838300000001
60718 44510.426 -2000.7993000000001 4730.47 4748.0007000000005 3.2624143 -4.086017 5.444137800000001
60718 44930.426 -472.68879 2590.4438 6474.490900000001 3.8802456000000003 -5.9113152 2.6455622
60718 45350.426 1149.4706 -69.238242 6893.9825 3.7123508000000003 -6.5372354999999995 -0.68141538
60718 45770.426 2540.1895 -2715.0872999999997 5921.4097 2.7966091000000004 -5.8461889000000005 -3.8706707000000002
60718 46190.426 3418.9698 -4813.715 3752.4459 1.3160044 -3.9755291 -6.280638
60718 46610.426 3608.0157999999997 -5941.1963 824.54248 -0.43129454 -1.3011783000000001 -7.4218409
60718 47030.426 3069.1092000000003 -5869.9997 -2270.3397999999997 -2.0904497 1.633715 -7.0617864
60718 47450.426 1911.5917 -4615.7780999999995 -4906.923900000001 -3.3253671 4.2332638 -5.2784804
60718 47870.426 370.10414000000003 -2434.4084 -6555.2927 -3.8894729000000003 5.976092899999999 -2.4377825
60718 48290.426 -1245.6325 235.03946 -6886.2907000000005 -3.6733818 6.5188579 0.88829093
60718 48710.426 -2611.7149 2857.3056 -5833.8658 -2.7205036000000002 5.7548788 4.0386095
60718 49130.426 -3453.333 4905.6678 -3607.2937 -1.2179745 3.8315731 6.3835859
60718 49550.426 -3598.7273999999998 5964.7518 -652.32385 0.5346917 1.1301668999999999 7.4464084999999995
60718 49970.426 -3018.1072999999997 5820.5421 2434.8822999999998 2.1828176 -1.8054168 7.001071700000001
60718 50390.426 -1827.5165 4499.9727 5028.8057 3.3889694 -4.3744954 5.1381383
60718 50810.426 -268.28394000000003 2271.5728 6605.4674 3.9093527 -6.056374 2.2400358000000002
60718 51230.426 1345.1656 -414.84832 6847.608700000001 3.6423012 -6.5170884 -1.1061982000000001
60718 51650.426 2687.8391 -3017.7741 5707.6095000000005 2.6417759999999997 -5.6654093 -4.2294868
60718 52070.426 3489.003 -5012.631 3414.8046000000004 1.1075642 -3.6706438 -6.5014156000000005
60718 52490.426 3586.5022000000004 -5996.4862 431.54308000000003 -0.6513235100000001 -0.93389359 -7.4601975000000005
60718 52910.426 2960.4905 -5770.7105 -2639.1402000000003 -2.2777013999999998 1.9890978000000001 -6.9107467
60718 53330.426 1737.4265 -4381.4057999999995 -5177.138900000001 -3.4429026 4.5064208 -4.969270000000001
60718 53750.426 165.69432 -2112.6111 -6672.6822 -3.9135371 6.1122314 -2.0316048
60718 54170.426 -1439.3144 579.9184399999999 -6826.7303 -3.5990379 6.490676000000001 1.3104402
60718 54590.426 -2755.6907 3156.0933 -5608.5551 -2.5620898000000003 5.5671343 4.392164
60718 55010.426 -3518.3494 5097.986900000001 -3260.9168 -1.00696 3.521141 6.5963201
60718 55430.426 -3571.4538 6011.4098 -255.08031 0.7549492299999999 0.7605960700000001 7.4740267000000005
60718 55850.426 -2904.3338 5712.7047 2803.108 2.3673181 -2.1587359999999998 6.8377611
60718 56270.426 -1650.57 4260.071599999999 5293.7109 3.5002264000000003 -4.6392276 4.8185534
60718 56690.426 -63.944612 1948.3331 6714.0251 3.9259207000000003 -6.180431 1.8301351
60718 57110.426 1535.7042 -755.84597 6779.2938 3.5611061 -6.4761488 -1.5243159000000002
60718 57530.426 2826.3127000000004 -3307.8768999999998 5476.7420999999995 2.4792589 -5.4681447 -4.5722376
60718 57950.426 3547.6068999999998 -5193.518099999999 3068.2481000000002 0.89621717 -3.3566796 -6.700122400000001
60718 58370.426 3553.4433 -6031.7555 39.410855000000005 -0.8689636500000001 -0.56631129 -7.474761900000001
60718 58790.426 2842.2421 -5652.8315 -2997.3347000000003 -2.4575120999999998 2.3356171 -6.7392861
60718 59210.426 1557.7388999999998 -4134.0349 -5429.2597000000005 -3.54958 4.7638023 -4.6456064
60718 59630.426 -39.288437 -1785.4829 -6767.841200000001 -3.925254 6.2281856 -1.6205308
60718 60050.426 -1628.4814 921.38086 -6745.1253 -3.5132190000000003 6.441702 1.7267539
60718 60470.426 -2890.9296 3443.3313 -5365.8147 -2.3954283000000003 5.3621672 4.7298754
60718 60890.426 -3572.2289 5273.0217999999995 -2905.4072 -0.79276081 3.2007758 6.7861152
60718 61310.426 -3535.5384 6043.049 141.06982000000002 0.96943371 0.39463002999999997 7.4711933
60718 61730.426 -2784.6949 5592.2612 3158.4528 2.537847 -2.4917859 6.6538829
60718 62150.426 -1472.9132 4015.2967000000003 5539.0622 3.5954524 -4.8769318 4.4925217
60718 62570.426 134.27052 1632.6154 6804.2172 3.9268813000000002 -6.2747207 1.4299964
60718 62990.426 1714.5968 -1077.8225 6700.313400000001 3.4700641 -6.411818 -1.9160957
60718 63410.426 2950.8813 -3571.9192000000003 5248.634 2.3161754 -5.2617438000000005 -4.8790938
60718 63830.426 3594.1114 -5348.0821 2739.6061 0.69370795 -3.0504438 -6.8644261
60718 64250.426 3512.7984 -6045.992200000001 -322.75102000000004 -1.0690622 -0.22487965000000001 -7.4678260000000005
60718 64670.426 2723.9775 -5526.1541 -3319.8571 -2.6193716 2.6511285 -6.5619517
60718 65090.426 1386.1008000000002 -3892.626 -5646.7392 -3.6400182 4.9894554 -4.3315624
60718 65510.426 -230.46283 -1476.4919 -6835.494000000001 -3.9261801999999997 6.3187923 -1.2331085000000002
60718 65930.426 -1800.7873000000002 1236.2288999999998 -6648.0246 -3.4238318 6.3782751 2.1104889
60718 66350.426 -3009.4193999999998 3700.6087 -5122.0595 -2.2328744 5.1559673 5.0322588999999995
60718 66770.426 -3612.5942000000005 5420.4136 -2563.2261000000003 -0.58968039 2.8926567 6.944181899999999
60718 67190.426 -3488.9527000000003 6049.7007 512.59043 1.1742743 0.042982833 7.4523548
60718 67610.426 -2660.7437000000004 5457.3685000000005 3484.7292 2.7013350000000003 -2.8141901 6.4574068
60718 68030.426 -1296.6703 3766.0121000000004 5753.3167 3.6827723000000003 -5.1013715 4.1605555999999995
60718 68450.426 328.26786 1317.1735 6861.8782 3.9226536000000003 -6.3601655 1.0281614
60718 68870.426 1887.2323999999999 -1396.366 6587.7257 3.3738996 -6.3404063 -2.3117609000000003
60718 69290.426 3066.2955 -3828.643 4984.6645 2.1447231 -5.0439178 -5.1911202
60718 69710.426 3627.6989 -5489.4265000000005 2375.9256 0.47980256000000004 -2.7258876 -7.0250787
60718 70130.426 3455.8492 -6040.8397 -714.9391400000001 -1.2842275 0.14547052 -7.4398173
60718 70550.426 2585.8255 -5371.9315 -3661.2537 -2.7877359000000004 2.9856529000000003 -6.347553700000001
60718 70970.426 1190.9332 -3612.9607 -5863.642900000001 -3.7302543000000004 5.224608900000001 -3.9761406000000004
60718 71390.426 -443.98094000000003 -1124.1338 -6874.947 -3.9213934 6.4121128 -0.79839011
60718 71810.426 -1989.964 1590.7611000000002 -6502.2626 -3.3151718000000003 6.295965000000001 2.5427084
60718 72230.426 -3134.1131 3984.7281000000003 -4812.0647 -2.0395577 4.908009 5.3671192
60718 72650.426 -3645.1385 5573.7613 -2147.1738 -0.35233232 2.5291603 7.1039635
60718 73070.426 -3420.4157999999998 6037.8419 952.43707 1.4033801000000001 -0.35604856 7.401956600000001
60718 73490.426 -2506.9249 5286.1754 3860.0211000000004 2.8714263 -3.1605264 6.207358
60718 73910.426 -1090.2693000000002 3473.746 5991.5993 3.7589383 -5.3214844999999995 3.7711192000000002
60718 74330.426 544.48119 966.68299 6922.3014 3.8932933 -6.4138136 0.58607774
60718 74750.426 2070.5075 -1733.3497 6467.316400000001 3.2498530999999997 -6.225005 -2.7167129
60718 75170.426 3182.2954 -4086.4534 4715.6814 1.9532415 -4.7882953 -5.483878300000001
60718 75590.426 3654.8994 -5618.6766 2014.8155 0.25743694 -2.3810854 -7.1572411
60718 76010.426 3390.2241000000004 -6017.3475 -1093.003 -1.4970935 0.5168539 -7.387041900000001
60718 76430.426 2439.6101000000003 -5198.5077 -3978.917 -2.9518676999999998 3.3156264 -6.1177805
60718 76850.426 994.97441 -3326.9972000000002 -6056.9852 -3.8087284 5.4425068 -3.6072722
60718 77270.426 -650.8758 -782.42026 -6905.972400000001 -3.8946922 6.4669583 -0.36791679
60718 77690.426 -2164.9953 1919.8505 -6355.9719000000005 -3.192977 6.1831760000000004 2.9448448
60718 78110.426 -3241.7821000000004 4234.6929 -4517.2075 -1.8463487 4.6502857 5.6603805000000005
60718 78530.426 -3663.2756000000004 5693.5344000000005 -1762.9103 -0.1264531 2.1774245000000003 7.2290076
60718 78950.426 -3344.764 6002.3093 1348.6423 1.6164087 -0.73114004 7.332643
60718 79370.426 -2352.2415 5101.6332999999995 4187.9842 3.0283259 -3.4829099 5.957304199999999
60718 79790.426 -887.3026600000001 3176.6072000000004 6184.889400000001 3.8280112 -5.5260704 3.3909127
60718 80210.426 755.22047 616.08132 6941.655900000001 3.8605767 -6.4594398 0.15217008999999998
60718 80630.426 2246.8884 -2067.4699 6308.394 3.121696 -6.1021158 -3.1172046
60718 81050.426 3288.9658 -4337.2045 4410.0694 1.7550975000000002 -4.5208898 -5.7697437
60718 81470.426 3670.4826000000003 -5735.7543 1624.0642 0.029433934000000002 -2.0230964 -7.2696311
60718 81890.426 3311.9405 -5977.714 -1489.7691000000002 -1.7082695 0.89205819 -7.302819
60718 82310.426 2283.871 -5011.2215 -4301.4934 -3.1031940000000002 3.6314064 -5.855045100000001
60718 82730.426 793.79748 -3031.0142 -6240.777 -3.8701916 5.6356434 -3.2205517
60718 83150.426 -856.68459 -438.24401 -6915.3274 -3.8543035 6.4994267 0.065673845
60718 83570.426 -2334.1692000000003 2242.4466 -6191.760200000001 -3.0561843 6.0451553 3.3421935
60718 83990.426 -3340.7507 4470.3918 -4216.9885 -1.6418934 4.3693800000000005 5.9329587
60718 84410.426 -3674.232 5799.0255 -1385.1842 0.098793223 1.8191995 7.319786000000001
60718 84830.426 -3264.0904 5953.2172 1724.8519 1.8203429000000002 -1.0967664 7.2355079
60718 85250.426 -2196.7495 4908.8835 4487.1657000000005 3.1735345 -3.7882046000000003 5.6928637
60718 85670.426 -688.25294 2878.6746000000003 6345.8517 3.8868867000000002 -5.7137542 3.0073496
60718 86090.426 958.3027800000001 271.06986 6928.5942000000005 3.8201157 -6.4915976 -0.27981605000000004
