CIC_AEM_VERS = 1.0
CREATION_DATE = 2024-12-09T22:46:14.705Z
ORIGINATOR = CS Group

META_START
OBJECT_NAME = PLEIADES-NEO4
OBJECT_ID = PLEIADES-NEO4
CENTER_NAME = null
REF_FRAME_A = EME2000
REF_FRAME_B = SC_BODY_1
ATTITUDE_DIR = A2B
TIME_SYSTEM = UTC
START_TIME = 2024-12-09T12:11:03.675552
STOP_TIME = 2024-12-09T23:59:60.0
ATTITUDE_TYPE = QUATERNION
QUATERNION_TYPE = LAST
META_STOP

60653 43863.675552 -0.6654956579440016 -0.354658259967454 -0.3101036557932505 -0.5789376223378468
60653 44263.675552 -0.7259653717324542 -0.2041063252718231 -0.42675570637557425 -0.49919380415353415
60653 44663.675552 -0.7528459796010644 -0.044110084593872396 -0.5236519464152377 -0.3963153674173741
60653 45063.675552 -0.7448806415860776 0.11792508714205387 -0.5963073829328313 -0.2750709157156569
60653 45463.675552 -0.7024215689107067 0.27452103544805695 -0.6413609698843304 -0.14106114608416803
60653 45863.675552 -0.6274025659318201 0.41844779428308365 -0.6567093999530359 -4.7721600335061447E-4
60653 46263.675552 -0.5232606020211681 0.5430400977414452 -0.641604794466841 0.14017518444635302
60653 46663.675552 0.3948851232418524 -0.6424438385677237 0.5967414032740355 -0.2742833413592059
60653 47063.675552 0.2481971709274429 -0.7120899749487798 0.524183249521487 -0.3956740487347564
60653 47463.675552 0.0900657668046326 -0.7487291307813306 0.42733034772927303 -0.49867987755563714
60653 47863.675552 -0.07220053610499665 -0.7506859184656208 0.310679183292714 -0.5785638940274017
60653 48263.675552 -0.23108662016156026 -0.7178818212412043 0.17965337261969205 -0.6316401906307803
60653 48663.675552 -0.3792678746395269 -0.6518386643544143 0.040314730810643164 -0.6554669765890075
60653 49063.675552 -0.5099087302432089 -0.5556018069646147 -0.100898135066137 -0.6489370426008898
60653 49463.675552 -0.6169880287270545 -0.4335818806472462 -0.23747947681120285 -0.612320196690733
60653 49863.675552 -0.6954888751463103 -0.29147698295964186 -0.3630364567096554 -0.547303319971808
60653 50263.675552 -0.7417628736831976 -0.13592703886388668 -0.47172543624824526 -0.456931933801242
60653 50663.675552 -0.753692444444268 0.025896512399781992 -0.5585570481790503 -0.3453854278377391
60653 51063.675552 -0.7307286266100238 0.18649247837707358 -0.6195159208821276 -0.21784456278496955
60653 51463.675552 -0.6739298542638203 0.33845614641401744 -0.6517920134530926 -0.08020698027779541
60653 51863.675552 -0.5859051150947372 0.4747767447553494 -0.6538814270771376 0.061166314821988844
60653 52263.675552 -0.47068273703504904 0.589167450230018 -0.6256496473128295 0.1997548383994398
60653 52663.675552 0.33365580368461845 -0.6762575981369788 0.5683942183734301 -0.3290554332467911
60653 53063.675552 0.18118958217503148 -0.7320123756863932 0.48477758547992217 -0.4430788979058436
60653 53463.675552 0.02032288399663392 -0.7538539363769029 0.3786620147598427 -0.5365690091433948
60653 53863.675552 -0.14141420577764408 -0.7407687463177971 0.255030230224145 -0.6051638361260996
60653 54263.675552 -0.2965701736611966 -0.6933845130128817 0.11960681343019984 -0.6457230516169683
60653 54663.675552 -0.4379943098656458 -0.6138965701465604 -0.021346519376681156 -0.6563812244405737
60653 55063.675552 -0.5591608768083667 -0.5059742238271561 -0.1613135928728621 -0.6366373562899479
60653 55463.675552 -0.6544720328288269 -0.37458471240078145 -0.2938338187475832 -0.5873792117880402
60653 55863.675552 -0.7194770615491076 -0.22584628907094983 -0.412728718413149 -0.5108827816775411
60653 56263.675552 -0.7511606699025165 -0.06666594800982718 -0.5124864784907724 -0.410695640020296
60653 56663.675552 -0.7480546489797317 0.09557142997956657 -0.5884905663847638 -0.29147761009657497
60653 57063.675552 -0.7103064825923722 0.2533636155236796 -0.6372341012283029 -0.1587585567702674
60653 57463.675552 -0.6396568891636554 0.39942982190454684 -0.6564647549918573 -0.018679051695890892
60653 57863.675552 -0.53936141199209 0.5270257659807394 -0.6452765419584607 0.12227548259747177
60653 58263.675552 0.4140432008372201 -0.6302455352397833 0.6041602889927379 -0.25758326489700323
60653 58663.675552 0.26952745629551084 -0.704270929749765 0.5350115659614371 -0.38094623255751453
60653 59063.675552 0.11258002228447617 -0.7456523749985169 0.4410690622612273 -0.4866069836711139
60653 59463.675552 -0.04955168159956319 -0.7524972132205034 0.32668606528391875 -0.5697093905627174
60653 59863.675552 -0.20935141085573117 -0.7244971709014124 0.19718513348856506 -0.6264134890467009
60653 60263.675552 -0.35945200162204005 -0.6629517436881397 0.05855836961233501 -0.6541102058668014
60653 60663.675552 -0.4929311741422768 -0.5706978047638793 -0.08278679937098816 -0.6515130229291762
60653 61063.675552 -0.6036286299588721 -0.4519726267112415 -0.2203285250203813 -0.6187152518405046
60653 61463.675552 -0.6863647607663173 -0.31231791644227747 -0.3476389744188763 -0.5572325167399532
60653 61863.675552 -0.7373053760208271 -0.15825107395974056 -0.45879996670607004 -0.46993613463095657
60653 62263.675552 -0.7541164775838409 0.003126379609746077 -0.54870742573805 -0.3608583169708
60653 62663.675552 -0.7360176957721144 0.16433192656814286 -0.6132002443232437 -0.2350711164363329
60653 63063.675552 -0.6838424745039829 0.3179326820132281 -0.6493053433893112 -0.09839131475000018
60653 63463.675552 -0.5999850383052648 0.4568460113136848 -0.6553414176414107 0.04286376185489036
60653 63863.675552 -0.4882945432192003 0.5746500881032515 -0.6309993991564097 0.18216880514931114
60653 64263.675552 0.3539855095628217 -0.6658317812890641 0.5773975499145344 -0.31300857400025683
60653 64663.675552 0.20328781428665318 -0.7261733794601789 0.4970169693656874 -0.4293255404567559
60653 65063.675552 0.043183641919385486 -0.7528778013955331 0.3935832428486559 -0.5257398788233041
60653 65463.675552 -0.1188802099017621 -0.7447065771885703 0.27191992537162035 -0.5977785240134422
60653 65863.675552 -0.275415826513239 -0.7020472784731799 0.1376706788076195 -0.6421234503513169
60653 66263.675552 -0.41920314748371745 -0.6268717600240252 -0.0029539554260553645 -0.6567280957683068
60653 66663.675552 -0.5436015107261738 -0.5226480486820757 -0.14344853446138683 -0.6409047766290408
60653 67063.675552 -0.642856491420269 -0.3941806722729114 -0.27731575501136996 -0.5953596401065251
60653 67463.675552 -0.7123353170609803 -0.2474520439403109 -0.3983162089965815 -0.5221973570097677
60653 67863.675552 -0.7488129944556086 -0.08926931813333591 -0.5008449423257864 -0.4248110543772535
60653 68263.675552 -0.7505975775502207 0.07300827095675502 -0.5801451453726557 -0.3077412537314191
60653 68663.675552 -0.7176201936867498 0.23186532932660578 -0.632559385666969 -0.17643228240286174
60653 69063.675552 -0.6514128201547583 0.3799784461295724 -0.6556762461736708 -0.03696455624762715
60653 69463.675552 -0.5550325232369275 0.5105146396191018 -0.6484234335792431 0.10421493016421944
60653 69863.675552 0.43291056299015906 -0.6174513398790713 0.61111155413278 -0.2405929253708461
60653 70263.675552 0.2907446177128852 -0.6957912868608352 0.5454651409021243 -0.36580026306736946
60653 70663.675552 0.13509148267869273 -0.7419141897636886 0.45450553256297915 -0.47406576253153426
60653 71063.675552 -0.026802332929384616 -0.7536614506042507 0.34246661840792647 -0.5603504868373711
60653 71463.675552 -0.18739895768386877 -0.7304973885243695 0.21458424569758305 -0.6206519133270075
60653 71863.675552 -0.3392956788928473 -0.6735083018434883 0.07677888881494024 -0.6522039649257627
60653 72263.675552 -0.4754901787689386 -0.5853292400292734 -0.06457733477889621 -0.6535507160839856
60653 72663.675552 -0.5896957277503629 -0.4700288370064977 -0.20294803313505522 -0.6246150309605921
60653 73063.675552 -0.676611166058502 -0.332952053597385 -0.331912191737699 -0.5667226455208186
60653 73463.675552 -0.7321936516281469 -0.18048241894753636 -0.4454748522451779 -0.4825667922510033
60653 73863.675552 -0.7538789592272155 -0.019659510660452965 -0.5384034528234499 -0.37603422778102125
60653 74263.675552 -0.7406551909023585 0.14205232417412136 -0.6063891867787714 -0.25207772520375815
60653 74663.675552 -0.6931282385230622 0.2971893816189318 -0.6462924611530643 -0.11643784209435029
60653 75063.675552 -0.6134805557402963 0.43859065032128375 -0.6562576027469649 0.024613167535638327
60653 75463.675552 -0.5053721278387356 0.5597174256758527 -0.6357966288634213 0.16455413250494255
60653 75863.675552 0.3738445096996518 -0.6549099575239604 0.5858457553096553 -0.29684672996186223
60653 76263.675552 0.22500634884587828 -0.719758731837311 0.5087205072030926 -0.41535882857358536
60653 76663.675552 0.06577158471048673 -0.7512600156133381 0.4080061688464822 -0.5146002854337861
60653 77063.675552 -0.09646107526421017 -0.7479615621319142 0.28839981515555324 -0.5899782276917528
60653 77463.675552 -0.25418891556879936 -0.7100334977691302 0.15545557811011387 -0.6380235030797398
60653 77863.675552 -0.40014537729044375 -0.639234269033741 0.015320750665898207 -0.6565276086540617
60653 78263.675552 -0.5276010927563736 -0.5388282804218045 -0.12552827623259646 -0.64462688666083
60653 78663.675552 -0.6306876051204677 -0.41340793648227403 -0.26061338867163736 -0.6028330485681446
60653 79063.675552 -0.7045628190280485 -0.2688288884084904 -0.38360875544976536 -0.5330727769663226
60653 79463.675552 -0.7457893561027674 -0.11183634621660407 -0.48879213825957185 -0.4386035950198939
60653 79863.675552 -0.7524725382045441 0.05031400071024869 -0.5713196427336954 -0.323801554053069
60653 80263.675552 -0.724304716150449 0.2101095671538025 -0.6273748903467038 -0.19400359510875195
60653 80663.675552 -0.6625873443803884 0.36017650715359223 -0.6543714010910818 -0.05521742655790339
60653 81063.675552 -0.5701640961423623 0.4935855198206598 -0.6510503251527617 0.08613775137542908
60653 81463.675552 -0.4512704082068238 0.6041828173696123 -0.6175318742643165 0.22354535588950294
60653 81863.675552 0.31146344197171305 -0.6867807946695698 0.555360240809491 -0.35056763586530904
60653 82263.675552 0.15724872679574545 -0.7375472001393183 0.46742937190279343 -0.46130981755250916
60653 82663.675552 -0.004337352579808114 -0.7541366679915427 0.357742073399397 -0.5507083459355893
60653 83063.675552 -0.16562752477506365 -0.7357536607302948 0.23150848838853247 -0.6145224923165243
60653 83463.675552 -0.3191595735865684 -0.6832987759616034 0.09461160261991095 -0.6498373596578658
60653 83863.675552 -0.4578692235463601 -0.5992358515294416 -0.04660635806111435 -0.655057261435302
60653 84263.675552 -0.575381932331039 -0.48747029307177614 -0.1856251431422554 -0.6299616270479763
60653 84663.675552 -0.6662916598516652 -0.353173666105191 -0.31603265765956345 -0.5757144647084743
60653 85063.675552 -0.7264322165302971 -0.2024546876195976 -0.4318797073663085 -0.49476080343224693
60653 85463.675552 -0.7529568008827098 -0.04222565202358295 -0.5277981353028925 -0.390771261336409
60653 85863.675552 -0.7445416037094542 0.12005906419261571 -0.5992688826228889 -0.268552467445119
60653 86263.675552 -0.701555769841975 0.2767292218969773 -0.6428966568381641 -0.13388176939389207
