CIC_AEM_VERS = 1.0
CREATION_DATE = 2025-03-05T14:15:03.047Z
ORIGINATOR = CS Group

META_START
OBJECT_NAME = PLEIADES-NEO3
OBJECT_ID = PLEIADES-NEO3
CENTER_NAME = null
REF_FRAME_A = EME2000
REF_FRAME_B = SC_BODY_1
ATTITUDE_DIR = A2B
TIME_SYSTEM = UTC
START_TIME = 2025-03-05T04:08:34.91232
STOP_TIME = 2025-03-05T23:59:60.0
ATTITUDE_TYPE = QUATERNION
QUATERNION_TYPE = LAST
META_STOP

60739 14914.91232 -0.254538442677566 -0.7098399899430248 -0.6186860033072554 -0.22037467910052766
60739 15334.91232 -0.40739941875231894 -0.6345907574892818 -0.652354690378931 -0.07585276560588332
60739 15754.91232 -0.5395233343678079 -0.5269094353572186 -0.6526916995114563 0.07262619357385018
60739 16174.91232 -0.6440455337383658 -0.39237064763617696 -0.6196832714739394 0.21735516649158962
60739 16594.91232 -0.7156666213881273 -0.2378431269072881 -0.5550509391817977 0.3509563917743498
60739 17014.91232 0.7507646071388107 0.07119230500105875 0.4621043191966231 -0.4666302160771086
60739 17434.91232 0.7475662692995719 -0.09910581731651331 0.3455774524447555 -0.5584791261464823
60739 17854.91232 0.7062280427987667 -0.2643884376721878 0.21138655521520222 -0.6218170388982063
60739 18274.91232 0.6288751665159997 -0.41616632664652903 0.06641221999457535 -0.653384290093051
60739 18694.91232 0.5194415427604033 -0.5467166834686699 -0.08197603584321553 -0.6515836716946964
60739 19114.91232 0.3835181331679432 -0.6493550453818663 -0.2261832087013664 -0.616516847028566
60739 19534.91232 0.22801552508552392 -0.7188556098643544 -0.35886000344916824 -0.5499772999051715
60739 19954.91232 0.06083355608643157 -0.7516712525086798 -0.4732339246687509 -0.45534520876860296
60739 20374.91232 -0.10955704132691184 -0.7461029517861826 -0.5634649828268465 -0.33739421032314737
60739 20794.91232 -0.27434297062167695 -0.702420925818352 -0.6248626309553786 -0.20220650305686322
60739 21214.91232 -0.4250910960539735 -0.6228778159718963 -0.6542980310431294 -0.05669985007736724
60739 21634.91232 -0.5542654565896957 -0.5113784536387809 -0.6502588093907096 0.09189864849497306
60739 22054.91232 -0.6551685941671967 -0.3734968843357955 -0.6128296577996385 0.23599576506710948
60739 22474.91232 -0.7223790674624695 -0.2165836603963297 -0.544001492676206 0.36786189923317697
60739 22894.91232 0.7525549494096401 0.048661323336017456 0.44735133049742426 -0.48080132157932565
60739 23314.91232 0.7442311333456136 -0.1216243298214247 0.3279018648303087 -0.5690412195925694
60739 23734.91232 0.6979459467397686 -0.2855467990001626 0.19182674567517347 -0.6281217880745429
60739 24154.91232 0.6161837471160247 -0.4347494842962208 0.046122909422555695 -0.6551207162963355
60739 24574.91232 0.5031711987850361 -0.561736195445681 -0.10183013993973887 -0.6487694613954132
60739 24994.91232 0.36465592555153487 -0.6601363882788754 -0.2445631326573733 -0.6094545749890531
60739 25414.91232 0.20758743514452282 -0.7250193775000559 -0.37490786180562713 -0.5391645891338589
60739 25834.91232 0.03982328520431279 -0.7530763115010481 -0.4862765894267904 -0.4413901376185937
60739 26254.91232 -0.13021206549453843 -0.7427776933546816 -0.5729771992379165 -0.3209723436806006
60739 26674.91232 -0.29378361523189817 -0.6945196859766831 -0.6304541314218497 -0.1840140793125527
60739 27094.91232 -0.442467342770476 -0.6106688646487769 -0.6556679605218823 -0.037492850988999696
60739 27514.91232 -0.5685336142583575 -0.4954831293099005 -0.6472539422766406 0.1110330231730402
60739 27934.91232 -0.6655163575424206 -0.35474754943025605 -0.6055754233966383 0.25400897738993244
60739 28354.91232 -0.7282394634776186 -0.19599778646325697 -0.5328893939496323 0.3837721268556737
60739 28774.91232 0.7536389457553287 0.02723688456769859 0.4329189764229162 -0.49382957729643645
60739 29194.91232 0.7404596960753863 -0.1428331017926675 0.31084570520575694 -0.5785266554579552
60739 29614.91232 0.6894685388041903 -0.3054687104157578 0.17298511820235038 -0.633559902327055
60739 30034.91232 0.6033972914568067 -0.4523469756785073 0.026449723452646956 -0.6561968716676239
60739 30454.91232 0.48670066572995463 -0.5760790841823235 -0.121323289339328 -0.6453960103762342
60739 30874.91232 0.3453453601342277 -0.6704495190200523 -0.26284978261197206 -0.6017840280868048
60739 31294.91232 0.18644971783259834 -0.7307459032469242 -0.39101676132872243 -0.5275915275741058
60739 31714.91232 0.017978336735743127 -0.7539179962995767 -0.49935646048578025 -0.42652967028679395
60739 32134.91232 -0.15160395604449223 -0.7387148328439441 -0.5823472968774485 -0.30362519998763665
60739 32554.91232 -0.3136071666771717 -0.6858065520269864 -0.6356569536780433 -0.1651064972868208
60739 32974.91232 -0.45972387850786645 -0.5977987515518288 -0.6564802745122958 -0.018007147164947446
60739 33394.91232 -0.5823846097963206 -0.479141545101631 -0.6436781692794893 0.13011518137025424
60739 33814.91232 -0.6752270963799395 -0.33591147053510095 -0.5978774018526868 0.2716145515820956
60739 34234.91232 -0.7334596413759656 -0.17547366075750415 -0.5214382923571 0.39918423831197514
60739 34654.91232 0.7541090917940735 0.006079205253291312 0.41830744817128035 -0.5062621847831789
60739 35074.91232 0.7361651859033408 -0.1635472609043486 0.293821827984552 -0.5873515522363085
60739 35494.91232 0.6806352075306834 -0.32468837862816546 0.15441579946410575 -0.6383329318853427
60739 35914.91232 0.590482384366394 -0.46909145959630916 0.007285761971488791 -0.6566815620673976
60739 36334.91232 0.4703639452113035 -0.5895016003243628 -0.14011052676843663 -0.6415720244438221
60739 36754.91232 0.3263992006793799 -0.679879024969191 -0.2803211447929088 -0.5938418383583268
60739 37174.91232 0.16583455823057955 -0.7356995819247417 -0.406290293869392 -0.5159197820977133
60739 37594.91232 -0.003271054310397842 -0.7541258813158939 -0.5116486792501377 -0.41170266498386243
60739 38014.91232 -0.17242458507791822 -0.7341372371689417 -0.5910209211924778 -0.2863678581395886
60739 38434.91232 -0.332932366080667 -0.6766433059923058 -0.6402432234977212 -0.14628223007931823
60739 38854.91232 -0.4765297743052779 -0.5845013345497132 -0.6567157559764077 0.001407111403027307
60739 39274.91232 -0.5957752854490128 -0.4623990974773564 -0.6395380279946669 0.14909726573269672
60739 39694.91232 -0.6844965205252894 -0.3166088069838122 -0.5895842634062858 0.28916046249915733
60739 40114.91232 -0.7381402249289356 -0.15462017359986632 -0.5094353377486169 0.41438779773391027
60739 40534.91232 0.7539816524145123 -0.015234115269425473 0.4032361974644077 -0.5183436684369597
60739 40954.91232 0.7312690983118927 -0.1842190084110415 0.2764779288857989 -0.5957086684220594
60739 41374.91232 0.6712538895401983 -0.34367352878951424 0.13569486274433312 -0.6425679929869796
60739 41794.91232 0.5771106429796409 -0.48545634555709916 -0.011873379219291151 -0.6566083042300689
60739 42214.91232 0.4536830426689507 -0.6024390743987781 -0.15874974909584225 -0.6372106210619796
60739 42634.91232 0.30722059270961094 -0.6887597801021463 -0.29753056795268734 -0.585406725159995
60739 43054.91232 0.1450852866212552 -0.7400704220281545 -0.42121655775490874 -0.5038081395910584
60739 43474.91232 -0.02456846631176339 -0.7537309833547372 -0.5235286285449984 -0.39648930665023224
60739 43894.91232 -0.193163486047415 -0.7289536264377882 -0.5992092408297541 -0.2688173429402153
60739 44314.91232 -0.3520970093413577 -0.6668734388068841 -0.6442991223218336 -0.1272248151976171
60739 44734.91232 -0.49306068400995595 -0.570630789027339 -0.6563784510296895 0.020952172239093802
60739 45154.91232 -0.6087415001775871 -0.4451950156729172 -0.6348215235869846 0.1680381420161245
60739 45574.91232 -0.6932150914931842 -0.2970332871176579 -0.5807757530377092 0.306469554692888
60739 45994.91232 -0.742204752208093 -0.13373612873508628 -0.49704847405019614 0.42917312137999414
60739 46414.91232 0.7532548851015154 -0.036332183102077274 0.3879607566541473 -0.5298806486729641
60739 46834.91232 0.725861324047454 -0.20447403442614048 0.2591193440410865 -0.6034673752915658
60739 47254.91232 0.6614853793577739 -0.362114738387528 0.11711854236985976 -0.6462145589288386
60739 47674.91232 0.5634067892467595 -0.5012966204874258 -0.03086634352056514 -0.6559891439316765
60739 48094.91232 0.436685009962639 -0.6148716633017666 -0.17722110952182335 -0.6323224795010082
60739 48514.91232 0.28775953433832135 -0.6971114973805125 -0.31452787100543056 -0.5764566150007157
60739 48934.91232 0.12415078691215474 -0.7438632781452528 -0.435837183009103 -0.49122291827924813
60739 49354.91232 -0.04587612445198545 -0.7527286765142754 -0.5349798487490843 -0.3809087583539396
60739 49774.91232 -0.21366427639409322 -0.7232045824638272 -0.6068551326377452 -0.25109670823715435
60739 50194.91232 -0.37052640663043135 -0.6568065804495172 -0.6477231962295948 -0.10848944157783237
60739 50614.91232 -0.5085154944767779 -0.5568924784375555 -0.6555202787661843 0.03969790250150132
60739 51034.91232 -0.6205332773945027 -0.42858909374573284 -0.6298483927817056 0.1858516679466474
60739 51454.91232 -0.7008734633477073 -0.2784484796021754 -0.572039869546793 0.32251080637881746
60739 51874.91232 -0.7454609790220872 -0.11409445431367439 -0.48504411105021267 0.44272180269985023
60739 52294.91232 0.7520218735858797 -0.056124164949397565 0.37327849941123137 -0.5403483521159433
60739 52714.91232 0.720218077251424 -0.22349417017739343 0.24245597056250778 -0.610369871009024
60739 53134.91232 0.6516983630957321 -0.3794285019727102 0.09928708139142507 -0.6492036128194765
60739 53554.91232 0.5499313073416441 -0.5160318470266525 -0.048985917905598725 -0.6548947013884886
60739 53974.91232 0.4200981950283927 -0.6263096779077453 -0.19478648515924601 -0.627145851530798
60739 54394.91232 0.26879632803686193 -0.7046273203193955 -0.3306740292396058 -0.5673654553106421
60739 54814.91232 0.10371760966763728 -0.7469718114081939 -0.44970262174660297 -0.47858470765437655
60739 55234.91232 -0.06676864919534847 -0.7511503628355065 -0.5457886285888766 -0.3652805124829256
60739 55654.91232 -0.23382375997932853 -0.7169284099097027 -0.6139268336272093 -0.23331083833792102
60739 56074.91232 -0.38889388595700425 -0.6460877754315875 -0.6506404395089711 -0.08943796944640518
60739 56494.91232 -0.5240514556868058 -0.5422856987982881 -0.6540782609974674 0.05897390237996169
60739 56914.91232 -0.6324061862283558 -0.4108507771686175 -0.6241079541047324 0.20433628200408843
60739 57334.91232 -0.7084535776660874 -0.25851894459078245 -0.5623075663974525 0.33922217550149003
60739 57754.91232 0.7483664123480458 0.09303380690671045 0.4718499009996141 -0.456782327338103
60739 58174.91232 0.7501382450395261 -0.07720992573852334 0.3573359196243183 -0.5510374590195428
60739 58594.91232 0.7136734852227569 -0.24355733439222682 0.22457649961776022 -0.6171834226331671
60739 59014.91232 0.6408366746150265 -0.3974824770171554 0.0803631136705438 -0.651826515948712
60739 59434.91232 0.5352970264865096 -0.5311855584799994 -0.06801649985596758 -0.6532019225663189
60739 59854.91232 0.4024610533443381 -0.6377747143994379 -0.21292974708762188 -0.6212321925165201
60739 60274.91232 0.2490790992714068 -0.7118227264743551 -0.3469923254085367 -0.5575520912778791
60739 60694.91232 0.08294112155800638 -0.7495488877118677 -0.4633640291170779 -0.46539339467271096
60739 61114.91232 -0.08751837037299161 -0.7490041203196971 -0.5560950243541177 -0.3494162080956832
60739 61534.91232 -0.2534918455433739 -0.7102052222214476 -0.6203767699737418 -0.21559937349015096
60739 61954.91232 -0.4065051032524841 -0.6351534849101337 -0.6529353415055497 -0.07077493517645175
60739 62374.91232 -0.5386721431270401 -0.5277673239376522 -0.6521320547622186 0.07757420418036953
60739 62794.91232 -0.6433326240397197 -0.39352249139253664 -0.6180684904774679 0.2219336042452419
60739 63214.91232 -0.7151929858922899 -0.23923635239191546 -0.5525021298644133 0.354973741451349
60739 63634.91232 0.7506099887883082 0.07271719279231093 0.4587575345409166 -0.4699344412846984
60739 64054.91232 0.7477576649848512 -0.09758850964604307 0.3415724061311331 -0.5609485258125342
60739 64474.91232 0.70680910360654 -0.26281092115568727 0.20705477390280158 -0.6232813420793841
60739 64894.91232 0.6297865978109662 -0.41477308830307064 0.06184834834490965 -0.6538401243761568
60739 65314.91232 0.5206334973653385 -0.545570684493544 -0.08653426716881002 -0.6510032336693413
60739 65734.91232 0.3849896705755044 -0.6484732322303959 -0.23044081740025135 -0.6149491444881697
60739 66154.91232 0.22974808454561374 -0.7182942867490417 -0.36257410264676065 -0.5475483132666953
60739 66574.91232 0.06277714456153856 -0.7515037418785656 -0.47622466571213246 -0.45222917180405525
60739 66994.91232 -0.10745059831524062 -0.7464031577627989 -0.5655978795803522 -0.33381991195497696
60739 67414.91232 -0.27213781537268134 -0.7032739817583333 -0.6260734539963083 -0.19844078771033002
60739 67834.91232 -0.42304744918535214 -0.6242668354846683 -0.6546211083029772 -0.05284863684057419
60739 68254.91232 -0.5525118092632638 -0.5132745564563004 -0.6497189272260087 0.09563077916396713
60739 68674.91232 -0.653687039316375 -0.3760868499057935 -0.611589503625 0.2391865694671322
60739 69094.91232 -0.7214062018522953 -0.21980720294199357 -0.5422617646887312 0.3704187684506896
60739 69514.91232 0.7523038677857291 0.05241822707235783 0.4453358179573832 -0.48266678902681054
60739 69934.91232 0.7448814906593793 -0.11757762527494539 0.325770237941851 -0.5702638152461327
60739 70354.91232 0.6995611521014402 -0.2815639518274114 0.18964129403219118 -0.6287862236878544
60739 70774.91232 0.6186458160618661 -0.43123732303298673 0.04383643411423205 -0.6552786373266261
60739 71194.91232 0.506251539217445 -0.5589609045865473 -0.10421702834712038 -0.6483910064045089
60739 71614.91232 0.3680443307497744 -0.658252585525406 -0.24702120833287933 -0.6084631680601819
60739 72034.91232 0.2109838517064026 -0.7240379776345365 -0.37732099293975024 -0.5374790131242171
60739 72454.91232 0.04301325226263635 -0.7529009144139415 -0.4884473021809769 -0.4389866811152327
60739 72874.91232 -0.12713738396778346 -0.7433111819901078 -0.5745827400344895 -0.3180868547751626
60739 73294.91232 -0.29070081593408453 -0.6958174331307213 -0.6313156804710081 -0.18102940909714038
60739 73714.91232 -0.4394538987431554 -0.6128418075368021 -0.6558202086232094 -0.03471374044778098
60739 74134.91232 -0.5660101014427436 -0.49836544411741096 -0.646793700886986 0.11367654844930536
60739 74554.91232 -0.6636413362104344 -0.3582460161464309 -0.60457710772905 0.25637178003441957
60739 74974.91232 -0.7272035520421027 -0.19981221074497177 -0.5313751466838269 0.385863353820102
60739 75394.91232 0.7534856771512632 0.031206958074219037 0.43098538002664927 -0.4955169646933807
60739 75814.91232 0.7412113637936216 -0.13887824849657177 0.3086221580399837 -0.5797162321726614
60739 76234.91232 0.6911169999713442 -0.3017172607263779 0.17061190324463377 -0.6342046715387893
60739 76654.91232 0.6058921925003143 -0.4489985214324769 0.024059659798492453 -0.6562896552506312
60739 77074.91232 0.4899411693602292 -0.5733261730664087 -0.12360998891615661 -0.6449614875968217
60739 77494.91232 0.34916159710150624 -0.6684708897996751 -0.26494488402539684 -0.6008635926969824
60739 77914.91232 0.19061833025118313 -0.7296706569767596 -0.3928466314528129 -0.5262289508146932
60739 78334.91232 0.02224934108686751 -0.7538049476608857 -0.5008530472085773 -0.42476969384014696
60739 78754.91232 -0.14749030470790098 -0.7395471130431771 -0.5834425181545482 -0.30151534888982445
60739 79174.91232 -0.3098870413734491 -0.6874955968195091 -0.6362744035199241 -0.16271050785970148
60739 79594.91232 -0.4565680533040828 -0.6002124168243916 -0.6565458105326757 -0.015435869393555497
60739 80014.91232 -0.5799118173090392 -0.4821322337525419 -0.6431465258540561 0.1327152576155799
60739 80434.91232 -0.6735058997225567 -0.3393507802073636 -0.5967613503243218 0.27405609238010925
60739 80854.91232 -0.7325577848009369 -0.1792031000691873 -0.5197953551531643 0.4013204824256207
60739 81274.91232 0.7540676346973562 0.009950669651101788 0.4162483665993334 -0.5079569704008563
60739 81694.91232 0.7370096676450792 -0.15969248693299404 0.2914921754290355 -0.5885128469952834
60739 82114.91232 0.6823650391339372 -0.32103370854623386 0.15196710036625374 -0.6389219919137743
60739 82534.91232 0.5930458854953357 -0.4658454744728348 0.004847410541259026 -0.6567047085420336
60739 82954.91232 0.47365497220033187 -0.5868604059533342 -0.14242162281457907 -0.6410631112371483
60739 83374.91232 0.33024303749286693 -0.6780205697113996 -0.2824225931881205 -0.5928449393328846
60739 83794.91232 0.1700002050153751 -0.7347485125389804 -0.4081136141330763 -0.5144782129261886
60739 84214.91232 9.592902681093257E-4 -0.7541325115741211 -0.5131258982579436 -0.40985978978922544
60739 84634.91232 -0.1683701921695143 -0.7350758802401354 -0.5920754791442276 -0.2841857766921564
60739 85054.91232 -0.3292943162433751 -0.6784167496823499 -0.6408050214402037 -0.14382243057765368
60739 85474.91232 -0.4734674287350083 -0.5869773335635876 -0.6567115154184117 0.004023596214061462
60739 85894.91232 -0.5934013346965175 -0.4654304048307986 -0.638929811099649 0.15171714052010596
60739 86314.91232 -0.6828900490965821 -0.32004176474807755 -0.5883808245886359 0.29162039523702854
