CIC_OEM_VERS = 2.0
CREATION_DATE = 2024-12-09T22:46:14.550146
ORIGINATOR = ISAE-SUPAERO


META_START
OBJECT_NAME = PLEIADES-NEO4
OBJECT_ID = PLEIADES-NEO4
CENTER_NAME = Earth
REF_FRAME = EME2000
TIME_SYSTEM = UTC
START_TIME = 2024-12-09T12:11:03.676
USEABLE_START_TIME = 2024-12-09T12:11:03.676
USEABLE_STOP_TIME = 2024-12-09T23:57:43.676
STOP_TIME = 2024-12-09T23:57:43.676
INTERPOLATION = lagrange
INTERPOLATION_DEGREE = 5
META_STOP



60653 43863.676 3894.0108 5819.650000000001 14.671541 0.85205716 -0.58981975 7.473276200000001
60653 44263.676 3867.1722000000004 5057.0284 2910.9651000000003 -0.9808350100000001 -3.1588278 6.7816394
60653 44663.676 3133.0006000000003 3369.4908 5273.1212000000005 -2.6322954 -5.146888700000001 4.845841
60653 45063.676 1826.1856 1066.0471000000002 6669.072700000001 -3.8001733 -6.1914681 2.0260617
60653 45463.676 185.99291 -1432.0365 6844.532400000001 -4.273690800000001 -6.1053592 -1.1624613
60653 45863.676 -1488.1091000000001 -3668.6107 5767.169900000001 -3.9669005000000004 -4.9037424000000005 -4.1413438
60653 46263.676 -2890.2524 -5234.6368 3632.6742999999997 -2.932887 -2.8014652 -6.3659705
60653 46663.676 -3762.5914 -5841.456099999999 831.81627 -1.3594483 -0.18225812 -7.4235733
60653 47063.676 -3944.5384 -5376.352900000001 -2122.5072 0.46401098 2.4717466 -7.1173095
60653 47463.676 -3403.5987000000005 -3926.0114 -4686.6562 2.1996113 4.6688593 -5.5043122
60653 47863.676 -2239.5247999999997 -1756.7378999999999 -6391.1238 3.5297963 6.008455700000001 -2.8863347
60653 48263.676 -666.43475 733.41383 -6925.4674 4.2136459 6.2492858 0.25567141
60653 48663.676 1028.2586 3089.7192000000005 -6192.813700000001 4.1284939000000005 5.3495492 3.351082
60653 49063.676 2535.0725 4881.6215999999995 -4326.2398 3.2884409999999997 3.4704161 5.8373629000000005
60653 49463.676 3577.8152999999998 5779.82 -1665.2264 1.8443429000000002 0.9517057200000001 7.2572687
60653 49863.676 3964.8107000000005 5618.849200000001 1301.2545 0.060331076000000004 -1.7442835 7.3435227
60653 50263.676 3625.2135000000003 4428.2659 4028.3285 -1.7329132999999999 -4.1178815 6.0805687
60653 50663.676 2621.6994 2426.5668 6016.4001 -3.2059607999999997 -5.7342644 3.7059644
60653 51063.676 1139.2541 -18.430791000000003 6902.7002 -4.0911978 -6.3011236 0.65722393
60653 51463.676 -551.09313 -2460.0942999999997 6526.1404 -4.2295634 -5.717947100000001 -2.5110604
60653 51863.676 -2140.7178 -4452.468900000001 4954.888599999999 -3.5950959 -4.0889505 -5.2237811
60653 52263.676 -3338.7644 -5630.311 2474.3549 -2.3009607 -1.7077119 -6.9831649
60653 52663.676 -3924.7371000000003 -5776.192400000001 -460.19975 -0.58298389 0.9901813700000001 -7.460750600000001
60653 53063.676 -3791.1542999999997 -4863.006200000001 -3310.3677000000002 1.2411948 3.5054402000000002 -6.5665968999999995
60653 53463.676 -2962.0515 -3057.4575 -5552.4177 2.8355867 5.3757757 -4.4699505
60653 53863.676 -1591.9726 -693.7126400000001 -6776.960099999999 3.9082173 6.2593346 -1.5583951
60653 54263.676 68.733479 1796.7111000000002 -6761.3154 4.2666321 5.9998404 1.635275
60653 54663.676 1716.867 3959.1702000000005 -5508.5221 3.8461977000000003 4.6445607 4.5319468
60653 55063.676 3051.1648999999998 5397.9844 -3246.4937000000004 2.7212620000000003 2.4369854 6.6028134000000005
60653 55463.676 3826.4585 5847.8278 -387.99969 1.0955578000000001 -0.22127076 7.4647879
60653 55863.676 3900.4778 5226.0563 2541.5587 -0.73150866 -2.8395487 6.9540531
60653 56263.676 3259.5198 3646.3231 5004.1804 -2.4220886 -4.9345152 5.1680835
60653 56663.676 2022.4727 1399.7478999999998 6549.374900000001 -3.6667354999999997 -6.1236345000000005 2.4385700999999997
60653 57063.676 416.09278000000006 -1102.4999 6895.6415 -4.2406156 -6.1936723 -0.7338972300000001
60653 57463.676 -1266.1908999999998 -3403.4982000000005 5980.054 -4.0403575 -5.1327664 -3.7734057
60653 57863.676 -2716.9899 -5082.4624 3968.9534 -3.1007016 -3.1310257999999997 -6.126365
60653 58263.676 -3670.0370000000003 -5830.349700000001 1228.9636 -1.5909608000000002 -0.55134609 -7.358842
60653 58663.676 -3950.2337 -5509.3623 -1736.7828000000002 0.21190439 2.1314408 -7.2383211
60653 59063.676 -3506.4009 -4178.6488 -4383.139099999999 1.9736186 4.4202357 -5.7882204
60653 59463.676 -2420.4504 -2082.5584 -6225.380400000001 3.3710348 5.8965419 -3.2805762
60653 59863.676 -892.38562 393.94675 -6927.676 4.150727799999999 6.293979500000001 -0.17687624
60653 60263.676 798.53184 2798.5702 -6362.5801 4.1728456 5.5427425 2.9587828
60653 60663.676 2343.572 4692.0522 -4632.675 3.4323142 3.7773086 5.5569653
60653 61063.676 3459.9032 5727.089 -2052.7071 2.0617136 1.3165724 7.1401023
60653 61463.676 3942.0915 5712.5749000000005 903.94249 0.31148381 -1.388312 7.412352299999999
60653 61863.676 3701.886 4651.3229 3694.1675 -1.4945369000000002 -3.8368959 6.3228181999999995
60653 62263.676 2783.7359 2738.0788 5806.7391 -3.0240606 -5.5796947 4.0764415
60653 62663.676 1357.0187 324.55312 6855.8062 -3.9987334999999997 -6.300705600000001 1.0879916
60653 63063.676 -317.32687 -2148.2415 6650.6189 -4.2432782 -5.871645900000001 -2.0981666
60653 63463.676 -1933.6603 -4228.7762999999995 5228.2316 -3.7129287 -4.3693021 -4.903957500000001
60653 63863.676 -3196.539 -5536.2321 2847.2907000000005 -2.5015375 -2.0636854 -6.8152423
60653 64263.676 -3873.4869 -5829.062400000001 -56.281071000000004 -0.82983129 0.62351458 -7.4766455
60653 64663.676 -3840.1825 -5053.0486 -2949.5917000000004 0.99400531 3.1964682 -6.7638905000000005
60653 65063.676 -3102.8438 -3350.5541000000003 -5301.084400000001 2.6332042 5.1806904000000005 -4.811475000000001
60653 65463.676 -1798.3154 -1035.6156 -6680.92 3.7878644 6.2140682 -1.9812619
60653 65863.676 -165.43024 1468.4583 -6837.9096 4.2500042 6.112262800000001 1.2083402
60653 66263.676 1497.6326000000001 3704.4641 -5743.5961 3.9363281000000003 4.8941905 4.1787634
60653 66663.676 2886.928 5263.3505000000005 -3596.9292 2.9018255 2.7783286 6.3882140000000005
60653 67063.676 3747.3050000000003 5857.9006 -789.5143 1.333542 0.1491872 7.4283071000000005
60653 67463.676 3920.7601 5378.6567000000005 2162.7794 -0.48003141 -2.5084437 7.1025109
60653 67863.676 3375.1643 3912.8887000000004 4717.6332999999995 -2.2034765000000003 -4.7035694999999995 5.4735233
60653 68263.676 2212.1576 1731.299 6407.2695 -3.520611 -6.0342716 2.84415
60653 68663.676 645.11471 -766.56585 6923.715200000001 -4.1930496 -6.2614113 -0.30160286000000003
60653 69063.676 -1039.6391 -3124.5311 6173.3516 -4.1001615000000005 -5.3455748000000005 -3.3922865000000004
60653 69463.676 -2534.4242999999997 -4911.6889 4292.5656 -3.2575553 -3.4510227 -5.8660820000000005
60653 69863.676 -3565.3621000000003 -5799.8328 1623.8095 -1.8166879 -0.92069296 -7.2676799
60653 70263.676 -3942.8762 -5625.1303 -1342.901 -0.041312307 1.780856 -7.3342233
60653 70663.676 -3596.8686000000002 -4418.090099999999 -4062.9611 1.7405248 4.154702400000001 -6.0545879000000005
60653 71063.676 -2592.6015 -2402.4821 -6037.5455999999995 3.2008627 5.7641306000000005 -3.6657349
60653 71463.676 -1114.7386000000001 51.940837 -6906.145 4.0736843 6.3175785 -0.61043386
60653 71863.676 566.59271 2496.9267000000004 -6511.0932 4.2026991 5.7178691 2.5551629
60653 72263.676 2144.4230000000002 4485.9618 -4924.219400000001 3.5639366 4.0726448 5.2565249000000005
60653 72663.676 3330.1014 5654.6477 -2434.522 2.2714194 1.6785459 6.9981883
60653 73063.676 3905.5108999999998 5787.084900000001 502.35447 0.56095785 -1.0263092 7.456279400000001
60653 73463.676 3765.1204 4858.930200000001 3346.5953 -1.2518298 -3.5423155000000004 6.5442575
60653 73863.676 2935.0974 3040.6675 5576.7055 -2.8327297 -5.4063538 4.4335069
60653 74263.676 1568.6436 666.6353 6784.993 -3.8933214 -6.2794986 1.5146799000000002
60653 74663.676 -84.161738 -1829.1313 6751.5432 -4.2426293 -6.0059042 -1.679384
60653 75063.676 -1721.5437 -3990.8521 5482.2372000000005 -3.8172018 -4.6347290999999995 -4.5691625
60653 75463.676 -3044.2201 -5422.928 3207.8103 -2.6919213 -2.4120798 -6.6259528
60653 75863.676 -3808.897 -5861.1179 344.42904 -1.071344 0.25626551000000003 -7.4679847
60653 76263.676 -3875.1205 -5224.4901 -2582.3873 0.74594366 2.8780178999999997 -6.937022700000001
60653 76663.676 -3230.7124 -3629.7014 -5034.6047 2.4238389000000002 4.9690102 -5.1342973
60653 77063.676 -1995.636 -1371.2796 -6563.9278 3.6552533 6.1474058000000005 -2.3942888
60653 77463.676 -396.18751000000003 1137.5778 -6891.8360999999995 4.2180083 6.202492 0.7798959200000001
60653 77863.676 1275.5330000000001 3438.8607 -5958.9663 4.0110163 5.1254141 3.812484
60653 78263.676 2714.1596 5111.867 -3934.8256 3.0702219 3.1092029 6.1514977
60653 78663.676 3655.6565 5848.4676 -1187.6490000000001 1.5649245 0.518826 7.366286199999999
60653 79063.676 3927.1584 5513.3165 1777.1897 -0.22874853 -2.1687622 7.226369399999999
60653 79463.676 3478.8595 4167.6687 4415.2693 -1.9784395 -4.4558986 5.7592312
60653 79863.676 2393.5577000000003 2058.7486000000004 6243.2862000000005 -3.3630907000000003 -5.9241387 3.2395664
60653 80263.676 871.0007400000001 -426.30844 6927.920099999999 -4.1315499 -6.308437700000001 0.13088074
60653 80663.676 -810.52847 -2833.5480000000002 6344.784000000001 -4.1457694 -5.5411024 -3.0015994
60653 81063.676 -2343.9217000000003 -4723.0858 4599.7195 -3.4020176 -3.7594795 -5.5887215
60653 81463.676 -3448.1800000000003 -5747.788500000001 2009.8776 -2.0334803 -1.2852705000000002 -7.1553741
60653 81863.676 -3920.2858 -5718.8985999999995 -948.79644 -0.29018469 1.4276513 -7.4070727
60653 82263.676 -3672.8012000000003 -4640.335400000001 -3732.5391 1.5054767 3.8777862 -6.2981039
60653 82663.676 -2751.5275 -2710.1092000000003 -5831.1935 3.022681 5.6143855 -4.0359941
60653 83063.676 -1328.0409 -285.47627 -6861.7071 3.9839455 6.3203593 -1.0373767
60653 83463.676 337.96408 2191.3777999999998 -6636.1485 4.216956199999999 5.8720078 2.1473716
60653 83863.676 1942.259 4268.2683 -5196.2893 3.6801086 4.351249200000001 4.9404886
60653 84263.676 3191.6398 5565.2785 -2804.6677999999997 2.4695381000000003 2.0325701 6.8320135
60653 84663.676 3856.9889 5843.937400000001 101.43788 0.80526755 -0.66125129 7.4719407
60653 85063.676 3813.3313 5048.3935 2988.6854 -1.0052678 -3.2337094000000004 6.7461889
60653 85463.676 3071.3252 3328.562 5326.268599999999 -2.6360916000000003 -5.2193936999999995 4.7768125
60653 85863.676 1768.1234 1000.315 6689.0158 -3.7787231 -6.2415229 1.9327256
60653 86263.676 141.30321 -1511.2059 6825.1371 -4.229002400000001 -6.1211209 -1.2622233
