CIC_OEM_VERS = 2.0
CREATION_DATE = 2024-12-09T22:46:13.958842
ORIGINATOR = ISAE-SUPAERO


META_START
OBJECT_NAME = PLEIADES1A
OBJECT_ID = PLEIADES1A
CENTER_NAME = Earth
REF_FRAME = EME2000
TIME_SYSTEM = UTC
START_TIME = 2024-12-09T11:20:23.038
USEABLE_START_TIME = 2024-12-09T11:20:23.038
USEABLE_STOP_TIME = 2024-12-09T23:53:43.038
STOP_TIME = 2024-12-09T23:53:43.038
INTERPOLATION = lagrange
INTERPOLATION_DEGREE = 5
META_STOP



60653 40823.038 3988.4892000000004 5670.3432999999995 1415.3967 0.037182778 -1.8436579 7.2757109
60653 41223.038 3644.4951 4445.7188 4109.5398 -1.7099247 -4.1614062999999994 6.0163006
60653 41623.038 2654.7012000000004 2433.1337000000003 6074.2219000000005 -3.1555628000000002 -5.741642700000001 3.6788201
60653 42023.038 1192.5620000000001 -12.73 6956.6994 -4.0401827 -6.299845500000001 0.6810901500000001
60653 42423.038 -481.04747 -2455.0927 6597.6986 -4.2047176 -5.7343678 -2.4415258
60653 42823.038 -2069.513 -4461.4046 5062.2083 -3.618629 -4.1456874 -5.125312
60653 43223.038 -3289.0466 -5672.091200000001 2620.8698 -2.3865201000000003 -1.815703 -6.8964654
60653 43623.038 -3921.5667000000003 -5870.4552 -289.44913 -0.72849805 0.8384063300000001 -7.4341032
60653 44023.038 -3854.9526 -5022.1993 -3148.2411 1.0555333 3.3373686 -6.6437013
60653 44423.038 -3103.326 -3281.4465 -5446.4822 2.6452145999999996 5.2344728 -4.6753339
60653 44823.038 -1802.4084 -959.74587 -6778.751700000001 3.7611003000000003 6.199353100000001 -1.8878175000000001
60653 45223.038 -183.66720999999998 1531.306 -6913.1197 4.2115634 6.0698742 1.2251267000000001
60653 45623.038 1467.421 3752.9001000000003 -5827.7785 3.9205634000000003 4.872069000000001 4.1207405
60653 46023.038 2859.9921 5313.4389 -3713.4667000000004 2.9376731 2.8129705 6.2931908000000005
60653 46423.038 3747.5247999999997 5935.7722 -941.95445 1.4326074000000002 0.25073129 7.3561148
60653 46823.038 3971.5732000000003 5507.2791 1996.4643999999998 -0.3297575 -2.3618123 7.1144707
60653 47223.038 3491.2853 4102.1228 4579.8022 -2.0357406 -4.5584454 5.6070028
60653 47623.038 2391.3711000000003 1968.9573 6348.1731 -3.3810740999999997 -5.9467836 3.1010855999999998
60653 48023.038 866.8831700000001 -513.73388 6986.4445000000005 -4.126627099999999 -6.279694800000001 0.041607174000000004
60653 48423.038 -811.60635 -2905.0534 6379.9791 -4.1390479 -5.495721 -3.0302282000000003
60653 48823.038 -2345.2077999999997 -4778.8018 4635.5253 -3.4136966 -3.73089 -5.5655849
60653 49223.038 -3460.5754 -5800.1433 2061.4576 -2.0784975 -1.2981132 -7.1096519
60653 49623.038 -3958.2586 -5786.2299 -881.53372 -0.37262046 1.3660479 -7.3818422
60653 50023.038 -3750.3428 -4740.8008 -3667.195 1.3954193000000001 3.7806688 -6.336139500000001
60653 50423.038 -2876.1447000000003 -2853.0018 -5800.0745 2.9089144 5.5152106000000005 -4.1684217
60653 50823.038 -1492.9801000000002 -460.223 -6904.3598 3.9026616 6.268938 -1.2718578
60653 51223.038 153.48853 2013.8477 -6788.4198 4.2066002 5.916651600000001 1.8421561
60653 51623.038 1772.9518 4133.367 -5474.2463 3.7696488 4.5223622 4.6307653
60653 52023.038 3079.8871000000004 5524.3593 -3192.926 2.6667152 2.3275456 6.605437
60653 52423.038 3842.6648999999998 5939.394700000001 -346.25255 1.0892986 -0.28449762 7.4138171
60653 52823.038 3925.0276000000003 5302.8425 2561.6787999999997 -0.68406252 -2.8509534 6.9065136
60653 53223.038 3311.5045 3726.1879 5014.1904 -2.3375171 -4.913837000000001 5.1708526
60653 53623.038 2110.5895 1488.6281000000001 6574.9801 -3.5767427 -6.1056062 2.5150590000000004
60653 54023.038 535.16994 -1013.0237 6965.9436 -4.1818439 -6.2143147 -0.59035567
60653 54423.038 -1135.2799 -3334.6458 6116.1263 -4.0439854 -5.2175115 -3.5965352
60653 54823.038 -2603.2408 -5062.259900000001 4175.3394 -3.1850938 -3.289016 -5.965268200000001
60653 55223.038 -3606.8642999999997 -5886.796 1487.3155 -1.7568625 -0.7708997200000001 -7.271006900000001
60653 55623.038 -3966.7273 -5660.6155 -1466.9175 -0.015654631999999998 1.8839802 -7.2759048
60653 56023.038 -3619.6387000000004 -4425.554700000001 -4159.2389 1.7237118 4.1965572 -5.9829767
60653 56423.038 -2629.6461 -2404.3194 -6111.4659 3.1505864999999997 5.756093600000001 -3.632223
60653 56823.038 -1174.4891 42.290216 -6980.1758 4.0157336 6.2934081 -0.6477415
60653 57223.038 487.83749 2481.5881 -6615.1565 4.171643100000001 5.7208794 2.4449795
60653 57623.038 2064.2483 4483.7738 -5081.9796 3.5924485 4.140054 5.1065476
60653 58023.038 3276.5818 5695.1882000000005 -2650.4289 2.3779093 1.8253551000000001 6.8692687
60653 58423.038 3909.7359 5899.9846 250.57819 0.73990597 -0.81740419 7.4175395
60653 58823.038 3850.5711 5060.1245 3106.9739 -1.0315133 -3.3190942 6.6489975
60653 59223.038 3108.9492000000005 3323.4645 5411.2335 -2.6208856999999997 -5.2336688 4.6984133
60653 59623.038 1816.1583 997.6066800000001 6753.6579 -3.7458969000000004 -6.2207004 1.9121564000000002
60653 60023.038 201.27211 -1505.1231 6894.9695 -4.2070957 -6.1045596 -1.216991
60653 60423.038 -1449.3224 -3740.3914 5808.1061 -3.9209546 -4.9023793 -4.1356976
60653 60823.038 -2841.6466 -5309.545400000001 3685.1445 -2.9352431 -2.8236903000000004 -6.321292400000001
60653 61223.038 -3727.014 -5931.3927 902.7921600000001 -1.4244457 -0.23828529 -7.379322
60653 61623.038 -3947.2685 -5494.7273 -2041.1788999999999 0.33926047 2.3876999000000003 -7.1172095
60653 62023.038 -3464.419 -4079.2875 -4620.7613 2.0373145 4.5812781000000005 -5.5873707
60653 62423.038 -2366.6149 -1939.579 -6378.692400000001 3.367785 5.9547747 -3.0716803
60653 62823.038 -850.4601600000001 543.05946 -7006.4653 4.09914 6.2724101 -0.021528357
60653 63223.038 815.69955 2930.0969 -6396.068 4.1071348 5.4844469 3.0275024
60653 63623.038 2338.1467000000002 4800.8764 -4655.933400000001 3.3910595 3.7290953 5.5433288
60653 64023.038 3448.0190000000002 5824.5487 -2092.359 2.0745858 1.311587 7.082451900000001
60653 64423.038 3948.177 5818.3063 841.88083 0.38833107 -1.3428842 7.3681162
60653 64823.038 3749.143 4781.678599999999 3626.5791000000004 -1.3687052000000002 -3.7625368 6.3453315
60653 65223.038 2885.6877999999997 2897.6328 5766.872200000001 -2.8836893 -5.5160607 4.1946371
60653 65623.038 1510.7191 499.94312 6882.2367 -3.8878212 -6.2920722 1.2976894
60653 66023.038 -132.14141 -1986.3035 6773.5792 -4.2029642 -5.9520232 -1.8335544
60653 66423.038 -1751.5208 -4119.684200000001 5458.5166 -3.7713314000000002 -4.5530455000000005 -4.6431265
60653 66823.038 -3058.8812000000003 -5519.3802000000005 3169.3609 -2.6663089 -2.3388962 -6.630023100000001
60653 67223.038 -3820.6027000000004 -5934.5477 313.42114000000004 -1.0847042 0.29438672000000005 -7.4329117
60653 67623.038 -3901.0054 -5291.3814 -2598.7075 0.68805706 2.8717556 -6.9071036
60653 68023.038 -3287.4877 -3706.944 -5047.4842 2.3325655000000003 4.930390500000001 -5.153589
60653 68423.038 -2091.1869 -1465.1868000000002 -6599.8538 3.5580749000000003 6.1090057 -2.4934183
60653 68823.038 -525.6196600000001 1035.3914 -6984.2113 4.1524485 6.2068151 0.59933136
60653 69223.038 1132.6136999999999 3353.6339 -6134.936900000001 4.0147947 5.2111214 3.5835178
60653 69623.038 2591.2196000000004 5080.8365 -4201.8375 3.1687889 3.2949735 5.9377664999999995
60653 70023.038 3592.2563999999998 5910.8887 -1525.0882 1.7606054 0.7918463000000001 7.2450598
60653 70423.038 3957.5019 5694.8372 1421.9687 0.037729911000000005 -1.8566253 7.268455299999999
60653 70823.038 3621.285 4469.366900000001 4116.292100000001 -1.6936528000000002 -4.178693900000001 5.9997755
60653 71223.038 2642.8458 2451.2527000000005 6078.6821 -3.1249421 -5.760025 3.6640061999999998
60653 71623.038 1195.6491 -1.6451704 6960.0472 -4.0021863 -6.3198486 0.67593393
60653 72023.038 -463.63424 -2454.0244 6602.724200000001 -4.1696689 -5.7579026 -2.4357613000000002
60653 72423.038 -2040.3022 -4471.5972 5075.290400000001 -3.5939349000000003 -4.1697576 -5.1115892
60653 72823.038 -3253.5537999999997 -5692.1004 2639.3544 -2.3804551000000003 -1.8399948 -6.8844635
60653 73223.038 -3887.6922999999997 -5899.4236 -267.57155 -0.74241466 0.81891552 -7.4300117000000006
60653 73623.038 -3830.08 -5056.9719000000005 -3126.9571 1.0256919 3.3290492 -6.6503836000000005
60653 74023.038 -3092.4354 -3316.5468 -5430.0535 2.607182 5.2419929000000005 -4.690000100000001
60653 74423.038 -1807.0546000000002 -988.6582 -6768.986400000001 3.7228065000000004 6.2224037 -1.9052515
60653 74823.038 -202.5274 1513.922 -6909.675700000001 4.1796368 6.1031284999999995 1.2120054
60653 75223.038 1437.7271 3749.3395 -5827.9442 3.8987153 4.9062582 4.1160649000000005
60653 75623.038 2823.8568 5322.165 -3713.8918 2.9274690000000003 2.8389107 6.2960414
60653 76023.038 3709.6817 5951.9899000000005 -939.93766 1.4343901000000001 0.26241725000000005 7.3624087000000005
60653 76423.038 3936.9272 5525.2705000000005 2000.7999 -0.31541827 -2.3640137 7.1189418
60653 76823.038 3464.8514 4117.0845 4585.1809 -2.0092608 -4.5706291000000006 5.6077945
60653 77223.038 2377.5999 1977.8847 6353.456 -3.3449083 -5.9640681 3.1005028
60653 77623.038 868.61852 -512.18286 6991.9475 -4.0864206 -6.298876900000001 0.043940546
60653 78023.038 -794.3982 -2911.4521 6387.4692000000005 -4.103314800000001 -5.516422700000001 -3.0214173
60653 78423.038 -2316.2827 -4793.7785 4646.4856 -3.3914353999999998 -3.7531279 -5.5529329
60653 78823.038 -3426.4323 -5823.9888 2077.5096000000003 -2.0752908000000003 -1.3197014 -7.0979668
60653 79223.038 -3926.9242000000004 -5817.9393 -862.0769 -0.38957064 1.3492017 -7.377429
60653 79623.038 -3729.0637 -4777.2035000000005 -3648.0464 1.3627252 3.7743842 -6.342827100000001
60653 80023.038 -2868.9155 -2887.8127999999997 -5785.1833 2.8693287 5.5250829999999995 -4.184627900000001
60653 80423.038 -1501.5946999999999 -487.99003999999996 -6896.6112 3.8643391 6.2937662 -1.290135
60653 80823.038 130.91867 1998.1123 -6787.2210000000005 4.1759551 5.9505993 1.8286465
60653 81223.038 1740.294 4131.5163 -5476.8098 3.7502407 4.5562367 4.6256644
60653 81623.038 3041.9716000000003 5534.5416 -3195.9372000000003 2.6599461 2.3526149000000003 6.6077962
60653 82023.038 3804.2587000000003 5956.2349 -347.01941 1.0951784 -0.27386201 7.420338800000001
60653 82423.038 3891.4451000000004 5321.0033 2563.4021000000002 -0.66585929 -2.8544663999999997 6.9117819
60653 82823.038 3287.5036 3740.7531000000004 5017.3912 -2.3081678 -4.9275029 5.1729874
60653 83223.038 2100.0804 1496.5529 6578.6741 -3.5393819 -6.1243865 2.516009
60653 83623.038 540.24785 -1013.043 6970.4463 -4.1424126 -6.2347662 -0.58667975
60653 84023.038 -1115.4174 -3343.0678 6123.1198 -4.0108386000000005 -5.2390178 -3.5870145000000004
60653 84423.038 -2572.8562 -5079.329900000001 4186.168 -3.1664769 -3.3109757 -5.952899400000001
60653 84823.038 -3572.8233999999998 -5912.4321 1502.9341000000002 -1.7576787999999999 -0.79127267 -7.2604576
60653 85223.038 -3937.0394 -5693.4451 -1448.4612 -0.036164286 1.8692657 -7.2730961
60653 85623.038 -3601.1367000000005 -4462.0447 -4141.4089 1.6884113 4.1928278 -5.9916253
60653 86023.038 -2626.2694 -2438.69 -6098.5495 3.1098466 5.7682621 -3.6493078000000003
