CIC_MEM_VERS = 1.0
CREATION_DATE = 2024-12-09T22:46:15.266681
ORIGINATOR = CS Group

META_START
OBJECT_NAME = PLEIADES-NEO3
OBJECT_ID = PLEIADES-NEO3
USER_DEFINED_PROTOCOL = NONE
USER_DEFINED_CONTENT = LLA
USER_DEFINED_SIZE = 3.0
USER_DEFINED_TYPE = REAL
USER_DEFINED_UNIT = [deg] [km]
TIME_SYSTEM = UTC
META_STOP

60653 5938.407648 0.12081937757226613 55.782147597919796 624.0339847037548
60653 6338.407648 24.700380925749872 52.16380863861833 626.473493680188
60653 6738.407648 49.05805944587461 46.65406374394603 632.7953505187415
60653 7138.407648 72.4972579349425 29.86073167709785 637.854864048931
60653 7538.407648 78.16639063098782 -82.98966363771552 637.5231636807082
60653 7938.407648 55.70634965715165 -112.50587818537494 631.3827227512277
60653 8338.407648 31.443248042716142 -119.3350769731614 624.4666795946616
60653 8738.407648 6.876986909201843 -123.21683328046095 620.391840081537
60653 9138.407648 -17.74766781432824 -126.6969306311906 621.9793205167375
60653 9538.407648 -42.215397704604946 -131.35237089393829 628.6713353585246
60653 9938.407648 -66.11653103279954 -142.31298013443654 635.9550680716009
60653 10338.407648 -81.9076305235526 131.88014533065058 638.9222974622497
60653 10738.407648 -62.41524401988911 71.1665890934501 635.6291010718519
60653 11138.407648 -38.365097795622525 62.12810065595723 628.4981408653679
60653 11538.407648 -13.860284443213837 57.8130055377303 622.4267817329883
60653 11938.407648 10.75986247355798 54.36395909486494 622.253788136892
60653 12338.407648 35.290908514764205 50.26623241025396 627.2394171533379
60653 12738.407648 59.43925049269989 42.36114910582075 634.6682874439537
60653 13138.407648 80.67413122578667 -1.2880013486058584 638.9883298530214
60653 13538.407648 69.01031714813496 -103.0360327206966 637.1051663430364
60653 13938.407648 45.279100990978094 -116.10144457515455 630.3077766581312
60653 14338.407648 20.85198096225353 -121.09343638861202 623.5970095665458
60653 14738.407648 -3.757597607554894 -124.62060431272806 621.4565319817964
60653 15138.407648 -28.333268937134605 -128.362983267607 625.2762295201544
60653 15538.407648 -52.64333862032628 -134.5047238411493 632.2028123546771
60653 15938.407648 -75.66959051062233 -156.7758079164969 637.6276009292644
60653 16338.407648 -75.23314174107148 87.47873504468896 637.4235565874304
60653 16738.407648 -52.132633338193514 66.14237580451791 631.6501354888995
60653 17138.407648 -27.808862752124767 60.09967490416699 624.5074946582101
60653 17538.407648 -3.2229865201788757 56.37645762265251 620.8405775584469
60653 17938.407648 21.387386631618593 52.83866422773079 623.7937462912063
60653 18338.407648 45.810628864251285 47.7815813718046 630.0144486470679
60653 18738.407648 69.51088081615437 34.27864073344687 636.9872074994344
60653 19138.407648 80.37367368695945 -69.62211648448428 639.0401112830458
60653 19538.407648 58.917404491998006 -110.8164957505718 634.8970495812554
60653 19938.407648 34.75810264325619 -118.54808855098852 627.5576499615859
60653 20338.407648 10.220359220533593 -122.61193316670182 621.5629446996533
60653 20738.407648 -14.402159172237246 -126.06305257788796 622.3287445020103
60653 21138.407648 -38.90232948010633 -130.42039541535118 628.0900564805906
60653 21538.407648 -62.937462191741616 -139.69082904311676 635.4327776630677
60653 21938.407648 -82.02136242726976 156.12341911335153 638.9719791431181
60653 22338.407648 -65.60206234300261 73.69485254700831 636.240919207007
60653 22738.407648 -41.6804449427908 63.04665823762304 629.1516366880005
60653 23138.407648 -17.206673929275173 58.4439033167005 622.5509873488054
60653 23538.407648 7.412580054006938 54.97123158991765 621.5330126802555
60653 23938.407648 31.96456680574162 51.06537172500852 626.3170752992899
60653 24338.407648 56.19840668822503 44.11591722918291 633.5176068068763
60653 24738.407648 78.53199449787515 13.162850174802575 638.3920046753796
60653 25138.407648 72.05597794177092 -98.76537930910186 637.2945286684244
60653 25538.407648 48.56480785985707 -114.9855153523849 630.9367788704498
60653 25938.407648 24.1826193957873 -120.42150695596145 623.971405792791
60653 26338.407648 -0.41773540706123036 -124.027025349014 621.0740058046651
60653 26738.407648 -25.01263519093288 -127.656215674483 624.534363687545
60653 27138.407648 -49.381362040890814 -133.21882145107733 631.1931833035989
60653 27538.407648 -72.79723296557538 -150.42373416001746 637.3740871897205
60653 27938.407648 -77.91376232083948 96.1709588222435 638.2209613290595
60653 28338.407648 -55.38786427486647 67.5866673192307 633.1645651874379
60653 28738.407648 -31.13542581231519 60.83956135345549 625.7974172516027
60653 29138.407648 -6.5695839919144206 56.97313981458631 620.777148205024
60653 29538.407648 18.05151995416996 53.4894461665043 622.4595160697304
60653 29938.407648 42.51598752763026 48.80308632129459 628.7485001675647
60653 30338.407648 66.40297947661608 37.66043938009493 635.9112027537883
60653 30738.407648 81.8282585788313 -49.97208094551605 638.7257370411348
60653 31138.407648 62.12095601901438 -108.79345050527506 635.317936066138
60653 31538.407648 38.05894123042016 -117.70796309938056 628.1642078095405
60653 31938.407648 13.549131350733532 -122.00055285497008 622.0205560263703
60653 32338.407648 -11.07320303643497 -125.44964442657894 621.9927517948512
60653 32738.407648 -35.59968181369523 -129.56781985279662 627.6156401407976
60653 33138.407648 -59.736806815577154 -137.57470889488883 635.0959818866518
60653 33538.407648 -80.8338283886371 177.31670082267095 639.2810257104459
60653 33938.407648 -68.72752744963967 76.8782484132187 637.1992153444136
60653 34338.407648 -44.9788693582221 64.04775739592428 630.2211623366031
60653 34738.407648 -20.546858056468462 59.090526019847125 623.4786102955542
60653 35138.407648 4.063497819880192 55.56801274320528 621.4344719224438
60653 35538.407648 28.637939513738676 51.81193293391835 625.318669883981
60653 35938.407648 52.94212770781363 45.60752015848409 632.2247906860347
60653 36338.407648 75.92254334592047 22.749146215036173 637.5701430791706
60653 36738.407648 74.97145301049181 -92.91683257075172 637.272562742157
60653 37138.407648 51.8306387872846 -113.73528910301776 631.441946215108
60653 37538.407648 27.50053116324002 -119.72336566421505 624.3315459748127
60653 37938.407648 2.9129604552837893 -123.43684135393141 620.7977406327351
60653 38338.407648 -21.69634453178542 -126.98282988177691 623.8640868094246
60653 38738.407648 -46.11668973257859 -132.0814408639152 630.026436328399
60653 39138.407648 -69.7958749060066 -145.85371634625142 637.0778350892034
60653 39538.407648 -80.18855632064417 109.13077194613713 639.142706958088
60653 39938.407648 -58.61745980941677 69.26117723651902 635.0047851468988
60653 40338.407648 -34.451861828269365 61.62130204630912 627.6863565642702
60653 40738.407648 -9.912765654663007 57.574443957492825 621.579292367496
60653 41138.407648 14.70954490035912 54.12019368977167 622.3380608082906
60653 41538.407648 39.20443130629935 49.736470684056115 628.3731808400357
60653 41938.407648 63.22676214791609 40.328399833660946 635.5481007319133
60653 42338.407648 82.06506716627055 -25.82088127552378 638.8429580575341
60653 42738.407648 65.31188699684354 -106.3108451646671 635.8749045970088
60653 43138.407648 41.37493957519674 -116.79695868727822 628.6144055976679
60653 43538.407648 16.890977783527237 -121.37401921481468 621.2394050041905
60653 43938.407648 -7.73741736006681 -124.8463520360158 620.2536796469903
60653 44338.407648 -32.29878058190775 -128.77299285139804 625.8204082131796
60653 44738.407648 -56.536095211489325 -135.81639851036334 632.5846611433888
60653 45138.407648 -78.78336494899119 -167.86865831193413 638.0606983615446
60653 45538.407648 -71.73762067011789 80.97234949191238 637.6044746603537
60653 45938.407648 -48.222471735097685 65.138221781076 631.875157569491
60653 46338.407648 -23.845572589872027 59.752775495776255 625.2171916012995
60653 46738.407648 0.749530410862538 56.15622726100753 621.9386399897155
60653 47138.407648 25.336760653374593 52.51713664476716 625.1126740197506
60653 47538.407648 49.694819232528744 46.90371098295357 631.7866158777553
60653 47938.407648 73.07733040927243 29.295510475495572 637.4664801898883
60653 48338.407648 77.6694987874743 -84.56826741825012 637.7665214592645
60653 48738.407648 55.0725265475156 -112.31861674160241 632.2311067274021
60653 49138.407648 30.80572978826031 -118.99280360244569 624.746005164578
60653 49538.407648 6.234275253270997 -122.84463738465372 620.3613795940668
60653 49938.407648 -18.388386604235645 -126.33348593030985 622.226373089327
60653 50338.407648 -42.860637441814205 -131.057565549695 627.2896860963685
60653 50738.407648 -66.74395927129693 -142.42687322290178 634.2743887717753
60653 51138.407648 -81.71760161783419 127.76726488541448 637.5304478002905
60653 51538.407648 -61.75760585346641 71.20228751580038 634.7959454056147
60653 51938.407648 -37.6832252928486 62.43789598963131 628.4930848446733
60653 52338.407648 -13.180135661440763 58.17503018998291 623.5775712151709
60653 52738.407648 11.429541609951558 54.7287875625647 624.2711906911383
60653 53138.407648 35.944246175342315 50.58969994639704 625.8135185286417
60653 53538.407648 60.07746846709838 42.46428767042336 636.0908183630092
60653 53938.407648 81.00224099397788 -4.286159246680404 643.456611641477
60653 54338.407648 68.45284088556171 -103.20062216912606 643.7888168845687
60653 54738.407648 44.737349876502925 -115.79152438471952 638.0689036968578
60653 55138.407648 20.359900717330824 -120.71008170049815 630.8223998251165
60653 55538.407648 -4.206157036639754 -124.22208559397416 626.5206127121605
60653 55938.407648 -28.756252725405243 -127.97863576304638 627.5556859059806
60653 56338.407648 -53.05246397800013 -134.2025999918089 631.5071592897407
60653 56738.407648 -76.03022396786477 -157.3130368867828 633.7646104373003
60653 57138.407648 -74.83288151341127 86.97303115448406 631.0755822541255
60653 57538.407648 -51.6251664225953 66.41537989743713 625.9957335238078
60653 57938.407648 -27.290814548871037 60.467544228153514 624.200909373839
60653 58338.407648 -2.710429066698086 56.76414136761504 620.3483458661742
60653 58738.407648 21.905141963151955 53.214234813668426 622.1363808636098
60653 59138.407648 46.32759652314307 48.0900308514117 628.6162692175501
60653 59538.407648 70.0053649306735 34.12158219269857 634.8339393797796
60653 59938.407648 80.0435738037309 -71.78485996301048 636.5234782976579
60653 60338.407648 58.364135972241705 -110.64633270532472 632.474594266939
60653 60738.407648 34.17552123020624 -118.2074799626617 625.8151952501149
60653 61138.407648 9.63085967991622 -122.23643833768755 621.5330302007551
60653 61538.407648 -14.9882158415229 -125.69011830993587 623.1510742483764
60653 61938.407648 -39.48211508581369 -130.0947763238256 625.1341791986644
60653 62338.407648 -63.54846825877495 -139.66285661499407 624.8114636886776
60653 62738.407648 -82.11730546702591 151.291525348319 625.946224710788
60653 63138.407648 -64.82940971793401 73.5157998935963 625.66956560758
60653 63538.407648 -40.81340477795242 63.290919815147696 622.5693444672195
60653 63938.407648 -16.30766512465037 58.76602250650814 621.4050051111931
60653 64338.407648 8.301719890431121 55.30358517586618 625.7111653223513
60653 64738.407648 32.80490476709477 51.35924636967971 635.2418941546667
60653 65138.407648 56.94720162754932 44.22406393112131 645.5280856822235
60653 65538.407648 79.01819751842 11.148066452638508 651.0252136667234
60653 65938.407648 71.51546031837752 -99.14526423508984 648.2485070910407
60653 66338.407648 48.03934547720058 -114.69211291081727 638.3008984935608
60653 66738.407648 23.68563359904476 -120.04493192975937 626.2770332976442
60653 67138.407648 -0.9177815741172692 -123.63726466995263 617.9882454647802
60653 67538.407648 -25.550994850808383 -127.28836440202744 616.4927738024767
60653 67938.407648 -49.97576895462074 -132.95818010088004 620.3582332307649
60653 68338.407648 -73.40540439842961 -151.0789807775331 625.0386936146635
60653 68738.407648 -77.32193249202652 94.34129386841563 625.2466278409086
60653 69138.407648 -54.55527766941291 67.68874192119958 620.6039813301608
60653 69538.407648 -30.195855686802567 61.12167000596479 612.0178151751478
60653 69938.407648 -5.5326985534039705 57.28643398587534 608.5066810717536
60653 70338.407648 19.16252728160332 53.77658534355969 613.504844048774
60653 70738.407648 43.658699687095414 48.962872130786124 625.03270614152
60653 71138.407648 67.49755897277448 37.075662498367905 637.5472210291655
60653 71538.407648 81.44645586517409 -56.889355374815686 645.3130461535801
60653 71938.407648 61.087251543616816 -108.98652982186121 645.6789213106431
60653 72338.407648 37.072819473731066 -117.4666744505375 640.5897659046176
60653 72738.407648 12.648347419150213 -121.67271466479352 634.7352171256086
60653 73138.407648 -11.892130182204204 -125.10858187836224 632.0727315230363
60653 73538.407648 -36.35756879822023 -129.2697308715052 633.2131287521452
60653 73938.407648 -60.454024331008966 -137.52680838672018 635.0728913484693
60653 74338.407648 -81.20179209375121 173.47719479980245 633.4855974669273
60653 74738.407648 -67.96263751272322 76.51128367773673 626.6172990472692
60653 75138.407648 -44.07838833204441 64.26026908972193 616.2952202904966
60653 75538.407648 -19.541210257223852 59.39217745691284 609.6784488503844
60653 75938.407648 5.1604708486044695 55.874593170893895 610.3182139623008
60653 76338.407648 29.793520778628377 52.060663106324526 619.1463935668892
60653 76738.407648 54.09579099975574 45.60710858553891 632.43706771218
60653 77138.407648 76.86680612267988 20.33107475768831 643.382975449052
60653 77538.407648 74.02234281376006 -94.57048437085005 647.5781232630441
60653 77938.407648 50.83152139407953 -113.63326773592047 644.4774610852024
60653 78338.407648 26.5811254382041 -119.42367347291717 637.6753524678929
60653 78738.407648 2.078189515015195 -123.0925899505206 632.1434347618508
60653 79138.407648 -22.462692610013516 -126.64686995127438 630.7705713969785
60653 79538.407648 -46.8353603502884 -131.8342178286488 632.4636105891441
60653 79938.407648 -70.46914045171353 -146.26831010969644 633.2955545820804
60653 80338.407648 -79.70196117539322 106.08284202518267 629.7478321540999
60653 80738.407648 -57.7824401661071 69.2976705549974 621.9287348244046
60653 81138.407648 -33.50540094910527 61.89172648187094 613.6876407619229
60653 81538.407648 -8.869862617315926 57.887251030773996 609.3045911062593
60653 81938.407648 15.828319136119033 54.4145308778041 613.1230290062507
60653 82338.407648 40.36214674308233 49.924096722669844 623.8909905838228
60653 82738.407648 64.35519702298879 39.95548724651351 636.4482727291844
60653 83138.407648 82.14002132786987 -33.80116601989739 644.6990265957214
60653 83538.407648 64.26339371632906 -106.68415899076186 645.6206136431888
60653 83938.407648 40.359466277437875 -116.58306440219907 640.6624564704072
60653 84338.407648 15.9608867250141 -121.05318500906183 634.3994096350696
60653 84738.407648 -8.5825565254406 -124.50529507388173 631.1003560884733
60653 85138.407648 -33.077425829626144 -128.4657344142723 631.9670002795982
60653 85538.407648 -57.26306286319341 -135.70215048266766 634.2784343928458
60653 85938.407648 -79.30907197261423 -170.28891290554432 633.7429402056841
60653 86338.407648 -71.00664632376434 80.35267943094185 627.9865414742605
