CIC_AEM_VERS = 1.0
CREATION_DATE = 2025-02-12T09:04:53.438Z
ORIGINATOR = CS Group

META_START
OBJECT_NAME = PLEIADES1B
OBJECT_ID = PLEIADES1B
CENTER_NAME = null
REF_FRAME_A = EME2000
REF_FRAME_B = SC_BODY_1
ATTITUDE_DIR = A2B
TIME_SYSTEM = UTC
START_TIME = 2025-02-12T04:41:19.703616
STOP_TIME = 2025-02-13T00:00:00.0
ATTITUDE_TYPE = QUATERNION
QUATERNION_TYPE = LAST
META_STOP

60718 16879.703616 -0.3778754198388312 -0.6546654281737024 -0.5677007362317913 -0.3260969461949193
60718 17299.703616 -0.5132010077223745 -0.5549929365760332 -0.6257148823916544 -0.19258362333554893
60718 17719.703616 -0.6231677545325429 -0.42789328716484204 -0.6527762846619204 -0.04952177998733169
60718 18139.703616 -0.7023262231576947 -0.27964277942478616 -0.647549007441063 0.0960108074266772
60718 18559.703616 -0.7467580822269779 -0.11753845869584018 -0.6102882007949685 0.23682354048221765
60718 18979.703616 -0.7542474859801511 0.050434175297074925 -0.5428135534701304 0.36595159519239084
60718 19399.703616 0.7243828401242802 -0.21601887577234768 0.448405731102578 -0.47700906339177157
60718 19819.703616 0.658644899605485 -0.37089522267626324 0.33178405749313555 -0.5643961102036383
60718 20239.703616 0.5603135038472747 -0.5073872594844044 0.1987330602051837 -0.6237885195326847
60718 20659.703616 0.43426678010410513 -0.6187441010776804 0.055839728664272684 -0.6522653032181663
60718 21079.703616 0.2864427474754697 -0.6995820201816566 -0.09010029331794209 -0.6483960877436548
60718 21499.703616 0.12456502783469271 -0.745620652696326 -0.23142443623558706 -0.6123529426942339
60718 21919.703616 -0.0432852924771004 -0.7546939044428844 -0.3611141765229162 -0.5460403332777742
60718 22339.703616 -0.20881806549789692 -0.7264930323733971 -0.47280380574875536 -0.45283490446752805
60718 22759.703616 -0.3639204538091938 -0.6625249025727104 -0.5610631019826411 -0.3373882813079726
60718 23179.703616 -0.5010229343288047 -0.5660100394181934 -0.6216271855638111 -0.2053978985344895
60718 23599.703616 -0.6134670637394589 -0.4416860095894671 -0.6515857355920028 -0.06330608037817932
60718 24019.703616 -0.6957618610010734 -0.2955965369732224 -0.64947632733072 0.08196719064821423
60718 24439.703616 -0.743836720115983 -0.1348075600658975 -0.6153485960579996 0.22333822083473526
60718 24859.703616 -0.755221595210045 0.03286190666085152 -0.5507690708728893 0.3538557160606889
60718 25279.703616 0.7291933213385209 -0.19919788432636898 0.4587746638440072 -0.4670365197819259
60718 25699.703616 0.6669080592851054 -0.3558350683270118 0.34386780473910883 -0.557108586788241
60718 26119.703616 0.5714042114672885 -0.49486975349993834 0.21175914554041028 -0.619483025165623
60718 26539.703616 0.4474819868201609 -0.6092584844996036 0.06910595044590905 -0.6509902750039321
60718 26959.703616 0.30137492361081936 -0.693284002582451 -0.07692900477201435 -0.6500864368732947
60718 27379.703616 0.14052621956634087 -0.7427835106693459 -0.21894764184979576 -0.6169173105210518
60718 27799.703616 -0.027140668689048113 -0.7554539538227868 -0.3499922016842355 -0.5532252403107177
60718 28219.703616 -0.19333337655772334 -0.7307737779841607 -0.4636041035214755 -0.4622370886434744
60718 28639.703616 -0.3498746579748904 -0.6700554141445161 -0.5542252401584701 -0.34849368552939464
60718 29059.703616 -0.4890845231365866 -0.5763645934606336 -0.617444663712674 -0.21762874783897224
60718 29479.703616 -0.6041761569289992 -0.454322230251245 -0.6502136528992226 -0.07605713695301197
60718 29899.703616 -0.689517033022491 -0.30990082371535266 -0.6509429550800703 0.06928931998535232
60718 30319.703616 -0.7409069532229 -0.15012152762318998 -0.6195715650815563 0.21130899023096492
60718 30739.703616 -0.7557502193322769 0.017233914516454056 -0.5575650706765648 0.343024474536573
60718 31159.703616 0.7331938802083046 -0.18396979934342358 0.46786343594952423 -0.457914459540356
60718 31579.703616 0.6742584716074953 -0.34171817136715615 0.35487644821719694 -0.5501517166416537
60718 31999.703616 0.581800128859016 -0.48261329096204525 0.22416456006338065 -0.6150961481410915
60718 32419.703616 0.460424749010468 -0.5995428540642673 0.08227505176049854 -0.6494522557485864
60718 32839.703616 0.316178554962465 -0.6866649080112128 -0.06371549811188346 -0.6515080665564739
60718 33259.703616 0.15627591392978393 -0.7396377849442078 -0.2065021601453252 -0.6211848707619586
60718 33679.703616 -0.0112960618530694 -0.7558660407820798 -0.33895573565689274 -0.560042798939804
60718 34099.703616 -0.17817917353723134 -0.7346251796514159 -0.4544824667206333 -0.471193925027947
60718 34519.703616 -0.3361031570183322 -0.6770772427463662 -0.547392074356158 -0.3591141770096957
60718 34939.703616 -0.4772893040366023 -0.5861762450733884 -0.613160975658313 -0.22940346094526237
60718 35359.703616 -0.5948480256593999 -0.46647473469552175 -0.6486370264747319 -0.08847121648239434
60718 35779.703616 -0.6830640629794587 -0.3238860004158878 -0.6521501206817473 0.05675882922837602
60718 36199.703616 -0.7376630990087921 -0.16535437791214583 -0.6235593212459652 0.19921057942113243
60718 36619.703616 -0.7559529925327132 0.0014322851203382022 -0.5642258006038456 0.33193714400940316
60718 37039.703616 -0.7369455914558208 0.16834510820498683 -0.47696763103004847 0.4484116398208961
60718 37459.703616 0.6814559554991971 -0.32714127351072697 0.3659931718648344 -0.5428124593529277
60718 37879.703616 0.5921111937308654 -0.46990878505268935 0.23671825059582258 -0.6103724582775407
60718 38299.703616 0.4733039768847769 -0.5894291257235053 0.09557847379327078 -0.647627521466798
60718 38719.703616 0.33095566451526587 -0.6796676481413131 -0.05035771746903766 -0.652674755515045
60718 39139.703616 0.17201738522086116 -0.736139662988568 -0.19391849918223564 -0.6252231852960706
60718 39559.703616 0.004617085637129839 -0.7559418886025746 -0.32773711442576536 -0.5666735633537753
60718 39979.703616 -0.16305050040679678 -0.7381358415089732 -0.44525484884845223 -0.47991471468780295
60718 40399.703616 -0.3225675390374095 -0.6836328053237469 -0.5405635233610585 -0.36930671190219594
60718 40819.703616 -0.4659330430448097 -0.5952455338260016 -0.6089132681084848 -0.24044497453813937
60718 41239.703616 -0.5860209596159918 -0.4775203383598014 -0.6469817328092986 -0.09984186874538344
60718 41659.703616 -0.677003762240778 -0.33637718986220666 -0.6530268115011041 0.045522252942254614
60718 42079.703616 -0.7345160881206683 -0.17883689254292537 -0.6268817182721755 0.18847491465345076
60718 42499.703616 -0.7558557163179879 -0.012596404438242911 -0.5699115662854319 0.3220625301377596
60718 42919.703616 -0.7400243155626041 0.15427972627568992 -0.48490730536289234 0.43980300549461476
60718 43339.703616 0.6877588828898089 -0.3136821952626476 0.37596808898151657 -0.5359470080604564
60718 43759.703616 0.6015414619908495 -0.4577751153478895 0.2483726600732613 -0.605723398097077
60718 44179.703616 0.4855107047039407 -0.5794139697866004 0.10833731028403677 -0.6456174056160784
60718 44599.703616 0.34531485050703675 -0.6724848729098776 -0.03723696445610031 -0.6535557804845611
60718 45019.703616 0.18785168381190306 -0.7322600348503756 -0.18111163689292636 -0.6290513184406532
60718 45439.703616 0.020953556738362127 -0.7556686264353749 -0.3160689827387125 -0.5732593423851037
60718 45859.703616 -0.147035725714235 -0.7414949307116748 -0.43532518374931206 -0.4889353203504575
60718 46279.703616 -0.30769238210185185 -0.6904550585080995 -0.5328847437507844 -0.3803039048638937
60718 46699.703616 -0.4529557078706585 -0.6051744118515768 -0.6038719415325413 -0.2528512135173723
60718 47119.703616 -0.5755922734140112 -0.4900309550588851 -0.6448183852301459 -0.11301525533906494
60718 47539.703616 -0.6696267707954411 -0.3508182810822636 -0.6538244036678408 0.03225167687033006
60718 47959.703616 -0.7305223549979454 -0.19448971316743988 -0.6305713467463967 0.17575726722596227
60718 48379.703616 -0.7554120659943124 -0.02870300480499346 -0.5762936636612211 0.31050662036307114
60718 48799.703616 -0.7431371090158183 0.13848597839460444 -0.49366781622722855 0.42995460017674
60718 49219.703616 0.6942809048526271 -0.2989504573925107 0.38669315578120156 -0.5282717600381469
60718 49639.703616 0.6111748859991248 -0.44481647157225607 0.26055686009635437 -0.6005944455276738
60718 50059.703616 0.4978096955838449 -0.5688708717046336 0.12139879144046116 -0.6432991308446836
60718 50479.703616 0.35969662114953516 -0.6648950415928657 -0.023930113449637733 -0.6541867272187021
60718 50899.703616 0.2036169236318588 -0.7280279948181619 -0.16822060312905462 -0.632627232937882
60718 51319.703616 0.037303420251654285 -0.7550346829944046 -0.3042604316806511 -0.5796176947148624
60718 51739.703616 -0.13095629637016012 -0.7445003550675132 -0.42522420606423295 -0.49774897721883893
60718 52159.703616 -0.292084689522449 -0.6971957651618631 -0.5246595909662534 -0.39158257468133406
60718 52579.703616 -0.438913173487937 -0.6154228708966696 -0.5982190837456728 -0.2659771493165099
60718 52999.703616 -0.5641087149008479 -0.5031869461143669 -0.6421993153175695 -0.12713887854883746
60718 53419.703616 -0.6615466681132417 -0.3657981036551923 -0.6543803876283161 0.018277350955445377
60718 53839.703616 -0.7261572533428382 -0.21015901206415 -0.6340332210332692 0.16288249657953743
60718 54259.703616 -0.7546634327390838 -0.04403051796371634 -0.5821418759289521 0.29942487048378236
60718 54679.703616 -0.7456491511106116 0.12418685650966778 -0.5013516102665201 0.4209887540082738
60718 55099.703616 0.6996240748130317 -0.2861964608939805 0.3956881474648199 -0.5215828119001129
60718 55519.703616 0.6189562506653002 -0.43390461673009556 0.2704711910455514 -0.5962090892942372
60718 55939.703616 0.5077686002955205 -0.5599804304694418 0.13199749821605988 -0.6412250981596774
60718 56359.703616 0.3716236026201303 -0.6582862064403753 -0.012883474763553938 -0.6545144646713258
60718 56779.703616 0.21729249136787032 -0.7240500627750202 -0.15700794709026242 -0.6355186734794934
60718 57199.703616 0.05232427984230371 -0.7541312348915568 -0.2933424477175105 -0.585233678684865
60718 57619.703616 -0.11525601162095682 -0.7470823874020037 -0.41524379281296214 -0.50611910727541
60718 58039.703616 -0.2772769627510693 -0.7032068032067342 -0.5167360479007954 -0.4019969336340444
60718 58459.703616 -0.42574496841178655 -0.6245902406168011 -0.5927729149521364 -0.27793618781555
60718 58879.703616 -0.5533026323986583 -0.5150268745651989 -0.6395350421801943 -0.13999444731808225
60718 59299.703616 -0.6535514398519183 -0.379877073815717 -0.6546287501189616 0.005012362155593247
60718 59719.703616 -0.721436079530507 -0.225806004649387 -0.6372437370841099 0.14987344982688136
60718 60139.703616 -0.7535193187874692 -0.06045500513547708 -0.588200208846964 0.2873575175291672
60718 60559.703616 -0.7481787232141616 0.10787766978082734 -0.509953286378453 0.41053459318807867
60718 60979.703616 0.705699027797014 -0.27085753188987755 0.406386200549618 -0.5132984858615101
60718 61399.703616 0.628247570763053 -0.4203237364983908 0.28270463586913075 -0.5905175994197432
60718 61819.703616 0.5197698462200516 -0.548846419396509 0.14511661066959386 -0.638394928068656
60718 62239.703616 0.3856901704536631 -0.6501345593904413 4.413696106828534E-4 -0.6546510156522235
60718 62659.703616 0.23271590038757578 -0.7192340710212436 -0.14412461812629795 -0.6385716523922413
60718 63079.703616 0.06836296954164965 -0.7528419847266704 -0.2815028364538572 -0.5910258907160397
60718 63499.703616 -0.09935057735649416 -0.7493596294397091 -0.40499022912797383 -0.5143661369645015
60718 63919.703616 -0.26224176114957615 -0.7089479425612031 -0.5085410888633073 -0.4123203055697445
60718 64339.703616 -0.41230315471968093 -0.6335442399286559 -0.5870352700097865 -0.2898575450561147
60718 64759.703616 -0.542124538601825 -0.5267825489663984 -0.6365593358850641 -0.15294882362342152
60718 65179.703616 -0.6452089907291781 -0.39388514962846294 -0.654591547035569 -0.008351870088739898
60718 65599.703616 -0.7163774704949434 -0.24138961383071472 -0.6401796204575816 0.1367641314552604
60718 66019.703616 -0.7520326724792578 -0.0768370569608959 -0.5939896402897149 0.27517128016889547
60718 66439.703616 -0.7503445491421565 0.09168110984458329 -0.5182391859160473 0.4000072222490387
60718 66859.703616 0.7114333857794617 -0.2554378760608651 0.41687001869125473 -0.5048102778155757
60718 67279.703616 0.637291354581999 -0.4064921888387377 0.294864807412288 -0.584532783629667
60718 67699.703616 0.5316562289702335 -0.5373465988369115 0.1583126144151659 -0.6352459390130637
60718 68119.703616 0.3997322177583219 -0.6416020759638379 0.013916330057920754 -0.6544977203647283
60718 68539.703616 0.24813356382858173 -0.7140687169798925 -0.13109248181081412 -0.6413660134003817
60718 68959.703616 0.08435481580580091 -0.7512268668773329 -0.2695574100848973 -0.5965578448066524
60718 69379.703616 -0.08356165782033143 -0.7512930373911902 -0.394678519102656 -0.5223074648794251
60718 69799.703616 -0.24737813546427181 -0.714277631825969 -0.5003057114294553 -0.4222626171926333
60718 70219.703616 -0.3990328666984578 -0.6419905374360815 -0.5812253096543154 -0.30132716531070886
60718 70639.703616 -0.5310533018135145 -0.5379461606105945 -0.6334306340522928 -0.16541448171606743
60718 71059.703616 -0.6369210516284289 -0.4071565933327064 -0.654299813927093 -0.021138495528600636
60718 71479.703616 -0.7113356849852902 -0.2558798792106704 -0.6426741143437401 0.12448700106488987
60718 71899.703616 -0.7503223922582062 -0.09210859972390952 -0.5991484544690313 0.26372986755427286
60718 72319.703616 -0.7520940247877167 0.07608904155889039 -0.525970245056566 0.3897695946946074
60718 72739.703616 0.7166715301671953 -0.2403775474572053 0.4268416348635028 -0.4963937663521996
60718 73159.703616 0.6459118692905308 -0.39266589743977437 0.3067178723532909 -0.5783904363632747
60718 73579.703616 0.5433930769754342 -0.5254854579580279 0.17156039726789024 -0.631787960837412
60718 73999.703616 0.41417599112844844 -0.632383697892162 0.02799127076956351 -0.6540379161590765
60718 74419.703616 0.26457388230443624 -0.7081523771348238 -0.11697489120522311 -0.6440789907986307
60718 74839.703616 0.10184732008283044 -0.7490679188525773 -0.25626775494878856 -0.602371325771174
60718 75259.703616 -0.06608598711484366 -0.7530440322222478 -0.38304881698220833 -0.5308775109665558
60718 75679.703616 -0.2310172094949997 -0.7197475333887144 -0.49103851499041967 -0.43298465780441714
60718 76099.703616 -0.38467099961873086 -0.6507082337715543 -0.5747448071670673 -0.31348911175465294
60718 76519.703616 -0.5193168869310679 -0.5492938678601242 -0.6299127530483478 -0.17831472520950128
60718 76939.703616 -0.6281505965034537 -0.4205715891453287 -0.6537382369586409 -0.034244474800121744
60718 77359.703616 -0.7057327321802663 -0.2709706547450214 -0.6450422989680574 0.11151971815976786
60718 77779.703616 -0.7482336842100769 -0.10783338368150001 -0.6042497559641627 0.25179465362565423
60718 78199.703616 -0.7535142153117472 0.06055191318467542 -0.5334518486258074 0.37944554066493646
60718 78619.703616 0.7214143481442019 -0.2257745820672186 0.4362579074355205 -0.48812520379922
60718 79039.703616 0.6535532554968403 -0.3798234122614083 0.3174170721253925 -0.5725807541744007
60718 79459.703616 0.5533416990489454 -0.5150058860883642 0.1828683748063102 -0.6286024649042223
60718 79879.703616 0.42567560715908687 -0.6247066188778168 0.03918699356327913 -0.6534571886018703
60718 80299.703616 0.27666463643490463 -0.7035235885358234 -0.10667868690431337 -0.6458567155959523
60718 80719.703616 0.11379943657627262 -0.7473536127850144 -0.24731949466842337 -0.6060902022381365
60718 81139.703616 -0.0545028268133145 -0.7539796144593295 -0.37546732603148614 -0.5362541094778523
60718 81559.703616 -0.2200179259826447 -0.7231936763363511 -0.48489252951743095 -0.4398434421150279
60718 81979.703616 -0.3746390659952485 -0.6565404909013343 -0.5702413180751558 -0.32159756404107287
60718 82399.703616 -0.5106508007950102 -0.5573622620001302 -0.6272618819272453 -0.18741824891563658
60718 82819.703616 -0.6213396891083223 -0.4305717970814628 -0.653157332638701 -0.04393651234577406
60718 83239.703616 -0.7013452438403421 -0.28213562025151917 -0.6466108961914816 0.1020229859113658
60718 83659.703616 -0.7464311675346585 -0.11969250821515362 -0.6078840607739252 0.2428810084527292
60718 84079.703616 -0.7543768948561639 0.04869057292602131 -0.5389180885452959 0.3716342589885823
60718 84499.703616 0.7249004918602545 -0.21432834577241433 0.4433623393365973 -0.4816767309692272
60718 84919.703616 0.6596093540915893 -0.36921046830757276 0.32596306129881275 -0.5677562969758111
60718 85339.703616 0.5616306444614175 -0.5059535213452281 0.19231758875672342 -0.6257763166619654
60718 85759.703616 0.435819579153305 -0.6176703666135795 0.04909362621738631 -0.6527897276297397
60718 86179.703616 0.2884097444034737 -0.6987898488675214 -0.09659600128031867 -0.6474424908742723
