CIC_OEM_VERS = 2.0
CREATION_DATE = 2025-05-14T14:35:30.596110
ORIGINATOR = ISAE-SUPAERO


META_START
OBJECT_NAME = PLEIADES1B
OBJECT_ID = PLEIADES1B
CENTER_NAME = Earth
REF_FRAME = EME2000
TIME_SYSTEM = UTC
START_TIME = 2025-05-14T03:52:03.905
USEABLE_START_TIME = 2025-05-14T03:52:03.905
USEABLE_STOP_TIME = 2025-05-14T21:57:03.905
STOP_TIME = 2025-05-14T21:57:03.905
INTERPOLATION = lagrange
INTERPOLATION_DEGREE = 5
META_STOP



60809 13923.905 -6135.1203 -3525.5852000000004 14.665053 -0.51893694 0.9357835700000001 7.4287096
60809 14343.905 -5745.7007 -2800.4686 3031.0091 2.3390364 2.4576903000000003 6.6949328999999995
60809 14763.905 -4234.4659 -1528.5977 5453.8442000000005 4.737008 3.4979263 4.6510625
60809 15183.905 -1897.2573 41.489632 6810.33 6.2078156 3.8547019000000002 1.7016811
60809 15603.905 809.61095 1603.5254 6836.6388 6.4685047 3.4603158 -1.5786686
60809 16023.905 3358.5397000000003 2852.9682000000003 5527.0928 5.4677552 2.3904951999999997 -4.5543926
60809 16443.905 5251.254400000001 3544.8478999999998 3133.9239 3.395654 0.85056007 -6.6458005
60809 16863.905 6116.155400000001 3543.1222000000002 126.94466000000001 0.6539956 -0.8588655300000001 -7.4342877
60809 17283.905 5782.635 2847.163 -2905.0276000000003 -2.2151743 -2.3997635 -6.762810900000001
60809 17703.905 4313.1448 1592.1680000000001 -5363.1627 -4.6519043 -3.4723713 -4.7683628
60809 18123.905 1998.6894 24.441071 -6772.704 -6.1750164000000005 -3.8631655 -1.8357965
60809 18543.905 -705.12093 -1547.2216 -6854.335599999999 -6.4866145 -3.4971593 1.4510899
60809 18963.905 -3271.2538 -2816.6927 -5593.4443 -5.530003300000001 -2.4474250000000004 4.4534542
60809 19383.905 -5197.7503 -3535.4536000000003 -3236.1619 -3.4910554000000005 -0.9181737900000001 6.5848244000000005
60809 19803.905 -6107.408 -3562.58 -244.14181 -0.76880251 0.7910172599999999 7.4251962
60809 20223.905 -5822.8611 -2893.0927 2795.8327999999997 2.099836 2.3433265999999997 6.810381400000001
60809 20643.905 -4401.9616 -1658.929 5289.3014 4.5518849 3.4350733 4.8669824
60809 21063.905 -2124.6702 -101.98725 6751.2612 6.1125901 3.8562801 1.9805164
60809 21483.905 565.20894 1474.8213 6899.1152 6.484990799999999 3.5284169000000003 -1.288125
60809 21903.905 3145.2086 2765.1953 5703.9699 5.5973896000000005 2.5142906 -4.3100099
60809 22323.905 5112.8665 3517.3056 3396.0478 3.6157718 1.0068269 -6.4988255
60809 22743.905 6081.8162 3582.4779 423.75734000000006 0.92088199 -0.70229184 -7.4205136000000005
60809 23163.905 5860.1158 2946.2737 -2631.7605 -1.9594472 -2.2770162000000003 -6.886474000000001
60809 23583.905 4490.1113 1732.719 -5170.3161 -4.455418399999999 -3.4053952 -5.000052
60809 24003.905 2240.9195 179.85695 -6694.019700000001 -6.0764266 -3.8660542 -2.1353907
60809 24423.905 -446.06246999999996 -1407.9795 -6905.5148 -6.5081703 -3.5707694 1.1441975
60809 24843.905 -3046.232 -2720.9382 -5764.2541 -5.6679185 -2.57748 4.2003166
60809 25263.905 -5050.7096 -3501.853 -3492.9867000000004 -3.7182407 -1.0791259 6.4352442000000005
60809 25683.905 -6066.8757000000005 -3597.5438 -536.46723 -1.0402818 0.63095064 7.4085118
60809 26103.905 -5896.3225999999995 -2989.5021 2525.4073 1.8377451000000002 2.2157029 6.9290399
60809 26523.905 -4574.5567 -1797.6976000000002 5093.3573 4.349999700000001 3.3644149000000003 5.0967806
60809 26943.905 -2362.3674 -255.92720000000003 6667.5609 6.0093969 3.8557862000000003 2.2764198
60809 27363.905 308.6628 1335.6188 6943.7261 6.4998793 3.5979415 -0.98294994
60809 27783.905 2919.6679 2667.8037999999997 5868.3746 5.7278421 2.6406685000000003 -4.0540923
60809 28203.905 4962.4198 3480.8457000000003 3648.5702 3.8373329 1.1659725 -6.3422152
60809 28623.905 6036.014099999999 3614.1646 714.9883600000001 1.1905565999999999 -0.54150325 -7.3951915
60809 29043.905 5928.3965 3040.2022 -2358.8411 -1.694978 -2.1463968 -6.9975669
60809 29463.905 4659.0925 1870.4859 -4969.2915 -4.2483976000000006 -3.3307519 -5.2255526
60809 29883.905 2477.3962 334.44132 -6604.2496 -5.9672692 -3.8618658 -2.4307636
60809 30303.905 -188.40344000000002 -1266.8151 -6944.4547 -6.517899900000001 -3.6376912000000003 0.8367401800000001
60809 30723.905 -2817.7035 -2620.7601 -5924.3111 -5.7946773 -2.7025396 3.9406079000000003
60809 31143.905 -4896.0639 -3462.3070000000002 -3742.899 -3.9374747 -1.2379864 6.274254200000001
60809 31563.905 -6016.435 -3626.4047 -827.26378 -1.3089423 0.46952197 7.3781049
60809 31983.905 -5959.886 -3081.0795000000003 2250.7884 1.5728092999999999 2.0835415 7.0349037
60809 32403.905 -4739.544 -1934.0466000000001 4888.500099999999 4.14058 3.2872190000000003 5.3173262
60809 32823.905 -2596.2992999999997 -410.35074 6572.1412 5.8958098 3.8482583 2.5683562
60809 33243.905 51.302305000000004 1193.1213 6976.1207 6.5037023000000005 3.6613153000000005 -0.67623211
60809 33663.905 2688.8623 2564.9039 6022.2574 5.8484498 2.7627904 -3.7918229
60809 34083.905 4803.1279 3437.6204 3894.0468 4.0517508 1.3233702 -6.1756419
60809 34503.905 5979.2970000000005 3639.0232 1003.8905 1.4570603000000002 -0.37962840000000003 -7.357736500000001
60809 34923.905 5985.402400000001 3128.3319 -2083.0924 -1.4290287000000002 -2.0120312 -7.0965903
60809 35343.905 4818.4034 2004.4985000000001 -4760.7669000000005 -4.0352917 -3.2502583 -5.4412335999999994
60809 35763.905 2707.5782000000004 487.99215000000004 -6503.6822 -5.8483473 -3.8507676 -2.7205484
60809 36183.905 67.087424 -1124.0151 -6971.2176 -6.5160858 -3.6978653 0.53014665
60809 36603.905 -2586.4549 -2516.3727000000003 -6073.051 -5.9100538 -2.8222911 3.6759198000000004
60809 37023.905 -4734.3685000000005 -3416.8327000000004 -3984.6764 -4.1478481 -1.3941279 6.1033436000000005
60809 37443.905 -5956.090700000001 -3648.853 -1114.787 -1.5731182 0.3076406 7.334863400000001
60809 37863.905 -6012.7651 -3167.0948 1973.887 1.3069604 1.9478301 7.1277758
60809 38283.905 -4895.296200000001 -2066.8363 4676.3286 3.9252586000000003 3.2042058000000004 5.5274431
60809 38703.905 -2824.3056 -563.9208100000001 6465.916200000001 5.7726462000000005 3.8338818000000003 2.8543485
60809 39123.905 -204.5938 1048.6153000000002 6996.3496 6.4962058 3.7181293 -0.36996622
60809 39543.905 2454.773 2457.521 6164.955900000001 5.9581258 2.8798713 -3.5245103
60809 39963.905 4636.4155 3388.2868 4131.465 4.257699 1.47818 -5.9994645
60809 40383.905 5912.4809000000005 3657.3375 1289.4184 1.7191851 -0.21736829000000002 -7.3079154
60809 40803.905 6031.5074 3210.7124 -1805.3700000000001 -1.1624531999999999 -1.8743342 -7.1829444
60809 41223.905 4968.115900000001 2134.6632000000004 -4545.3241 -3.8167199000000003 -3.1641925 -5.6464319
60809 41643.905 2931.3006 640.32422 -6392.635700000001 -5.720178 -3.8329009000000003 -3.004009
60809 42063.905 318.91906 -980.51271 -6986.0882 -6.5030098 -3.7510437000000003 0.2265681
60809 42483.905 -2353.9328 -2408.5134 -6209.8763 -6.013596400000001 -2.9360678 3.4083258
60809 42903.905 -4566.7187 -3365.8071 -4216.9218 -4.3481404 -1.5465233 5.9241867
60809 43323.905 -5886.2895 -3664.7965 -1397.0803 -1.8309721 0.14648823 7.2797586
60809 43743.905 -6054.5325 -3246.9421 1696.8865 1.0425388 1.809829 7.2075695
60809 44163.905 -5040.3975 -2194.9613 4458.7305 3.7063447000000003 3.116444 5.7257484000000005
60809 44583.905 -3044.1038 -715.18922 6349.9461 5.6416165000000005 3.8131688 3.1319041000000003
60809 45003.905 -456.24131 903.61787 7004.2746 6.4780011 3.7681823 -0.06726560399999999
60809 45423.905 2220.1599 2346.9312999999997 6295.0135 6.0561285 2.9909844 -3.255192
60809 45843.905 4464.4519 3333.6092000000003 4358.2348 4.4531682 1.6289476999999999 -5.8159162
60809 46263.905 5836.6646 3669.1824 1568.2991000000002 1.9741839 -0.056342776000000004 -7.2465919
60809 46683.905 6066.6194000000005 3286.7659 -1528.9808 -0.8980664 -1.7347353 -7.2559456
60809 47103.905 5107.0644 2259.904 -4325.6954000000005 -3.5948785 -3.073462 -5.8391561
60809 47523.905 3146.6959 790.12103 -6272.8245 -5.5839105 -3.8085250999999998 -3.2784841
60809 47943.905 570.8759 -834.08732 -6989.214599999999 -6.4787958 -3.7983006 -0.079686736
60809 48363.905 -2116.8045 -2295.6301000000003 -6337.1936 -6.1071507 -3.0458761 3.1327424
60809 48783.905 -4390.9079 -3308.6865000000003 -4443.9619 -4.5418762 -1.6979427 5.7327669
60809 49203.905 -5806.653700000001 -3674.9776 -1679.8093000000001 -2.0876435 -0.017256392000000002 7.2105713
60809 49623.905 -6087.2089000000005 -3322.8151000000003 1413.7438 0.7733727 1.6660224000000001 7.2749060000000005
60809 50043.905 -5179.319 -2321.9162 4230.6624 3.4778615 3.0209934 5.9164665
60809 50463.905 -3262.3531000000003 -868.59378 6221.629400000001 5.4985837 3.7847418 3.4082349
60809 50883.905 -711.40839 753.55871 7000.7017000000005 6.4481188000000005 3.8122701 0.24056543
60809 51303.905 1977.6252 2229.3597000000004 6416.8365 6.145192600000001 3.0990641 -2.975794
60809 51723.905 4281.689200000001 3271.3934 4581.6552 4.6440776 1.7801203 -5.6196192
60809 52143.905 5749.3195000000005 3674.4478 1849.458 2.2297303000000004 0.10830493000000001 -7.1722419
60809 52563.905 6091.4737000000005 3358.2833 -1245.2687 -0.62833816 -1.5892159 -7.3183267
60809 52983.905 5238.7852 2383.3808 -4095.1025 -3.3641767000000002 -2.9756423 -6.0254099
60809 53403.905 3359.1308 941.1909499999999 -6140.4822 -5.436720500000001 -3.7770473000000004 -3.551546
60809 53823.905 817.58874 -686.42035 -6972.6444 -6.451846300000001 -3.8428132 -0.37910655000000004
60809 54243.905 -1882.7102 -2179.6669 -6440.943200000001 -6.194878800000001 -3.1508998999999998 2.8682361000000003
60809 54663.905 -4214.3334 -3245.7826 -4642.900000000001 -4.7229431 -1.8411213 5.5511392
60809 55083.905 -5719.3693 -3675.2824 -1931.8022 -2.3246860000000003 -0.17022284 7.1428575
60809 55503.905 -6103.4094000000005 -3384.4242999999997 1159.1299 0.5251887799999999 1.531472 7.329965100000001
60809 55923.905 -5294.161099999999 -2431.8651 4023.1158 3.2626351000000002 2.9284396000000004 6.0825109
60809 56343.905 -3453.7782 -1005.5571 6102.1833 5.354558600000001 3.7505569000000003 3.6555203
60809 56763.905 -943.3704399999999 615.9135500000001 6994.8962 6.4025543 3.843571 0.5264421
60809 57183.905 1749.6685 2118.2196000000004 6530.263400000001 6.210399000000001 3.1924643 -2.7029723
60809 57603.905 4103.5249 3210.0919 4797.393400000001 4.8127963000000005 1.9204359 -5.4139599
60809 58023.905 5659.5369 3677.9244 2129.8482000000004 2.4720755 0.26912015 -7.0785847
60809 58443.905 6110.7256 3427.8695000000002 -953.97601 -0.36085649000000003 -1.4410574 -7.361967
60809 58863.905 5365.491400000001 2506.7077000000004 -3850.3748 -3.1293865000000003 -2.8726649 -6.1996796000000005
60809 59283.905 3568.3734 1094.1306000000002 -5989.9143 -5.285627900000001 -3.7417302 -3.8182461
60809 59703.905 1071.7517 -532.89948 -6952.0717 -6.4051572 -3.8771462000000003 -0.6874728400000001
60809 60123.905 -1632.8279 -2055.3555 -6554.7961 -6.2645318 -3.2502864000000002 2.5757046999999997
60809 60543.905 -4017.7183 -3174.5705000000003 -4865.9886 -4.9030157 -1.9902214 5.3341256
60809 60963.905 -5615.7204 -3672.0036 -2221.6040000000003 -2.5795293000000004 -0.33888929 7.0480601
60809 61383.905 -6113.3347 -3449.9126 859.25757 0.24887886 1.3785169000000002 7.377599
60809 61803.905 -5414.3558 -2552.5512000000003 3771.5784 3.0225148 2.8228367 6.260985300000001
60809 62223.905 -3658.3392000000003 -1156.7248 5946.424900000001 5.19838 3.7126128 3.9250308
60809 62643.905 -1190.7193 464.16302 6961.842900000001 6.3576669 3.8783537999999997 0.8314059
60809 63063.905 1508.0962 1995.0249 6622.4631 6.2818014 3.2911742 -2.4208562000000002
60809 63483.905 3913.9721 3138.5 4994.0977 4.9849670999999995 2.0634856 -5.2059866
60809 63903.905 5558.0713 3671.1926000000003 2391.5737999999997 2.7127364 0.43003591 -6.9819031
60809 64323.905 6117.2214 3487.3625 -678.4582700000001 -0.095415332 -1.2916674000000001 -7.394756800000001
60809 64743.905 5480.0527999999995 2621.5236 -3615.5009 -2.8884553 -2.7628955 -6.3577979
60809 65163.905 3770.7076 1242.7723999999998 -5843.383400000001 -5.115680500000001 -3.6932834 -4.074395
60809 65583.905 1324.0332 -379.01303 -6925.7928 -6.3413436 -3.9010805 -0.99424226
60809 66003.905 -1381.7404 -1927.0046000000002 -6651.661599999999 -6.3268184000000005 -3.3458917 2.2810356
60809 66423.905 -3816.4336000000003 -3097.6602000000003 -5073.535400000001 -5.0747462 -2.1357857 5.111645900000001
60809 66843.905 -5504.018599999999 -3661.8424 -2499.2579 -2.8271362 -0.50575037 6.9425161
60809 67263.905 -6113.0442 -3508.4455000000003 566.0155100000001 -0.025017253 1.2238342 7.410153500000001
60809 67683.905 -5524.9506 -2667.9393999999998 3520.3094 2.7772214 2.7111536000000003 6.4240794
60809 68103.905 -3857.1092000000003 -1305.8871000000001 5785.5609 5.029604099999999 3.6654233 4.1851286000000005
60809 68523.905 -1438.4548 310.39666 6921.7118 6.2968461 3.903819 1.1367345
60809 68943.905 1259.7238 1866.4673 6709.82 6.3395099 3.3837232 -2.1289099
60809 69363.905 3713.1211000000003 3059.9652 5191.376700000001 5.149893100000001 2.2052946 -4.9829537
60809 69783.905 5443.755099999999 3657.9072 2660.243 2.9536208000000004 0.59409614 -6.8707426
60809 70203.905 6111.796 3541.9294 -390.96843 0.17501443 -1.1371868 -7.4179373
60809 70623.905 5585.1738 2733.5891 -3365.6609 -2.6411641 -2.6481057999999997 -6.5110248
60809 71043.905 3966.1956 1390.5924 -5680.4351 -4.9398235 -3.6406741000000005 -4.3281812
60809 71463.905 1572.027 -224.22175000000001 -6882.2126 -6.271442100000001 -3.9211362 -1.2995324000000001
60809 71883.905 -1129.2275 -1795.2594 -6736.2265 -6.3778509 -3.4355652 1.9835452
60809 72303.905 -3609.3462000000004 -3015.1873 -5270.3652 -5.2371583 -2.2776042000000003 4.8814702
60809 72723.905 -5383.198200000001 -3645.0727 -2770.2865 -3.0686028000000003 -0.6715162800000001 6.825430000000001
60809 73143.905 -6102.0272 -3560.5792 274.08944 -0.29758864999999995 1.067019 7.4293648999999995
60809 73563.905 -5625.5442 -2778.5621 3264.8626000000004 2.5276482000000002 2.5942328000000003 6.5748527999999995
60809 73983.905 -4049.2608 -1453.2243999999998 5616.273099999999 4.8513312 3.6107811 4.436809
60809 74403.905 -1684.2309 155.22035 6870.9596 6.2238231 3.9216618 1.4401986
60809 74823.905 1008.1544 1733.5935 6787.195 6.3853678 3.4703308 -1.8322177
60809 75243.905 3504.6386 2975.2031 5381.786099999999 5.3059034 2.3440631 -4.7502433
60809 75663.905 5319.0262999999995 3637.8265 2926.6765 3.1899386 0.75827728 -6.7475496999999995
60809 76083.905 6095.032099999999 3590.3504 -100.75257 0.44538537000000006 -0.97984135 -7.4292587999999995
60809 76503.905 5679.795099999999 2841.1437 -3108.484 -2.3899837 -2.5285668 -6.6543619
60809 76923.905 4153.4926000000005 1536.1355 -5506.5998 -4.7569984000000005 -3.5822932 -4.5750386
60809 77343.905 1815.2519 -69.196297 -6825.5842999999995 -6.1923188 -3.9350951000000003 -1.6015677000000001
60809 77763.905 -877.59978 -1661.0486 -6807.8655 -6.4176857 -3.5191217000000004 1.6849082000000002
60809 78183.905 -3398.7028999999998 -2928.1673 -5456.2945 -5.3885217 -2.4147079 4.6443167999999995
60809 78603.905 -5254.792 -3622.3735 -3034.4486 -3.3023528 -0.8355848600000001 6.6964697
60809 79023.905 -6081.2663 -3606.8278999999998 -16.534586 -0.56782575 0.90828783 7.4344728
