CIC_OEM_VERS = 2.0
CREATION_DATE = 2024-12-08T21:18:59.731425
ORIGINATOR = ISAE-SUPAERO


META_START
OBJECT_NAME = PLEIADES-NEO4
OBJECT_ID = PLEIADES-NEO4
CENTER_NAME = Earth
REF_FRAME = EME2000
TIME_SYSTEM = UTC
START_TIME = 2024-12-08T11:52:21.485
USEABLE_START_TIME = 2024-12-08T11:52:21.485
USEABLE_STOP_TIME = 2024-12-10T22:52:21.485
STOP_TIME = 2024-12-10T22:52:21.485
INTERPOLATION = lagrange
INTERPOLATION_DEGREE = 5
META_STOP



60652 42741.485 3994.7808 5750.8705 14.687968999999999 0.8416232 -0.6046069000000001 7.4733337
60652 43341.485 3657.6820000000002 4250.1314 4189.1775 -1.9234837 -4.2187038 5.9512416
60652 43941.485 1844.5946000000001 1034.2505 6669.0227 -3.907442 -6.124301900000001 2.0260799
60652 44541.485 -711.80319 -2598.5512000000003 6455.2642000000005 -4.315428799999999 -5.560813100000001 -2.7140125
60652 45141.485 -2980.8105 -5183.2394 3632.8838 -2.9810039 -2.7494335999999997 -6.3665069999999995
60652 45741.485 -4047.0766000000003 -5677.344400000001 -655.84101 -0.44033867 1.1750272 -7.4388151
60652 46341.485 -3473.0022000000004 -3869.5531 -4681.432400000001 2.2785679 4.6277723 -5.508132400000001
60652 46941.485 -1498.0822 -501.17445000000004 -6813.075 4.0725213 6.2053682 -1.3498867
60652 47541.485 1080.9208999999998 3069.4197999999997 -6190.9935000000005 4.222937 5.2795841 3.3506516000000004
60652 48141.485 3223.7000000000003 5401.443200000001 -3064.6134 2.6673229000000003 2.2186686 6.7037774
60652 48741.485 4062.4483 5548.8596 1303.4093 0.030103159 -1.7447134000000002 7.3429852
60652 49341.485 3253.8538 3446.1022000000003 5142.0306 -2.6197946 -5.0040669 5.0084402
60652 49941.485 1125.7503000000002 -54.699397 6892.7123 -4.2109859 -6.2392856000000005 0.6368567500000001
60652 50541.485 -1456.6142 -3531.8196000000003 5848.2799 -4.0894215 -4.9353603 -4.000896
60652 51141.485 -3447.1947999999998 -5577.2349 2434.4352999999996 -2.310811 -1.6344348 -7.0020405000000006
60652 51741.485 -4040.2153 -5360.6219 -1972.8099 0.40327783 2.3304983000000004 -7.170100000000001
60652 52341.485 -2993.4316000000003 -2968.2338 -5577.3845 2.9525449 5.3509735 -4.4331746999999995
60652 52941.485 -738.36537 622.56521 -6926.1515 4.3001064 6.1984047 0.09240606900000001
60652 53541.485 1814.7942 3962.839 -5475.0722000000005 3.9123276000000002 4.5459568 4.574252400000001
60652 54141.485 3636.0018 5705.0138 -1810.9844 1.9451417 1.0570092 7.2106776
60652 54741.485 3989.1074 5143.7468 2586.3052000000002 -0.8079325199999999 -2.8599865 6.93083
60652 55341.485 2732.763 2507.0851000000002 5938.1954000000005 -3.2305773 -5.6177239 3.851629
60652 55941.485 376.49963 -1138.7486999999999 6894.33 -4.3488231 -6.109915699999999 -0.7761358500000001
60652 56541.485 -2130.8817000000004 -4325.7405 5068.5828 -3.7160157 -4.140153100000001 -5.0985557
60652 57141.485 -3780.0096000000003 -5770.1122000000005 1194.4928 -1.5791112 -0.49183261 -7.362672
60652 57741.485 -3896.8011 -4876.3192 -3161.3037999999997 1.1950287000000002 3.3564953 -6.6545957
60652 58341.485 -2435.4282000000003 -2006.1079 -6240.061 3.4905745 5.8529545 -3.2432440000000002
60652 58941.485 7.4710413 1671.0173 -6791.1504 4.3665381 5.9742283 1.4691736000000002
60652 59541.485 2447.281 4674.2143 -4597.0391 3.4811271 3.6854288000000004 5.5881305
60652 60141.485 3899.0247999999997 5790.3695 -542.87223 1.1876467 -0.09626575400000001 7.450403100000001
60652 60741.485 3773.1932 4563.6979 3731.6902000000005 -1.5845298 -3.8384469 6.2994113
60652 61341.485 2121.464 1490.9018999999998 6495.4821 -3.7171977000000003 -6.030735 2.5959134
60652 61941.485 -384.54889000000003 -2181.6142999999997 6634.0478 -4.3433453 -5.7820137 -2.149579
60652 62541.485 -2735.1784 -4974.034 4090.8026 -3.2171586000000003 -3.1991092 -6.0309938
60652 63141.485 -3980.4934 -5756.5684 -109.14355 -0.78748625 0.68302195 -7.4752769
60652 63741.485 -3613.4464 -4207.7755 -4262.9580000000005 1.9575552 4.2864494 -5.8967975
60652 64341.485 -1781.1062 -952.3442 -6685.0572 3.9176781000000003 6.166251 -1.9277988000000001
60652 64941.485 768.21158 2686.1194 -6407.9462 4.283714 5.5384351 2.8215733000000003
60652 65541.485 3007.8044 5239.743 -3533.2991 2.9196204 2.6749884 6.4232185
60652 66141.485 4032.645 5677.0325 772.45247 0.37686168 -1.2679497 7.4233272
60652 66741.485 3431.0264 3824.4522 4766.3238 -2.311031 -4.689997 5.423725900000001
60652 67341.485 1449.6151000000002 433.43953000000005 6839.9193 -4.062546 -6.2183047 1.2477272000000001
60652 67941.485 -1113.4208999999998 -3131.3482000000004 6161.3645 -4.1827558 -5.2490225 -3.4328166
60652 68541.485 -3227.9410000000003 -5435.398700000001 2997.206 -2.6146583999999997 -2.1556458 -6.746126599999999
60652 69141.485 -4035.2907999999998 -5539.090700000001 -1380.7496 0.019817242000000002 1.8247472 -7.333021700000001
60652 69741.485 -3205.4647999999997 -3395.4289 -5197.2451 2.6483397 5.0681742000000005 -4.938532599999999
60652 70341.485 -1075.5796 124.93452 -6898.785400000001 4.2017343 6.255764500000001 -0.54096676
60652 70941.485 1489.0725 3594.5651000000003 -5803.6720000000005 4.0495299000000005 4.9041521 4.0759229
60652 71541.485 3451.5137000000004 5611.1113 -2358.0478 2.2597815999999997 1.5720777000000001 7.0294299
60652 72141.485 4016.4247000000005 5354.6409 2048.965 -0.44320591000000004 -2.3969943 7.1415422
60652 72741.485 2949.7998 2923.07 5621.1756 -2.9709328999999998 -5.4032743000000005 4.3612606
60652 73341.485 693.45284 -687.2755 6919.4595 -4.2879503 -6.2115529 -0.18488054
60652 73941.485 -1843.4843 -4020.6029 5415.0852 -3.8722358 -4.5100126000000005 -4.6545104
60652 74541.485 -3635.1358999999998 -5728.4478 1715.9433000000001 -1.8897045000000001 -0.98212205 -7.2419172
60652 75141.485 -3956.437 -5118.9976 -2679.8583 0.85587508 2.9411156000000003 -6.8926562
60652 75741.485 -2678.0612 -2439.3102999999996 -5991.2638 3.2486637999999997 5.6681718000000005 -3.7608282
60652 76341.485 -322.90754 1221.006 -6886.8139 4.3271471 6.1063261 0.8788498600000001
60652 76941.485 2161.852 4390.4301 -5007.6888 3.6655590000000005 4.0882060000000005 5.1672981
60652 77541.485 3775.8658 5791.317900000001 -1105.6706000000001 1.5210777 0.41146111 7.3790758
60652 78141.485 3862.521 4850.1035999999995 3242.4956 -1.2421568 -3.4382342 6.6040151
60652 78741.485 2387.5252 1947.8369 6276.6415 -3.5012066 -5.8954446 3.154115
60652 79341.485 -51.728536 -1741.2529 6769.7915 -4.344306 -5.9700559 -1.567749
60652 79941.485 -2470.2416000000003 -4727.3522 4521.9958 -3.432585 -3.6317058 -5.6605011
60652 80541.485 -3888.828 -5800.3818 441.15889000000004 -1.1292531 0.18151465 -7.4629166
60652 81141.485 -3732.772 -4524.571599999999 -3819.3966 1.6284893 3.9178474000000003 -6.2386040000000005
60652 81741.485 -2065.9171 -1416.8466 -6532.603400000001 3.7236885 6.0661039 -2.4937147
60652 82341.485 432.23358 2260.5388 -6608.394200000001 4.3118504 5.7627524999999995 2.2491434
60652 82941.485 2755.9834 5027.2076 -4016.4124 3.1625789 3.1359629 6.0887746
60652 83541.485 3966.7877000000003 5764.1303 200.16493 0.7333432000000001 -0.76362528 7.472472600000001
60652 84141.485 3571.5359 4167.5837 4334.3928 -1.9945525 -4.3590542999999995 5.8329969
60652 84741.485 1727.6839 880.6388000000001 6706.3642 -3.9202003 -6.1979775 1.8283379
60652 85341.485 -812.76113 -2761.1392 6366.5874 -4.251638 -5.5163835 -2.921798
60652 85941.485 -3024.9124 -5286.1168 3442.5216 -2.8630751 -2.6045297 -6.4812517
60653 141.485 -4013.8787 -5673.3523 -877.8075 -0.31830017 1.3579337 -7.411654700000001
60653 741.485 -3383.2112 -3771.1473 -4843.7431 2.3457445 4.7594895 -5.3460289
60653 1341.485 -1392.3746 -352.35407000000004 -6859.1983 4.058105100000001 6.2383291 -1.1391748
60653 1941.485 1156.5633 3207.6252999999997 -6117.8391 4.1422061999999995 5.2140744 3.5262865000000003
60653 2541.485 3239.9813 5477.5280999999995 -2911.6471 2.5563768000000002 2.0822522 6.7887311
60653 3141.485 4012.8009 5532.469 1472.4844 -0.072814999 -1.9085655 7.3106343
60653 3741.485 3157.8699 3343.3036 5257.7598 -2.6763701 -5.131031200000001 4.8602377
60653 4341.485 1022.1449 -201.66224 6904.745 -4.1925116 -6.270486200000001 0.43723417000000003
60653 4941.485 -1530.5219 -3670.8815 5754.6624 -4.000325200000001 -4.8544645 -4.1669663
60653 5541.485 -3458.1396 -5644.9932 2264.8265 -2.1971616 -1.4886468 -7.0677839
60653 6141.485000000001 -3985.9571 -5334.0747 -2144.263 0.50050831 2.4898759 -7.111056700000001
60653 6741.485000000001 -2898.7282000000005 -2861.8782 -5682.4589000000005 2.9936181000000004 5.4582013 -4.270728500000001
60653 7341.485 -639.94115 767.19577 -6918.856 4.2717177 6.2151749 0.2921144
60653 7941.485 1877.3243 4087.0033 -5355.6814 3.8248864 4.4625746 4.7358521
60653 8541.485 3635.9262000000003 5755.4127 -1623.604 1.8306184 0.90239008 7.2669207
60653 9141.485 3924.1902999999998 5096.0912 2767.676 -0.90490477 -3.0239832 6.8510591000000005
60653 9741.485 2624.5121000000004 2374.3822999999998 6037.0607 -3.2691917 -5.7219055 3.6673244
60653 10341.485 268.00478999999996 -1303.2749 6868.8637 -4.3106184 -6.1076554 -0.9912828
60653 10941.485 -2196.1395 -4455.6503 4927.3823 -3.6154135000000003 -4.0317743 -5.254449
60653 11541.485 -3775.9573 -5813.4797 994.7664599999999 -1.4555348 -0.31982505 -7.3949246
60653 12141.485 -3826.3894 -4817.1427 -3340.308 1.2878928 3.5169857 -6.5491671
60653 12741.485 -2329.7752 -1872.7433 -6323.2664 3.5148404 5.9387462 -3.0504651
60653 13341.485 105.0977 1825.3158 -6750.6278 4.3168269 5.9561098 1.6751533
60653 13941.485 2497.2831 4786.991099999999 -4449.0882 3.3775045 3.5696735 5.7280057
60653 14541.485 3880.2859 5814.394700000001 -345.71494 1.069844 -0.26618797 7.4674708
60653 15141.485 3691.3699 4486.6545 3896.9875 -1.6706929000000001 -3.9955777 6.1823556
60653 15741.485 2008.4442 1341.9406000000001 6562.7113 -3.7330848000000003 -6.1056918 2.3915932
60653 16341.485 -483.72421 -2342.495 6573.4428 -4.282849199999999 -5.7453768 -2.3560126
60653 16941.485 -2780.6529 -5082.3204000000005 3927.6615 -3.1051637000000003 -3.0669497999999997 -6.154282500000001
60653 17541.485 -3954.8064 -5770.1803 -307.54053999999996 -0.6707801600000001 0.85526784 -7.4660093
60653 18141.485 -3524.7661000000003 -4117.9301000000005 -4415.9759 2.0366186 4.437084 -5.7618657
60653 18741.485 -1673.4080000000001 -804.84412 -6740.2941 3.9166661 6.2181168 -1.7177726
60653 19341.485 853.9414499999999 2834.1624 -6337.762 4.2123372 5.4867173000000005 3.0112264
60653 19941.485 3036.695 5329.9842 -3372.9416 2.8083196 2.5406685 6.524842400000001
60653 20541.485 3993.5551 5674.0998 957.17032 0.26832285 -1.4349523 7.3996513
60653 21141.485 3334.5306 3721.9699 4900.5751 -2.3771565 -4.828423300000001 5.2851231
60653 21741.485 1333.5733 272.25198 6865.6458 -4.058204900000001 -6.2671793 1.0375476000000001
60653 22341.485 -1204.0348000000001 -3287.2757 6061.7905 -4.1047367 -5.1829319 -3.6235833
60653 22941.485 -3256.3022 -5522.4852 2811.4885 -2.4957167 -2.0051128 -6.8321086
60653 23541.485 -3993.7028 -5528.0500999999995 -1575.5397 0.12244885 1.9858064 -7.2802587
60653 24141.485 -3113.9409 -3295.3288 -5322.0617 2.6951322 5.1816052 -4.7850386
60653 24741.485 -973.0413000000001 272.03613 -6907.7762 4.1821747 6.2855394 -0.33865332000000004
60653 25341.485 1558.5042 3728.0605 -5704.295099999999 3.9642437 4.8284799000000005 4.2405459
60653 25941.485 3459.9341 5677.2798 -2190.3881 2.1472003 1.4267546 7.0920301
60653 26541.485 3959.3628 5325.9022 2213.7227000000003 -0.5310629800000001 -2.5464722 7.0882404
60653 27141.485 2856.1116 2818.3264 5720.7423 -3.0034231 -5.5035589 4.212671500000001
60653 27741.485 597.33874 -829.24764 6906.2582999999995 -4.2597435 -6.2306081 -0.37971092
60653 28341.485 -1904.8449 -4146.8409 5302.4023 -3.7790118 -4.418485700000001 -4.8099563
60653 28941.485 -3633.7422 -5781.3918 1542.4382 -1.7747119 -0.82707292 -7.287539300000001
60653 29541.485 -3890.9218 -5074.1512 -2844.5593 0.9438063800000001 3.095476 -6.8180556
60653 30141.485 -2570.7977 -2310.0484 -6074.9749 3.2847217 5.773697 -3.5903921000000003
60653 30741.485 -215.22169 1384.2341999999999 -6851.2536 4.2914216 6.108726 1.0913812
60653 31341.485 2227.5346 4520.613200000001 -4856.3234 3.5658467000000003 3.979622 5.3247275
60653 31941.485 3771.5282 5833.143900000001 -897.42974 1.3998447 0.2413252 7.4076836
60653 32541.485 3792.5932000000003 4790.3774 3424.235 -1.3313907 -3.5947187 6.4931159
60653 33141.485 2284.143 1815.3532 6362.7116 -3.5199785 -5.9739766 2.9590898
60653 33741.485 -143.80124 -1890.553 6733.7142 -4.2900529 -5.9466615 -1.7666873
60653 34341.485 -2513.2469 -4833.994 4385.2632 -3.3314186 -3.5206706 -5.788315300000001
60653 34941.485 -3870.0525000000002 -5830.2941 267.85831 -1.0208226 0.33703192000000004 -7.4669032
60653 35541.485 -3656.5077 -4460.1798 -3961.0334 1.7006658000000001 4.058872 -6.1316413
60653 36141.485 -1967.1016000000002 -1290.0811 -6586.0164 3.7316489 6.1359462 -2.3134774000000005
60653 36741.485 515.89479 2400.7362000000003 -6548.1957 4.2548747 5.7356348 2.4346867000000003
60653 37341.485 2790.5523 5122.8533 -3862.3382 3.0605667 3.018341 6.204379100000001
60653 37941.485 3936.9083 5773.852900000001 388.2491 0.62578233 -0.92539941 7.4649082
60653 38541.485 3487.5796 4085.001 4479.394200000001 -2.0617517 -4.4955872 5.7036806
60653 39141.485 1624.791 739.8449 6753.2516 -3.9175564 -6.2499256999999995 1.6265358
60653 39741.485 -894.17461 -2904.1548 6293.0511 -4.1807623000000005 -5.4631639 -3.1144529000000003
60653 40341.485 -3048.843 -5369.3904 3280.3694 -2.7521192 -2.4666475 -6.5877477
60653 40941.485 -3968.7022 -5659.2006 -1067.361 -0.20595389 1.534809 -7.3928316999999995
60653 41541.485 -3276.6787999999997 -3651.1805 -4977.9551 2.4232556 4.9148041000000005 -5.1990173
60653 42141.485 -1256.0183000000002 -163.35014 -6862.258400000001 4.0728504 6.3069684 -0.89395511
60653 42741.485 1275.4061000000002 3395.2636 -5966.329 4.0656831 5.1337885 3.7748809000000003
60653 43341.485 3288.9297 5575.8262 -2644.0066 2.4098159 1.8791189 6.9078460999999995
60653 43941.485 3970.0233 5497.2023 1753.344 -0.21772202 -2.1293377999999996 7.2321852
60653 44541.485 3048.7971000000002 3199.4631 5442.6872 -2.7433874 -5.259188 4.6369714
60653 45141.485 903.51935 -383.37845000000004 6943.4823 -4.1578718 -6.2673763000000005 0.19351466
60653 45741.485 -1603.2143999999998 -3812.7178 5658.974700000001 -3.9070409 -4.765177700000001 -4.3284416000000006
60653 46341.485 -3465.7592999999997 -5710.8814 2098.0351 -2.0812568000000002 -1.3356771 -7.1272241
60653 46941.485 -3927.8238 -5302.0428 -2310.228 0.59722884 2.6536011 -7.048896
60653 47541.485 -2797.1259 -2743.3125 -5778.8015000000005 3.039032 5.5747683 -4.1033184
60653 48141.485 -531.69137 928.26363 -6896.777099999999 4.2467435 6.233144500000001 0.50853574
60653 48741.485 1948.0227 4222.6061 -5215.662 3.7315195 4.3636128 4.909877900000001
60653 49341.485 3638.9108 5805.9623 -1412.5786 1.7064513 0.7286636999999999 7.3193259
60653 49941.485 3856.5144 5038.4928 2964.7983 -1.0047835 -3.1941583000000002 6.7573323
60653 50541.485 2517.5508 2236.9844 6144.325400000001 -3.2988587000000003 -5.8130621 3.4721139
60653 51141.485 167.52688 -1463.1389 6851.101000000001 -4.261255 -6.0907514 -1.1972099
60653 51741.485 -2249.3779 -4576.2479 4803.9542 -3.5135650999999997 -3.9228815 -5.390703
60653 52341.485 -3760.3767000000003 -5846.866400000001 818.8685600000001 -1.3441847 -0.16078768 -7.4247567
60653 52941.485 -3750.4123 -4753.0575 -3496.406 1.3771484 3.6797363 -6.4513803
60653 53541.485 -2220.9695 -1733.4953 -6391.629 3.5410683 6.0303078999999995 -2.8581761
60653 54141.485 208.1223 1987.7499 -6689.272400000001 4.2714077 5.937982 1.9010654
60653 54741.485 2552.3367000000003 4904.3122 -4275.9393 3.2629265999999997 3.4272809000000004 5.8891136
60653 55341.485 3857.8059 5824.6542 -116.7465 0.9336537300000001 -0.47077962 7.488108
60653 55941.485 3595.4126 4377.7887 4090.4384 -1.7764449 -4.1804721 6.0397105
60653 56541.485 1873.3382 1152.5726000000002 6637.081099999999 -3.7579288 -6.1840242 2.1412057
60653 57141.485 -605.5064 -2537.5679 6492.8858 -4.2151098000000005 -5.6855723 -2.6030487
60653 57741.485 -2840.3873 -5205.5555 3726.6489 -2.9737177999999997 -2.8962639 -6.2945237
60653 58341.485 -3930.3160000000003 -5775.2389 -545.51062 -0.5315826899999999 1.0643984 -7.444989400000001
60653 58941.485 -3434.5814 -4014.7764 -4597.7434 2.1232327 4.5937081 -5.5873975
60653 59541.485 -1556.1471999999999 -638.0977700000001 -6794.149200000001 3.9187763 6.267737 -1.477981
60653 60141.485 948.29219 2995.1362000000004 -6250.0689 4.1372767999999995 5.418813699999999 3.2299671
60653 60741.485 3070.806 5421.7076 -3181.126 2.6834016000000003 2.3756456 6.644321700000001
60653 61341.485 3949.2914 5652.6854 1176.4572 0.14079788 -1.6350761 7.3713533
60653 61941.485 3226.0811000000003 3591.4759 5054.3939 -2.4588507 -4.9856712 5.1132624
60653 62541.485 1192.5805 70.207374 6879.4571 -4.0665529000000005 -6.3215148 0.7730143
60653 63141.485 -1320.0806000000002 -3475.9036 5919.6427 -4.0184045 -5.0862223 -3.8711148
60653 63741.485 -3299.3647 -5616.1745 2556.2032000000004 -2.3471248 -1.7968342 -6.9458497
60653 64341.485 -3944.2394 -5484.8855 -1844.3256000000001 0.27287856 2.2184294 -7.2043118
60653 64941.485 -2996.1228 -3138.1226 -5499.1059000000005 2.7744391999999998 5.3267885 -4.551452
60653 65541.485 -842.60923 471.41495000000003 -6936.8696 4.1527896 6.284506 -0.07486749899999999
60653 66141.485 1649.1183999999998 3891.4768 -5582.2952000000005 3.8627559000000002 4.7167747 4.4342786
60653 66741.485 3476.824 5744.675700000001 -1974.6580000000001 2.0115918 1.2374289 7.1680422
60653 67341.485 3897.4339 5273.5368 2431.6283 -0.65963448 -2.7537979999999997 7.001548
60653 67941.485 2739.5271000000002 2666.3484 5850.9468 -3.0637712 -5.6300195 3.9928813
60653 68541.485 473.84306 -1019.0572 6898.0474 -4.2244678 -6.2249295 -0.62579688
60653 69141.485 -1983.4021000000002 -4293.1347000000005 5151.813099999999 -3.6790412999999997 -4.305659899999999 -4.990958
60653 69741.485 -3638.8927000000003 -5831.8876 1318.2047 -1.6450615 -0.6427428599999999 -7.3378845
60653 70341.485 -3822.6239 -5011.7734 -3050.3809 1.052158 3.2774128 -6.7111263
60653 70941.485 -2461.8072 -2166.1032999999998 -6185.2868 3.3185824 5.867026200000001 -3.3749683
60653 71541.485 -110.98477000000001 1550.5031000000001 -6825.8168 4.2433832 6.088540699999999 1.3137812
60653 72141.485 2284.2196000000004 4643.3202 -4714.85 3.4609044 3.8590146 5.478133
60653 72741.485 3756.6452000000004 5861.5995 -699.4363199999999 1.2781860999999999 0.063009537 7.440781
60653 73341.485 3710.4042000000004 4709.9502999999995 3600.5124 -1.4275177000000001 -3.7675845 6.386269
60653 73941.485 2162.2183 1651.5263 6439.9641 -3.5514585000000003 -6.068395000000001 2.7447797
60653 74541.485 -259.58981 -2074.3291 6671.1242 -4.2382857000000005 -5.9159608 -2.0006154
60653 75141.485 -2576.5537999999997 -4962.7069 4202.3255 -3.2132612 -3.3728637 -5.940219
60653 75741.485 -3851.4099 -5844.0441 30.322223 -0.88649469 0.53894056 -7.476406
60653 76341.485 -3565.4111000000003 -4357.0145999999995 -4153.691 1.7984993 4.2330949 -5.9840668
60653 76941.485 -1840.1226000000001 -1110.7939 -6657.8054 3.7493103000000003 6.2068389 -2.073107
60653 77541.485 626.90082 2583.6643 -6473.1708 4.1861545 5.676978 2.6662953000000003
60653 78141.485 2841.0906 5237.1279 -3675.0859 2.9357538 2.8574223 6.3344951
60653 78741.485 3908.0134 5776.0468 609.7763000000001 0.49710552 -1.1222031 7.445936700000001
60653 79341.485 3394.2456 3978.9798 4646.147599999999 -2.1447366000000003 -4.6522487 5.5422691
60653 79941.485 1509.8997 574.7078100000001 6803.5162 -3.9152473 -6.2965613000000005 1.3982998
60653 80541.485 -983.60951 -3061.6055 6209.6778 -4.1051096 -5.399638100000001 -3.3081118000000003
60653 81141.485 -3079.9594 -5461.8297999999995 3102.6162999999997 -2.6359482 -2.3181763 -6.6835997
60653 81741.485 -3930.0078 -5652.2085 -1261.9933999999998 -0.097859904 1.7059251 -7.351919700000001
60653 82341.485 -3187.0502 -3551.9364 -5111.8818 2.4759914 5.0366337 -5.0484969
60653 82941.485 -1155.9182 -14.723949000000001 -6895.2615000000005 4.0489397 6.3300953 -0.69408397
60653 83541.485 1340.9543999999999 3527.3773 -5888.9263 3.9822496000000003 5.0631119 3.9304394000000005
60653 84141.485 3296.3428 5645.477900000001 -2499.8723 2.3064540000000004 1.7484625 6.969702100000001
60653 84741.485 3919.3429 5481.6158 1902.4942 -0.30436839 -2.2773712 7.1856637
60653 85341.485 2954.8519 3097.2163 5533.451599999999 -2.7894895 -5.379893699999999 4.4948284
60653 85941.485 799.35337 -535.31939 6927.514 -4.1432126 -6.3038088 -0.0098593079
60654 141.485 -1678.2682 -3951.8689 5521.881200000001 -3.8262445 -4.685681400000001 -4.5114568
60654 741.485 -3477.8866000000003 -5771.918900000001 1879.8882 -1.9608999 -1.1676101 -7.197424600000001
60654 1341.485 -3869.6172 -5255.7039 -2523.8073 0.70060979 2.8270782 -6.963794
60654 1941.485 -2691.4111000000003 -2607.5982999999997 -5899.4126 3.0800615 5.6805897000000005 -3.9077311
60654 2541.485 -425.55144 1095.4596999999999 -6889.3382 4.2061526 6.226413 0.72775975
60654 3141.485 2011.6371000000001 4354.842900000001 -5087.7723 3.632772 4.2566309 5.0676209
60654 3741.485 3635.3073 5853.2765 -1223.9858000000002 1.5888042 0.5618390900000001 7.3581816
60654 4341.485 3788.0931 4983.2752 3137.0257 -1.0962813 -3.3578451 6.6650035
60654 4941.485 2408.6687 2097.2108 6228.0211 -3.3328991 -5.9144259 3.2804148
60654 5541.485 60.292649 -1632.1493 6806.2444000000005 -4.2209817 -6.0819024 -1.4195742
60654 6141.485000000001 -2312.1114 -4704.5842 4639.5157 -3.4099766000000002 -3.8002059 -5.5512686
60654 6741.485000000001 -3752.0046 -5879.7297 597.28727 -1.2195247 0.02277893 -7.4473884
60654 7341.485 -3675.2873 -4678.3251 -3686.7102999999997 1.4664190000000001 3.840746 -6.3268424
60654 7941.485 -2113.6252999999997 -1586.7332 -6477.358 3.5552709 6.1017030000000005 -2.650135
60654 8541.485 300.09377 2144.7482000000005 -6650.7668 4.2085525 5.900757400000001 2.092354
60654 9141.485 2591.9142 5010.0829 -4135.4808 3.1643727 3.3173063000000003 5.9981827999999995
60654 9741.485 3837.8609 5854.2081 51.00742700000001 0.83877727 -0.61117557 7.4750588
60654 10341.485 3526.9131 4323.8419 4215.058900000001 -1.8258329000000002 -4.2957525 5.9353641
60654 10941.485 1789.0534 1043.2476 6672.990900000001 -3.7542981 -6.2449506 1.983654
60654 11541.485 -670.77644 -2655.0939 6418.4838 -4.1647757 -5.668047 -2.7766295
60654 12141.485 -2861.5087000000003 -5283.1583 3561.9787 -2.8805569 -2.7827653 -6.4128105
60654 12741.485 -3889.9767 -5765.1557 -746.29098 -0.42771517000000003 1.2310815 -7.4393669000000004
60654 13341.485 -3342.2797 -3911.0013 -4752.539400000001 2.1861498999999998 4.7286602 -5.4484509
60654 13941.485 -1447.9467 -480.26373 -6842.054700000001 3.9057420000000005 6.305781 -1.2771638
60654 14541.485 1026.748 3143.5143 -6183.9667 4.0563749 5.3534349 3.3941601
60654 15141.485 3089.695 5507.5797 -3043.0187 2.5790731 2.2493711 6.7124002
60654 15741.485 3908.8555 5655.1522 1323.7158000000002 0.054178542999999996 -1.7774815000000002 7.3332332
60654 16341.485 3148.4799 3517.7077000000004 5153.5132 -2.5004475000000004 -5.0977318 4.9814056
60654 16941.485 1113.4097 -43.796415 6890.9214 -4.044556099999999 -6.3562995 0.60522253
60654 17541.485 -1369.2098 -3584.3752000000004 5838.1893 -3.9483073 -5.0378680000000005 -4.0132235000000005
60654 18141.485 -3298.3623 -5673.536599999999 2409.4775 -2.2551958 -1.6797998 -7.012755100000001
60654 18741.485 -3889.9596 -5461.936 -1999.0317 0.35182515999999997 2.3588421 -7.162605800000001
60654 19341.485 -2908.2739 -3041.0275 -5597.8916 2.8058041 5.4282636 -4.4127824
60654 19941.485 -754.74658 605.91248 -6937.9681 4.1211786 6.3031667 0.099716056
60654 20541.485 1701.6663 4009.7894 -5486.7751 3.7811163000000003 4.6467231 4.569884699999999
60654 21141.485 3473.5342 5801.1669 -1824.7404 1.9161548000000002 1.1117238999999999 7.209982699999999
60654 21741.485 3842.8274 5250.518400000001 2574.3576000000003 -0.72928883 -2.8841653000000003 6.9375912
60654 22341.485 2657.9866 2576.4173 5929.7608 -3.0811637000000003 -5.7157799 3.8523766999999998
60654 22941.485 398.33923 -1139.6138999999998 6881.543000000001 -4.1859699 -6.2352676 -0.79114012
60654 23541.485 -2022.2331000000001 -4395.7017000000005 5047.9761 -3.5948963 -4.2268831 -5.1197253
60654 24141.485 -3624.7081000000003 -5874.3802000000005 1170.7067 -1.5495954 -0.50986241 -7.3669325
60654 24741.485 -3755.7316 -4968.446 -3182.38 1.1174434000000002 3.4100056 -6.644105400000001
60654 25341.485 -2366.3186 -2051.1348000000003 -6243.7473 3.3387468 5.9600079 -3.2264449
60654 25941.485 -19.351528 1696.9148 -6774.8229 4.2059527 6.090332900000001 1.5130514000000002
60654 26541.485 2337.4831 4762.7789 -4562.4463 3.3586384 3.7396829 5.627524500000001
60654 27141.485 3745.2177 5895.5783 -495.8709 1.1611052 -0.10940058999999999 7.4539836
60654 27741.485 3634.6224 4638.2514 3772.2061000000003 -1.5075827 -3.9200736000000003 6.2711299
60654 28341.485 2049.7216000000003 1498.8599 6508.6362 -3.571138 -6.151143200000001 2.5407981
60654 28941.485 -363.79058000000003 -2245.6507 6603.9669 -4.1836202 -5.8808827 -2.2316935
60654 29541.485 -2627.9873 -5079.6196 4025.9282000000003 -3.0961672 -3.2235304 -6.0849339
60654 30141.485 -3830.3951 -5859.6769 -188.82564000000002 -0.75438154 0.7403654199999999 -7.4692719
60654 30741.485 -3478.2275 -4261.8667000000005 -4325.3919000000005 1.8865872 4.3978984 -5.8337729000000005
60654 31341.485 -1721.4785 -942.9312 -6711.142 3.7633771 6.2765604 -1.839471
60654 31941.485 729.89162 2756.4444 -6381.7916 4.1211434 5.6219312 2.8990637
60654 32541.485 2886.6857000000005 5344.1422 -3473.15 2.8095795 2.6876383 6.469516400000001
60654 33141.485 3877.7324 5772.55 846.03271 0.36205326000000004 -1.3323995 7.4136695
60654 33741.485 3296.7484 3861.223 4819.4778 -2.2271545 -4.809655 5.3652462
60654 34341.485 1387.215 393.94095000000004 6845.4245 -3.9146662 -6.342763700000001 1.1514149
60654 34941.485 -1081.1241000000002 -3231.9121 6106.4364000000005 -4.0247685 -5.3193874 -3.5298114999999997
60654 35541.485 -3114.3244 -5555.8205 2899.1292000000003 -2.5047867999999998 -2.1382075 -6.791148199999999
60654 36141.485 -3886.0868 -5630.4441 -1481.126 0.024554498 1.9030863999999998 -7.3028692
60654 36741.485 -3087.2643 -3429.038 -5262.9672 2.5434636 5.175713 -4.860789899999999
60654 37341.485 -1043.2824 155.67896 -6917.9316 4.0307164 6.354532 -0.46363285000000004
60654 37941.485 1420.577 3677.7352 -5781.5026 3.8947141000000003 4.9744969 4.1198972000000005
60654 38541.485 3311.2352 5716.562 -2309.0995000000003 2.1853547 1.5810889 7.0494655
60654 39141.485 3862.7917 5443.7272 2098.6325 -0.41258612 -2.4603087 7.12515
60654 39741.485 2851.1589 2967.7816000000003 5655.3262 -2.8406886 -5.5024255 4.313281600000001
60654 40341.485 687.7108900000001 -707.34788 6922.4415 -4.1175806 -6.318272200000001 -0.23651937
60654 40941.485 -1753.069 -4097.0382 5390.2026 -3.7331623 -4.5845212 -4.6918756
60654 41541.485 -3485.4634 -5831.4057999999995 1675.2783000000002 -1.8376738000000001 -0.99218198 -7.2549349
60654 42141.485 -3807.5807000000004 -5206.2368 -2719.477 0.80270856 3.0037214 -6.8753074
60654 42741.485 -2581.8876 -2464.2782 -6007.6606 3.1204204 5.7892316 -3.7132975999999998
60654 43341.485 -311.28032 1274.7703000000001 -6857.4241 4.173198999999999 6.2246137 0.97101551
60654 43941.485 2081.0777 4493.969599999999 -4935.0436 3.5258976 4.1265737 5.2496051
60654 44541.485 3632.5488 5896.4345 -1009.9067 1.4584670000000002 0.36949953 7.396689
60654 45141.485 3714.0238 4911.4807 3329.9422000000004 -1.1977397 -3.5380545000000003 6.5547200000000005
60654 45741.485 2293.1123 1939.6867 6319.4237 -3.3669429 -6.0129971 3.0643905
60654 46341.485 -51.368728000000004 -1813.2545 6756.943 -4.174208800000001 -6.0587038 -1.6566409000000002
60654 46941.485 -2374.7605 -4835.1258 4465.4907 -3.2991725 -3.6611037000000004 -5.7144943999999995
60654 47541.485 -3738.8625 -5904.9965 369.8906 -1.0894443 0.22041562 -7.4658549999999995
60654 48141.485 -3589.8299 -4585.013 -3876.239 1.5630054 4.0179204 -6.1967391
60654 48741.485 -1984.189 -1404.7499 -6544.935 3.5894591 6.1987404 -2.4102003
60654 49341.485 421.94428999999997 2342.0378 -6565.6691 4.1539831000000005 5.8576993 2.3493368
60654 49941.485 2658.2143 5141.6388 -3919.5677 3.0376623 3.1454882 6.1599122
60654 50541.485 3817.4339 5857.986 318.89077000000003 0.69096538 -0.8406478 7.4689575999999995
60654 51141.485 3432.6732 4204.9445000000005 4428.7055 -1.9261919 -4.4734062 5.7518461
60654 51741.485 1665.4555 857.8704399999999 6752.8712000000005 -3.7569717000000002 -6.2918878000000005 1.7274243
60654 52341.485 -769.77446 -2833.5433 6362.5815999999995 -4.0777099 -5.5841057 -2.9835421
60654 52941.485 -2895.4410000000003 -5387.0874 3413.0593 -2.7592176 -2.6278234000000005 -6.506963300000001
60654 53541.485 -3852.9568 -5767.9752 -914.28576 -0.31920239 1.4052843000000002 -7.4118992
60654 54141.485 -3250.777 -3813.9903 -4870.361 2.2562453000000002 4.8790941000000005 -5.3084577
60654 54741.485 -1331.2892 -314.39878999999996 -6848.1052 3.9162768000000003 6.3747407 -1.0514247
60654 55341.485 1127.2585 3312.5097 -6046.0786 3.9902333 5.2891189 3.6305041
60654 55941.485 3129.1197 5597.6774000000005 -2789.4799 2.4476113 2.0597976 6.8416816
60654 56541.485 3863.6184 5615.5808 1600.3966 -0.084555663 -2.0006084 7.2741166999999995
60654 57141.485 3037.4553 3364.9775 5343.197099999999 -2.5716994 -5.237311399999999 4.7655301
60654 57741.485 989.54599 -239.65226 6933.4725 -4.0158336 -6.358484499999999 0.35226889
60654 58341.485 -1454.9908 -3748.1967999999997 5737.2533 -3.8485180999999997 -4.9283677 -4.2023738999999996
60654 58941.485 -3314.2975 -5749.8793 2230.196 -2.1294043 -1.5054183 -7.079494800000001
60654 59541.485 -3834.1511 -5428.3877999999995 -2178.1471 0.45894864 2.5417791000000003 -7.097447600000001
60654 60141.485 -2800.7325 -2907.806 -5701.8076 2.8644083 5.563953400000001 -4.2324839
60654 60741.485 -632.51712 791.08359 -6909.8952 4.1078204 6.3306435 0.34704155
60654 61341.485 1791.1453999999999 4168.8707 -5314.1517 3.6881156 4.534038499999999 4.786420000000001
60654 61941.485 3489.5412 5858.2667 -1560.053 1.7737856 0.89891524 7.285376
60654 62541.485 3774.6697000000004 5174.8274 2828.2919 -0.85543656 -3.0946301 6.8258943
60654 63141.485 2535.2075 2400.8069 6073.0945 -3.1281871000000003 -5.8239058 3.6129076
60654 63741.485 276.87711 -1338.4141000000002 6872.054099999999 -4.136691300000001 -6.2053353 -1.0412031
60654 64341.485 -2092.3084 -4540.5571 4907.7217 -3.4847224999999997 -4.0949006 -5.2799272
60654 64941.485 -3619.2333 -5915.204 963.9145100000001 -1.4238076000000002 -0.32255744 -7.402896
60654 65541.485 -3682.8606 -4898.7898 -3368.6648 1.2199160999999998 3.5925128 -6.5293833
60654 66141.485 -2255.4700000000003 -1899.0466000000001 -6334.0796 3.3702824000000002 6.0540935000000005 -3.006043
60654 66741.485 84.824624 1869.096 -6728.3171 4.156537999999999 6.0648283 1.7386631000000001
60654 67341.485 2391.6373 4884.152400000001 -4400.5835 3.2538777 3.6116010000000003 5.7737115999999995
60654 67941.485 3729.5192 5919.9761 -283.6873 1.0364599 -0.30010892 7.4666498
60654 68541.485 3555.0784 4555.5379 3947.1241 -1.5966597999999999 -4.0868949 6.1392058
60654 69141.485 1944.7485000000001 1350.9808 6579.8323 -3.5822 -6.2194816 2.328567
60654 69741.485 -450.31839 -2398.844 6550.8742 -4.1212888 -5.8413516 -2.4219391
60654 70341.485 -2663.1657 -5179.226900000001 3869.1862 -2.995107 -3.100172 -6.2015655
60654 70941.485 -3797.4478 -5862.369 -382.16368 -0.65249488 0.9035690100000001 -7.469388200000001
60654 71541.485 -3392.0754 -4168.6467999999995 -4477.9923 1.9509614 4.5368702 -5.7077868
60654 72141.485 -1612.0389 -784.55602 -6758.1967 3.7632254 6.3329164 -1.6358897
60654 72741.485 817.1282900000001 2914.5733 -6306.6252 4.0500617000000005 5.5654011 3.0871923000000003
60654 73341.485 2916.6130000000003 5438.216200000001 -3305.7449 2.702754 2.5514110999999997 6.5649651
60654 73941.485 3838.6287 5766.3328 1033.2113000000002 0.26168641000000004 -1.4974222 7.3879228999999995
60654 74541.485 3205.0721000000003 3757.4211 4953.272900000001 -2.2852675 -4.9433722 5.225658999999999
60654 75141.485 1278.2238 232.37639000000001 6869.1319 -3.9058587000000005 -6.3876854000000005 0.9480995400000001
60654 75741.485 -1163.4077 -3385.9486 6010.1764 -3.9474945 -5.2506710000000005 -3.7095838
60654 76341.485 -3135.6462 -5638.380099999999 2721.0961 -2.3959907 -1.9938162 -6.869175500000001
60654 76941.485 -3842.0555 -5614.570900000001 -1669.4908 0.1236485 2.0697251999999997 -7.250239400000001
60654 77541.485 -2996.5398 -3322.4455000000003 -5385.424 2.5901484 5.293975499999999 -4.7017635
60654 78141.485 -945.21572 306.48963000000003 -6927.963 4.0080628 6.3790416 -0.26068576000000004
60654 78741.485 1486.2188 3811.9205 -5676.2285 3.8129625000000003 4.8960936 4.288758
60654 79341.485 3318.6192 5781.4083 -2132.5329 2.0770153000000002 1.4313223000000002 7.1131763
60654 79941.485 3811.6542999999997 5416.970200000001 2276.3392999999996 -0.49974873000000003 -2.6144377 7.056449300000001
60654 80541.485 2762.3313 2860.8517 5760.6709 -2.8711615999999998 -5.6011388 4.1517377
60654 81141.485 600.8471 -847.07012 6919.5545999999995 -4.0814625 -6.3258869 -0.42382292
60654 81741.485 -1802.2865 -4213.5508 5285.4947 -3.6481222 -4.5016561 -4.8339514
60654 82341.485 -3480.7865 -5884.84 1516.7286000000001 -1.7368372 -0.85113081 -7.2906869
