CIC_AEM_VERS = 1.0
CREATION_DATE = 2025-05-13T13:35:41.936Z
ORIGINATOR = CS Group

META_START
OBJECT_NAME = RED1
OBJECT_ID = RED1
CENTER_NAME = null
REF_FRAME_A = EME2000
REF_FRAME_B = SC_BODY_1
ATTITUDE_DIR = A2B
TIME_SYSTEM = UTC
START_TIME = 2025-05-12T20:28:28.82928
STOP_TIME = 2025-05-13T23:59:60.0
ATTITUDE_TYPE = QUATERNION
QUATERNION_TYPE = LAST
META_STOP

60807 73708.82928 -0.5609032058879726 -0.5034272965820763 -0.44003194387810307 -0.4881807442408139
60807 74128.82928 -0.6593454598329689 -0.3651448030082604 -0.5381126428782861 -0.377316340764955
60807 74548.82928 -0.7243441544519125 -0.20840041846848778 -0.6088716643587294 -0.2473259141993291
60807 74968.82928 -0.7526439471516545 -0.040778242347240715 -0.648802214118976 -0.1044983766446238
60807 75388.82928 -0.7425290490668015 0.12955848210991835 -0.6556751319991866 0.04421913933100416
60807 75808.82928 -0.6940018930159423 0.29404875189839524 -0.6287049127095601 0.19138139076762112
60807 76228.82928 -0.6090130849201704 0.4440370114313796 -0.5687776171864334 0.32928136458480195
60807 76648.82928 0.49163133652711277 -0.5712709889591149 0.47864990455125456 -0.45038023379286346
60807 77068.82928 0.34800770634287564 -0.668554502741935 0.36298407515757747 -0.5478759662290844
60807 77488.82928 0.18602173619924156 -0.7304185049836154 0.2281145402156436 -0.6163184872946175
60807 77908.82928 0.014649636409439337 -0.7536101622428614 0.08154168305421361 -0.6520797999033903
60807 78328.82928 -0.15677986200131333 -0.7372624630206193 -0.06870129424508299 -0.6535627495969072
60807 78748.82928 -0.3192672622136125 -0.6827653875838648 -0.2146534073834627 -0.6211471287020076
60807 79168.82928 -0.46463354257483624 -0.5934472526121984 -0.34889892126069927 -0.5569610149952254
60807 79588.82928 -0.5858244911454006 -0.4741986438757998 -0.46486858478264 -0.4645885390351019
60807 80008.82928 -0.6770821763663407 -0.3311168625936959 -0.5570194001180852 -0.3487846579842863
60807 80428.82928 -0.7340309675107194 -0.17121982023003157 -0.6209303851055421 -0.2152388644003588
60807 80848.82928 -0.7537489301960661 -0.002240393913886595 -0.6533763622649135 -0.07040497210328903
60807 81268.82928 -0.7348890539531865 0.16754646111065738 -0.6524438070289806 0.0786342191327408
60807 81688.82928 -0.6778740490418605 0.3295246245724786 -0.6177128603128141 0.22434597754388638
60807 82108.82928 -0.585128311853777 0.47507118530431863 -0.5504914054525635 0.3590145402118977
60807 82528.82928 0.46120605466168485 -0.5961156128021429 0.45398276961227335 -0.4752207868055625
60807 82948.82928 0.31269236717095905 -0.6857962937620018 0.3332700198115743 -0.5664256534357506
60807 83368.82928 0.14777925121291866 -0.7391169872495114 0.19500737322756345 -0.6275663283327432
60807 83788.82928 -0.024417356451985624 -0.7533636278505866 0.04687079215238814 -0.6554770520610977
60807 84208.82928 -0.19458438761095534 -0.7281995976541022 -0.10307042172466731 -0.6490290827381869
60807 84628.82928 -0.3538790576024807 -0.6654842082039217 -0.24694737814923806 -0.6090298626888477
60807 85048.82928 -0.49435574144834443 -0.5689295856328396 -0.37751899152452917 -0.5379692728465124
60807 85468.82928 -0.6092419394030402 -0.44372673612476093 -0.48843943105871895 -0.43972464691841434
60807 85888.82928 -0.693084756412493 -0.2962004963604471 -0.5744180630242864 -0.31928463047238415
60807 86308.82928 -0.741825875078475 -0.13354461270953105 -0.6313023420861092 -0.182530984648934
60808 328.82928 -0.7528842397576526 0.0363690282725029 -0.656156425234794 -0.0360743805234612
60808 748.82928 -0.7252926043990423 0.2051634802453663 -0.6473923504039583 0.1128792674325181
60808 1168.82928 -0.6599055939097086 0.3641833248768458 -0.604968377749438 0.25672626459233516
60808 1588.82928 -0.5596269489250009 0.5048701998410273 -0.530622121585178 0.38776787313265154
60808 2008.82928 0.4294933743457077 -0.6193673054108766 0.4280020827745526 -0.49873219218519743
60808 2428.82928 0.2765045997316214 -0.7011840578156376 0.30259370263162594 -0.5833722435290656
60808 2848.82928 0.10912941651688626 -0.7458163835421643 0.16134541585356163 -0.6370371647508585
60808 3268.82928 -0.0634134431160106 -0.7510944175128964 0.012075928584723327 -0.6570312649805579
60808 3688.82928 -0.23186439234885645 -0.7172031960821589 -0.13714112695987274 -0.6426902756276992
60808 4108.82928 -0.3875554212768481 -0.6464543914265308 -0.2785520709488427 -0.5952363051884431
60808 4528.82928 -0.5227905681535102 -0.5429257847327574 -0.4051042701186314 -0.5175056950930109
60808 4948.82928 -0.6310848418249008 -0.4120895404656848 -0.510687864509016 -0.4136569086825962
60808 5368.82928 -0.7072961496041392 -0.260485281035923 -0.5902684633183299 -0.2888991456038124
60808 5788.82928 -0.7476901859569977 -0.09547513879083115 -0.6399650492213703 -0.1492937355402126
60808 6208.82928 -0.7500333588525662 0.0749400629773178 -0.6571387843758206 -0.0016017610190539684
60808 6628.82928 -0.7137484115226378 0.2422941848336613 -0.6405382349260216 0.14685878469659092
60808 7048.82928 -0.6401344654166906 0.3979103973971678 -0.5905123781347613 0.2884273099041498
60808 7468.82928 -0.5325791252708862 0.5333303676317874 -0.5092339202674121 0.4154503685598594
60808 7888.82928 0.396592415746221 -0.6409420618425924 0.40079545068718453 -0.5208365730649106
60808 8308.82928 0.23956400493557423 -0.7146592253657403 0.27106354682411943 -0.5986617013990428
60808 8728.82928 0.0702022484786243 -0.7504895607797396 0.12724742055771912 -0.6447054811544464
60808 9148.82928 -0.10220763374712405 -0.746807325779268 -0.022719972922054972 -0.6567466943933964
60808 9568.82928 -0.2684949080583214 -0.7043078411772268 -0.17079599710133864 -0.63457834549974
60808 9988.82928 -0.4201851405268375 -0.6257354330001188 -0.30936305938325065 -0.5798224840911491
60808 10408.82928 -0.5498437889485178 -0.5155136053358614 -0.4315702744861641 -0.49564566844500546
60808 10828.82928 -0.6512831731236995 -0.3793800583987012 -0.5315471884201652 -0.38646938582239676
60808 11248.82928 -0.719672324947267 -0.22407530410360627 -0.6045208149926036 -0.25771415761760164
60808 11668.82928 -0.7516032374331325 -0.057118315510401405 -0.6468871826553445 -0.1156159350155481
60808 12088.82928 -0.7451978848955697 0.11336686318080713 -0.6563110202822404 0.03292280874709933
60808 12508.82928 -0.7002805349943453 0.2788370751424719 -0.6318884621793687 0.18048276704056157
60808 12928.82928 -0.6186081812390575 0.43061367822804303 -0.5743725503853067 0.3193617879316485
60808 13348.82928 -0.5040543810600016 0.560370122397883 -0.48637826736955464 0.4419849407939034
60808 13768.82928 0.36259340922049 -0.6607784673106197 0.3724330355695615 -0.5414715788893563
60808 14188.82928 0.20197454869914372 -0.7261863190274631 0.23876355132032395 -0.6122513195543376
60808 14608.82928 0.03110536766659626 -0.7531280210199822 0.09280603142609434 -0.6505518277491731
60808 15028.82928 -0.14069576657862992 -0.7405204192928861 -0.05742386050112912 -0.6546271535173948
60808 15448.82928 -0.30437856805581015 -0.689554944610965 -0.2039473801978539 -0.6247184420051128
60808 15868.82928 -0.4516812042339222 -0.6033884785079474 -0.33930226578636596 -0.5628324850058819
60808 16288.82928 -0.5754435849253605 -0.48677089138068175 -0.4568492843527507 -0.47244842179764496
60808 16708.829279999998 -0.6697793889891441 -0.3456866987306092 -0.5509653871103312 -0.35823654002966354
60808 17128.829279999998 -0.7301703713423526 -0.18706450641709224 -0.6171416878407235 -0.22581903458699706
60808 17548.829279999998 -0.7535401227212501 -0.01857369302055824 -0.6520542057258621 -0.08159420427969376
60808 17968.829279999998 -0.738373514509133 0.15154565616386095 -0.6536783557217395 0.06740233252802855
60808 18388.82928 -0.684907311089493 0.3146866651852335 -0.6214696981713966 0.21365788594271515
60808 18808.82928 -0.5953687861202887 0.4621928662163862 -0.5565973827724208 0.34944687210393943
60808 19228.829279999998 0.47412135345698825 -0.5859039556168668 0.4621222229081183 -0.46729920616568726
60808 19648.829279999998 0.3275888302551439 -0.6788131244007489 0.3429974480969503 -0.5605809941768806
60808 20068.829279999998 0.1638467089662144 -0.7357285840702376 0.2057889663910895 -0.6241062472485202
60808 20488.829279999998 -0.008041748856883075 -0.7537242317951414 0.058125113977786476 -0.6545659506919193
60808 20908.829279999998 -0.1787600879900621 -0.7322556405310088 -0.09193398915873617 -0.6506878279864076
60808 21328.829279999998 -0.3394069107736227 -0.6729928280307874 -0.23650065636542092 -0.6131484664230631
60808 21748.82928 -0.48195230881693446 -0.5794841006635808 -0.36828450233747495 -0.544322215642707
60808 22168.82928 -0.5995170510031081 -0.4567837449264898 -0.4808712558314509 -0.4479852131963191
60808 22588.82928 -0.6865192979246192 -0.3111063264156614 -0.5688893410419446 -0.32904258826191785
60808 23008.829279999998 -0.7387576853629485 -0.14956204606753057 -0.6280935998129675 -0.1933046987718102
60808 23428.829279999998 -0.7534919372773957 0.020036565628275594 -0.6554454010782099 -0.047326131272327064
60808 23848.829279999998 -0.729579046232315 0.18934436176458866 -0.6492416646103659 0.10172703131747854
60808 24268.829279999998 -0.6676833223788939 0.3497068191062322 -0.6093108171117018 0.24626093851513114
60808 24688.829279999998 -0.5705127610947983 0.49252232071280794 -0.5372477776538466 0.3785522136161175
60808 25108.829279999998 0.44291537437343514 -0.6098271712070419 0.43656387586396544 -0.4912726073087009
60808 25528.82928 0.2917367062149621 -0.6949695323546539 0.312626765033076 -0.5780757295809544
60808 25948.82928 0.12534660233552847 -0.7432489100717908 0.17229995287803443 -0.6341782187983603
60808 26368.829279999998 -0.04707712962026526 -0.7522829664843911 0.02336430363509908 -0.6567405815996208
60808 26788.829279999998 -0.21625944221749446 -0.7220520943973041 -0.1261077424011264 -0.6449569473497714
60808 27208.829279999998 -0.37346901109394226 -0.6546836812781094 -0.26833576605176035 -0.599921738127625
60808 27628.829279999998 -0.5109175464631007 -0.5540964026246635 -0.39621538635929937 -0.5243603769610011
60808 28048.829279999998 -0.6220084605686951 -0.42563157397021273 -0.5035646751037118 -0.4223338208198519
60808 28468.829279999998 -0.7014714408462833 -0.2757276532049696 -0.5852618710536729 -0.2989659198401604
60808 28888.82928 -0.7454233531339811 -0.11166485233406921 -0.6373332822539007 -0.16025377589053022
60808 29308.82928 -0.7514670880218284 0.05861175361253441 -0.6570352108077685 -0.012907738657428199
60808 29728.82928 -0.7188465829737589 0.22666155428441218 -0.6429976101735712 0.13578734575578638
60808 30148.829279999998 -0.6486685310275006 0.38380406384020027 -0.5954353284986461 0.2781732320157377
60808 30568.829279999998 -0.5441216813737587 0.5215178340670663 -0.5163809337264227 0.40657284205025007
60808 30988.829279999998 0.4105323809568426 -0.6320747293616851 0.4097887465702981 -0.5138267060718061
60808 31408.829279999998 0.2551464125053339 -0.709218632616206 0.2814113199400594 -0.5938997460390519
60808 31828.829279999998 0.08658322676078913 -0.7487518950122398 0.1383852736329548 -0.6424355692213828
60808 32248.829279999998 -0.08590025700879324 -0.7488355587313253 -0.011388059850462753 -0.6570667880194595
60808 32668.82928 -0.2531051917015148 -0.7099623410723718 -0.15985858056163504 -0.6374452685631888
60808 33088.82928 -0.4064870971170886 -0.6346970000004903 -0.2993726090490173 -0.5850675166328109
60808 33508.82928 -0.5385130346363156 -0.5273101575788682 -0.42302119996342447 -0.5029918226198513
60808 33928.82928 -0.6428769077870654 -0.3934141289117439 -0.5248593813841123 -0.39554675372178405
60808 34348.82928 -0.7146123198642573 -0.23965080110821127 -0.6000270912577633 -0.26807501857346694
60808 34768.82928 -0.7501606064302704 -0.07346625183253723 -0.6448228396392809 -0.1267488851287517
60808 35188.82928 -0.7474767980792214 0.09706652000574723 -0.656803669087559 0.02157469119892461
60808 35608.82928 -0.7062032994583302 0.2634254874552942 -0.6349437717046461 0.16950020403110722
60808 36028.82928 -0.6279007674011993 0.4169139178471152 -0.5798603462467262 0.3093305517613491
60808 36448.82928 -0.5162458581787795 0.5491316717099322 -0.4940258470220137 0.43345482291986653
60808 36868.82928 0.377034221735253 -0.6526221068722297 0.38183258075571475 -0.5349144431921562
60808 37288.82928 0.2178807667266266 -0.721551867867324 0.24940064025049577 -0.6080215408276551
60808 37708.82928 0.04761762278012875 -0.7522451507194279 0.10410259900993614 -0.6488624230907898
60808 38128.82928 -0.12445302916687603 -0.743405097346348 -0.0460719722736699 -0.6555438033735578
60808 38548.82928 -0.2892429901113403 -0.6960226019948061 -0.1931274022605196 -0.6281662492365649
60808 38968.82928 -0.4384130836986412 -0.6130793654721861 -0.3295567237384512 -0.5686123684135335
60808 39388.82928 -0.5646958222765335 -0.49917717295024394 -0.44865849592172335 -0.4802565276454746
60808 39808.82928 -0.6620803365588795 -0.36018163378106427 -0.5447300379240887 -0.3676792140060476
60808 40228.82928 -0.7259073725371818 -0.20292983449473967 -0.613171561768213 -0.23642885739019537
60808 40648.82928 -0.7529444223814498 -0.03502369690779376 -0.6505591796391871 -0.09284821617437751
60808 41068.82928 -0.7415064800702121 0.1353410731398009 -0.6547577916541897 0.05606396528412894
60808 41488.82928 -0.691646880684815 0.29956935648683997 -0.6250988047062912 0.20281587079859376
60808 41908.82928 -0.6053956839703234 0.4489732787688609 -0.562614349343032 0.33968243212589005
60808 42328.82928 0.48692120124643834 -0.5753073415663799 0.470224081764572 -0.45914977887963243
60808 42748.82928 0.3424738282125266 -0.6714215135534835 0.35275295856957767 -0.5544999353899115
60808 43168.82928 0.18000791456213247 -0.7319379087725475 0.21666274707526587 -0.6204202627465203
60808 43588.82928 0.008525760926040436 -0.7537166507562839 0.06952446643429083 -0.6534560967198862
60808 44008.82928 -0.16266082040566437 -0.7359987564657167 -0.08061769787204984 -0.6521871470488252
60808 44428.82928 -0.3246033706974004 -0.6802568581141348 -0.2258499913189647 -0.6171507434507354
60808 44848.82928 -0.46918778012557083 -0.5898694051427403 -0.3588293415218028 -0.5505982342147658
60808 45268.82928 -0.5894187925348334 -0.4697483924735352 -0.47307420947156 -0.4562046986914614
60808 45688.82928 -0.6795816950693211 -0.3259958850620622 -0.5631304029209215 -0.3387913103304624
60808 46108.82928 -0.7353290010817032 -0.1656377356213129 -0.6246585246175798 -0.204100779834417
60808 46528.82928 -0.7537607491215204 0.003574421659590958 -0.6545176776264892 -0.0586392894567385
60808 46948.82928 -0.7335621112048005 0.1733317379263534 -0.6508915325465748 0.09045966223326785
60808 47368.82928 -0.6752110930635435 0.3349795048358044 -0.6134821706755825 0.23562329555260333
60808 47788.82928 -0.5812170569710556 0.47986950465514927 -0.5437478677632869 0.36912091174953143
60808 48208.82928 0.45623826590399696 -0.599942627243057 0.44505835169046515 -0.48356856011550053
60808 48628.82928 0.30696261764930344 -0.6883969577545358 0.3226530212463177 -0.5725195261306035
60808 49048.82928 0.14164804401242256 -0.7403329073239378 0.1833094866365294 -0.6310631110037987
60808 49468.82928 -0.03057352570068429 -0.7531541282034884 0.03476026609880981 -0.6562132599978553
60808 49888.82928 -0.2004181027620762 -0.7266302563764452 -0.1149281134467756 -0.6470182248925578
60808 50308.82928 -0.35909833134141367 -0.6626978086330138 -0.2579437834317443 -0.6044377614359737
60808 50728.82928 -0.4987359136397028 -0.5651121172507942 -0.3871261999752253 -0.531078232160797
60808 51148.82928 -0.6126167557867214 -0.43907968385295 -0.4962201869546071 -0.43090053123160676
60808 51568.82928 -0.6953288887141882 -0.29092794487284757 -0.5800227380369194 -0.30895354144548787
60808 51988.82928 -0.7428399912540857 -0.12786001498816224 -0.6344619755606553 -0.1711682374990385
60808 52408.82928 -0.7525897853216913 0.042232377589164254 -0.6566878727114743 -0.024209071570286674
60808 52828.82928 -0.7236461539284084 0.2109329445065528 -0.6452134809180256 0.12467197306557098
60808 53248.82928 -0.6569255770859929 0.3695490329691152 -0.6001247419571374 0.26782940931254384
60808 53668.82928 -0.5554236790782417 0.5095033223301093 -0.5233152578474641 0.39755759602580015
60808 54000.0 -0.4679396054222683 0.26405187900657345 0.41447870632682227 -0.7345178914580595
60808 54120.0 -0.46576840890960175 0.2678631317035104 0.40846861595800427 -0.7378770369873007
60808 54240.0 -0.46356616395227773 0.27165653084274954 0.40243130293176543 -0.7411870123725145
60808 54360.0 -0.46133301824868966 0.27543182199257044 0.39636717226929763 -0.7444475955059886
60808 54480.0 -0.4590691205901937 0.2791887536212725 0.3902766281159131 -0.7476585690797771
60808 54600.0 -0.4567746218126145 0.28292707543359974 0.38416007635634164 -0.7508197190993474
60808 54720.0 -0.4544496747915726 0.28664653837565557 0.3780179246055643 -0.7539308348887115
60808 54840.0 -0.452094434433413 0.2903468946509769 0.37185058218276484 -0.7569917091033467
60808 54960.0 -0.44970905766414226 0.294027897736812 0.36565846008388453 -0.7600021377446133
60808 55080.0 -0.44729370341973435 0.2976893024007998 0.3594419709541788 -0.7629619201727954
60808 55200.0 -0.44484853263488855 0.3013308647170353 0.3532015290606337 -0.7658708591209752
60808 55320.0 -0.4423737082327545 0.30495234208232835 0.3469375502644846 -0.7687287607078213
60808 55440.0 -0.43986939511382356 0.30855349323234976 0.34065045199327815 -0.7715354344507377
60808 55560.0 -0.4373357601450615 0.3121340782576579 0.3343406532130803 -0.7742906932784575
60808 55680.0 -0.43477297214876875 0.31569385861963234 0.32800857440050696 -0.7769943535435252
60808 55800.0 -0.4321812018912014 0.3192325971662186 0.3216546375147064 -0.7796462350346278
60808 55920.0 -0.4295606220713992 0.3227500581478881 0.3152792659690588 -0.7822461609884569
60808 56040.0 -0.4269114073094391 0.3262460072330579 0.308882884603073 -0.7847939581016449
60808 56160.0 -0.4242337341349299 0.32972021152379943 0.3024659196539315 -0.7872894565422148
60808 56280.0 -0.4215277809752339 0.33317243957126724 0.29602879872808624 -0.7897324899608928
60808 56400.0 -0.41879372814341603 0.3366024613910097 0.28957195077268894 -0.7921228955023026
60808 56520.0 -0.41603175782639 0.3400100484782404 0.28309580604708384 -0.7944605138156713
60808 56640.0 -0.4132420540727291 0.3433949738231039 0.27660079609395105 -0.7967451890654714
60808 56760.0 -0.4104248027802352 0.34675701192558217 0.2700873537106002 -0.7989767689419085
60808 56880.0 -0.407580191683685 0.35009593881050133 0.2635559129201538 -0.8011551046709424
60808 57000.0 -0.4047084103422683 0.35341153204249454 0.25700690894244294 -0.8032800510242128
60808 57120.0 -0.40180965012686654 0.3567035707405862 0.2504407781651314 -0.8053514663287602
60808 57240.0 -0.3988841042074127 0.35997183559289236 0.24385795811466165 -0.80736921247635
60808 57360.0 -0.3959319675398459 0.3632161088712313 0.2372588874268627 -0.8093331549327728
60808 57480.0 -0.39295343685320566 0.3664361744454725 0.2306440058179047 -0.8112431627467139
60808 57600.0 -0.389948710636452 0.369631817797833 0.22401375405497947 -0.8130991085585036
60808 57720.0 -0.386917989125229 0.3728028260372069 0.2173685739267945 -0.8149008686085645
60808 57840.0 -0.3838614742884857 0.3759489879131521 0.2107089082142621 -0.8166483227456605
60808 57960.0 -0.3807793698150232 0.3790700938299473 0.2040352006609496 -0.8183413544348561
60808 58080.0 -0.37767188109986677 0.3821659358604677 0.19734789594348914 -0.8199798507652848
60808 58200.0 -0.37453921523056904 0.3852363077599066 0.1906474396420308 -0.8215637024576501
60808 58320.0 -0.37138158097341756 0.3882810049795051 0.1839342782105033 -0.8230928038714539
60808 58440.0 -0.368199188759476 0.3912998246799958 0.17720885894697788 -0.8245670530120509
60808 58560.0 -0.3649922506705247 0.3942925657451319 0.17047162996374815 -0.8259863515374141
60808 58680.0 -0.36176098042493515 0.39725902879491276 0.1637230401576271 -0.8273506047646647
60808 58800.0 -0.35850559336340276 0.40019901619884124 0.15696353917998684 -0.8286597216763506
60808 58920.0 -0.355226306434556 0.4031123320889844 0.1501935774068322 -0.8299136149265062
60808 59040.0 -0.3519233381805543 0.4059987823728836 0.143413605908963 -0.8311122008464199
60808 59160.0 -0.3485969087224224 0.4088581747464392 0.13662407642182325 -0.8322553994502319
60808 59280.0 -0.3452472397454235 0.41169031870663153 0.12982544131551263 -0.833343134440208
60808 59400.0 -0.3418745544842133 0.4144950255641307 0.1230181535646238 -0.8343753332118357
60808 59520.0 -0.338479077708043 0.4172721084557175 0.1162026667182883 -0.835351926858609
60808 59640.0 -0.3350610357057017 0.42002138235669634 0.10937943486988162 -0.8362728501766261
60808 59760.0 -0.3316206562704137 0.4227426640931351 0.10254891262681957 -0.8371380416689208
60808 59880.0 -0.32815816868473413 0.42543577235390695 0.09571155508050984 -0.8379474435495264
60808 60000.0 -0.3246738037051631 0.4281005277027732 0.08886781777589517 -0.8387010017473323
60808 60120.0 -0.32116779354684094 0.43073675259016503 0.08201815668135984 -0.8393986659096645
60808 60240.0 -0.3176403718680425 0.43334427136495995 0.07516302815836341 -0.8400403894056337
60808 60360.0 -0.31409177375456654 0.4359229102861115 0.06830288893106808 -0.8406261293292442
60808 60480.0 -0.31052223570414683 0.4384724975340944 0.061438196056136006 -0.841155846502228
60808 60600.0 -0.30693199561063056 0.4409928632222986 0.054569406892268926 -0.841629505476668
60808 60720.0 -0.3033212927481587 0.44348383940821967 0.047696979069916226 -0.8420470745373647
60808 60840.0 -0.2996903677552288 0.44594526010460994 0.040821370460852734 -0.8424085257039279
60808 60960.0 -0.29603946261863506 0.44837696129042204 0.03394303914777778 -0.8427138347326746
60808 61080.0 -0.2923688206573846 0.4507787809216744 0.02706244339393407 -0.8429629811182275
60808 61200.0 -0.28867868650647754 0.453150558942141 0.02018004161270127 -0.8431559480949119
60808 61320.0 -0.2849693061006233 0.455492137293954 0.013296292337169812 -0.8432927226378747
60808 61440.0 -0.2812409266578694 0.45780335992806015 0.006411654189722598 -0.8433732954639679
60808 61560.0 -0.2774937966631426 0.4600840728145179 -4.7341414836755584E-4 -0.8433976610324005
60808 61680.0 -0.27372816585169696 0.46233412395272333 -0.007358453967407365 -0.8433658175451169
60808 61800.0 -0.2699442851925118 0.4645533633814358 -0.014243006559652865 -0.843277766946954
60808 61920.0 -0.2661424068715618 0.46674164318871525 -0.02112661324977546 -0.8431335149255451
60808 62040.0 -0.2623227842750656 0.4688988175217142 -0.02800881542523675 -0.8429330709109654
60808 62160.0 -0.258485671972604 0.47102474259632826 -0.0348891545667192 -0.8426764480751515
60808 62280.0 -0.25463132570019964 0.47311927670671466 -0.04176717227850206 -0.842363663331065
60808 62400.0 -0.25076000234329215 0.4751822802346809 -0.048642410318865514 -0.8419947373316132
60808 62520.0 -0.24687195991965655 0.47721361565893583 -0.05551441063045708 -0.8415696944683227
60808 62640.0 -0.24296745756224547 0.4792131475641986 -0.06238271537064412 -0.8410885628697713
60808 62760.0 -0.23904675550193213 0.481180742650181 -0.06924686694189364 -0.8405513743997755
60808 62880.0 -0.23511011505025653 0.4831162697404125 -0.07610640802201503 -0.8399581646553301
60808 63000.0 -0.2311577985819932 0.4850195997909578 -0.0829608815945537 -0.8393089729643073
60808 63120.0 -0.22719006951773632 0.48689060589897065 -0.0898098309790302 -0.8386038423829082
60808 63240.0 -0.22320719230638122 0.488729163311126 -0.09665279986120821 -0.8378428196928694
60808 63360.0 -0.21920943240755145 0.4905351494318928 -0.10348933232331296 -0.837025955398436
60808 63480.0 -0.2151970562739231 0.49230844383169803 -0.1103189728742903 -0.8361533037230741
60808 63600.0 -0.21117033133355254 0.49404892825490687 -0.11714126647991717 -0.8352249226059628
60808 63720.0 -0.20712952597208822 0.49575648662771454 -0.12395575859298055 -0.8342408736982152
60808 63840.0 -0.20307490951491253 0.4974310050658574 -0.1307619951834177 -0.8332012223588807
60808 63960.0 -0.19900675220927155 0.49907237188219306 -0.1375595227683544 -0.8321060376506965
60808 64080.0 -0.19492532520630362 0.5006804775941447 -0.1443478884421678 -0.8309553923355956
60808 64200.0 -0.19083090054299784 0.5022552149310142 -0.1511266399065361 -0.8297493628699629
60808 64320.0 -0.1867237511241602 0.5037964788411143 -0.15789532550033114 -0.828488029399678
60808 64440.0 -0.18260415070425529 0.5053041664988024 -0.16465349422959102 -0.827171475754885
60808 64560.0 -0.17847237386921638 0.5067781773113317 -0.1714006957973957 -0.8257997894445479
60808 64680.0 -0.17432869601818388 0.5082184129256014 -0.17813648063374238 -0.8243730616507352
60808 64800.0 -0.17017339334526635 0.5096247772347153 -0.18486039992523917 -0.822891387222703
60808 64920.0 -0.1660067428211117 0.5109971763844391 -0.19157200564497534 -0.821354864670696
60808 65040.0 -0.16182902217454806 0.5123355187794758 -0.19827085058214505 -0.8197635961595439
60808 65160.0 -0.1576405098741287 0.5136397150896327 -0.2049564883717002 -0.8181176875019919
60808 65280.0 -0.15344148510962066 0.5149096782557957 -0.2116284735239477 -0.8164172481518203
60808 65400.0 -0.14923222777345274 0.5161453234958151 -0.21828636145409402 -0.8146623911966878
60808 65520.0 -0.14501301844211692 0.5173465683101827 -0.22492970851171948 -0.8128532333507794
60808 65640.0 -0.14078413835753126 0.518513332487617 -0.23155807201019363 -0.8109898949471783
60808 65760.0 -0.13654586940835406 0.5196455381104722 -0.23817101025603335 -0.8090724999300217
60808 65880.0 -0.1322984941112317 0.52074310956 -0.2447680825782259 -0.8071011758464121
60808 66000.0 -0.12804229559204425 0.521805973521462 -0.2513488493574381 -0.8050760538381022
60808 66120.0 -0.12377755756709191 0.5228340589891137 -0.2579128720551819 -0.8029972686329266
60808 66240.0 -0.11950456432422527 0.5238272972710124 -0.26445971324293577 -0.8008649585360117
60808 66360.0 -0.11522360070393456 0.5247856219937036 -0.2709889366312048 -0.7986792654207261
60808 66480.0 -0.11093495208044847 0.5257089691067217 -0.2775001070984321 -0.796440334719441
60808 66600.0 -0.10663890434274681 0.5265972768869812 -0.2839927907199184 -0.7941483154140082
60808 66720.0 -0.10233574387556842 0.5274504859429909 -0.2904665547966173 -0.791803360026036
60808 66840.0 -0.09802575754034473 0.5282685392189191 -0.2969209678839171 -0.7894056246069119
60808 66960.0 -0.09370923265614721 0.529051381998528 -0.30335559982027127 -0.7869552687275988
60808 67080.0 -0.08938645698056859 0.5297989619089218 -0.30977002175580354 -0.7844524554682066
60808 67200.0 -0.0850577186905905 0.5305112289241858 -0.31616380618080525 -0.7818973514073115
60808 67320.0 -0.08072330636341173 0.5311881353688308 -0.32253652695416063 -0.7792901266110661
60808 67440.0 -0.07638350895727478 0.5318296359211183 -0.3288877593316544 -0.7766309546220704
60808 67560.0 -0.07203861579219975 0.5324356876162125 -0.3352170799942824 -0.773920012447993
60808 67680.0 -0.06768891653075873 0.5330062498491948 -0.34152406707637983 -0.7711574805499836
60808 67800.0 -0.0633347011588217 0.533541284377913 -0.3478083001936629 -0.7683435428308646
60808 67920.0 -0.05897625996621697 0.5340407553256673 -0.35406936047127097 -0.7654783866230667
60808 68040.0 -0.05461388352741851 0.5345046291837819 -0.3603068305716385 -0.7625622026763338
60808 68160.0 -0.05024786268221508 0.5349328748139736 -0.3665202947222714 -0.7595951851452365
60808 68280.0 -0.04587848851634161 0.5353254634505932 -0.3727093387434497 -0.75657753157643
60808 68400.0 -0.04150605234209431 0.5356823687027097 -0.37887355007582807 -0.7535094428956869
60808 68520.0 -0.03713084567893218 0.536003566556045 -0.3850125178079275 -0.7503911233947048
60808 68640.0 -0.03275316023402347 0.5362890353747201 -0.3911258327035819 -0.7472227807176828
60808 68760.0 -0.02837328788285831 0.5365387559028946 -0.39721308722916177 -0.7440046258476952
60808 68880.0 -0.02399152064978371 0.5367527112662077 -0.4032738755807845 -0.7407368730928278
60808 69000.0 -0.019608150688534363 0.5369308869730863 -0.40930779371140447 -0.7374197400720793
60808 69120.0 -0.015223470262763618 0.5370732709158907 -0.4153144393577724 -0.7340534477010542
60808 69240.0 -0.010837771726530427 0.5371798533719144 -0.42129341206733084 -0.7306382201773995
60808 69360.0 -0.0064513475048590995 0.5372506270041882 -0.4272443132248919 -0.7271742849661067
60808 69480.0 -0.0020644900741986077 0.5372855868621761 -0.43316674607931477 -0.7236618727844925
60808 69600.0 0.0023225080570913113 0.5372847303822871 -0.4390603157700259 -0.7201012175870021
60808 69720.0 0.006709354368235993 0.5372480573882364 -0.4449246293533872 -0.7164925565498071
60808 69840.0 0.011095756345581962 0.5371755700912336 -0.4507592958289966 -0.7128361300551654
60808 69960.0 0.015481421502118719 0.5370672730900387 -0.4565639261658364 -0.7091321816755607
60808 70080.0 0.019866057396988105 0.536923173370835 -0.46233813332828433 -0.7053809581576537
60808 70200.0 0.02424937165500687 0.5367432803069756 -0.46808153230200694 -0.7015827094059902
60808 70320.0 0.028631071986273866 0.5365276056584993 -0.47379374011986175 -0.697737688466452
60808 70440.0 0.033010866205627314 0.5362761635715971 -0.47947437588743286 -0.6938461515095696
60808 70560.0 0.037388462252083705 0.535988970577758 -0.4851230608084901 -0.6899083578137186
60808 70680.0 0.041763568209513206 0.5356660455930488 -0.4907394182117369 -0.6859245697467915
60808 70800.0 0.046135892328002616 0.5353074099164539 -0.4963230735785537 -0.6818950527472495
60808 70920.0 0.050505143046331635 0.534913087228612 -0.5018736545716111 -0.6778200753034392
60808 71040.0 0.054871028984736635 0.5344831035923033 -0.507390791026262 -0.6736999089611335
60808 71160.0 0.05923325895857881 0.5340174874545534 -0.5128741149676853 -0.6695348283114072
60808 71280.0 0.06359154209394177 0.5335162696292873 -0.5183232607590489 -0.6653251108826955
60808 71400.0 0.06794558775446459 0.5329794833116586 -0.5237378650050999 -0.661071037206621
60808 71520.0 0.07229510557186682 0.5324071640699324 -0.5291175665938757 -0.6567728907918934
60808 71640.0 0.07663980547917609 0.5317993498440927 -0.5344620067370964 -0.6524309580914062
60808 71760.0 0.08097939772948373 0.5311560809431406 -0.5397708289936034 -0.6480455284839576
60808 71880.0 0.08531359291498009 0.5304774000424681 -0.545043679292913 -0.6436168942553983
60808 72000.0 0.0896421019856397 0.5297633521814076 -0.5502802059580822 -0.6391453505798541
60808 72120.0 0.09396463626868304 0.529013984760317 -0.555480059729517 -0.6346311955000302
60808 72240.0 0.0982809074878375 0.5282293475376569 -0.5606428937883334 -0.6300747299074546
60808 72360.0 0.10259062778267936 0.5274094926267914 -0.5657683637797478 -0.6254762575224524
60808 72480.0 0.1068935097278918 0.5265544744927053 -0.5708561278361942 -0.620836084873963
60808 72600.0 0.11118926635253697 0.5256643499485248 -0.5759058466003466 -0.6161545212791328
60808 72720.0 0.11547761115930816 0.5247391781518855 -0.5809171832479808 -0.6114318788226988
60808 72840.0 0.119758258143736 0.5237790206011378 -0.5858898035106521 -0.6066684723362016
60808 72960.0 0.12403092181333888 0.5227839411314162 -0.5908233756981678 -0.6018646193770316
60808 73080.0 0.12829531720681034 0.5217540059105015 -0.5957175707209879 -0.5970206402072153
60808 73200.0 0.13255115991311497 0.5206892834345667 -0.6005720621123672 -0.5921368577720729
60808 73320.0 0.13679816609056183 0.5195898445237466 -0.6053865260503513 -0.5872135976786772
60808 73440.0 0.14103605248585105 0.5184557623175524 -0.6101606413795997 -0.5822511881741156
60808 73560.0 0.14526453645312226 0.5172871122701018 -0.6148940896330898 -0.5772499601235259
60808 73680.0 0.1494833359728689 0.5160839721452434 -0.6195865550535147 -0.5722102469880525
60808 73800.0 0.1536921696708884 0.5148464220114694 -0.6242377246146095 -0.5671323848025414
60808 73920.0 0.15789075683718376 0.5135745442366986 -0.6288472880422693 -0.5620167121530567
60808 74040.0 0.16207881744480146 0.5122684234828943 -0.633414937835468 -0.5568635701542481
60808 74160.0 0.16625607216862257 0.5109281467005176 -0.6379403692869995 -0.5516733024265386
60808 74280.0 0.17042224240413203 0.5095538031228369 -0.6424232805040374 -0.5464462550731146
60808 74400.0 0.17457705028612236 0.5081454842600633 -0.6468633724285063 -0.5411827766567612
60808 74520.0 0.17872021870735966 0.5067032838933477 -0.6512603488572589 -0.5358832181765095
60808 74640.0 0.1828514713371669 0.5052272980686016 -0.6556139164620451 -0.5305479330441614
60808 74760.0 0.18697053264003063 0.5037176250901761 -0.6599237848093438 -0.5251772770605437
60808 74880.0 0.19107712789407474 0.5021743655143664 -0.6641896663799421 -0.5197716083917014
60808 75000.0 0.19517098320953047 0.5005976221427871 -0.668411276588345 -0.5143312875448581
60808 75120.0 0.19925182554711546 0.49898750001557085 -0.6725883338019706 -0.5088566773442611
60808 75240.0 0.20331938273638894 0.49734410640442117 -0.6767205593601682 -0.5033481429068184
60808 75360.0 0.20737338349401496 0.4956675508055092 -0.6808076775930074 -0.49780605161762337
60808 75480.0 0.21141355744202506 0.4939579449322022 -0.6848494158399235 -0.4922307731052362
60808 75600.0 0.21543963512594197 0.4922154027076648 -0.688845504468077 -0.48662267921691915
60808 75720.0 0.21945134803289507 0.4904400402572858 -0.6927956768905672 -0.48098214399363937
60808 75840.0 0.22344842860964872 0.4886319759009623 -0.6966996695844115 -0.4753095436449513
60808 75960.0 0.22743061028058364 0.48679133014522324 -0.7005572221083389 -0.4696052565237033
60808 76080.0 0.23139762746558523 0.48491822567521237 -0.7043680771203435 -0.4638696631006299
60808 76200.0 0.2353492155978993 0.48301278734650477 -0.7081319803950634 -0.4581031459387497
60808 76320.0 0.23928511114187426 0.48107514217678904 -0.7118486808409074 -0.4523060896676755
60808 76440.0 -0.2432050516106812 -0.4791054193373862 0.7155179305170049 0.44647888095771776
60808 76560.0 -0.24710877558390518 -0.47710375014463097 0.7191394846499026 0.440621908493921
60808 76680.0 -0.25099602272514576 -0.4750702680510769 0.7227131016501063 0.4347355629498457
60808 76800.0 -0.25486653379944074 -0.47300510863659945 0.726238543128317 0.4288202369613598
60808 76920.0 -0.25872005069069304 -0.4709084095993058 0.7297155739115261 0.42287632510017603
60808 77040.0 -0.26255631641899513 -0.468780310746321 0.7331439620588545 0.416904223847296
60808 77089.6008 0.10636770273491751 0.1884993854010438 -0.8502659601840857 -0.47979338310418573
60808 77209.6008 0.10790298276454041 0.187624758412301 -0.8541544546603226 -0.47283619142909084
60808 77329.6008 0.10943106608531165 0.18673762076364603 -0.8579860219316747 -0.4658474953639062
60808 77449.6008 0.11095185515817318 0.1858380286780368 -0.8617604176884226 -0.4588277404860091
60808 77569.6008 0.11246524517275402 0.18492604429730633 -0.8654773813399164 -0.4517774110751712
60808 77689.6008 0.1139711361061014 0.18400172789396538 -0.8691366671080163 -0.44469697340446207
60808 77809.6008 0.1154694276975855 0.18306514102243512 -0.8727380311789118 -0.43758689919098887
60808 77929.6008 0.11696002021264762 0.18211634604399451 -0.8762812336385476 -0.43044766203145574
60808 78049.6008 0.11844281443054056 0.18115540613349734 -0.8797660384424223 -0.423279737457047
60808 78169.6008 0.11991771165032311 0.18018238527615482 -0.8831922134291137 -0.41608360290562785
60808 78289.6008 0.12138461369688325 0.17919734826314815 -0.8865595303351579 -0.40885973769132433
60808 78409.6008 0.12284342292758964 0.17820036068758632 -0.8898677648102189 -0.4016086229725557
60808 78529.6008 0.12429404223851279 0.17719148894009554 -0.8931166964318022 -0.3943307417206357
60808 78649.6008 0.12573637507094684 0.17617080020452847 -0.8963061087199935 -0.3870265786874817
60808 78769.6008 0.127170325417625 0.17513836245339845 -0.8994357891518204 -0.3796966203736339
60808 78889.6008 0.12859579782904917 0.17409424444347463 -0.9025055291753163 -0.37234135499612225
60808 79009.6008 0.1300126974198273 0.17303851571131107 -0.9055151242233899 -0.36496127245605886
60808 79129.6008 0.13142092987482126 0.17197124656856497 -0.9084643737274263 -0.35755686430626166
60808 79249.6008 0.1328204014553715 0.17089250809738565 -0.911353081130629 -0.3501286237186675
60808 79369.6008 0.1342110190054316 0.1698023721457341 -0.9141810539010549 -0.3426770454517807
60808 79489.6008 0.13559268995768572 0.16870091132264284 -0.9169481035444242 -0.3352026258179261
60808 79609.6008 0.1369653223396181 0.16758819899338082 -0.9196540456167029 -0.3277058626503204
60808 79729.6008 0.13832882477959144 0.16646430927467298 -0.9222986997363537 -0.3201872552701535
60808 79849.6008 0.13968310651277321 0.1653293170297477 -0.9248818895963371 -0.31264730445364053
60808 79969.6008 0.14102807738716458 0.16418329786341562 -0.9274034429759047 -0.30508651239871404
60808 80089.6008 0.1423636478694722 0.16302632811707216 -0.9298631917520351 -0.2975053826919432
60808 80209.6008 0.14368972905099775 0.16185848486363671 -0.932260971910675 -0.2899044202751355
60808 80329.6008 0.1450062326534812 0.16067984590247109 -0.9345966235576749 -0.28228413141194514
60808 80449.6008 0.14631307103490174 0.15949048975422303 -0.9368699909294819 -0.27464502365432836
60808 80569.6008 0.1476101571952191 0.15829049565563094 -0.939080922403535 -0.2669876058090024
60808 80689.6008 0.14889740478208524 0.15707994355428034 -0.9412292705084045 -0.25931238790378036
60808 80809.6008 0.1501747280965503 0.1558589141033327 -0.9433148919336625 -0.251619881153775
60808 80929.6008 0.15144204209864107 0.15462748865614784 -0.94533764753948 -0.24391059792761804
60808 81049.6008 0.1526992624129958 0.15338574926092868 -0.9472974023659526 -0.2361850517135004
60808 81169.6008 0.15394630533438486 0.15213377865527064 -0.9491940256421498 -0.22844375708522044
60808 81289.6008 0.15518308783320103 0.15087166026067383 -0.9510273907948934 -0.22068722966813925
60808 81409.6008 0.15640952756095294 0.1495994781770361 -0.9527973754572617 -0.2129159861050172
60808 81529.6008 0.15762554285565683 0.14831731717706284 -0.9545038614768215 -0.2051305440218367
60808 81649.6008 0.15883105274719397 0.14702526270064967 -0.9561467349235725 -0.19733142199359566
60808 81769.6008 0.16002597696266843 0.1457234008492177 -0.9577258860976426 -0.18951913950988417
60808 81889.6008 0.1612102359316742 0.1444118183800099 -0.9592412095366761 -0.1816942169405721
60808 82009.6008 0.16238375079151968 0.14309060270031332 -0.9606926040229735 -0.17385717550132052
60808 82129.6008 0.16354644339243402 0.14175984186168628 -0.9620799725903252 -0.16600853721912634
60808 82249.6008 0.16469823630271388 0.140419624554101 -0.9634032225305939 -0.15814882489771379
60808 82369.6008 0.16583905281381453 0.1390700401000571 -0.9646622654000027 -0.15027856208295393
60808 82489.6008 0.16696881694539717 0.13771117844864475 -0.9658570170251531 -0.14239827302819705
60808 82609.6008 0.16808745345035206 0.13634313016958108 -0.966987397508759 -0.13450848265954718
60808 82729.6008 0.16919488781975553 0.13496598644719393 -0.9680533312351 -0.126609716541117
60808 82849.6008 0.17029104628777172 0.13357983907435225 -0.9690547468752037 -0.11870250084021453
60808 82969.6008 0.17137585583653564 0.1321847804463863 -0.9699915773917324 -0.11078736229252106
60808 83089.6008 0.17244924420095573 0.13078090355492383 -0.9708637600436093 -0.10286482816717223
60808 83209.6008 0.17351113987349456 0.1293683019817273 -0.9716712363903434 -0.09493542623187004
60808 83329.6008 0.17456147210888118 0.12794706989245572 -0.9724139522960896 -0.08699968471789798
60808 83449.6008 0.17560017092879573 0.1265173020304141 -0.9730918579334162 -0.07905813228513979
60808 83569.6008 0.17662716712648693 0.12507909371024764 -0.9737049077867945 -0.07111129798706473
60808 83689.6008 0.1776423922713547 0.12363254081160036 -0.9742530606558066 -0.06315971123565564
60808 83809.6008 0.17864577871346873 0.12217773977273247 -0.974736279658071 -0.05520390176634048
60808 83929.6008 0.17963725958805146 0.12071478758410888 -0.9751545322318815 -0.04724439960290228
60808 84049.6008 0.18061676881990457 0.11924378178193583 -0.9755077901385694 -0.03928173502232471
60808 84169.6008 0.1815842411277789 0.11776482044166614 -0.9757960294645777 -0.031316438519662385
60808 84289.6008 0.18253961202870952 0.11627800217147717 -0.9760192306232517 -0.023349040772888473
60808 84409.6008 0.1834828178422875 0.11478342610569243 -0.9761773783563494 -0.015380072607684446
60808 84529.6008 0.18441379569489225 0.11328119189818729 -0.976270461735263 -0.007410064962264537
60808 84649.6008 0.18533248352385606 0.11177139971574465 -0.9762984741619612 5.604511478246801E-4
60808 84769.6008 0.1862388200815938 0.11025415023137908 -0.9762614133696447 0.008530944664935751
60808 84889.6008 0.18713274493966356 0.10872954461762648 -0.9761592814231184 0.016500884524524265
60808 85009.6008 0.188014198492802 0.10719768453980763 -0.9759920847188763 0.024469739690379612
60808 85129.6008 0.188883121962876 0.1056586721492379 -0.9757598339849072 0.03243697918986549
60808 85249.6008 0.1897394574028025 0.1041126100764222 -0.9754625442802103 0.0404020721491329
60808 85369.6008 0.19058314770041268 0.10255960142420979 -0.9751002349940291 0.048364487828356416
60808 85489.6008 0.19141413658225484 0.10099974976091353 -0.9746729298447996 0.056323695656954026
60808 85609.6008 0.19223236861736123 0.09943315911340757 -0.974180656878812 0.06427916526879657
60808 85729.6008 0.19303778922092854 0.09785993396017105 -0.9736234484685933 0.07223036653743226
60808 85849.6008 0.19383034465798976 0.09628017922433099 -0.9730013413109961 0.08017676961126557
60808 85969.6008 0.194609982046996 0.09469400026664872 -0.9723143764250095 0.0881178449487556
60808 86089.6008 0.19537664936336147 0.09310150287849271 -0.9715625991492816 0.09605306335356721
60808 86209.6008 0.19613029544294194 0.09150279327476737 -0.9707460591393614 0.1039818960097329
60808 86329.6008 0.19687086998547945 0.08989797808682523 -0.9698648103646468 0.11190381451679322
