CIC_MEM_VERS = 1.0
CREATION_DATE = 2025-05-13T13:35:42.420578
ORIGINATOR = CS Group

META_START
OBJECT_NAME = RED1
OBJECT_ID = RED1
USER_DEFINED_PROTOCOL = NONE
USER_DEFINED_CONTENT = LLA
USER_DEFINED_SIZE = 3.0
USER_DEFINED_TYPE = REAL
USER_DEFINED_UNIT = [deg] [km]
TIME_SYSTEM = UTC
META_STOP

60807 73708.82928 0.12126904251966435 83.92294150827067 621.3486527757099
60807 74128.82928 25.862321140325605 80.14393376338606 629.1722865676176
60807 74548.82928 51.338117699275415 74.10919648900786 633.19998124172
60807 74968.82928 75.57649324084501 51.84003790501445 628.3530102911401
60807 75388.82928 74.30007699974688 -66.93686640216269 612.2065596584389
60807 75808.82928 49.646407526812034 -86.7772709943517 588.0850552813939
60807 76228.82928 23.73062684486706 -92.58654024686862 564.4376672585165
60807 76648.82928 -2.5339674353210926 -96.37410432104092 550.6536605546104
60807 77068.82928 -28.830022155745425 -100.33853302401899 551.3607078776774
60807 77488.82928 -54.800796118815555 -107.19380512793283 563.9184749387452
60807 77908.82928 -78.71656847032312 -139.27122945910708 581.0931802496524
60807 78328.82928 -70.52713517741144 106.74156919155072 596.182616516254
60807 78748.82928 -45.50274650619306 91.99616152782816 606.9216087534048
60807 79168.82928 -19.79563599216338 86.8231428144086 615.1045881443046
60807 79588.82928 6.008716516110498 83.18234004503284 623.122434108644
60807 80008.82928 31.711501237540528 79.16526082796948 630.4210738708598
60807 80428.82928 57.07453101199283 71.82668329615709 632.8080301659921
60807 80848.82928 80.00749006201161 33.12203003463507 625.4183429386466
60807 81268.82928 68.96147143308357 -75.15143297109472 606.9678863162109
60807 81688.82928 43.775204527491724 -88.44208169316306 582.1646276070816
60807 82108.82928 17.746388565243635 -93.45724042007652 560.1278360988597
60807 82528.82928 -8.552195424879983 -97.138801958093 549.5685283247122
60807 82948.82928 -34.81029269098128 -101.41131433369496 553.4969675195039
60807 83368.82928 -60.61620698677685 -110.00524858045947 567.820466791237
60807 83788.82928 -81.90484632583059 -169.9775890506294 584.9801476578511
60807 84208.82928 -64.97638968652322 101.09313548037332 599.0818738854065
60807 84628.82928 -39.65334069782923 90.57193607084497 608.9507605184374
60807 85048.82928 -13.901800302949985 86.00827805862511 616.904249104729
60807 85468.82928 11.895318746236285 82.42260152157361 624.9065257435811
60807 85888.82928 37.54887382186888 78.04379780106673 631.489828112749
60807 86308.82928 62.75091465963884 68.68341559179363 631.9633972869796
60808 328.82928 82.20340110771322 -3.117703978621731 621.9359388458251
60808 748.82928 63.365911460696275 -80.08328501381746 601.4082763111397
60808 1168.82928 37.865524171649874 -89.79960530894968 576.3666979600168
60808 1588.82928 11.745092404895304 -94.26948801031267 556.3675016275643
60808 2008.82928 -14.572342742421538 -97.93157322303249 549.177061764895
60808 2428.82928 -40.7743077509862 -102.66283540514826 556.1075057852029
60808 2848.82928 -66.33730971337125 -114.07137982267881 571.8082000994704
60808 3268.82928 -81.36107701068084 148.3066198052099 588.6590035644101
60808 3688.82928 -59.27896999962675 97.43166931923786 601.7561783684513
60808 4108.82928 -33.781761656761276 89.3799941834556 610.9374525330647
60808 4528.82928 -8.001447290934959 85.23650027939125 618.8041723976769
60808 4948.82928 17.778409501225138 81.62585872733311 626.7203174220366
60808 5368.82928 43.36955127283834 76.72036163482645 632.3262575785337
60808 5788.82928 68.32012912756322 64.02420649793899 630.6308028054041
60808 6208.82928 80.45617789387416 -41.403828160079044 617.9414387078884
60808 6628.82928 57.638948754469986 -83.3765649746777 595.635008299884
60808 7048.82928 31.926103207142308 -90.9485906950203 570.8473371070852
60808 7468.82928 5.732219687631306 -95.0459928601124 553.2945832259169
60808 7888.82928 -20.588197689547037 -98.77299129635718 549.5367861183472
60808 8308.82928 -46.712386177274624 -104.17243961349207 559.1759201054633
60808 8728.82928 -71.87734779779811 -120.52161615987306 575.8592129655773
60808 9148.82928 -77.57056500821348 122.54655307429105 592.1563544208673
60808 9568.82928 -53.50520476311088 94.8459291836695 604.2524738874624
60808 9988.82928 -27.89729437368306 88.34886017527728 612.8953915301747
60808 10408.82928 -2.100648698395807 84.48827750982639 620.7355564494518
60808 10828.82928 23.652741118800144 80.77068230266842 628.4100893553571
60808 11248.82928 49.165357860927855 75.10283562731799 632.7402723886089
60808 11668.82928 73.67112652490093 56.379416711482925 628.6521353394885
60808 12088.82928 76.17737306927152 -62.00184279878405 613.3606368633015
60808 12508.82928 51.83165886625364 -85.75346037655905 589.6644704799428
60808 12928.82928 25.961042590915504 -91.95217895762224 565.6834655715231
60808 13348.82928 -0.28987735811027393 -95.80587240935296 550.9492693563013
60808 13768.82928 -26.596992074278095 -99.6885580879511 550.6213676891458
60808 14188.82928 -52.61574761814517 -106.06866253146934 562.6442299852307
60808 14608.82928 -77.01495003423159 -132.1354928657978 579.9344034342362
60808 15028.82928 -72.53521500705028 110.02302884968925 595.5046904023194
60808 15448.82928 -47.68545168431442 92.89896744424564 606.6493794808291
60808 15868.82928 -22.003885875324563 87.43102914831518 614.8905047154418
60808 16288.82928 3.797818672416009 83.7468252194983 622.7257829814223
60808 16708.829279999998 29.5151429137422 79.83043649401286 629.9515114749382
60808 17128.829279999998 54.92574650398468 73.04249971457142 632.6671326587812
60808 17548.829279999998 78.49486097508924 42.05835205937874 625.9758950166371
60808 17968.829279999998 70.9978496813945 -72.31121197199526 608.2017195884588
60808 18388.82928 45.96937435328529 -87.57552170802344 583.5524860846455
60808 18808.82928 19.974166419483268 -92.85499100116378 560.9417159709723
60808 19228.829279999998 -6.318257774532968 -96.56711595826526 549.3807158221692
60808 19648.829279999998 -32.595009349456355 -100.71143070730453 552.4528223741914
60808 20068.829279999998 -58.46853659333403 -108.56988166018463 566.5249540246667
60808 20488.829279999998 -81.04374359522747 -155.89233862892092 584.0535596034654
60808 20908.829279999998 -67.06305826512245 103.17652879277215 598.7566132152396
60808 21328.829279999998 -41.83757685118653 91.35790933199695 609.0148833105839
60808 21748.82928 -16.10659250035277 86.59257965172092 616.9571751418779
60808 22168.82928 9.689790729225905 82.99581311483853 624.7288721384941
60808 22588.82928 35.360886564998616 78.76928239035686 631.2465381407117
60808 23008.829279999998 60.631286450175914 70.27895099165185 632.0799909583606
60808 23428.829279999998 81.79598090786047 12.816344702025134 622.723836092415
60808 23848.829279999998 65.476291928697 -78.20616674490861 602.7257222735946
60808 24268.829279999998 40.07113819593274 -89.03723042217048 577.6480150744947
60808 24688.829279999998 13.976483630098574 -93.6871395940528 556.9684731059027
60808 25108.829279999998 -12.34037301130714 -97.34674524857921 548.8034287986264
60808 25528.82928 -38.5675198764588 -101.88688458014141 555.0168935174368
60808 25948.82928 -64.23230018501567 -112.07736577867358 570.6362775252361
60808 26368.829279999998 -82.06533367563426 163.19930186658902 587.9610783929364
60808 26788.829279999998 -61.41161824352383 98.9172571129971 601.6399826206061
60808 27208.829279999998 -35.97595860261126 90.0868732406677 611.0939697468611
60808 27628.829279999998 -10.211000754826644 85.8064734424288 618.8499922541495
60808 28048.829279999998 15.571768448041173 82.21624116500769 626.5391529578756
60808 28468.829279999998 41.1858428431502 77.53364776046126 632.1888071305344
60808 28888.82928 66.24675069377201 66.3092412891524 630.9744012528939
60808 29308.82928 81.54262013378026 -28.733293965293885 618.9839890046759
60808 29728.82928 59.7944726295208 -81.99801155730661 597.1118675092986
60808 30148.829279999998 34.14721729937537 -90.25549500556579 572.1462896971552
60808 30568.829279999998 7.973570421738465 -94.4739167606121 553.7888909450888
60808 30988.829279999998 -18.35118823120676 -98.16541404793043 549.0329139065135
60808 31408.829279999998 -44.50827798710094 -103.28435732005443 558.0587742016331
60808 31828.829279999998 -69.84702029601785 -117.4271013959097 574.7827929557061
60808 32248.829279999998 -79.21193332595213 130.2939050524526 591.603947214097
60808 32668.82928 -55.67157446342059 96.00087198854852 604.2209399320751
60808 33088.82928 -30.10572187428296 89.00329145097628 613.0116832388001
60808 33508.82928 -4.319461996101884 85.05289070509826 620.6633645014192
60808 33928.82928 21.441129799964774 81.38779401480785 628.1620941611973
60808 34348.82928 46.98436871892632 76.04374285396523 632.6674236549286
60808 34768.82928 71.69415548578965 60.06271496109572 629.1692249337499
60808 35188.82928 77.94985951970621 -55.687811904648484 614.5769199915185
60808 35608.82928 54.01972534534951 -84.65901806206872 591.216474249476
60808 36028.82928 28.198148225688016 -91.30573282371114 566.9060007103599
60808 36448.82928 1.9622364034662791 -95.23650786417781 551.2780833411001
60808 36868.82928 -24.354353127579223 -99.04838332111001 549.9907394353826
60808 37288.82928 -50.4163578852309 -105.01398470178871 561.5187038590452
60808 37708.82928 -75.16903088427587 -126.57926561098814 578.9567243962051
60808 38128.82928 -74.4992121973614 114.0524869846778 595.0563250699632
60808 38548.82928 -49.87731460392184 93.85590462736818 606.6139245315603
60808 38968.82928 -24.225687868536266 88.05066024017708 614.865634624653
60808 39388.82928 1.5707904409230895 84.31310271264522 622.4472863266169
60808 39808.82928 27.300582122524474 80.4852708798473 629.5420937226678
60808 40228.82928 52.75371297060819 74.17581008109245 632.5533674878432
60808 40648.82928 76.77505828439216 48.95697671725661 626.5563214676507
60808 41068.82928 73.00734611132611 -68.86864296381316 609.4911157580565
60808 41488.82928 48.1782579618704 -86.65678633397772 585.10655626751
60808 41908.82928 22.221522700829563 -92.24059109312869 562.0623988670062
60808 42328.82928 -4.0607772535818825 -95.99475544171851 549.5605170581314
60808 42748.82928 -30.352141790935686 -100.02693586727119 551.714516428803
60808 43168.82928 -56.28435204488228 -107.25506994819197 565.3993589510992
60808 43588.82928 -79.75259976573905 -144.5822995664173 583.161590135651
60808 44008.82928 -69.15100786205541 105.626983047976 598.3570407224323
60808 44428.82928 -44.04505607641813 92.18733014865694 608.8990751421193
60808 44848.82928 -18.335294101651563 87.18831528966766 616.7249647465815
60808 45268.82928 7.461119830295008 83.56871886062851 624.2084234989608
60808 45688.82928 33.15041336137097 79.47434272813327 630.6778471989836
60808 46108.82928 58.48181291032169 71.71645546344699 631.9253690615557
60808 46528.82928 80.84890476820473 26.494118482084957 623.321577261365
60808 46948.82928 67.5793608851163 -76.02491776696354 603.999427267799
60808 47368.82928 42.289083511199834 -88.23433541980125 579.0677890320661
60808 47788.82928 16.224291687405728 -93.0953968037659 557.8048373310489
60808 48208.82928 -10.088459203017186 -96.76606980092535 548.6528542532338
60808 48628.82928 -36.3369449678367 -101.14121849888096 554.0726311282733
60808 49048.82928 -62.087274632627874 -110.32571127822285 569.4869442034085
60808 49468.82928 -82.17917444807904 179.81883762363478 587.1691772991146
60808 49888.82928 -63.54875615904924 100.60752584759926 601.334316896181
60808 50308.82928 -38.185287474825394 90.82957493214401 610.9912322887033
60808 50728.82928 -12.435695920095284 86.38656786029183 618.5599629858966
60808 51148.82928 13.351217400328778 82.80215136542992 625.9434512900089
60808 51568.82928 38.98896441687054 78.30984628554675 631.573274124133
60808 51988.82928 64.1432216220741 68.27673084764645 630.8051706779892
60808 52408.82928 82.13457919107654 -13.342972741572343 619.5395022180438
60808 52828.82928 61.93590654231599 -80.45158465707406 598.2362744195977
60808 53248.82928 36.36249331473041 -89.53371657072432 573.2579873067311
60808 53668.82928 10.210631740116765 -93.89731369133504 554.2528434730845
60808 54000.0 -1.984230957728152e-05 -58.87090923842015 21441.861382189505
60808 54120.0 0.8491140036848527 -58.47552725007789 21441.86588113894
60808 54240.0 1.6982066352938743 -58.07997187404106 21441.879077109803
60808 54360.0 2.547216016887019 -57.68406979189492 21441.90098335625
60808 54480.0 3.3961003551545423 -57.28764696754167 21441.931575758194
60808 54600.0 4.244817656217353 -56.89052854880138 21441.970820952574
60808 54720.0 5.093325654326635 -56.4925385933733 21442.018676127307
60808 54840.0 5.9415817419369095 -56.09349979067273 21442.075089065504
60808 54960.0 6.789542898847064 -55.69323317968316 21442.13999820137
60808 55080.0 7.637165619866995 -55.29155786220259 21442.213332686213
60808 55200.0 8.484405840876773 -54.88829071056306 21442.295012464176
60808 55320.0 9.331218862904178 -54.48324606908448 21442.38494835795
60808 55440.0 10.177559274077828 -54.076235448312936 21442.48304216426
60808 55560.0 11.023380869068747 -53.667067211230155 21442.589186758938
60808 55680.0 11.86863656578134 -53.255546250489694 21442.70326621167
60808 55800.0 12.713278318969646 -52.841473655745204 21442.825155910046
60808 55920.0 13.557257030476013 -52.42464637011101 21442.954722693037
60808 56040.0 14.400522455709334 -52.00485683473146 21443.091824993568
60808 56160.0 15.243023106055933 -51.58189262043028 21443.236312990124
60808 56280.0 16.084706146803537 -51.15553604534857 21443.388028767207
60808 56400.0 16.925517290201995 -50.7255637774339 21443.54680648447
60808 56520.0 17.765400683197605 -50.29174642064731 21443.712472554344
60808 56640.0 18.604298789445945 -49.85384808362591 21443.884845828023
60808 56760.0 19.44215226505268 -49.411625929560635 21444.063737789496
60808 56880.0 20.27889982755381 -48.96482970599717 21444.24895275751
60808 57000.0 21.114478117611032 -48.513201253163636 21444.44028809529
60808 57120.0 21.948821552763153 -48.05647398944561 21444.63753442765
60808 57240.0 22.781862172653273 -47.59437237256114 21444.840475865385
60808 57360.0 23.61352947507582 -47.12661133489668 21445.04889023662
60808 57480.0 24.443750242032277 -46.65289569153513 21445.262549325016
60808 57600.0 25.2724483550969 -46.17291951935218 21445.481219114354
60808 57720.0 26.099544599251423 -45.6863655056058 21445.704660039468
60808 57840.0 26.92495645424644 -45.19290426441208 21445.932627243037
60808 57960.0 27.748597872592025 -44.69219361948447 21446.164870838245
60808 58080.0 28.570379043126714 -44.18387785152991 21446.40113617669
60808 58200.0 29.39020613906078 -43.66758690874738 21446.64116412155
60808 58320.0 30.207981049351417 -43.14293557891075 21446.88469132551
60808 58440.0 31.023601092116916 -42.60952262162021 21447.131450513367
60808 58560.0 31.83695870880316 -42.06692985943316 21447.381170768684
60808 58680.0 32.647941137610175 -41.51472122678409 21447.63357782461
60808 58800.0 33.4564300647181 -40.95244177580232 21447.888394358193
60808 58920.0 34.262301251659764 -40.37961663847054 21448.145340288014
60808 59040.0 35.06542413712042 -39.795749944962914 21448.404133074953
60808 59160.0 35.86566141139948 -39.20032369843264 21448.664488025428
60808 59280.0 36.66286856156718 -38.592796607219725 21448.926118597203
60808 59400.0 37.45689338534822 -37.972602876103984 21449.188736707143
60808 59520.0 38.247575471591496 -37.33915095923489 21449.45205304057
60808 59640.0 39.03474564520849 -36.6918222783811 21449.715777362228
60808 59760.0 39.818225374280324 -36.029969911584125 21449.979618828063
60808 59880.0 40.597826137021606 -35.352917258888354 21450.24328629782
60808 60000.0 41.37334874633373 -34.65995669369479 21450.50648864806
60808 60120.0 42.14458262952414 -33.95034821071626 21450.768935085096
60808 60240.0 42.911305060975465 -33.223318084122006 21451.03033545775
60808 60360.0 43.67328034553433 -32.47805755276547 21451.290400569396
60808 60480.0 44.4302589505614 -31.713721553190787 21451.54884248914
60808 60600.0 45.18197658488901 -30.92942752548157 21451.805374861622
60808 60720.0 45.92815322318012 -30.124254322288568 21452.059713215214
60808 60840.0 46.66849207473187 -29.297241257295376 21452.311575268322
60808 60960.0 47.40267849632189 -28.447387336312364 21452.560681233317
60808 61080.0 48.13037884953001 -27.573650722119453 21452.806754117933
60808 61200.0 48.85123930397473 -26.674948493126607 21453.049520023716
60808 61320.0 49.56488458919411 -25.750156766101576 21453.288708441192
60808 61440.0 50.270916699479244 -24.79811126453131 21453.524052541547
60808 61560.0 50.96891355792311 -23.817608426715744 21453.75528946432
60808 61680.0 51.65842764833344 -22.807407161358412 21453.982160601045
60808 61800.0 52.33898462646894 -21.766231373099583 21454.20441187431
60808 61920.0 53.01008192549445 -20.692773395825743 21454.42179401202
60808 62040.0 53.67118737449929 -19.585698487417837 21454.63406281668
60808 62160.0 54.32173785359915 -18.44365055510279 21454.840979429217
60808 62280.0 54.96113801447154 -17.26525929514727 21455.042310587163
60808 62400.0 55.5887591012575 -16.049148942973154 21455.237828876947
60808 62520.0 56.20393791353564 -14.793948838601102 21455.427312979944
60808 62640.0 56.80597596052718 -13.49830601569244 21455.61054791213
60808 62760.0 57.39413886368864 -12.160900018161438 21455.78732525689
60808 62880.0 57.967656073181395 -10.780460133705816 21455.957443390977
60808 63000.0 58.525720972149244 -9.355785205361183 21456.12070770325
60808 63120.0 59.06749145073658 -7.885766137254826 21456.276930805838
60808 63240.0 59.59209103893883 -6.3694111450914885 21456.42593273779
60808 63360.0 60.098610692822405 -4.805873712486161 21456.56754116073
60808 63480.0 60.586111331598794 -3.1944830979329653 21456.70159154644
60808 63600.0 61.05362722234933 -1.5347770923565072 21456.827927356127
60808 63720.0 61.50017030381822 0.17346344636408773 21456.94640021118
60808 63840.0 61.92473552925189 1.9301789548125208 21457.056870055294
60808 63960.0 62.32630728971995 3.7349953133799905 21457.159205307682
60808 64080.0 62.703866952630236 5.587188903923128 21457.253283007263
60808 64200.0 63.05640151465083 7.485653918406951 21457.338988947715
60808 64320.0 63.38291332394189 9.428873457403327 21457.41621780316
60808 64440.0 63.68243077428999 11.414896103291229 21457.48487324442
60808 64560.0 63.954019815106655 13.441319721665888 21457.544868045654
60808 64680.0 64.19679605931267 15.505284209614961 21457.596124181346
60808 64800.0 64.4099372097835 17.60347474812099 21457.638572913413
60808 64920.0 64.59269546935109 19.732136813735153 21457.672154868476
60808 65040.0 64.74440955480445 21.887103759215478 21457.69682010511
60808 65160.0 64.86451590759403 24.06383719898284 21457.712528171036
60808 65280.0 64.952558687845 26.25747976419115 21457.719248150213
60808 65400.0 65.00819815738323 28.46291907328694 21457.71695869976
60808 65520.0 65.03121710300637 30.674861058799934 21457.705648076637
60808 65640.0 65.02152502202665 32.887910167622614 21457.685314154038
60808 65760.0 64.97915988401677 35.09665347491139 21457.65596442766
60808 65880.0 64.9042873893111 37.29574547320937 21457.617616011612
60808 66000.0 64.7971977577974 39.479990249803805 21457.570295623987
60808 66120.0 64.6583001918194 41.64441795237825 21457.514039562324
60808 66240.0 64.48811525583494 43.784352844267865 21457.448893668712
60808 66360.0 64.28726549554445 45.8954708216532 21457.37491328483
60808 66480.0 64.05646467535954 47.97384494500941 21457.29216319673
60808 66600.0 63.79650604296898 50.015978258514274 21457.20071756956
60808 66720.0 63.50825003363946 52.018823868332156 21457.10065987229
60808 66840.0 63.192611807464836 53.97979286928679 21456.99208279251
60808 66960.0 62.85054897445776 55.896751209911116 21456.87508814131
60808 67080.0 62.48304981053272 57.76800694719911 21456.749786748474
60808 67200.0 62.091122207784565 59.59228956011234 21456.61629834803
60808 67320.0 61.67578354019531 61.368723075072715 21456.474751454207
60808 67440.0 61.23805156553564 63.09679472718033 21456.325283228132
60808 67560.0 60.77893642902958 64.77632076324913 21456.16803933515
60808 67680.0 60.29943378665444 66.40741081390843 21456.003173793142
60808 67800.0 59.800519026789175 67.99043204772666 21455.83084881188
60808 67920.0 59.283142538667654 69.52597409230229 21455.65123462359
60808 68040.0 58.74822595432389 71.0148154828247 21455.464509305002
60808 68160.0 58.19665927649119 72.45789219024752 21455.270858590913
60808 68280.0 57.62929879722057 73.85626859668386 21455.070475679662
60808 68400.0 57.04696570952042 75.2111111288944 21454.863561030525
60808 68520.0 56.450445315916426 76.52366463290096 21454.650322153397
60808 68640.0 55.840486742367865 77.79523147263731 21454.430973390867
60808 68760.0 55.217803072552236 79.02715326060256 21454.205735693067
60808 68880.0 54.58307182522256 80.2207950755367 21453.974836385376
60808 69000.0 53.93693570570327 81.37753198747623 21453.73850892927
60808 69120.0 53.28000357098905 82.49873769077371 21453.49699267673
60808 69240.0 52.612851556073956 83.58577503750486 21453.250532618145
60808 69360.0 51.93602431684696 84.6399882641789 21452.999379124376
60808 69480.0 51.25003635192008 85.6626967115904 21452.743787682914
60808 69600.0 50.555373372152786 86.65518984866308 21452.484018628653
60808 69720.0 49.852493692266 87.61872342498914 21452.220336869454
60808 69840.0 49.14182962385513 88.55451659201499 21451.953011606885
60808 69960.0 48.42378885338701 89.46374984858278 21451.682316052575
60808 70080.0 47.6987557923779 90.34756368215946 21451.4085271408
60808 70200.0 46.967092890014754 91.207057792118 21451.131925238784
60808 70320.0 46.22914190102052 92.04329079552151 21450.85279385936
60808 70440.0 45.485225103749926 92.85728032883807 21450.571419394284
60808 70560.0 44.73564646514084 93.6500034708639 21450.288090949674
60808 70680.0 43.98069275041108 94.42239742304088 21450.00310063913
60808 70800.0 43.22063457669573 95.17536039228519 21449.71674505878
60808 70920.0 42.455727410739115 95.90975263024103 21449.42931847333
60808 71040.0 41.68621251674779 96.62639758476345 21449.14107745753
60808 71160.0 40.91231784689911 97.3260831401557 21448.852367571173
60808 71280.0 40.13425886139244 98.0095629300377 21448.563492966958
60808 71400.0 39.35223933245294 98.67755765577131 21448.274724187995
60808 71520.0 38.56645208113066 99.3307564377439 21447.986362627445
60808 71640.0 37.77707966852762 99.96981816928155 21447.698708421394
60808 71760.0 36.98429504593233 100.59537285780834 21447.41205932295
60808 71880.0 36.188262163848464 101.20802294640548 21447.12671169285
60808 72000.0 35.389136542356944 101.80834460825781 21446.84296055363
60808 72120.0 34.58706580484303 102.39688900843717 21446.5610993652
60808 72240.0 33.78219017749977 102.974183528685 21446.281419737094
60808 72360.0 32.97464295667149 103.5407329522029 21446.004211126463
60808 72480.0 32.16455094612486 104.09702060641894 21445.729760534054
60808 72600.0 31.35203486617222 104.64350946252982 21445.458352201287
60808 72720.0 30.53720973650937 105.1806431912719 21445.190267309754
60808 72840.0 29.72018523452567 105.70884717490698 21444.925783683793
60808 72960.0 28.901066030745987 106.22852947584147 21444.66517549641
60808 73080.0 28.079952102941977 106.74008176264267 21444.408712979148
60808 73200.0 27.256939030407466 107.24388019445834 21444.15666213598
60808 73320.0 26.432118269755016 107.74028626506485 21443.909284461733
60808 73440.0 25.60557741352426 108.22964760791287 21443.666836665194
60808 73560.0 24.777400432799176 108.71229876364727 21443.429570397406
60808 73680.0 23.947667904990205 109.1885619116357 21443.197731985078
60808 73800.0 23.11645722779571 109.65874756711337 21442.971562169932
60808 73920.0 22.283842820345996 110.12315524554937 21442.75129585366
60808 74040.0 21.449896312447173 110.58207409584644 21442.5371618493
60808 74160.0 20.61468672277657 111.0357835039817 21442.329382638847
60808 74280.0 19.77828062682694 111.4845536686707 21442.12817413778
60808 74400.0 18.94074231534889 111.92864615060151 21441.93374546634
60808 74520.0 18.102133943985447 112.36831439675436 21441.746298728143
60808 74640.0 17.262515674753978 112.80380424127128 21441.56602879616
60808 74760.0 16.421945809966 113.2353543843141 21441.393123106343
60808 74880.0 15.580480919178147 113.66319685027102 21441.227761459217
60808 75000.0 14.73817595968619 114.08755742665655 21441.070115829414
60808 75120.0 13.895084391072057 114.50865608497749 21440.920350183642
60808 75240.0 13.051258284260781 114.9267073848076 21440.77862030703
60808 75360.0 12.20674842553793 115.341920862252 21440.645073638214
60808 75480.0 11.36160441592219 115.75450140395519 21440.519849113178
60808 75600.0 10.515874766310372 116.16464960773958 21440.40307701821
60808 75720.0 9.66960698873437 116.5725621309487 21440.294878851968
60808 75840.0 8.822847684093986 116.97843202750862 21440.195367196808
60808 75960.0 7.975642626686546 117.38244907469816 21440.10464559963
60808 76080.0 7.128036845855814 117.78480009057567 21440.022808462276
60808 76200.0 6.2800747050464345 118.18566924299027 21439.949940941606
60808 76320.0 5.431799978565569 118.58523835106344 21439.88611885939
60808 76440.0 4.583255926308105 118.98368718001728 21439.83140862203
60808 76560.0 3.7344853667292366 119.38119373018615 21439.785867150305
60808 76680.0 2.885530748292964 119.77793452104865 21439.749541819256
60808 76800.0 2.036434219682015 120.17408487107114 21439.722470407924
60808 76920.0 1.1872376989718842 120.56981917417437 21439.704681059535
60808 77040.0 0.3379829420294974 120.96531117359282 21439.69619225176
60808 77089.6008 -9.073976818790545e-06 121.1291194293404 21441.855008808256
60808 77209.6008 -0.395955967706845 121.97697153546711 21441.860144818977
60808 77329.6008 -0.7918156336636425 122.82490355034548 21441.84044298716
60808 77449.6008 -1.187502362164762 123.67299861735097 21441.848925962135
60808 77569.6008 -1.5829283446936326 124.52133535414525 21441.8551224581
60808 77689.6008 -1.9780068653123988 125.36999469014545 21441.862732526875
60808 77809.6008 -2.3726509592077356 126.21905697706809 21441.871726286616
60808 77929.6008 -2.766773598803304 127.068602375923 21441.882092456217
60808 78049.6008 -3.160287675844492 127.91871080530868 21441.89381817793
60808 78169.6008 -3.553105988427732 128.76946189913556 21441.90688872626
60808 78289.6008 -3.9451412285069902 129.62093496406092 21441.92128750594
60808 78409.6008 -4.336305969877016 130.47320893639366 21441.936996068165
60808 78529.6008 -4.726512656556433 131.3263623381551 21441.95399413075
60808 78649.6008 -5.115673591710939 132.18047323237715 21441.97225960065
60808 78769.6008 -5.50370092709355 133.0356191774306 21441.991768598593
60808 78889.6008 -5.8905066530886065 133.8918771803529 21442.012495485673
60808 79009.6008 -6.276002589416744 134.74932364912334 21442.034412892055
60808 79129.6008 -6.660100376532977 135.60803434378622 21442.05749174749
60808 79249.6008 -7.0427114677928975 136.46808432637792 21442.081701313902
60808 79369.6008 -7.4237471224259615 137.32954790957237 21442.10700921977
60808 79489.6008 -7.803118399384788 138.19249860401376 21442.133381496384
60808 79609.6008 -8.180736152125494 139.05700906428345 21442.160782615985
60808 79729.6008 -8.556511024371414 139.9231510334279 21442.189175531563
60808 79849.6008 -8.930353446912532 140.79099528601637 21442.21852171847
60808 79969.6008 -9.30217363552547 141.6606115697218 21442.24878121769
60808 80089.6008 -9.67188159003712 142.53206854533394 21442.279912680788
60808 80209.6008 -10.039387094622482 143.4054337252394 21442.31187341636
60808 80329.6008 -10.404599719381274 144.28077341031585 21442.34461943816
60808 80449.6008 -10.767428823260326 145.15815262524976 21442.37810551457
60808 80569.6008 -11.127783558376057 146.03763505225936 21442.4122852196
60808 80689.6008 -11.485572875804186 146.919282963244 21442.447110985275
60808 80809.6008 -11.840705532900245 147.80315715037713 21442.482534155282
60808 80929.6008 -12.193090102197356 148.68931685515705 21442.51850503993
60808 81049.6008 -12.542634981961571 149.57781969596775 21442.554972972357
60808 81169.6008 -12.88924840844555 150.46872159418288 21442.591886365717
60808 81289.6008 -13.23283846990865 151.36207669887992 21442.62919277172
60808 81409.6008 -13.573313122464546 152.25793731023822 21442.66683893991
60808 81529.6008 -13.910580207800686 153.15635380169584 21442.704770878147
60808 81649.6008 -14.244547472829915 154.0573745409603 21442.742933913793
60808 81769.6008 -14.575122591334821 154.9610458100055 21442.781272755816
60808 81889.6008 -14.902213187637734 155.86741172414173 21442.81973155771
60808 82009.6008 -15.225726862355517 156.77651415033046 21442.85825398092
60808 82129.6008 -15.545571220279749 157.68839262486964 21442.896783259082
60808 82249.6008 -15.861653900424189 158.603084270642 21442.93526226274
60808 82369.6008 -16.173882608271946 159.52062371408758 21442.97363356452
60808 82489.6008 -16.482165150258012 160.44104300211083 21443.01183950476
60808 82609.6008 -16.786409470517025 161.36437151913435 21443.04982225745
60808 82729.6008 -17.086523689912582 162.2906359045229 21443.087523896458
60808 82849.6008 -17.38241614736792 163.2198599706305 21443.124886461977
60808 82969.6008 -17.67399544351015 164.15206462172054 21443.161852027068
60808 83089.6008 -17.961170486628355 165.08726777404786 21443.1983627642
60808 83209.6008 -18.24385054094526 166.0254842773747 21443.234361011953
60808 83329.6008 -18.521945277190166 166.96672583824096 21443.269789341415
60808 83449.6008 -18.795364825456566 167.9110009452933 21443.304590622578
60808 83569.6008 -19.064019830314212 168.85831479700695 21443.33870809036
60808 83689.6008 -19.327821508143753 169.80866923214467 21443.372085410487
60808 83809.6008 -19.586681706644466 170.76206266329658 21443.404666744846
60808 83929.6008 -19.840512966464136 171.71849001386468 21443.436396816473
60808 84049.6008 -20.089228584884776 172.67794265886513 21443.467220974013
60808 84169.6008 -20.332742681487822 173.64040836991222 21443.49708525553
60808 84289.6008 -20.57097026571624 174.6058712647674 21443.525936451722
60808 84409.6008 -20.80382730623508 175.57431176183928 21443.553722168428
60808 84529.6008 -21.031230801984073 176.54570654000347 21443.580390888237
60808 84649.6008 -21.253098854801788 177.5200285041286 21443.605892031326
60808 84769.6008 -21.46935074349601 178.49724675668443 21443.63017601533
60808 84889.6008 -21.67990699921466 179.47732657579084 21443.653194314233
60808 85009.6008 -21.88468948197221 -179.53977059992667 21443.67489951617
60808 85129.6008 -22.0836214581616 -178.5540871793319 21443.695245380142
60808 85249.6008 -22.2766276788852 -177.56566941929668 21443.714186891495
60808 85369.6008 -22.463634458919252 -176.57456741742615 21443.731680316225
60808 85489.6008 -22.644569756117985 -175.5808350967019 21443.7476832539
60808 85609.6008 -22.819363251058707 -174.5845301817759 21443.76215468927
60808 85729.6008 -22.987946426711503 -173.58571416666882 21443.775055042435
60808 85849.6008 -23.15025264792395 -172.58445227367045 21443.786346217556
60808 85969.6008 -23.306217240486 -171.58081340325202 21443.795991649975
60808 86089.6008 -23.4557775695496 -170.57487007485446 21443.80395635185
60808 86209.6008 -23.598873117162558 -169.5666983584378 21443.810206956095
60808 86329.6008 -23.735445558679825 -168.55637779672645 21443.814711758623
