CIC_OEM_VERS = 2.0
CREATION_DATE = 2025-06-13T14:22:06.706840
ORIGINATOR = ISAE-SUPAERO


META_START
OBJECT_NAME = RED1
OBJECT_ID = RED1
CENTER_NAME = Earth
REF_FRAME = EME2000
TIME_SYSTEM = UTC
START_TIME = 2025-06-13T00:00:00.000
USEABLE_START_TIME = 2025-06-13T00:00:00.000
USEABLE_STOP_TIME = 2025-06-13T23:55:00.000
STOP_TIME = 2025-06-13T23:55:00.000
INTERPOLATION = lagrange
INTERPOLATION_DEGREE = 5
META_STOP



60839 0.0 482.54947 -3083.0711 -6252.414900000001 -3.2622875 5.973122900000001 -3.2288649
60839 420.0 -889.93515 -348.68636 -6931.594 -3.1615878 6.824157100000001 0.047327802
60839 840.0 -2083.8318 2455.9472 -6215.2182 -2.4266123 6.3033093000000004 3.3055781000000004
60839 1260.0 -2859.2431 4767.2425 -4247.7072 -1.2017009 4.5131743 5.9047789
60839 1680.0 -3057.9361000000004 6116.778200000001 -1421.794 0.27355969 1.7993679 7.321297400000001
60839 2100.0 -2635.8104 6224.2618 1692.7635 1.7034139000000001 -1.3000685 7.2521343
60839 2520.0 -1675.0248000000001 5059.5157 4459.7203 2.7929497999999997 -4.1522709 5.6917968000000005
60839 2940.0 -370.12422 2855.035 6307.0549 3.3122901000000002 -6.1626384 2.9484551000000003
60839 3360.0 1010.9875000000001 61.565766 6848.850200000001 3.1486488 -6.905997800000001 -0.41577754
60839 3780.0 2182.646 -2744.4315 5968.7487 2.3319434 -6.2198497 -3.7020805
60839 4200.0 2901.494 -4981.0469 3847.2862000000005 1.0308206 -4.2428731 -6.2212068
60839 4620.0 3018.8197999999998 -6185.136 925.82334 -0.48092759 -1.3918367 -7.4439235
60839 5040.0 2512.7369 -6112.188099999999 -2187.9934 -1.8849522 1.729085 -7.1237491
60839 5460.0 1491.4485 -4786.3631 -4853.0814 -2.8923447 4.4704763000000005 -5.3491726
60839 5880.0 166.88977 -2487.9111000000003 -6530.7198 -3.305947 6.2836571999999995 -2.5056229
60839 6300.0 -1191.5662 312.36454 -6889.1891 -3.0524754 6.8226522 0.82561969
60839 6720.0 -2310.9193 3050.0671 -5861.2677 -2.1866261 5.9913384 3.9860834
60839 7140.0 -2965.8417000000004 5174.6483 -3652.7194 -0.8774325300000001 3.9505512 6.3523021
60839 7560.0 -3021.6708 6253.7717 -705.07046 0.617947 1.0961208999999998 7.4427464
60839 7980.0 -2463.0362000000005 6060.9619 2385.5719 1.9975966 -2.0018459 7.017905600000001
60839 8400.0 -1400.343 4627.5414 4985.9363 2.9752954 -4.7071125 5.146145400000001
60839 8820.0 -49.682992 2242.1528 6557.1368 3.3438069 -6.4537154 2.2022203
60839 9240.0 1311.0709 -606.12075 6769.9901 3.0217095 -6.8708749 -1.2082257
60839 9660.0 2400.0937000000004 -3328.6162000000004 5576.5538 2.0723379 -5.8643024 -4.3750387
60839 10080.0 2991.1733 -5360.5382 3223.1447000000003 0.6929341600000001 -3.641216 -6.6329497
60839 10500.0 2962.5235000000002 -6281.9586 199.79718 -0.82568398 -0.67176315 -7.5091249
60839 10920.0 2322.9672 -5908.1996 -2865.6022000000003 -2.1646937 2.4161051000000002 -6.8331037
60839 11340.0 1208.0474 -4325.784799999999 -5344.2717999999995 -3.0511069 4.9846668 -4.768360899999999
60839 11760.0 -152.08123 -1866.035 -6737.5605000000005 -3.3141062000000003 6.5252928 -1.7558152
60839 12180.0 -1481.8281000000002 969.6735500000001 -6771.5824 -2.9100528 6.7473139 1.5949654
60839 12600.0 -2514.2052000000003 3610.8073 -5443.111900000001 -1.9216965000000001 5.6142981 4.6239429
60839 13020.0 -3040.8232000000003 5525.425 -3017.3069 -0.54157936 3.3441917 6.7309342
60839 13440.0 -2952.2769 6322.0037999999995 19.804103 0.95775956 0.37997959 7.4820161
60839 13860.0 -2262.4164 5830.7166 3052.127 2.2715781 -2.6820697 6.704951
60839 14280.0 -1108.9363 4144.3603 5456.5323 3.1257974 -5.2098249999999995 4.5419416
60839 14700.0 272.77288 1604.6157 6733.5702 3.3383751000000004 -6.6727369 1.4302735
60839 15120.0 1597.9388000000001 -1266.599 6614.6997 2.8605054 -6.7587712 -1.9878496
60839 15540.0 2591.7972999999997 -3875.0793 5121.1408 1.7884406 -5.4431025 -4.998999700000001
60839 15960.0 3047.9782000000005 -5679.6777 2562.274 0.34602226 -2.9994546 -6.969867900000001
60839 16380.0 2873.1654 -6308.5815999999995 -528.91188 -1.1623405 0.054308728 -7.4900709
60839 16800.0 2106.8121 -5638.8805 -3511.7397 -2.4214279000000003 3.0745871000000005 -6.4670060000000005
60839 17220.0 910.1635200000001 -3817.9531 -5776.8715999999995 -3.177213 5.442931 -4.135951200000001
60839 17640.0 -470.94512000000003 -1224.1203 -6870.8605 -3.286591 6.6954711 -0.98739562
60839 18060.0 -1757.5553 1616.1466 -6580.1425 -2.7356838 6.5987399 2.3471438
60839 18480.0 -2691.3939 4131.9867 -4965.3998 -1.6345645 5.1759200000000005 5.2119710999999995
60839 18900.0 -3083.265 5815.5707999999995 -2348.6742000000004 -0.19784247 2.7006556 7.0359577
60839 19320.0 -2850.4593 6320.6285 744.42572 1.2890716 -0.34087680000000004 7.438197000000001
60839 19740.0 -2036.2219 5536.1518 3684.5424 2.5219673 -3.3327317 6.3166503
60839 20160.0 -804.26023 3615.6015 5865.8559000000005 3.2423401 -5.6543892 3.8862788999999998
60839 20580.0 593.30449 949.89698 6834.2047 3.2958402 -6.8170694 0.64181931
60839 21000.0 1868.0003000000002 -1912.0914 6384.8150000000005 2.6668337 -6.5709512000000005 -2.7452503999999998
60839 21420.0 2755.2938 -4377.4002 4607.996700000001 1.4837196 -4.9613095000000005 -5.5662755
60839 21840.0 3071.1339 -5934.8229 1872.7094 -0.0055116663 -2.3255277000000003 -7.2277947000000005
60839 22260.0 2751.8146 -6264.9905 -1251.4703000000002 -1.4867086999999999 0.77741759 -7.387193900000001
60839 22680.0 1866.9013 -5307.8096 -4118.680600000001 -2.6520145000000004 3.696711 -6.0301036
60839 23100.0 601.44058 -3269.228 -6145.785 -3.2690744 5.8401029 -3.4596028000000003
60839 23520.0 -785.76962 -569.9825999999999 -6929.0954 -3.223627 6.7924961 -0.20942202000000001
60839 23940.0 -2015.2774 2244.016 -6317.130400000001 -2.5312959999999998 6.3788228 3.0734511
60839 24360.0 -2840.121 4607.342 -4433.7128 -1.3284867999999999 4.681393 5.7433187
60839 24780.0 -3092.3459 6041.5407000000005 -1654.6332 0.14979367 2.0275041000000003 7.2638146
60839 25200.0 -2717.0884 6249.5149 1460.3362 1.6079289 -1.0579802 7.3118103
60839 25620.0 -1786.8193999999999 5180.5975 4275.4596 2.7457566000000004 -3.9461063 5.8576440000000005
60839 26040.0 -489.59634000000005 3047.3889 6209.2143 3.3236499 -6.0354925999999995 3.186962
60839 26460.0 908.47025 285.63951000000003 6857.9977 3.2166796 -6.8848719 -0.15380815
60839 26880.0 2118.375 -2535.011 6083.2609 2.4428498 -6.309571200000001 -3.4712289000000003
60839 27300.0 2888.8902000000003 -4829.7417000000005 4043.5245 1.1615621 -4.4249823 -6.069858
60839 27720.0 3060.4888 -6123.2662 1162.9894 -0.35785594 -1.6279101 -7.4037924
60839 28140.0 2599.8969 -6152.1446 -1959.0648999999999 -1.795183 1.4888848000000001 -7.2021189
60839 28560.0 1605.9817 -4919.3154 -4679.2088 -2.8539075 4.2754045 -5.5281288
60839 28980.0 285.3601 -2686.3141 -6446.8022 -3.3258036000000004 6.172151 -2.747553
60839 29400.0 -1093.0566000000001 88.720712 -6911.7080000000005 -3.1259891 6.815868099999999 0.56923699
60839 29820.0 -2252.1232999999997 2846.1245 -5985.5866 -2.2990509 6.090400400000001 3.7658359
60839 30240.0 -2958.6577 5031.540900000001 -3854.062 -1.0066684000000001 4.1364401 6.212108100000001
60839 30660.0 -3067.8116 6200.8516 -943.01485 0.49761931 1.3324034999999999 7.4118981
60839 31080.0 -2553.4487999999997 6109.5948 2159.4375 1.9108610000000001 -1.7629896 7.1042972
60839 31500.0 -1516.7433999999998 4768.2682 4818.2172 2.9405419999999998 -4.5152133999999995 5.3331732
60839 31920.0 -168.20693 2446.3121 6482.7481 3.3687067 -6.3489876999999995 2.4518534
60839 32340.0 1214.916 -380.56939 6804.6832 3.1015167999999997 -6.875643500000001 -0.94759804
60839 32760.0 2346.309 -3128.395 5713.4439 2.1907354999999997 -5.978074899999999 -4.15767
60839 33180.0 2990.9946 -5227.2488 3433.9653 0.8252470100000001 -3.8404657 -6.5046074
60839 33600.0 3015.9633 -6243.153200000001 440.73015000000004 -0.70722616 -0.9143305500000001 -7.496517300000001
60839 34020.0 2418.8187000000003 -5971.4735 -2644.3845 -2.0846989 2.1811754000000003 -6.9376147
60839 34440.0 1326.4542 -4477.5858 -5187.8374 -3.0254287 4.8051921 -4.9667486
60839 34860.0 -35.264873 -2075.1348000000003 -6677.1777 -3.3470823000000003 6.4363345 -2.0069303
60839 35280.0 -1390.1203 745.51707 -6819.0339 -2.9945726 6.7656973 1.341221
60839 35700.0 -2466.0112000000004 3416.6277999999998 -5588.8133 -2.0409107 5.7363289 4.417707
60839 36120.0 -3045.9421 5400.463400000001 -3232.1657999999998 -0.67195744 3.5463367 6.6136086
60839 36540.0 -3009.9134 6292.001200000001 -220.93131 0.8423817800000001 0.6222997100000001 7.478497900000001
60839 36960.0 -2361.0871 5902.3413 2834.6473 2.195053 -2.4489666000000003 6.817524400000001
60839 37380.0 -1228.564 4303.3243 5307.2154 3.1043629 -5.034419 4.7483561
60839 37800.0 156.79055 1818.3865 6683.5261 3.3769234000000004 -6.5918451 1.6882851
60839 38220.0 1509.6036000000001 -1042.1145000000001 6674.590700000001 2.9513345 -6.789661199999999 -1.7316047
60839 38640.0 2549.4817000000003 -3686.4409 5278.8186 1.9128809000000002 -5.5799259 -4.797904000000001
60839 39060.0 3060.5152000000003 -5566.1053 2785.107 0.47811988000000005 -3.2136806 -6.8662589
60839 39480.0 2937.8943 -6293.500900000001 -287.21022 -1.0503297 -0.19203755 -7.505274900000001
60839 39900.0 2210.1877000000004 -5724.9685 -3301.0241 -2.352545 2.8476126 -6.5964277000000004
60839 40320.0 1030.8682 -3987.0817 -5639.9092 -3.16487 5.2811336 -4.351446
60839 40740.0 -357.43303000000003 -1441.712 -6834.933599999999 -3.3324868000000003 6.6302159000000005 -1.2447972
60839 41160.0 -1674.0625 1393.9361000000001 -6652.1795 -2.8302897 6.6423133 2.0990824
60839 41580.0 -2654.7031 3949.7983 -5130.9265000000005 -1.7590814000000001 5.3198113000000005 5.0223918
60839 42000.0 -3100.8819 5710.2924 -2574.5437 -0.32753382 2.9168959 6.943276300000001
60839 42420.0 -2919.0131 6314.0123 503.88085 1.1804348 -0.09538333900000001 7.462463
60839 42840.0 -2141.8999 5629.9731 3478.5532000000003 2.4570043 -3.1083943 6.4542364
60839 43260.0 -925.42803 3790.8437000000004 5736.9714 3.2349027 -5.4978974 4.109465
60839 43680.0 481.63802000000004 1170.5465 6809.2255000000005 3.347758 -6.7612076 0.9047444000000001
60839 44100.0 1788.9498999999998 -1691.6214 6469.137 2.7675255 -6.6277757 -2.4968899
60839 44520.0 2725.2763 -4202.889099999999 4784.3183 1.6123837 -5.119477700000001 -5.3843789
60839 44940.0 3096.3669 -5842.53 2104.4292 0.12422046 -2.5518121000000002 -7.150586100000001
60839 45360.0 2826.9517 -6273.7938 -1012.4607 -1.3829822 0.53089653 -7.4300832
60839 45780.0 1976.2789 -5415.3899 -3921.5126 -2.5954465 3.4810181 -6.1826529
60839 46200.0 722.57607 -3453.1377 -6030.3014 -3.2704742 5.6983744 -3.6891322
60839 46620.0 -677.4233 -792.7830799999999 -6918.164900000001 -3.2820003000000004 6.751999700000001 -0.46929324000000006
60839 47040.0 -1941.4956000000002 2027.1384 -6412.6736 -2.6347209 6.4470220000000005 2.8348173
60839 47460.0 -2815.7684 4439.9738 -4616.562400000001 -1.4564789 4.8450875 5.5733187
60839 47880.0 -3122.4717 5957.6528 -1888.0629 0.022824087 2.2546299 7.1972725
60839 48300.0 -2795.7383 6266.5079000000005 1223.6831000000002 1.5078992 -0.81304979 7.3635181
60839 48720.0 -1898.0157 5295.3095 4084.1198 2.6935863 -3.7339474 6.0180533
60839 49140.0 -610.50419 3236.3624 6102.693200000001 3.33043 -5.9002964 3.4233745
60839 49560.0 802.79521 509.93372999999997 6858.380700000001 3.2811905 -6.8549088000000005 0.10993734000000001
60839 49980.0 2049.7977 -2321.8186 6190.585400000001 2.551896 -6.3915368 -3.2347776
60839 50400.0 2871.6211000000003 -4671.902599999999 4235.5333 1.2925111 -4.6018924 -5.9102409
60839 50820.0 3098.0495 -6053.4087 1399.7051000000001 -0.23236651 -1.8624228 -7.3542188
60839 51240.0 2684.3435 -6184.3373 -1726.7292 -1.7013357000000002 1.246099 -7.271924
60839 51660.0 1719.7082 -5046.3462 -4498.8281 -2.8106176 4.0743062 -5.7011226
60839 51838.0 19999.999 0.0005050781 0.0005050781 -1.595e-07 3.1567408 3.1567408
60839 51958.0 19992.807 378.76374 378.76372 -0.11955992000000001 3.1556112 3.1556107000000004
60839 52078.0 19971.288 757.25533 757.25519 -0.23904206 3.1522151 3.1522134
60839 52198.0 19935.445 1135.2041000000002 1135.2037 -0.35836074 3.1465562 3.1465525
60839 52318.0 19885.294 1512.3385 1512.3374 -0.4774314 3.1386396 3.1386332
60839 52438.0 19820.875 1888.3876 1888.3856 -0.5961593000000001 3.1284709 3.1284609999999997
60839 52558.0 19742.233 2263.0817 2263.0782999999997 -0.71445917 3.1160573 3.1160433
60839 52678.0 19649.425 2636.1519 2636.1465 -0.83224608 3.1014078 3.1013889
60839 52798.0 19542.518 3007.3306000000002 3007.3226 -0.94943551 3.084533 3.0845084000000003
60839 52918.0 19421.588 3376.3513 3376.34 -1.0659433 3.0654449 3.065414
60839 53038.0 19286.722 3742.9494 3742.9339 -1.181686 3.0441572999999997 3.0441194
60839 53158.0 19138.017 4106.8617 4106.8412 -1.2965803 3.0206855 3.0206398
60839 53278.0 18975.58 4467.827200000001 4467.800700000001 -1.4105439 2.9950463 2.9949921
60839 53398.0 18799.527000000002 4825.5868 4825.553400000001 -1.5234949999999998 2.9672581 2.9671949
60839 53518.0 18609.985 5179.884 5179.8423 -1.6353525 2.9373409 2.9372678999999997
60839 53638.0 18407.09 5530.464400000001 5530.4133 -1.7460362 2.9053162 2.9052328000000003
60839 53758.0 18190.987 5877.0765 5877.0148 -1.8554666 2.871207 2.8711126
60839 53878.0 17961.831000000002 6219.4716 6219.397900000001 -1.9635652000000001 2.8350378000000003 2.8349317000000003
60839 53998.0 17719.787 6557.4042 6557.317 -2.0702545 2.7968345 2.7967162
60839 54118.0 17465.029 6890.6316 6890.529500000001 -2.1754579 2.7566245 2.7564935
60839 54238.0 17197.74 7218.915 7218.7963 -2.2790999000000003 2.7144369000000004 2.7142923999999997
60839 54358.0 16918.111 7542.018599999999 7541.8818 -2.3811062 2.6703017 2.6701434
60839 54478.0 16626.343 7859.7107000000005 7859.554099999999 -2.4814036 2.6242508 2.624078
60839 54598.0 16322.645 8171.7635 8171.5852 -2.5799202 2.5763172 2.5761295
60839 54718.0 16007.236 8477.9529 8477.751199999999 -2.6765853 2.5265351999999996 2.5263321000000003
60839 54838.0 15680.342 8778.0594 8777.832400000001 -2.7713295 2.4749407000000003 2.4747217
60839 54958.0 15342.196 9071.867699999999 9071.6134 -2.8640849 2.4215706 2.4213354
60839 55078.0 14993.043 9359.1669 9358.883300000001 -2.9547849999999998 2.3664632 2.3662113
60839 55198.0 14633.133 9639.750900000001 9639.436099999999 -3.0433648 2.3096581 2.3093892
60839 55318.0 14262.723 9913.4185 9913.0705 -3.1297606 2.2511961 2.2509098
60839 55438.0 13882.08 10179.973 10179.59 -3.2139106 2.1911191 2.190815
60839 55558.0 13491.477 10439.224 10438.803 -3.2957543 2.1294701000000003 2.1291481
60839 55678.0 13091.194 10690.985 10690.524 -3.3752332000000003 2.0662935000000004 2.0659532
60839 55798.0 12681.518 10935.075 10934.573 -3.4522902 2.0016346 2.0012757
60839 55918.0 12262.743 11171.32 11170.773000000001 -3.52687 1.9355397 1.935162
60839 56038.0 11835.17 11399.549 11398.956 -3.5989192 1.8680562 1.8676596
60839 56158.0 11399.106 11619.6 11618.958 -3.6683862 1.7992326 1.7988169
60839 56278.0 10954.863 11831.314 11830.62 -3.735221 1.7291181999999998 1.7286833
60839 56398.0 10502.76 12034.539 12033.792 -3.7993759000000003 1.6577633 1.6573091
60839 56518.0 10043.122 12229.129 12228.327000000001 -3.8608047 1.5852190000000002 1.5847455
60839 56638.0 9576.277699999999 12414.946 12414.086000000001 -3.9194635 1.5115375 1.5110445
60839 56758.0 9102.563 12591.855 12590.934000000001 -3.9753102 1.4367714 1.4362591
60839 56878.0 8622.3174 12759.73 12758.746000000001 -4.0283047000000005 1.3609745 1.3604428
60839 56998.0 8135.8854 12918.45 12917.402 -4.078409000000001 1.2842012 1.2836501
60839 57118.0 7643.6162 13067.901 13066.786 -4.1255873 1.2065063 1.2059361
60839 57238.0 7145.8629 13207.976 13206.792 -4.1698056 1.1279457 1.1273563999999998
60839 57358.0 6642.982599999999 13338.576000000001 13337.319 -4.2110322 1.0485756 1.0479674
60839 57478.0 6135.336 13459.605 13458.274 -4.249237600000001 0.96845308 0.9678260900000001
60839 57598.0 5623.2875 13570.977 13569.569 -4.2843944 0.88763544 0.8869899400000001
60839 57718.0 5107.2043 13672.612000000001 13671.126 -4.3164774 0.8061806699999999 0.80551691
60839 57838.0 4587.4568 13764.437 13762.87 -4.3454634 0.7241471500000001 0.72346542
60839 57958.0 4064.4177999999997 13846.386 13844.737000000001 -4.3713318 0.6415937 0.64089433
60839 58078.0 3538.4626000000003 13918.401 13916.666000000001 -4.3940639 0.55857952 0.55786285
60839 58198.0 3009.9686 13980.429 13978.608 -4.4136434 0.47516410000000003 0.47443052999999996
60839 58318.0 2479.3149 14032.427 14030.516 -4.4300562 0.39140726000000003 0.3906572
60839 58438.0 1946.8822 14074.356 14072.354000000001 -4.4432906 0.30736904 0.30660294
60839 58558.0 1413.0526000000002 14106.186 14104.092 -4.4533369 0.22310970000000002 0.22232804
60839 58678.0 878.20916 14127.896 14125.707 -4.4601880000000005 0.13868964 0.13789293
60839 58798.0 342.73553000000004 14139.468 14137.182 -4.4638388 0.054169396 0.053358185
60839 58918.0 -192.98404000000002 14140.895 14138.511 -4.4642868 -0.030390434 -0.031215579000000004
60839 59038.0 -728.5651700000001 14132.175000000001 14129.691 -4.4615315 -0.11492922 -0.11576769
60839 59158.0 -1263.6235 14113.315 14110.73 -4.455574800000001 -0.19938634 -0.20023750999999998
60839 59278.0 -1797.7752 14084.328 14081.64 -4.446421 -0.28370123 -0.28456444
60839 59398.0 -2330.6369 14045.235 14042.443000000001 -4.434076500000001 -0.36781343 -0.36868799
60839 59518.0 -2861.8262999999997 13996.063 13993.166000000001 -4.418550199999999 -0.45166262 -0.45254781000000005
60839 59638.0 -3390.9622000000004 13936.849 13933.844000000001 -4.399853 -0.53518867 -0.53608374
60839 59758.0 -3917.6647000000003 13867.633 13864.521 -4.3779984 -0.6183316600000001 -0.6192358400000001
60839 59878.0 -4441.5561 13788.467 13785.245 -4.353002000000001 -0.7010319500000001 -0.7019444499999999
60839 59998.0 -4962.2603 13699.406 13696.074 -4.324881500000001 -0.78323024 -0.78415022
60839 60118.0 -5479.4035 13600.514000000001 13597.072 -4.293657100000001 -0.86486754 -0.8657941600000001
60839 60238.0 -5992.6147 13491.862000000001 13488.308 -4.259351 -0.9458852900000001 -0.94681768
60839 60358.0 -6501.5255 13373.528 13369.863 -4.2219879 -1.0262254 -1.0271626
60839 60478.0 -7005.7706 13245.598 13241.819 -4.1815944 -1.1058301 -1.1067713000000001
60839 60598.0 -7504.988 13108.161 13104.269 -4.1381994 -1.1846424 -1.1855866000000002
60839 60718.0 -7998.8196 12961.317000000001 12957.312 -4.0918339 -1.2626057000000002 -1.263552
60839 60838.0 -8486.910699999999 12805.172 12801.053 -4.0425312 -1.339664 -1.3406114
60839 60958.0 -8968.911 12639.836000000001 12635.604 -3.9903265 -1.415762 -1.4167095
60839 61078.0 -9444.4745 12465.429 12461.083 -3.9352572 -1.4908451 -1.4917916
60839 61198.0 -9913.259699999999 12282.076000000001 12277.617 -3.8773626 -1.5648594 -1.5658040000000002
60839 61318.0 -10374.93 12089.908 12085.335000000001 -3.8166844 -1.6377518 -1.6386933
60839 61438.0 -10829.154 11889.063 11884.377 -3.7532658000000003 -1.7094698000000002 -1.7104072000000001
60839 61558.0 -11275.606 11679.684000000001 11674.887 -3.6871524 -1.7799621 -1.7808943
60839 61678.0 -11713.965 11461.923 11457.014000000001 -3.6183914 -1.8491779 -1.8501039000000001
60839 61798.0 -12143.916000000001 11235.935 11230.915 -3.5470323 -1.9170676000000002 -1.9179862
60839 61918.0 -12565.151 11001.882 10996.752 -3.473126 -1.9835823000000001 -1.9844924000000002
60839 62038.0 -12977.367 10759.932 10754.694 -3.3967256000000003 -2.0486743 -2.0495748
60839 62158.0 -13380.267 10510.259 10504.913 -3.3178859000000003 -2.1122969 -2.1131866
60839 62278.0 -13773.564 10253.041000000001 10247.589 -3.2366632 -2.1744042 -2.1752821
60839 62398.0 -14156.974 9988.4641 9982.9077 -3.1531160000000003 -2.2349517000000003 -2.2358165
60839 62518.0 -14530.221 9716.717 9711.0577 -3.0673041 -2.2938958 -2.2947465
60839 62638.0 -14891.922 9440.092400000001 9440.0957 -2.5332488 -2.2877105 -1.8993615
60839 62758.0 -15190.53 9162.211800000001 9208.8102 -2.4432322 -2.3433743 -1.9551832
60839 62878.0 -15478.220000000001 8877.7453 8970.903199999999 -2.3512647 -2.3974709 -2.0097169
60839 62998.0 -15754.756000000001 8586.8822 8726.5304 -2.2573573000000002 -2.4499808 -2.0629443000000003
60839 63118.0 -16019.908 8289.8142 8475.8496 -2.1615195 -2.5008831000000002 -2.1148461000000003
60839 63238.0 -16273.444 7986.7355 8219.021200000001 -2.0637599 -2.5501552000000003 -2.1654015
60839 63358.0 -16515.134000000002 7677.8431 7956.2080000000005 -1.9640862 -2.5977729 -2.2145879
60839 63478.0 -16744.748 7363.3372 7687.5758 -1.8625052000000002 -2.6437101 -2.2623815
60839 63598.0 -16962.059 7043.4211 7413.2932 -1.759023 -2.6879387 -2.3087567
60839 63718.0 -17166.838 6718.3015000000005 7133.532 -1.653645 -2.7304288000000003 -2.3536861
60839 63838.0 -17358.858 6388.189 6848.4675 -1.5463761 -2.7711484 -2.3971406
60839 63958.0 -17537.893 6053.298 6558.2785 -1.4372209 -2.8100633 -2.4390891000000003
60839 64078.0 -17703.716 5713.847400000001 6263.1477 -1.3261837 -2.8471369 -2.4794984
60839 64198.0 -17856.102 5370.0604 5963.2618 -1.2132686000000001 -2.8823306 -2.5183334
60839 64318.0 -17994.826 5022.164900000001 5658.8121 -1.0984797000000002 -2.9156031 -2.5555566
60839 64438.0 -18119.662 4670.394200000001 5349.9943 -0.98182143 -2.9469104 -2.5911282
60839 64558.0 -18230.388 4314.986900000001 5037.009099999999 -0.86329834 -2.9762062 -2.625006
60839 64678.0 -18326.779 3956.1872000000003 4720.062400000001 -0.74291562 -3.003441 -2.6571453000000003
60839 64798.0 -18408.614 3594.2455 4399.3657 -0.62067913 -3.0285627 -2.6874987000000004
60839 64918.0 -18475.669 3229.4189 4075.1362000000004 -0.49659566 -3.0515160000000003 -2.716016
60839 65038.0 -18527.723 2861.9708 3747.5974 -0.37067311000000003 -3.0722424999999998 -2.7426439
60839 65158.0 -18564.557 2492.1722000000004 3416.9795 -0.24292080000000002 -3.0906804 -2.7673264
60839 65278.0 -18585.951 2120.3016000000002 3083.5193 -0.1133497 -3.1067646 -2.7900041
60839 65398.0 -18591.689000000002 1746.6456 2747.4612 0.018027297 -3.1204265 -2.8106142
60839 65518.0 -18581.553 1371.499 2409.0572 0.151195 -3.1315937 -2.8290906000000002
60839 65638.0 -18555.331000000002 995.1659300000001 2068.5676000000003 0.28613561 -3.1401898000000004 -2.8453635
60839 65758.0 -18512.81 617.9595300000001 1726.261 0.42282834 -3.1461349000000003 -2.8593593999999998
60839 65878.0 -18453.783 240.20297 1382.4155 0.5612489900000001 -3.1493445 -2.8710008
60839 65998.0 -18378.043 -137.77021 1037.3183000000001 0.70136949 -3.1497303000000003 -2.8802062
60839 66118.0 -18285.388 -515.61563 691.26684 0.84315743 -3.1471993000000005 -2.8868899000000003
60839 66238.0 -18175.62 -892.97749 344.56915000000004 0.98657549 -3.1416543000000003 -2.8909618999999998
60839 66358.0 -18048.546000000002 -1269.488 -2.4557786999999998 1.1315809 -3.1329933000000003 -2.8923277
60839 66478.0 -17903.979 -1644.767 -349.47729 1.2781247 -3.1211097 -2.8908881
60839 66598.0 -17741.737 -2018.421 -696.1525600000001 1.4261512 -3.1058923 -2.8865393
60839 66718.0 -17561.646 -2390.0431000000003 -1042.126 1.5755972 -3.087225 -2.8791728
60839 66838.0 -17363.54 -2759.2122000000004 -1387.0288 1.7263908 -3.0649866 -2.8686748
60839 66958.0 -17147.261 -3125.4921 -1730.478 1.8784512 -3.0390514 -2.854927
60839 67078.0 -16912.664 -3488.4314 -2072.0763 2.0316871 -3.0092887 -2.8378058999999998
60839 67198.0 -16659.613 -3847.5627999999997 -2411.4112999999998 2.1859960000000003 -2.9755631 -2.8171828999999997
60839 67318.0 -16387.987 -4202.402400000001 -2748.0548 2.341263 -2.9377345999999998 -2.7929247
60839 67438.0 -16097.677 -4552.4493 -3081.5623 2.4973593999999997 -2.8956589 -2.7648930000000003
60839 67558.0 -15788.593 -4897.184700000001 -3411.4725 2.6541419 -2.8491872 -2.7329448000000003
60839 67678.0 -15460.662 -5236.0723 -3737.3066000000003 2.8114506 -2.7981674 -2.6969328999999997
60839 67798.0 -15113.831 -5568.5568 -4058.5678 2.9691080000000003 -2.7424436 -2.6567056
60839 67918.0 -14748.07 -5894.0643 -4374.741099999999 3.1269172 -2.6818575 -2.6121078000000004
60839 68038.0 -14363.373 -6212.001700000001 -4685.2925000000005 3.2846603 -2.6162486 -2.5629811
60839 68158.0 -13959.764000000001 -6521.7565 -4989.669 3.4420968 -2.545455 -2.5091644
60839 68278.0 -13537.293 -6822.697 -5287.2979000000005 3.5989617 -2.469315 -2.4504951999999998
60839 68398.0 -13096.047 -7114.1718 -5577.5872 3.7549636 -2.3876675 -2.3868101000000004
60839 68518.0 -12636.149 -7395.5105 -5859.9250999999995 3.9097832 -2.3003541 -2.3179459000000002
60839 68638.0 -12157.761 -7666.024 -6133.6806 4.0630709000000005 -2.2072205 -2.2437416
60839 68758.0 -11661.088 -7925.0047 -6398.2032 4.2144455 -2.1081183 -2.1640392999999998
60839 68878.0 -11146.387 -8171.728 -6652.8240000000005 4.363492 -2.0029075 -2.0786867000000004
60839 68998.0 -10613.961 -8405.453 -6896.8562 4.5097603 -1.8914588 -1.9875387000000002
60839 69118.0 -10064.175000000001 -8625.4239 -7129.5960000000005 4.6527633999999995 -1.7736565000000002 -1.8904604
60839 69238.0 -9497.4498 -8830.8724 -7350.3245 4.791976399999999 -1.6494018000000001 -1.7873294000000002
60839 69358.0 -8914.2746 -9021.0191 -7558.3087000000005 4.9268356 -1.5186161999999999 -1.6780395000000001
60839 69478.0 -8315.2075 -9195.0768 -7752.804099999999 5.0567378 -1.3812456 -1.5625036
60839 69598.0 -7700.8815 -9352.2536 -7933.0572 5.1810409 -1.2372644000000002 -1.4406582
60839 69718.0 -7072.008900000001 -9491.7561 -8098.3082 5.2990637 -1.0866801000000001 -1.312467
60839 69838.0 -6429.3861 -9612.7945 -8247.7952 5.4100885 -0.92953836 -1.1779257
60839 69958.0 -5773.897599999999 -9714.5865 -8380.757599999999 5.5133625 -0.7659280199999999 -1.037067
60839 70078.0 -5106.5204 -9796.3639 -8496.4415 5.6081021 -0.59598646 -0.8899650100000001
60839 70198.0 -4428.3269 -9857.3776 -8594.1043 5.6934967 -0.41990499000000003 -0.73674108
60839 70318.0 -3740.4882000000002 -9896.905400000001 -8673.0213 5.768715500000001 -0.2379341 -0.57756849
60839 70438.0 -3044.276 -9914.2587 -8732.4919 5.8329145 -0.050388630999999996 -0.41267769
60839 70558.0 -2341.0635 -9908.7909 -8771.846800000001 5.885245100000001 0.14234765 -0.24236105000000002
60839 70678.0 -1632.3256000000001 -9879.9058 -8790.455800000002 5.9248653000000004 0.33981797 -0.066977137
60839 70798.0 -919.6372600000001 -9827.0665 -8787.7357 5.9509509 0.54148942 0.11304571000000001
60839 70918.0 -204.67054000000002 -9749.8046 -8763.1592 5.9627096 0.74675096 0.29720670000000005
60839 71038.0 510.81002 -9647.7301 -8716.2634 5.9593951 0.95491282 0.48493111
60839 71158.0 1224.9539 -9520.5402 -8646.659 5.9403236 1.1652076 0.67557031
60839 71278.0 1935.8331 -9368.0286 -8554.0387 5.904889600000001 1.3767931000000002 0.86840338
60839 71398.0 2641.4523 -9190.0946 -8438.186 5.8525828 1.5887578000000002 1.0626406
60839 71518.0 3339.7619 -8986.7504 -8298.9829 5.7830049 1.8001277 1.2574291000000002
60839 71638.0 4028.6716 -8758.1287 -8136.417200000001 5.6958847 2.0098761 1.4518606
60839 71758.0 4706.0672 -8504.4877 -7950.5887 5.5910926 2.2169357 1.6449807
60839 71878.0 5369.827700000001 -8226.2155 -7741.7137999999995 5.468652100000001 2.4202120000000003 1.8358016000000001
60839 71998.0 6017.8449 -7923.8324 -7510.1286 5.3287489 2.6185994 2.0233147
60839 72118.0 6648.0428 -7597.9912 -7256.2910999999995 5.1717368 2.810998 2.2065061999999998
60839 72238.0 7258.398099999999 -7249.4755000000005 -6980.7802 4.9981389 2.9963318 2.3843731
60839 72358.0 7846.9601 -6879.1956 -6684.2937 4.8086457000000005 3.1735665 2.5559395
60839 72478.0 8411.8711 -6488.1826 -6367.6440999999995 4.6041079 3.3417277 2.7202735
60839 72598.0 8951.3841 -6077.579900000001 -6031.7523 4.3855255 3.4999173999999997 2.8765027
60839 72718.0 9463.8806 -5648.6336 -5677.639700000001 4.154033 3.6473292 3.0238287
60839 72838.0 9947.8855 -5202.6803 -5306.4181 3.9108808 3.7832612 3.1615404
60839 72958.0 10402.079 -4741.1338 -4919.2792 3.6574138 3.9071261 3.2890237000000004
60839 73078.0 10825.309000000001 -4265.4715 -4517.4821 3.3950488 4.0184583 3.4057701000000002
60839 73198.0 11216.594000000001 -3777.2189 -4102.34 3.1252496 4.116917900000001 3.5113811999999998
60839 73318.0 11575.131 -3277.9348 -3675.2076 2.8495030000000003 4.2022914 3.6055715
60839 73438.0 11900.296 -2769.1961 -3237.4667999999997 2.5692945 4.2744892 3.688167
60839 73558.0 12191.642 -2252.5834 -2790.514 2.2860862 4.3335408 3.7591027
60839 73678.0 12448.893 -1729.6667 -2335.7471 2.0012964 4.3795866 3.8184164000000003
60839 73798.0 12671.944 -1201.9933 -1874.5537 1.7162815 4.4128691 3.8662419
60839 73918.0 12860.843 -671.0754499999999 -1408.2999 1.4323215 4.4337215 3.9027993000000003
60839 74038.0 13015.791000000001 -138.38093 -938.32083 1.1506079 4.4425555 3.9283854000000002
60839 74158.0 13137.123 394.67619 -465.91184999999996 0.87223503 4.4398495 3.9433628
60839 74278.0 13225.301 926.74256 7.6785455 0.59819439 4.426135400000001 3.9481492
60839 74398.0 13280.898000000001 1456.5313 481.25474 0.32937151000000003 4.4019867999999995 3.9432063
60839 74518.0 13304.59 1982.8261000000002 953.67867 0.06654552700000001 4.368007400000001 3.9290296
60839 74638.0 13297.136 2504.4847000000004 1423.8732 -0.18960923 4.3248202000000004 3.9061386000000002
60839 74758.0 13259.374 3020.44 1890.8247 -0.43851984 4.2730581 3.8750678
60839 74878.0 13192.201000000001 3529.701 2353.584 -0.6797099799999999 4.2133548 3.836359
60839 74998.0 13096.568000000001 4031.3526 2811.2670000000003 -0.91279406 4.1463381 3.7905538
60839 75118.0 12973.466 4524.5542000000005 3263.0545 -1.1374706 4.0726233 3.7381881
60839 75238.0 12823.92 5008.5382 3708.1908 -1.3535152000000001 3.9928083 3.6797867
60839 75358.0 12648.974 5482.6073 4145.9823 -1.5607733000000001 3.9074692 3.6158593999999997
60839 75478.0 12449.69 5946.1319 4575.795700000001 -1.7591526 3.8171576000000003 3.5468976
60839 75598.0 12227.134 6398.5472 4997.055200000001 -1.9486164000000001 3.7223983 3.4733718
60839 75718.0 11982.378 6839.3495 5409.2402999999995 -2.1291764 3.6236876000000002 3.3957302
60839 75838.0 11716.486 7268.092900000001 5811.8828 -2.3008862 3.5214925 3.3143972
60839 75958.0 11430.516 7684.3859 6204.564 -2.4638355 3.4162507 3.2297725
60839 76078.0 11125.511 8087.8876 6586.911599999999 -2.6181442 3.3083703 3.1422317
60839 76198.0 10802.501 8478.3044 6958.597 -2.7639578 3.1982307000000003 3.0521256
60839 76318.0 10462.495 8855.3867 7319.332200000001 -2.9014419 3.086183 2.959781
60839 76438.0 10106.481 9218.925000000001 7668.8670999999995 -3.0307793000000003 2.9725514 2.8655016
60839 76558.0 9735.4256 9568.7476 8006.9865 -3.1521652 2.8576342 2.7695682
60839 76678.0 9350.271 9904.7168 8333.5077 -3.2658047000000003 2.7417051000000003 2.6722404
60839 76798.0 8951.9338 10226.726 8648.278 -3.3719097000000002 2.6250146 2.573757
60839 76918.0 8541.305400000001 10534.699 8951.172 -3.4706964 2.5077912 2.4743375000000003
60839 77038.0 8119.2507000000005 10828.583 9242.0896 -3.5623835 2.3902432 2.3741831
60839 77158.0 7686.6086 11108.352 9520.9539 -3.6471902000000003 2.2725596 2.2734780000000003
60839 77278.0 7244.1915 11373.999 9787.709 -3.7253345 2.154912 2.1723901000000003
60839 77398.0 6792.786099999999 11625.539 10042.318 -3.7970324 2.0374554000000002 2.0710728
60839 77518.0 6333.1530999999995 11863.002 10284.763 -3.8624964 1.9203298 1.9696653
60839 77638.0 5866.028 12086.436 10515.04 -3.921935 1.8036611 1.8682942
60839 77758.0 5392.1215999999995 12295.903 10733.16 -3.9755517 1.6875627 1.7670742000000002
60839 77878.0 4912.1205 12491.478000000001 10939.148000000001 -4.0235446 1.5721361 1.6661092000000002
60839 77998.0 4426.688099999999 12673.246000000001 11133.04 -4.0661061 1.4574722999999998 1.5654930999999999
60839 78118.0 3936.4649 12841.305 11314.883 -4.1034224 1.3436523 1.4653106
60839 78238.0 3442.0693 12995.76 11484.735 -4.1356733000000006 1.2307484 1.3656379
60839 78358.0 2944.0989 13136.724 11642.66 -4.1630323 1.1188247 1.2665438
60839 78478.0 2443.1306 13264.319 11788.731 -4.1856662 1.0079383 1.1680897000000001
60839 78598.0 1939.7216 13378.673 11923.029 -4.2037351 0.8981392100000001 1.0703311000000002
60839 78718.0 1434.4106000000002 13479.918 12045.64 -4.2173928 0.7894718800000001 0.97331729
60839 78838.0 927.71792 13568.193000000001 12156.657000000001 -4.2267865 0.6819751900000001 0.87709261
60839 78958.0 420.14676000000003 13643.64 12256.175000000001 -4.232057 0.5756832000000001 0.7816965
60839 79078.0 -87.81622800000001 13706.406 12344.298 -4.2333389 0.47062567 0.68716414
60839 79198.0 -595.70018 13756.64 12421.131 -4.2307606 0.36682846 0.5935268300000001
60839 79318.0 -1103.0493000000001 13794.496000000001 12486.782000000001 -4.2244445 0.26431399 0.5008123800000001
60839 79438.0 -1609.422 13820.128 12541.364 -4.2145074000000005 0.16310159999999999 0.4090455
60839 79558.0 -2114.3907000000004 13833.693000000001 12584.991 -4.2010602 0.063207927 0.31824806
60839 79678.0 -2617.5402999999997 13835.351 12617.783 -4.1842084999999996 -0.035352795 0.22843948
60839 79798.0 -3118.4685 13825.262 12639.857 -4.1640527 -0.13256842 0.13963695
60839 79918.0 -3616.7846 13803.589 12651.336000000001 -4.140688 -0.22842862 0.05185568
60839 80038.0 -4112.1089 13770.494 12652.344000000001 -4.1142046 -0.32292464000000004 -0.034890808999999995
60839 80158.0 -4604.0724 13726.142 12643.004 -4.0846883 -0.41604909 -0.12059052
60839 80278.0 -5092.316 13670.697 12623.444 -4.052220200000001 -0.50779569 -0.20523275000000002
60839 80398.0 -5576.4902 13604.326000000001 12593.791000000001 -4.016876900000001 -0.5981591100000001 -0.28880793
60839 80518.0 -6056.254400000001 13527.195 12554.174 -3.9787310000000002 -0.68713479 -0.37130744
60839 80638.0 -6531.2762999999995 13439.470000000001 12504.721 -3.9378511 -0.77471878 -0.45272343000000004
60839 80758.0 -7001.231900000001 13341.318000000001 12445.564 -3.8943018000000005 -0.86090756 -0.53304872
60839 80878.0 -7465.804400000001 13232.908 12376.833 -3.8481442 -0.9456979400000001 -0.61227665
60839 80998.0 -7924.6845 13114.407000000001 12298.661 -3.7994357 -1.0290869 -0.6904009200000001
60839 81118.0 -8377.5691 12985.983 12211.181 -3.7482303000000003 -1.1110715 -0.76741552
60839 81238.0 -8824.161900000001 12847.806 12114.526 -3.6945789 -1.1916488 -0.84331459
60839 81358.0 -9264.1721 12700.044 12008.831 -3.6385291000000004 -1.2708157000000002 -0.91809235
60839 81478.0 -9697.314699999999 12542.866 11894.229 -3.5801258 -1.3485686000000001 -0.99174295
60839 81598.0 -10123.31 12376.444 11770.858 -3.5194108 -1.424904 -1.0642604
60839 81718.0 -10541.882 12200.946 11638.852 -3.4564232 -1.4998177000000001 -1.1356386
60839 81838.0 -10952.762 12016.545 11498.35 -3.3911996 -1.5733050000000002 -1.2058711000000002
60839 81958.0 -11355.682 11823.41 11349.489 -3.323774 -1.6453606 -1.2749509
60839 82078.0 -11750.381 11621.716 11192.408 -3.2541781999999997 -1.7159787 -1.3428708
60839 82198.0 -12136.599 11411.633 11027.247 -3.1824415 -1.7851527 -1.409623
60839 82318.0 -12514.082 11193.337 10854.146 -3.1085911 -1.852875 -1.4751991
60839 82438.0 -12882.578 10967.002 10673.247 -3.0326524 -1.9191373 -1.5395899
60839 82558.0 -13241.836000000001 10732.803 10484.692000000001 -2.9546484 -1.9839303 -1.6027858000000001
60839 82678.0 -13591.612000000001 10490.918 10288.626 -2.8746005 -2.0472439 -1.664776
60839 82798.0 -13931.659 10241.524 10085.194 -2.7925282000000005 -2.1090665 -1.7255492
60839 82918.0 -14261.738000000001 9984.801800000001 9874.543599999999 -2.7084495000000004 -2.1693857 -1.7850929000000002
60839 83038.0 -14581.608 9720.9322 9656.8219 -2.6223806 -2.2281877 -1.8433937
60839 83158.0 -14891.03 9450.098 9432.1794 -2.5343362000000003 -2.2854575 -1.9004373
60839 83278.0 -15189.77 9172.4843 9200.7679 -2.4443298 -2.3411788000000002 -1.9562079
60839 83398.0 -15477.592 8888.277800000002 8962.7411 -2.3523734 -2.3953337 -2.0106888
60839 83518.0 -15754.262 8597.6676 8718.2548 -2.2584779 -2.4479029 -2.0638620000000003
60839 83638.0 -16019.549 8300.8454 8467.4673 -2.1626528 -2.4988656000000002 -2.1157081
60839 83758.0 -16273.222 7998.005099999999 8210.5388 -2.0649069 -2.5481992 -2.1662062
60839 83878.0 -16515.05 7689.3437 7947.6326 -1.9652478000000002 -2.5958796000000004 -2.215334
60839 83998.0 -16744.805 7375.0611 7678.914400000001 -1.8636825 -2.6418807 -2.2630676
60839 84118.0 -16962.258 7055.3606 7404.5531 -1.7602170000000001 -2.6861745000000004 -2.3093816
60839 84238.0 -17167.181 6730.4487 7124.720700000001 -1.6548568000000001 -2.7287311 -2.3542485
60839 84358.0 -17359.348 6400.535900000001 6839.5926 -1.5476068 -2.7695187000000003 -2.3976393
60839 84478.0 -17538.532 6065.8364 6549.3476 -1.4384718 -2.8085030000000004 -2.4395230000000003
60839 84598.0 -17704.506 5726.568700000001 6254.1686 -1.3274559 -2.8456477000000002 -2.4798665
60839 84718.0 -17857.046000000002 5382.956099999999 5954.2426 -1.2145634 -2.880914 -2.5186347000000002
60839 84838.0 -17995.926 5035.2262 5649.7608 -1.0997983999999998 -2.9142608 -2.5557902
60839 84958.0 -18120.923 4683.612 5340.9191 -0.98316521 -2.9456443 -2.5912933
60839 85078.0 -18231.811 4328.351900000001 5027.9182 -0.86466859 -2.975018 -2.6251018
60839 85198.0 -18328.369 3969.69 4710.9642 -0.7443136899999999 -3.0023329 -2.6571712
60839 85318.0 -18410.373 3607.8765 4390.268599999999 -0.62210638 -3.0275366 -2.6874541
60839 85438.0 -18477.601 3243.1679 4066.0487000000003 -0.49805346 -3.0505741 -2.7159003
60839 85558.0 -18529.832000000002 2875.8277000000003 3738.5281 -0.37216284000000005 -3.0713871 -2.7424569
60839 85678.0 -18566.847 2506.1264 3407.9368 -0.24444385 -3.0899137999999997 -2.7670677
60839 85798.0 -18588.426 2134.3424 3074.512 -0.11490743 -3.1060894 -2.7896735
60839 85918.0 -18594.352 1760.7618 2738.4979 0.016433507 -3.1198452000000003 -2.8102117
60839 86038.0 -18584.41 1385.6792 2400.1465 0.1495638 -3.131109 -2.8286162
60839 86158.0 -18558.386 1009.3983000000001 2059.7181 0.28446568 -3.1398047 -2.8448174
60839 86278.0 -18516.068 632.2320100000001 1717.4814 0.42111839 -3.1458521999999998 -2.8587419
60839 86398.0 -18457.249 254.50307999999998 1373.7143 0.55949776 -3.1491674 -2.8703123
