CIC_AEM_VERS = 1.0
CREATION_DATE = 2024-12-08T21:19:00.305Z
ORIGINATOR = CS Group

META_START
OBJECT_NAME = RED2
OBJECT_ID = RED2
CENTER_NAME = null
REF_FRAME_A = EME2000
REF_FRAME_B = SC_BODY_1
ATTITUDE_DIR = A2B
TIME_SYSTEM = UTC
START_TIME = 2024-12-08T14:03:43.190784
STOP_TIME = 2024-12-10T22:59:60.0
ATTITUDE_TYPE = QUATERNION
QUATERNION_TYPE = LAST
META_STOP

60652 50623.190784 -0.6175353137335522 0.4318866504837111 0.37559506306458257 -0.5394927302823237
60652 51223.190784 -0.44513230045943775 0.6080860467725394 0.18136826562524178 -0.6318181281289146
60652 51823.190784 -0.22598378875446806 0.7189541759313611 -0.031524211102597094 -0.6565382275582986
60652 52423.190784 0.015653866036649856 0.7534661003338738 -0.23984979428229197 -0.6119770161603405
60652 53023.190784 0.2542521145280197 0.7094065472244535 -0.42197543566124873 -0.5040187940063436
60652 53623.190784 -0.465797135209032 -0.5923801394818409 0.5598801870819419 0.3444604117915777
60652 54223.190784 -0.6294017666292271 -0.41446039577702637 0.6401091321469492 0.14945332193845054
60652 54823.190784 -0.7284813876512474 -0.19309414840128528 0.6543854876888303 -0.061718321438185536
60652 55423.190784 -0.7519816126641794 0.04976139112380929 0.6003219769787367 -0.2676956894026208
60652 56023.190784 -0.6960225718528347 0.2888736839933318 0.4823612027798287 -0.4465783741072592
60652 56623.190784 -0.5655635138316221 0.49801562994023996 0.3124473388751471 -0.5783554310175479
60652 57223.190784 -0.3747933929229491 0.6538034693482894 0.10922556625227386 -0.6481826222341313
60652 57823.190784 -0.14515203526990025 0.7395232845097465 -0.10469239964196893 -0.6489034595239329
60652 58423.190784 0.09825707820970422 0.747180569641819 -0.3062969789633843 -0.5815916983669238
60652 59023.190784 0.33022760829977094 0.6773719323476504 -0.47506166469591155 -0.4543494323982064
60652 59623.190784 -0.5276499604457642 -0.538024608121426 0.5944472313965388 0.28061990197125863
60652 60223.190784 -0.6709707473675242 -0.3431252577714294 0.652701956442236 0.07773975632090477
60652 60823.190784 -0.7453012940721593 -0.11176708426252124 0.6434571650815424 -0.1341528107608777
60652 61423.190784 -0.7418172194951905 0.1327921933953321 0.5665645278535225 -0.3332837860019538
60652 62023.190784 -0.6595096343237389 0.3645878046287037 0.4290480047390831 -0.4980367301511027
60652 62623.190784 -0.5065513002868516 0.5579377518286873 0.24533751943280216 -0.6098530534650206
60652 63223.190784 -0.2999441808701433 0.6913560227487913 0.0358372328886305 -0.6563353037205889
60652 63823.190784 -0.06275320966720051 0.7510098324045735 -0.17636923582567632 -0.6331983567274838
60652 64423.190784 0.17952940752265523 0.7318976874787272 -0.3688493726902731 -0.5441002730782698
60652 65023.190784 -0.40221185129074893 -0.6372486780389502 0.5223182328923183 0.39915336978049504
60652 65623.190784 -0.5832445923089227 -0.47718641638347475 0.6217923483464775 0.21329122133662332
60652 66223.190784 -0.7045317337012561 -0.2675288810912552 0.6572967837972918 0.004926662125577767
60652 66823.190784 -0.7530646825175319 -0.02890838896734736 0.6245014373479073 -0.20507521484196783
60652 67423.190784 -0.7224705158570445 0.2143031649080307 0.5256134549612665 -0.3947670239411315
60652 68023.190784 -0.6147722182451165 0.43579020299785853 0.3702566135531886 -0.5431869464237787
60652 68623.190784 -0.4413101496680006 0.6108541361062377 0.17517342089177093 -0.6335746592272954
60652 69223.190784 -0.22156120188019693 0.7203184262406986 -0.03787479283834077 -0.6562145218653566
60652 69823.190784 0.02019212827795495 0.753346303949636 -0.2456937242337918 -0.6096689414372023
60652 70423.190784 0.2584701494758854 0.7078650743306195 -0.4267551215999599 -0.5000002845609424
60652 71023.190784 -0.4693117127294513 -0.5895739187329283 0.5631505262129523 0.33913212096603673
60652 71623.190784 -0.6318784085368323 -0.41063785693596505 0.6415353318582258 0.1433131021698783
60652 72223.190784 -0.7296368685820777 -0.18860187178180782 0.6537780752015115 -0.0680705689115727
60652 72823.190784 -0.7516343534169797 0.054465872129292964 0.5976881251286117 -0.27358394071450803
60652 73423.190784 -0.6941661603087832 0.2932509325193115 0.47795193862537805 -0.45133045191185317
60652 74023.190784 -0.5624086903559617 0.5015449923566951 0.3067560557569525 -0.5814205086771983
60652 74623.190784 -0.37073791853681237 0.6560907888316053 0.1029122005108613 -0.6492359752473102
60652 75223.190784 -0.1406734987540436 0.7403708731147016 -0.11093570380872964 -0.6478851801146034
60652 75823.190784 0.10269518792585386 0.7465655427741776 -0.3118281464553895 -0.5786681223269233
60652 76423.190784 -0.33420756387044565 -0.6753966295888321 0.47935708935651217 0.44984606019779777
60652 77023.190784 -0.5308094982231383 -0.5348846106321942 0.5970986385865552 0.2749780822229807
60652 77623.190784 -0.6729981670940627 -0.3391001074604075 0.6534313928775266 0.07149824480718155
60652 78223.190784 -0.7459519258177527 -0.10723019379924496 0.642148729390333 -0.1403653064291289
60652 78823.190784 -0.7409672068641722 0.1373640876585586 0.5633051303062098 -0.3388008794916903
60652 79423.190784 -0.657219185944096 0.3686665722616225 0.4241676085976709 -0.5022247902487281
60652 80023.190784 -0.5030871576275122 0.561044922192885 0.2393838128655271 -0.6122314082516614
60652 80623.190784 -0.2957307983787342 0.6931581544222147 0.029486022739805808 -0.6566625025926585
60652 81223.190784 -0.058263835497010995 0.7513614912697494 -0.18242944907540115 -0.631490879601694
60652 81823.190784 0.18384743698222858 0.7308167455374829 -0.3740039369285736 -0.540581223794348
60652 82423.190784 -0.4059538353005601 -0.6348702530458913 0.5260721918019636 0.39419448805746854
60652 83023.190784 -0.5860578855733395 -0.4737329469317374 0.6237847880450935 0.20737836905573323
60652 83623.190784 -0.7061225367182243 -0.2633085579721871 0.6573109747098668 -0.001359765859282196
60652 84223.190784 -0.7532273471579306 -0.024333716981920425 0.6224927156780385 -0.21109062660158712
60652 84823.190784 -0.721140511208133 0.2187378656496531 0.5217528975370356 -0.3998550026412257
60652 85423.190784 -0.6120766730314036 0.43957054081570945 0.3649522409483119 -0.5467629722325738
60652 86023.190784 -0.43757113618152205 0.6135411607315497 0.16902966912672274 -0.6352383141970462
60653 223.190784 -0.2172258842676956 0.72164043803593 -0.04416841503852825 -0.6558179202403766
60653 823.190784 0.024651752521242586 0.7532157045637805 -0.25146929864321693 -0.6073068296470967
60653 1423.190784 0.2626250480019741 0.706340862234873 -0.43144528352065253 -0.4959492290820106
60653 2023.190784 -0.47277921242754506 -0.5868157691769567 0.5663088576350086 0.33379836294652276
60653 2623.190784 -0.6343210561306926 -0.4068841867682998 0.6428491226971377 0.13721174058608365
60653 3223.190784 -0.730777082715468 -0.18419091199699172 0.6530794236732311 -0.07433592462750935
60653 3823.190784 -0.7512982318434887 0.05908381050780142 0.5949971708011539 -0.27935360549552285
60653 4423.190784 -0.6923498467789595 0.2975512520270308 0.4735266947843443 -0.45594671992340535
60653 5023.190784 -0.5593150674310292 0.505020691061976 0.3010883690333856 -0.5843513934070178
60653 5623.190784 -0.36674575630610634 0.6583535249425672 0.09665538748117213 -0.6501737633110267
60653 6223.190784 -0.13624265275402803 0.7412179372461798 -0.1170946144429043 -0.6467787568740422
60653 6823.190784 0.10710900627153641 0.7459636262289582 -0.31726504723342314 -0.5756811781905337
60653 7423.190784 -0.3381936405598253 -0.6734309873942428 0.48355693741938666 0.4452959184359208
60653 8023.190784 -0.5339978794245842 -0.5317291680843416 0.599656632104865 0.2692996103803938
60653 8623.190784 -0.6750583799883241 -0.33502121655138595 0.6540657983796309 0.06522959035579454
60653 9223.190784 -0.746618579189566 -0.10261032293654565 0.6407362081920155 -0.14659103092457532
60653 9823.190784 -0.7401039943409659 0.14203018779680582 0.5599388729709484 -0.34429923300956666
60653 10423.190784 -0.6548912033405246 0.3728235012889167 0.41919750708620945 -0.5063532351299634
60653 11023.190784 -0.49957700591299353 0.5642014717455182 0.2333806047421503 -0.6145185170305191
60653 11623.190784 -0.29147140262278776 0.6949842549116645 0.023138260064596988 -0.6568911080226054
60653 12223.190784 -0.05372698752411081 0.7517205925103 -0.18844544105854025 -0.6296966550266879
60653 12823.190784 0.18821969723074267 0.7297230604152445 -0.3791064137295601 -0.5369878282993837
60653 13423.190784 -0.4097637669444002 -0.6324370479623788 0.5297842513569264 0.3891602275134859
60653 14023.190784 -0.5889428163993266 -0.4701648469497891 0.6257320342374854 0.20137228467028176
60653 14623.190784 -0.7077583334181091 -0.25891969198645326 0.6572507567723063 -0.007757402986276982
60653 15223.190784 -0.7533791677669226 -0.01956170947101814 0.620370428178117 -0.21720428388844082
60653 15823.190784 -0.7197377793448525 0.22335062042429488 0.5177562275997394 -0.4049944667788806
60653 16423.190784 -0.6092710857366617 0.443469826516733 0.3595248959419834 -0.5503318146831002
60653 17023.190784 -0.4337176159068179 0.6162836153968619 0.16280421716949064 -0.6368503135881366
60653 17623.190784 -0.21278573209885185 0.7229706341510822 -0.05049662574772923 -0.6553516500005409
60653 18223.190784 0.029204655411071617 0.7530593177825622 -0.25725798513313136 -0.6048694744227254
60653 18823.190784 0.26686823472741716 0.704751114709663 -0.43615177203345956 -0.4918117966875463
60653 19423.190784 -0.476330204460076 -0.5839366335273417 0.569483614760129 0.32835340239369265
60653 20023.190784 -0.6368248632745933 -0.4029571245147584 0.6441489546190856 0.1309647799266364
60653 20623.190784 -0.7319256763199226 -0.17957583215551354 0.6523155272270573 -0.08075752465105053
60653 21223.190784 -0.7509042989061874 0.06390098924800021 0.5921938752392436 -0.2852469308975319
60653 21823.190784 -0.6904205841028757 0.3019964172546828 0.46896993250953833 -0.4606351955879824
60653 22423.190784 -0.5560868189870507 0.5085652386084798 0.2953039743047547 -0.5873026567177948
60653 23023.190784 -0.36262740095937773 0.6606210067002217 0.09031268780157031 -0.6510951328353547
60653 23623.190784 -0.1317038034091588 0.7420275940514333 -0.1233203425325135 -0.6456324426107061
60653 24223.190784 0.111610107606786 0.7452898661188018 -0.3227672989038628 -0.572632054725305
60653 24823.190784 -0.34224745161565334 -0.6713627136607304 0.4878104270724628 0.4406583436269789
60653 25423.190784 -0.5372250865883134 -0.5284480846724587 0.6022399751930394 0.26351250525482867
60653 26023.190784 -0.6771137438732772 -0.330814068647976 0.6546873346728693 0.05885170907816278
60653 26623.190784 -0.7472359904558111 -0.09788927171520291 0.639279458132953 -0.15289813425882018
60653 27223.190784 -0.7391671204423459 0.14674792791046867 0.5565177340334497 -0.349835712038135
60653 27823.190784 -0.6524908654779438 0.37697573498190656 0.41418601086949286 -0.510484979311548
60653 28423.190784 -0.49601442886295855 0.5673060657300395 0.22736548347105037 -0.6167969285523661
60653 29023.190784 -0.2871934915584292 0.696737363436109 0.016798760847009257 -0.6571109087761233
60653 29623.190784 -0.04920556727240007 0.7520053548598579 -0.19445114963415974 -0.6278976897691646
60653 30223.190784 0.19255320369603024 0.7285641737010711 -0.38419994792573325 -0.533392827622883
60653 30823.190784 -0.4135204974436287 -0.6299569873372862 0.5334815920632476 0.3841254784944194
60653 31423.190784 -0.5917613889648523 -0.46657485723504716 0.6276594374665205 0.19537141982822206
60653 32023.190784 -0.7093199943724678 -0.25454140340507997 0.6571712273021757 -0.014134975845987677
60653 32623.190784 -0.7534625857147328 -0.014839144832497682 0.6182388451585104 -0.2232815756971017
60653 33223.190784 -0.7182918781537355 0.22788485708762057 0.5137689173894866 -0.41008141778550367
60653 33823.190784 -0.6064599069965505 0.4472770224583407 0.3541298530669159 -0.5538426613699425
60653 34423.190784 -0.4298991740485961 0.6189344628358576 0.15663344294021844 -0.6384142819667465
60653 35023.190784 -0.20842003889688576 0.7242271365036672 -0.05676091164404984 -0.6548544426414588
60653 35623.190784 0.03365655261188815 0.7528590100573832 -0.26296814788770945 -0.6024270085563959
60653 36223.190784 0.27099679042324837 0.7031607603822478 -0.4407626183959742 -0.48770277717446076
60653 36823.190784 -0.4797643851381037 -0.5811057777598341 0.5725636678927104 0.3229753179678624
60653 37423.190784 -0.6392241008636209 -0.39911972116734556 0.6453796971315936 0.12482405048999266
60653 38023.190784 -0.7330012716786524 -0.17508418746323676 0.6515185606579221 -0.08705301910931026
60653 38623.190784 -0.7504790230878748 0.06857800394873867 0.5893954220501697 -0.29101774816285375
60653 39223.190784 -0.6885051527101637 0.3063144258992103 0.46444837995866856 -0.4652094469498227
60653 39823.190784 -0.5529090784661068 0.5120144132054243 0.2895720385147678 -0.5901532225872086
60653 40423.190784 -0.3585845974987354 0.6628283167777272 0.08402957276825977 -0.6519315453440326
60653 41023.190784 -0.12725317090517926 0.7428079627909762 -0.12947200157876773 -0.6444221921350044
60653 41623.190784 0.11603007554669288 0.7446201293545865 -0.32816439054521296 -0.5695489595343639
60653 42223.190784 -0.34622810533422926 -0.6693281856306802 0.49194399831718777 0.4360240607084779
60653 42823.190784 -0.5403903085425396 -0.5252268416810787 0.6047065902130655 0.25776931346439524
60653 43423.190784 -0.6791284319766042 -0.32668899358654774 0.6552076906060845 0.05255241689065145
60653 44023.190784 -0.747840498511951 -0.09326201661784429 0.6377480228218484 -0.15910450788268923
60653 44623.190784 -0.738244543075899 0.15137429138924127 0.5530525835050938 -0.3552656166917976
60653 45223.190784 -0.6501290301939138 0.3810617163619411 0.40915493224119237 -0.514506028968678
60653 45823.190784 -0.49250299225676536 0.57038549292732 0.2213413778168642 -0.6189581460343849
60653 46423.190784 -0.2829479083126487 0.6984961973166132 0.010461375246865644 -0.6572169376573249
60653 47023.190784 -0.044682211997681145 0.7523089173430533 -0.20043430728254508 -0.6259879242295999
60653 47623.190784 0.19691903674694608 0.7274191427985077 -0.3892440445609185 -0.5296917569972153
60653 48223.190784 -0.41732302459201404 -0.6274731264044109 0.5371040980064388 0.37899624891328043
60653 48823.190784 -0.5946256972955232 -0.4629635340059609 0.6294846574029933 0.189299002614278
60653 49423.190784 -0.7109174262583321 -0.2501308377287102 0.6569693332684652 -0.02054926286149939
60653 50023.190784 -0.7535683649760319 -0.010083096384094832 0.615977126932259 -0.22935829954666734
60653 50623.190784 -0.7168531228247106 0.2324498546026772 0.5096582051488244 -0.41513513380119194
60653 51223.190784 -0.6036367152265147 0.4511176361439505 0.3486242153315466 -0.5572941331782537
60653 51823.190784 -0.42603901991131526 0.621624303665429 0.15036176355670952 -0.6398947715566933
60653 52423.190784 -0.20396748171905174 0.7255143229826141 -0.06311152018120171 -0.6542500818255089
60653 53023.190784 0.03824170781670348 0.752658835716117 -0.2687521217256717 -0.5998454349827719
60653 53623.190784 0.27528296561613225 0.701514292027495 -0.44542652176683906 -0.48341721176375724
60653 54223.190784 -0.4833471574157345 -0.5781577764090085 0.5756467647882423 0.3173955153822283
60653 54823.190784 -0.6417289633840711 -0.39512295209933085 0.6465466822620491 0.11848703698823834
60653 55423.190784 -0.7341222902982667 -0.1704226588061775 0.6505977353290492 -0.09350490381457639
60653 56023.190784 -0.7500430769406334 0.07340611882413271 0.5864358202968067 -0.29688373671424945
60653 56623.190784 -0.6865359862512465 0.3107493626121536 0.4597563053003345 -0.4698162544599262
60653 57223.190784 -0.54964279686145 0.5155427788314781 0.2836813887161197 -0.5929867694553854
60653 57823.190784 -0.3544181188875488 0.6650785715862949 0.07760962737112101 -0.6527135944350022
60653 58423.190784 -0.12264541221098436 0.7435910859645652 -0.13573988993431838 -0.6431213587016492
60653 59023.190784 0.12061583397789412 0.743897950538096 -0.3336692179935631 -0.5663325107590076
60653 59623.190784 -0.35036682911348827 -0.6671793381118553 0.4961542726063255 0.43121427808929796
60653 60223.190784 -0.5436785726820451 -0.5218316972525796 0.6071986948895561 0.2518234188341628
60653 60823.190784 -0.6812046875955273 -0.32234863001192254 0.6556911908216924 0.04604993600590241
60653 61423.190784 -0.7484334091491414 -0.08841426901423144 0.6361159027326546 -0.16548990118642584
60653 62023.190784 -0.7372428666152995 0.15619612223105306 0.5494401351516177 -0.3608202667664466
60653 62623.190784 -0.6476357080950061 0.38529061286176675 0.4039571702308935 -0.5185920726929144
60653 63223.190784 -0.48882977744012107 0.573538695765641 0.21516121749806147 -0.621131599286368
60653 63823.190784 -0.27854009487757475 0.7002623360449481 0.004000257724347922 -0.6572914682244115
60653 64423.190784 -0.04002272393952573 0.7525662704310345 -0.20650780505152602 -0.6240165996436187
60653 65023.190784 0.20137989566580564 0.7261891916672732 -0.3943520607805079 -0.5259104939867887
60653 65623.190784 -0.42117805778802037 -0.6248795129570421 0.5407632534127516 0.37377766343501184
60653 66223.190784 -0.5974986033841412 -0.45922691357842516 0.6313216780640895 0.18313655999165357
60653 66823.190784 -0.7124820936962268 -0.24559538072918424 0.6567498070259554 -0.02705302382541417
60653 67423.190784 -0.7536025744403533 -0.005213449775743431 0.6136689985092654 -0.2355129295961111
60653 68023.190784 -0.7153121175156181 0.23710232809710016 0.5054792951584182 -0.42024010126641476
60653 68623.190784 -0.6006955195626875 0.45500498519945975 0.3430421818622602 -0.5607650289418309
60653 69223.190784 -0.4220677696793422 0.6243146901336174 0.14402180460107114 -0.6413639257712597
60653 69823.190784 -0.19942945330121434 0.7267627580109967 -0.06950942965643574 -0.6536147381394223
60653 70423.190784 0.0428640574362547 0.7523966684442002 -0.2745533607891372 -0.5972289158886731
60653 71023.190784 0.27955226838146796 0.6998070090344164 -0.4500802517866683 -0.4791121437625321
60653 71623.190784 -0.4868687377002242 -0.5751672590281434 0.5787122157413663 0.311823071218217
60653 72223.190784 -0.6441555150056676 -0.3911154833519953 0.6476959219496746 0.11217104733343308
60653 72823.190784 -0.7351657184551161 -0.16577069738105246 0.6496651687585079 -0.09993303157691118
60653 73423.190784 -0.7495349571062995 0.07821463126982763 0.5834682699964028 -0.3027285870848464
60653 74023.190784 -0.6844999862073132 0.3151563721293654 0.4550545725252946 -0.47440654086159706
60653 74623.190784 -0.5463217971615075 0.5190314912648663 0.277779659693955 -0.5957996858692527
60653 75223.190784 -0.3502290554933159 0.667274102908593 0.07118602206923628 -0.6534657072392939
60653 75823.190784 -0.11806773016523434 0.7443144191034368 -0.1419942818430225 -0.6417894362890583
60653 76423.190784 0.12512356400083038 0.7431352182123517 -0.3391239819758079 -0.5631066204841516
60653 77023.190784 -0.3543816137351973 -0.6650355703041956 0.5002915353602956 0.42643843837469547
60653 77623.190784 -0.5468262905523239 -0.5185111695014285 0.6096148868548277 0.24596110421776415
60653 78223.190784 -0.683161514673554 -0.31814992756572363 0.6561228904294648 0.03967015393648976
60653 78823.190784 -0.748956164880618 -0.08374146397373078 0.6344765907728711 -0.17173085354730944
60653 79423.190784 -0.7362276402130221 0.16084070182496996 0.5458609509082436 -0.36624438930359615
60653 80023.190784 -0.6451731297660088 0.38936957385463183 0.3988149499939673 -0.5225797577839238
60653 80623.190784 -0.48521491486516055 0.5765835802676529 0.20903629457932266 -0.6232348585458587
60653 81223.190784 -0.2742091946465333 0.7019598110417602 -0.0024216706508760908 -0.6573095745269307
60653 81823.190784 -0.03544848883989466 0.7527860304836306 -0.21254105297293374 -0.6219991139453679
60653 82423.190784 0.20575132798517243 0.7249557810973205 -0.3993934460009479 -0.5221018883105095
60653 83023.190784 -0.4249362373263726 -0.622331127698587 0.5443259390924906 0.36856808561701054
60653 83623.190784 -0.6002793099829375 -0.45559477731797615 0.6330537160314371 0.1770342947165341
60653 84223.190784 -0.7139828421963399 -0.24120834377023487 0.6564516582988946 -0.03344033883631904
60653 84823.190784 -0.7536224002157851 -5.147221853206149E-4 0.6113277623751153 -0.2415189017520275
60653 85423.190784 -0.7138095680944233 0.24159310929309621 0.5013127118362388 -0.4251990533742319
60653 86023.190784 -0.5978306352619734 0.45876848047082247 0.3375035391503766 -0.5641111361511384
60654 223.190784 -0.41818751081590166 0.6269258916014366 0.13774352985291133 -0.6427362228947454
60654 823.190784 -0.19498716695069798 0.7279716240581232 -0.07583584364318434 -0.6529059994437528
60654 1423.190784 0.04740143347863646 0.7521285291652083 -0.2802707073703116 -0.5945621164437707
60654 2023.190784 0.28375546913151467 0.6981222641168361 -0.45463323725978927 -0.47478074693591
60654 2623.190784 -0.4903465541076575 -0.5722272795404123 0.5816591746745505 0.3062495745979829
60654 3223.190784 -0.6465546735046678 -0.3871691384365425 0.6487320595417204 0.10589536030599084
60654 3823.190784 -0.7361996970011895 -0.16118520675627818 0.6486402542264925 -0.10627867074481036
60654 4423.190784 -0.7490388501038141 0.08295604731442052 0.580440069209775 -0.308461377330899
60654 5023.190784 -0.6824990429643761 0.3195052713876381 0.4503316876172507 -0.47886617027727196
60654 5623.190784 -0.5430523813055614 0.5224805393748209 0.27189692619966455 -0.5984816276679923
60654 6223.190784 -0.3460911170459187 0.6694534451591154 0.0648165659942327 -0.6541038420917696
60654 6823.190784 -0.11352467369395354 0.7450408627641121 -0.14816648865921037 -0.64036938786359
60654 7423.190784 0.12961970857507227 0.742384083002187 -0.34448675918620697 -0.559815574273617
60654 8023.190784 -0.35841501795596203 -0.6628935278202154 0.5043361307083851 0.42161109205023467
60654 8623.190784 -0.5500120272102874 -0.5151594628137285 0.6119404688064645 0.24005491128994874
60654 9223.190784 -0.6851547684606805 -0.3138788657322343 0.6564580507092872 0.033254000679623114
60654 9823.190784 -0.7494918614257753 -0.07896771363210381 0.6327280745725341 -0.17799222878535523
60654 10423.190784 -0.7351909060264157 0.16559272113038231 0.5421688111785887 -0.37165355183273746
60654 11023.190784 -0.6426630848905168 0.39353486030243817 0.3935781554953081 -0.5265080327617576
60654 11623.190784 -0.48154356808172505 0.5796813926946356 0.20285947058775855 -0.6252465995074129
60654 12223.190784 -0.2698215317994853 0.7036813711071274 -0.008840527592807845 -0.6572295748108522
60654 12823.190784 -0.0308184176848796 0.7530102498446792 -0.21853306309240564 -0.6198944177000666
60654 13423.190784 0.21018441948158412 0.7237023196167695 -0.40438792796921963 -0.5182160419180961
60654 14023.190784 -0.4287680905697298 -0.6197153368716515 0.5478513858387115 0.3632763201611782
60654 14623.190784 -0.603133449702235 -0.4518320314433932 0.6347404855772882 0.17082849054278468
60654 15223.190784 -0.7155239283000254 -0.23663867010999065 0.6560729766045047 -0.03994868218076874
60654 15823.190784 -0.7536217609344917 0.0043912407636004245 0.6088646565293722 -0.24762630813369085
60654 16423.190784 -0.7122230800899332 0.24626396504175094 0.49700355986471945 -0.4302090249993835
60654 17023.190784 -0.594845967132705 0.4626478449082395 0.3318385785922511 -0.5674490327294539
60654 17623.190784 -0.4141847685634223 0.6295874656744288 0.1313814814341766 -0.6440570680396848
60654 18223.190784 -0.1904305758935776 0.7291834051555856 -0.0822030155520859 -0.6521276114723934
60654 18823.190784 0.05204135846562385 0.751825993507232 -0.28601211838220325 -0.591816222010212
60654 19423.190784 0.28805402871787916 0.6963595667320754 -0.45921084327764045 -0.47035479350842596
60654 20023.190784 -0.49390792021071095 -0.569154039789152 0.5846234978905063 0.3005561695575176
60654 20623.190784 -0.6490066414833832 -0.3830455450236723 0.649747618675133 0.09947121077965863
60654 21223.190784 -0.7372297492155812 -0.15640316756310385 0.6475437208687908 -0.11277178552794416
60654 21823.190784 -0.7484766082298607 0.08787737794092988 0.5772997650020825 -0.31430131197227107
60654 22423.190784 -0.6803853461313599 0.32397335183924586 0.4454867229139958 -0.48338248600368455
60654 23023.190784 -0.5396568811298488 0.5259762316822953 0.265911724364591 -0.6011741920607924
60654 23623.190784 -0.34183874602204944 0.6716229980679055 0.05837327591831353 -0.6547223692855739
60654 24223.190784 -0.10888387300745991 0.7457213116496049 -0.15439994221015008 -0.6389089805253879
60654 24823.190784 0.13419764067261775 0.7415544650448369 -0.34991442121773814 -0.5564601211531911
60654 25423.190784 -0.36251436256773145 -0.6606422071271595 0.508433242442677 0.4166903515483563
60654 26023.190784 -0.5532338354946621 -0.5116749522489253 0.6142878975468252 0.23403300073371355
60654 26623.190784 -0.6871378608323335 -0.30947397041710445 0.6567748952066541 0.02672375107140435
60654 27223.190784 -0.7499719606244518 -0.07409093981102771 0.6309299778203028 -0.18433652378925458
60654 27823.190784 -0.7340757744246612 0.1703939760268338 0.5384187884841147 -0.3770992688190987
60654 28423.190784 -0.64007855969572 0.39769054854309627 0.3883002059038041 -0.5304381350472523
60654 29023.190784 -0.4778205809246783 0.5827240872986653 0.19667103291592994 -0.6272484637992521
60654 29623.190784 -0.26541711803614243 0.7053290142504758 -0.015253513909804077 -0.6571393044273367
60654 30223.190784 -0.026205850003260568 0.7531598118266722 -0.22451635057540315 -0.6177831007717199
60654 30823.190784 0.21457599218895654 0.7223851432409962 -0.4093702251619562 -0.5143275873912069
60654 31423.190784 -0.4325422535114963 -0.6170566864142443 0.5513568714103104 0.35798581679628605
60654 32023.190784 -0.6059162371510192 -0.44805503438991423 0.6364023318890455 0.16463375012672185
60654 32623.190784 -0.7169880943380628 -0.23208932099750676 0.655672985063705 -0.046427969092346914
60654 33223.190784 -0.7535537393769326 0.009237662116891369 0.6063934581141606 -0.2536895768966589
60654 33823.190784 -0.7105985902583463 0.2508493030481812 0.49270744042414777 -0.43515933729356837
60654 34423.190784 -0.5918627047348916 0.46643182670146255 0.3262105214391403 -0.5707246144036892
60654 35023.190784 -0.41022476954715503 0.6321588374716677 0.12507662885093337 -0.645326800599308
60654 35623.190784 -0.18595501659686595 0.7303252841373604 -0.0885032541401266 -0.6513162712221698
60654 36223.190784 0.05657896366820635 0.751485565656975 -0.2916700121163846 -0.5890644018369096
60654 36823.190784 0.29223950248838676 0.6946027201783856 -0.46368811615303734 -0.46595757880366656
60654 37423.190784 -0.4973547770620413 -0.5661339684435548 0.5874907826830388 0.2949324257696841
60654 38023.190784 -0.6513583466313064 -0.3790151143810803 0.6506933060436911 0.09315615285293163
60654 38623.190784 -0.7381926844316992 -0.1517455557872177 0.6464139221509801 -0.1191381055738962
60654 39223.190784 -0.747888604648815 0.092662558878356 0.5741633118038911 -0.32001996281005884
60654 39823.190784 -0.6782889138920365 0.3283237165558968 0.44067319354066276 -0.4877856321508025
60654 40423.190784 -0.5363110465772564 0.5293877034812826 0.25997261696875273 -0.6037659804497432
60654 41023.190784 -0.3376557871792455 0.6737419636685626 0.051983048901966915 -0.6552542242544102
60654 41623.190784 -0.10432246404500747 0.7463786510650786 -0.1605609248129502 -0.6373820849012481
60654 42223.190784 0.13870071597095676 0.7407331029796056 -0.35523277043209495 -0.553069851239866
60654 42823.190784 -0.36654181398040375 -0.6584277944057746 0.5124062192369322 0.41177640127284515
60654 43423.190784 -0.556394578210592 -0.5082561024404004 0.6165134873740763 0.22806123641646175
60654 44023.190784 -0.6890822573834825 -0.305158069943182 0.6569877286399093 0.020281008959342872
60654 44623.190784 -0.7504430774807697 -0.06931496348318861 0.6290575132480097 -0.1905709010440628
60654 45223.190784 -0.7329803664846466 0.175099371329795 0.5346277288782402 -0.3824306264179671
60654 45823.190784 -0.637538977533909 0.40177987742411037 0.3830059924362267 -0.5342503083574456
60654 46423.190784 -0.4741528324588876 0.5857415834690073 0.19047962468121704 -0.629129081705604
60654 47023.190784 -0.26104818423403686 0.7069821122590507 -0.021655840214173525 -0.6569331495962595
60654 47623.190784 -0.021590949189781924 0.753328296532906 -0.23046817101845232 -0.6155605012533891
60654 48223.190784 0.21900122613989326 0.7210795325905832 -0.4142990613117216 -0.5103323019605908
60654 48823.190784 -0.4363647978445928 -0.614390173341245 0.5547832217953356 0.3525990001661236
60654 49423.190784 -0.6087466660298148 -0.44424987567126367 0.6379576484019251 0.15836534787994952
60654 50023.190784 -0.7184881083176283 -0.22749913011019252 0.6551455214428399 -0.05294647994579821
60654 50623.190784 -0.7535052385275046 0.014127299082015515 0.6037862620573391 -0.25975454699212064
60654 51223.190784 -0.708974598247692 0.2554756369796268 0.488281074332426 -0.4400781866874902
60654 51823.190784 -0.5888560746503438 0.47025826914197255 0.3204637466027839 -0.5739413478433938
60654 52423.190784 -0.40620590225356157 0.6347739122082048 0.11866268402505796 -0.6465121907390684
60654 53023.190784 -0.18137302156306861 0.7314962915639645 -0.09489714762695727 -0.6503933685466955
60654 53623.190784 0.06126426251157018 0.751136139206167 -0.2974083879065486 -0.5861650290832737
60654 54223.190784 0.29659202491632186 0.6927758202432177 -0.468219708112903 -0.4613731012716723
60654 54823.190784 -0.5009535566711747 -0.5629807892344427 0.5903570074474431 0.2890964696587693
60654 55423.190784 -0.6538120136280496 -0.37481010953678673 0.6515680987680144 0.08663859008832125
60654 56023.190784 -0.7391923675223394 -0.14690846151378611 0.6451523776795276 -0.125662075849571
60654 56623.190784 -0.7472798123973647 0.0976019040979093 0.5708607300723566 -0.32582936816849073
60654 57223.190784 -0.6761296754791781 0.3327882617234862 0.43568877685701674 -0.49221532332539025
60654 57823.190784 -0.5328701068597105 0.5328716470605049 0.25387904434079367 -0.6063354581574054
60654 58423.190784 -0.33334710981424087 0.6758949376963086 0.045464136131006326 -0.6557276491813173
60654 59023.190784 -0.09960698567471069 0.7470295031976768 -0.16683019550918024 -0.6357617915724401
60654 59623.190784 0.1433624967699644 0.739850480539334 -0.3606505359782773 -0.5495449498122785
60654 60223.190784 -0.3707164127482324 -0.65609280491574 0.5164453914847644 0.40668873880527756
60654 60823.190784 -0.5596633843507044 -0.504660646564162 0.6187548498162014 0.2218940374491565
60654 61423.190784 -0.6910728831175044 -0.3006299705173691 0.6571557664488556 0.013645133542876935
60654 62023.190784 -0.750889305132298 -0.06432458567134659 0.6270799146211242 -0.19697304332041907
60654 62623.190784 -0.7317955076637387 0.17999300945518346 0.5306883561538026 -0.38787590818870404
60654 63223.190784 -0.6348596280060869 0.40600398121216336 0.3775469118923066 -0.5381192705046245
60654 63823.190784 -0.47031734266763203 0.5888260894464817 0.1841339618838441 -0.6310151485140274
60654 64423.190784 -0.25651101539692256 0.7086366328499596 -0.02818120442389129 -0.656690217134632
60654 65023.190784 -0.016839600936917633 0.7534437451293138 -0.23651014119779384 -0.6132714764901419
60654 65623.190784 0.22351866528801537 0.719683095462467 -0.4192883820666631 -0.5062537911338004
60654 66223.190784 -0.44023501516815833 -0.6116084432773332 0.5582427570578703 0.3471214019967598
60654 66823.190784 -0.6115805686188959 -0.4403146695917352 0.6395206590385161 0.15200502127578272
60654 67423.190784 -0.7199493353864855 -0.22278091110006892 0.6545950744431676 -0.05955592867821696
60654 68023.190784 -0.753378594258576 0.01912975630817318 0.6011280717499037 -0.26589431639432337
60654 68623.190784 -0.7072442957760281 0.2601816534889512 0.4837861567051045 -0.4450415349835671
60654 69223.190784 -0.5857349509070102 0.47411749929453567 0.31464778774678553 -0.5771688953977959
60654 69823.190784 -0.402090830370383 0.6373743639679347 0.11219587267124724 -0.6476796819756382
60654 70423.190784 -0.1767288148364042 0.7326189888297868 -0.10132079526343583 -0.6494385572629066
60654 71023.190784 0.06596453712508683 0.7507236151530278 -0.30314793406138074 -0.5832358558660112
60654 71623.190784 0.3009077214899808 0.6908939204011686 -0.4727292822952112 -0.45677911462879567
60654 72223.190784 -0.504474568006056 -0.5597979696374187 0.5931973714667064 0.28328170062663316
60654 72823.190784 -0.6561756268961316 -0.3706152507333998 0.6524204503278047 0.0801588334829822
60654 73423.190784 -0.7401091653930005 -0.14210655584442142 0.6438811506283395 -0.13214088675666608
60654 74023.190784 -0.7466022303518756 0.10249234495375495 0.5675596996483032 -0.331596767467075
60654 74623.190784 -0.6739168036314417 0.33719823301999197 0.4307103639400385 -0.4966105877103462
60654 75223.190784 -0.5293949269365869 0.5362967810104977 0.2477928349702472 -0.6088723059468151
60654 75823.190784 -0.32903991572069347 0.6779835677930646 0.0389584490261732 -0.6561655697418002
60654 76423.190784 -0.0949444007464297 0.7476196260227904 -0.1730686653127976 -0.634111735137658
60654 77023.190784 0.14792578504445894 0.7389343333068129 -0.3660030905275883 -0.5460180866085393
60654 77623.190784 -0.3747520115675898 -0.6537774825529876 0.5203994730421305 0.4016470111804591
60654 78223.190784 -0.5627842190523045 -0.5011593910656305 0.6209130418156237 0.21582442409440966
60654 78823.190784 -0.6929438721538465 -0.29626260177017455 0.6572717603638328 0.007147997273987074
60654 79423.190784 -0.7512717375127539 -0.05952733386043679 0.6251004840500312 -0.20321579116410404
60654 80023.190784 -0.7306087584881482 0.1846940861930853 0.5267918452273419 -0.3931784433913948
60654 80623.190784 -0.6322261196473268 0.4100659879550586 0.3721563810781203 -0.5418815804038393
60654 81223.190784 -0.4665598215239979 0.5917935033739026 0.1778596179708064 -0.6328256778918004
60654 81823.190784 -0.2520736560704257 0.7102184825074926 -0.03464889991376221 -0.6563901528472295
60654 82423.190784 -0.012192845760473619 0.7535244753463382 -0.24249132914689528 -0.6109420224987466
