CIC_OEM_VERS = 2.0
CREATION_DATE = 2024-12-09T22:46:14.511506
ORIGINATOR = ISAE-SUPAERO


META_START
OBJECT_NAME = RED2
OBJECT_ID = RED2
CENTER_NAME = Earth
REF_FRAME = EME2000
TIME_SYSTEM = UTC
START_TIME = 2024-12-09T02:57:28.610
USEABLE_START_TIME = 2024-12-09T02:57:28.610
USEABLE_STOP_TIME = 2024-12-09T23:57:28.610
STOP_TIME = 2024-12-09T23:57:28.610
INTERPOLATION = lagrange
INTERPOLATION_DEGREE = 5
META_STOP



60653 10648.61 2452.1378 -6489.3168 14.645211999999999 -0.97233569 -0.346173 7.5312678
60653 11048.61 1844.6904 -6012.6723 2930.408 -2.0160518 2.6904069 6.8141226
60653 11448.61 890.5655300000001 -4406.2908 5294.453 -2.6780131000000003 5.2112435999999995 4.8194178
60653 11848.61 -230.20164000000003 -1976.1916 6667.0587000000005 -2.8369944 6.7452285000000005 1.9382557
60653 12248.61 -1308.5232 821.12222 6799.7092 -2.4703863999999998 7.0214527 -1.2817715
60653 12648.61 -2145.8811 3467.6264 5675.8360999999995 -1.6517426000000002 6.0054229 -4.247251100000001
60653 13048.61 -2589.744 5478.426 3507.9908 -0.5336012 3.8932582000000004 -6.4219575
60653 13448.61 -2559.9814 6487.3551 696.7001899999999 0.6798162600000001 1.0737797 -7.4155655
60653 13848.61 -2062.6852 6311.4849 -2242.2294 1.7680537 -1.9392882 -7.0507589
60653 14248.61 -1188.8217 4983.356 -4770.714900000001 2.5336302 -4.5987941 -5.3948407
60653 14648.61 -97.766424 2744.6456000000003 -6424.9315 2.8370456 -6.4217877 -2.7459976000000004
60653 15048.61 1011.0536999999999 3.1767353 -6898.1016 2.620352 -7.0723253 0.42017334
60653 15448.61 1933.2803000000001 -2738.2766 -6096.3511 1.9174412 -6.418781500000001 3.5294838
60653 15848.61 2496.2814 -4970.5621 -4159.6746 0.85163587 -4.5635088 6.0032233999999995
60653 16248.61 2592.1762000000003 -6272.4663 -1443.1485 -0.38087211000000004 -1.8399567 7.3636067
60653 16648.61 2200.7081000000003 -6394.9578 1545.2063 -1.5452975 1.2375882 7.3386519
60653 17048.61 1395.194 -5314.3787 4242.2444000000005 -2.4174141000000002 4.0771753 5.9317294
60653 17448.61 328.07118 -3237.6507 6142.5531 -2.8331340000000003 6.139464200000001 3.4217188000000003
60653 17848.61 -800.4068199999999 -557.60025 6896.688700000001 -2.7204527 7.0484201 0.29322114
60653 18248.61 -1781.1588000000002 2226.0681 6372.6660999999995 -2.1071971 6.652573500000001 -2.8691511999999997
60653 18648.61 -2434.7016000000003 4601.0092 4674.137900000001 -1.1102661 5.0382463 -5.4892365000000005
60653 19048.61 -2642.4916000000003 6133.6303 2117.2743 0.08705252299999999 2.5066921000000004 -7.095463
60653 19448.61 -2367.4067999999997 6545.4142 -827.6333199999999 1.2668842 -0.47925457 -7.4001121
60653 19848.61 -1660.0605 5762.1059000000005 -3621.0627999999997 2.2150630000000002 -3.3766770999999998 -6.349916400000001
60653 20248.61 -649.5418900000001 3926.4883 -5751.346500000001 2.7592822000000004 -5.6597009 -4.1350325
60653 20648.61 479.73163 1372.5902 -6826.233700000001 2.7992181 -6.9119394000000005 -1.1533097
60653 21048.61 1520.6290000000001 -1433.0621 -6643.1356 2.3232864 -6.896796 2.0581102000000002
60653 21448.61 2279.9805 -3972.9771 -5227.8366 1.4123065 -5.600532100000001 4.9102172
60653 21848.61 2614.0968 -5771.5537 -2835.6931 0.23043436 -3.2469113000000003 6.8622207
60653 22248.61 2457.7124 -6486.955900000001 89.58460099999999 -1.0004826 -0.27151211999999997 7.5302989
60653 22648.61 1838.893 -5981.7176 2997.9226000000003 -2.0438334 2.7563557000000003 6.7786369
60653 23048.61 874.61722 -4352.8559000000005 5341.9888 -2.7002068 5.2559354 4.75674
60653 23448.61 -253.24178 -1910.5333 6686.0834 -2.8497496 6.7607788 1.8606602
60653 23848.61 -1334.3993 886.7024 6787.0932 -2.4716287 7.0056167 -1.3599442
60653 24248.61 -2169.906 3521.0551 5634.2092999999995 -1.6414019000000002 5.9614915 -4.3119325
60653 24648.61 -2607.5974 5509.964900000001 3445.1699 -0.51354077 3.8294475 -6.4616625
60653 25048.61 -2568.4255 6491.287200000001 624.2411800000001 0.70610315 1.0016503 -7.4233367
60653 25448.61 -2060.141 6287.0422 -2311.0721000000003 1.7958561 -2.0068717 -7.0251549
60653 25848.61 -1175.7076000000002 4934.8637 -4823.2856 2.5578507 -4.6495899 -5.3402992000000005
60653 26248.61 -76.450465 2680.8259 -6451.4456 2.8531771 -6.4464068 -2.6722398
60653 26648.61 1036.6568 -64.366894 -6893.4533 2.6252956 -7.065976 0.49982097
60653 27048.61 1958.401 -2797.1072000000004 -6061.1103 1.9100791 -6.3821334 3.6003543000000002
60653 27448.61 2516.1593 -5009.6439 -4100.1742 0.83319889 -4.5029669000000005 6.0516254
60653 27848.61 2603.0308 -6284.4043 -1370.4865 -0.40677915000000003 -1.7670097 7.3798912
60653 28248.61 2200.5564 -6377.590400000001 1617.3183000000001 -1.5735102 1.3087329 7.3197077
60653 28648.61 1384.1891 -5271.2492 4300.303900000001 -2.4426239 4.1327613 5.8816534
60653 29048.61 308.35713 -3177.1922000000004 6175.9685 -2.8508293 6.1692463 3.3506156000000002
60653 29448.61 -825.16152 -491.29859000000005 6899.6821 -2.7276095000000002 7.0475238000000004 0.21462859
60653 29848.61 -1806.4468000000002 2285.9083 6345.1401 -2.1026919 6.6217592000000005 -2.9408001
60653 30248.61 -2455.9735 4643.4907 4621.5292 -1.0949966 4.9836744 -5.5411508000000005
60653 30648.61 -2655.9226000000003 6151.1511 2049.4108 0.11040084 2.4383504 -7.1187097
60653 31048.61 -2370.5613 6534.849700000001 -898.29387 1.294128 -0.54921003 -7.3906344
60653 31448.61 -1652.3587 5725.3471 -3681.5694 2.2412667 -3.4356999000000004 -6.309381
60653 31848.61 -632.3717800000001 3870.1333 -5790.5346 2.779684 -5.6971395000000005 -4.0705668
60653 32248.61 503.24276000000003 1306.8197 -6836.7013 2.8100028000000004 -6.9208008 -1.0763525999999999
60653 32648.61 1546.1344 -1496.2313000000001 -6622.6165 2.3222715 -6.8750271000000005 2.133684
60653 33048.61 2302.6663 -4021.7837999999997 -5179.747 1.3994099000000002 -5.5515266 4.9702186
60653 33448.61 2629.5923 -5796.702 -2768.7688 0.2079529 -3.1795045 6.894762399999999
60653 33848.61 2463.0098 -6483.5975 162.79621 -1.0281206999999999 -0.19879101000000002 7.5286506
60653 34248.61 1833.0013000000001 -5950.605500000001 3063.6183 -2.0712409 2.8201402 6.7433919
60653 34648.61 858.67652 -4300.0921 5387.961200000001 -2.7222621 5.2986993 4.695053700000001
60653 35048.61 -276.24701 -1846.2298 6704.0549 -2.8624804 6.7748767 1.7846255000000002
60653 35448.61 -1360.2348000000002 950.4806500000001 6774.1555 -2.4728566 6.9890472 -1.4360302
60653 35848.61 -2193.8759 3572.6004 5593.1663 -1.6310002 5.9179378 -4.3742692
60653 36248.61 -2625.369 5539.986400000001 3383.8118 -0.49343146000000004 3.7670253 -6.4994023
60653 36648.61 -2576.7992999999997 6494.3989 553.89485 0.73226521 0.93158006 -7.429871
60653 37048.61 -2057.6052 6262.6943 -2377.5099 1.8234228000000001 -2.0720212 -6.999372
60653 37448.61 -1162.6918 4887.418 -4873.6097 2.5818751000000004 -4.6981671 -5.2867064
60653 37848.61 -55.291089 2618.8065 -6476.2672999999995 2.8692159000000004 -6.4695354 -2.6002358
60653 38248.61 1062.0872 -129.70762 -6887.8999 2.6302451000000002 -7.0591218 0.57737432
60653 38648.61 1983.3611 -2853.7266 -6025.7926 1.9027621 -6.345929600000001 3.6692484
60653 39048.61 2535.8945 -5046.8473 -4041.2955 0.8147939000000001 -4.4435861 6.0985716000000005
60653 39448.61 2613.726 -6294.999 -1298.8956 -0.43283962000000004 -1.6955245 7.3953676
60653 39848.61 2200.117 -6359.4865 1688.1516000000001 -1.6022074 1.3783682 7.3005149000000005
60653 40248.61 1372.6769 -5227.9366 4357.059 -2.4683869 4.1871247 5.8316592
60653 40648.61 287.95277000000004 -3116.9598 6208.135700000001 -2.8688411 6.1981836999999995 3.279698
60653 41048.61 -850.65624 -425.50316 6901.5228 -2.7346782 7.046057 0.13633498
60653 41448.61 -1832.3452 2345.0795 6316.6103 -2.0976253000000002 6.5907147 -3.0120385
60653 41848.61 -2477.5451000000003 4685.2399000000005 4568.0697 -1.0787709 4.9289532 -5.592673
60653 42248.61 -2669.239 6167.8876 1980.8999 0.13482885 2.3699351 -7.1413139
60653 42648.61 -2373.1719 6523.5160000000005 -969.2979200000001 1.3224105 -0.61901291 -7.380298700000001
60653 43048.61 -1643.7405 5687.9275 -3742.0462 2.2682588 -3.4943211 -6.2678612000000005
60653 43448.61 -614.05181 3813.3307999999997 -5829.3045 2.8004341 -5.7339178 -4.0051798
60653 43848.61 527.93793 1240.9057 -6846.4367 2.8206138999999997 -6.928828800000001 -0.99877674
60653 44248.61 1572.6546 -1559.1975 -6601.2020999999995 2.3206009 -6.8523836000000005 2.2094286000000003
60653 44648.61 2326.0382999999997 -4070.0617 -5130.7982 1.3855645 -5.5018079 5.0298783
60653 45048.61 2645.3711000000003 -5821.1023 -2701.1978 0.18443178000000002 -3.1117241 6.9266356
60653 45448.61 2468.1662 -6479.3843 236.37426000000002 -1.0568411000000002 -0.12584225000000002 7.5262813
60653 45848.61 1826.5529 -5918.5423 3129.3414 -2.0995904000000003 2.8841436 6.707151700000001
60653 46248.61 841.87446 -4246.3154 5433.5222 -2.7448682 5.341551000000001 4.6321798
60653 46648.61 -300.2335 -1780.9216000000001 6721.107900000001 -2.8752511 6.7888249 1.7072556
60653 47048.61 -1386.9546 1015.1346 6759.765 -2.4735659 6.9719747 -1.5134290000000001
60653 47448.61 -2218.4294 3624.7192000000005 5550.1588 -1.6196322 5.8733183 -4.4377854
60653 47848.61 -2643.2702999999997 5570.0435 3320.1431000000002 -0.47204259000000004 3.7030431 -6.537628600000001
60653 48248.61 -2584.7535000000003 6496.8726 481.22484000000003 0.75984742 0.85975071 -7.4359445
60653 48648.61 -2054.1119 6237.032099999999 -2445.8757 1.8522014 -2.1387118999999997 -6.9720867
60653 49048.61 -1148.3269 4838.1619 -4925.085400000001 2.6065959 -4.7476065 -5.2308008
60653 49448.61 -32.640656 2554.8233999999998 -6501.2503 2.8852676 -6.4925600999999995 -2.5256933
60653 49848.61 1088.8818999999999 -196.77796 -6881.5344000000005 2.6345574000000003 -7.051211599999999 0.65716087
60653 50248.61 2009.3247 -2911.4985 -5988.927900000001 1.8943225000000001 -6.3079765 3.7395054
60653 50648.61 2556.1302 -5084.4520999999995 -3980.5422000000003 0.7950398300000001 -4.3822773 6.145783300000001
60653 51048.61 2624.3852 -6305.261 -1225.5192 -0.46018789 -1.6223298 7.410188000000001
60653 51448.61 2199.1855 -6340.4287 1760.3517 -1.6318539 1.449351 7.2799057000000005
60653 51848.61 1360.3847 -5183.2563 4414.513 -2.4946359000000005 4.2421874 5.7798106
60653 52248.61 266.66737 -3055.2158 6240.233 -2.8868709 6.2271484 3.2068266
60653 52648.61 -876.94126 -358.31566 6902.537700000001 -2.7412897 7.043979500000001 0.056267354
60653 53048.61 -1858.7902 2405.2843 6286.6085 -2.0918277 6.5584762 -3.0847018
60653 53448.61 -2499.3357 4727.4436 4512.6979 -1.0616496 4.8725898 -5.6449378
60653 53848.61 -2682.3982 6184.3702 1910.3341 0.16020766 2.2996525 -7.1638559
60653 54248.61 -2375.2711 6511.194 -1042.15 1.3514886 -0.6905524900000001 -7.3689996
60653 54648.61 -1634.3471000000002 5648.906900000001 -3803.8211 2.2957404 -3.5542108 -6.2245816000000005
60653 55048.61 -594.84823 3754.5768 -5868.5632000000005 2.8212378 -5.7711443000000004 -3.9375865
60653 55448.61 553.4567099999999 1173.042 -6855.7559 2.8308725 -6.9363823 -0.91895299
60653 55848.61 1599.7837 -1623.7365 -6578.554700000001 2.3182271 -6.828371000000001 2.2869128
60653 56248.61 2349.6888 -4119.2495 -5080.0959 1.3707981 -5.450211 5.0903654
60653 56648.61 2661.0562000000004 -5845.628900000001 -2631.7492 0.16002033000000002 -3.0419817 6.9583
60653 57048.61 2472.9236 -6474.5689 311.55647999999997 -1.0861656 -0.051283946000000004 7.5227911999999995
60653 57448.61 1819.5407 -5885.3668 3196.0969 -2.1281569 2.9490565 6.669249799999999
60653 57848.61 824.49848 -4191.2191 5479.414900000001 -2.7673128 5.3845378 4.5675347
60653 58248.61 -324.65641 -1714.3792 6737.826400000001 -2.8875162999999997 6.8022378 1.6283875
60653 58648.61 -1413.8826999999999 1080.7108 6744.5307 -2.4736803 6.953899000000001 -1.5918693000000002
60653 59048.61 -2242.9568 3677.2872 5506.0135 -1.6077011 5.8274001 -4.5017104
60653 59448.61 -2660.9364 5600.0198 3255.2898999999998 -0.45018310000000006 3.6377333 -6.5756782000000005
60653 59848.61 -2592.3196000000003 6498.7712 407.5537 0.7877167500000001 0.78680925 -7.4413089
60653 60248.61 -2050.1633 6210.410900000001 -2514.8707999999997 1.8810001 -2.2061709 -6.9436699
60653 60648.61 -1133.5678 4787.7486 -4976.7036 2.6310155 -4.7972657 -5.1736542
60653 61048.61 -9.7504123 2489.6934 -6525.8893 2.9008624 -6.5153105 -2.4499731000000002
60653 61448.61 1115.7114 -264.77603999999997 -6874.398099999999 2.6383138 -7.042487 0.73784812
60653 61848.61 2035.0972 -2969.8001 -5951.0333 1.8853258000000002 -6.2688898 3.8101447
60653 62248.61 2575.9723 -5122.104 -3918.725 0.77485443 -4.3197394000000005 6.1927716
60653 62648.61 2634.5237 -6315.1181 -1151.2905 -0.48772178000000005 -1.5481628 7.4241915
60653 63048.61 2197.7273999999998 -6320.6867999999995 1832.9963 -1.6613345 1.5207171000000002 7.2581451
60653 63448.61 1347.7002 -5137.8696 4471.9571 -2.5203921 4.2969878 5.7269066
60653 63848.61 245.23877 -2992.9865 6271.9851 -2.9041816 6.2553131 3.1333992
60653 64248.61 -903.0895899999999 -291.01007 6903.1228 -2.7472733 7.0409318999999995 -0.023683433
60653 64648.61 -1884.8879 2465.2243 6256.3468 -2.0856217000000004 6.5253508 -3.1566304
60653 65048.61 -2520.6846 4769.1092 4457.4463 -1.0444792999999999 4.8157751 -5.6961055
60653 65448.61 -2695.1718 6200.2383 1840.3431 0.1852637 2.2294498 -7.1852849
60653 65848.61 -2377.1747 6498.380700000001 -1114.0358999999999 1.3799531 -0.76157224 -7.3568883
60653 66248.61 -1625.0383000000002 5609.6856 -3864.4104 2.3224894 -3.6132116 -6.1810670000000005
60653 66648.61 -575.99035 3695.9773999999998 -5906.6647 2.8414931 -5.8075439 -3.8703181
60653 67048.61 578.44999 1105.6262 -6864.1105 2.840773 -6.9432966 -0.83974176
60653 67448.61 1626.2817 -1687.618 -6555.2293 2.3156934000000002 -6.8039651 2.3636045
60653 67848.61 2372.689 -4167.6672 -5029.0398 1.3560967000000002 -5.3984469 5.1500277
60653 68248.61 2676.1532 -5869.3675 -2562.2734 0.13584235 -2.9723128 6.9891664
60653 68648.61 2477.2126000000003 -6469.0470000000005 386.45173 -1.1151299 0.022915872 7.5185347
60653 69048.61 1812.2233999999999 -5851.7092999999995 3262.2876 -2.1562710000000003 3.0131919 6.6307654000000005
60653 69448.61 807.00975 -4136.0384 5524.5928 -2.7892744 5.4263359 4.5027909
60653 69848.61 -349.02963 -1648.2551 6753.9328 -2.8994692 6.8143838 1.5501322
60653 70248.61 -1440.6675 1145.4067 6729.0549 -2.473628 6.934838399999999 -1.6690755
60653 70648.61 -2267.3132 3728.7019 5462.2256 -1.5958301 5.781153100000001 -4.5639252
60653 71048.61 -2678.5276000000003 5628.885200000001 3191.5098 -0.42874807 3.5729925 -6.6119468
60653 71448.61 -2600.0466 6499.9718 335.59395 0.81484677 0.71535039 -7.4453543
60653 71848.61 -2046.6975 6183.839599999999 -2581.8185 1.9090119 -2.2714658 -6.914976800000001
60653 72248.61 -1119.5362 4738.260700000001 -5026.397 2.6550313 -4.8448333 -5.1173471
60653 72648.61 12.327538 2426.2277000000004 -6549.104700000001 2.9164227 -6.536517300000001 -2.3758698
60653 73048.61 1141.7776999999999 -330.65908 -6866.5879 2.6423489 -7.0330995000000005 0.8164799
60653 73448.61 2060.2772 -3025.9152999999997 -5913.2829 1.8768861 -6.2300883 3.8788285
60653 73848.61 2595.4751 -5157.847400000001 -3857.7411 0.75534592 -4.2582483 6.2383297
60653 74248.61 2644.5921000000003 -6323.5731 -1078.3309 -0.51460794 -1.4754286 7.4374539
60653 74648.61 2196.4230000000002 -6300.1327 1904.217 -1.6903758 1.5906278 7.2363188
60653 75048.61 1335.2821000000001 -5092.2246 4528.040599999999 -2.5460332 4.3504794 5.674349
60653 75448.61 224.04882999999998 -2930.9841 6302.57 -2.9217371 6.2823636 3.0605621000000003
60653 75848.61 -929.13758 -224.33391 6902.809200000001 -2.7536515 7.0369966 -0.10287599
60653 76248.61 -1911.0361 2524.2479 6225.5326 -2.0797556 6.4916966 -3.2275834
60653 76648.61 -2542.1964 4809.7424 4402.0873 -1.0275294 4.7589534 -5.746027
60653 77048.61 -2708.1730000000002 6215.2114 1770.7731 0.21020660000000002 2.1599751 -7.2053514
60653 77448.61 -2379.344 6485.152400000001 -1184.9967 1.4083493 -0.8309420900000001 -7.343745
60653 77848.61 -1615.9947 5570.8036 -3923.8107999999997 2.3493038000000004 -3.6701919 -6.1372778
60653 78248.61 -557.37144 3638.5385 -5943.6281 2.8617988000000003 -5.8419171 -3.8036135
60653 78648.61 603.2257 1040.0987 -6871.742 2.8507510000000003 -6.9487 -0.7620173499999999
60653 79048.61 1652.6188000000002 -1749.1972 -6531.8962 2.3133692000000003 -6.779042400000001 2.4383026
60653 79448.61 2395.6337000000003 -4213.8021 -4978.7789 1.3416966000000001 -5.3472867 5.2077804
60653 79848.61 2691.3157 -5891.2501 -2494.2518 0.11194781000000001 -2.9041183999999998 7.0186999
60653 80248.61 2481.6565 -6462.3691 459.5251 -1.143939 0.095176137 7.5138008
60653 80648.61 1805.0928999999999 -5817.6675000000005 3326.6432000000004 -2.1843869 3.0755036000000002 6.592653
60653 81048.61 789.67369 -4081.1073 5568.1963 -2.8113933 5.466821 4.4388835
60653 81448.61 -373.32321 -1582.8118000000002 6768.8178 -2.9116161000000003 6.8256784 1.4727956999999998
60653 81848.61 -1467.442 1209.1638 6712.7465 -2.4737155 6.9153448 -1.7452618
60653 82248.61 -2291.685 3779.0931 5418.0195 -1.5839231 5.7349177000000005 -4.6251048
60653 82648.61 -2696.07 5656.8115 3127.714 -0.40703339 3.5086475 -6.6472416999999995
60653 83048.61 -2607.5692000000004 6500.4631 263.98826 0.84246961 0.64463746 -7.4485399
60653 83448.61 -2042.8127 6156.9007 -2648.1074 1.9375419 -2.3358359 -6.885623
60653 83848.61 -1104.9379 4688.7955 -5075.2148 2.6792301000000003 -4.891371100000001 -5.0606534000000005
60653 84248.61 34.969744 2363.1942000000004 -6571.3867 2.9318031 -6.5567526 -2.3018797
60653 84648.61 1168.2837 -395.77568 -6857.9813 2.6459546 -7.0230356 0.8945683000000001
60653 85048.61 2085.6851 -3081.0684 -5875.0206 1.867831 -6.1910065 3.946656
60653 85448.61 2614.9339 -5192.603700000001 -3796.6231000000002 0.73510966 -4.196915 6.2828815
60653 85848.61 2654.3232000000003 -6331.191 -1005.6367 -0.54221501 -1.4032637 7.4497611
60653 86248.61 2194.515 -6279.0333 1974.8224 -1.7200017 1.6596629 7.2137269
