CIC_MEM_VERS = 1.0
CREATION_DATE = 2025-05-13T13:35:43.270665
ORIGINATOR = CS Group

META_START
OBJECT_NAME = RED2
OBJECT_ID = RED2
USER_DEFINED_PROTOCOL = NONE
USER_DEFINED_CONTENT = LLA
USER_DEFINED_SIZE = 3.0
USER_DEFINED_TYPE = REAL
USER_DEFINED_UNIT = [deg] [km]
TIME_SYSTEM = UTC
META_STOP

60807 73708.82928 0.12126904251966435 83.92294150827067 621.3486527757099
60807 74128.82928 25.862321140325605 80.14393376338606 629.1722865676176
60807 74548.82928 51.338117699275415 74.10919648900786 633.19998124172
60807 74968.82928 75.57649324084501 51.84003790501445 628.3530102911401
60807 75388.82928 74.30007699974688 -66.93686640216269 612.2065596584389
60807 75808.82928 49.646407526812034 -86.7772709943517 588.0850552813939
60807 76228.82928 23.73062684486706 -92.58654024686862 564.4376672585165
60807 76648.82928 -2.5339674353210926 -96.37410432104092 550.6536605546104
60807 77068.82928 -28.830022155745425 -100.33853302401899 551.3607078776774
60807 77488.82928 -54.800796118815555 -107.19380512793283 563.9184749387452
60807 77908.82928 -78.71656847032312 -139.27122945910708 581.0931802496524
60807 78328.82928 -70.52713517741144 106.74156919155072 596.182616516254
60807 78748.82928 -45.50274650619306 91.99616152782816 606.9216087534048
60807 79168.82928 -19.79563599216338 86.8231428144086 615.1045881443046
60807 79588.82928 6.008716516110498 83.18234004503284 623.122434108644
60807 80008.82928 31.711501237540528 79.16526082796948 630.4210738708598
60807 80428.82928 57.07453101199283 71.82668329615709 632.8080301659921
60807 80848.82928 80.00749006201161 33.12203003463507 625.4183429386466
60807 81268.82928 68.96147143308357 -75.15143297109472 606.9678863162109
60807 81688.82928 43.775204527491724 -88.44208169316306 582.1646276070816
60807 82108.82928 17.746388565243635 -93.45724042007652 560.1278360988597
60807 82528.82928 -8.552195424879983 -97.138801958093 549.5685283247122
60807 82948.82928 -34.81029269098128 -101.41131433369496 553.4969675195039
60807 83368.82928 -60.61620698677685 -110.00524858045947 567.820466791237
60807 83788.82928 -81.90484632583059 -169.9775890506294 584.9801476578511
60807 84208.82928 -64.97638968652322 101.09313548037332 599.0818738854065
60807 84628.82928 -39.65334069782923 90.57193607084497 608.9507605184374
60807 85048.82928 -13.901800302949985 86.00827805862511 616.904249104729
60807 85468.82928 11.895318746236285 82.42260152157361 624.9065257435811
60807 85888.82928 37.54887382186888 78.04379780106673 631.489828112749
60807 86308.82928 62.75091465963884 68.68341559179363 631.9633972869796
60808 328.82928 82.20340110771322 -3.117703978621731 621.9359388458251
60808 748.82928 63.365911460696275 -80.08328501381746 601.4082763111397
60808 1168.82928 37.865524171649874 -89.79960530894968 576.3666979600168
60808 1588.82928 11.745092404895304 -94.26948801031267 556.3675016275643
60808 2008.82928 -14.572342742421538 -97.93157322303249 549.177061764895
60808 2428.82928 -40.7743077509862 -102.66283540514826 556.1075057852029
60808 2848.82928 -66.33730971337125 -114.07137982267881 571.8082000994704
60808 3268.82928 -81.36107701068084 148.3066198052099 588.6590035644101
60808 3688.82928 -59.27896999962675 97.43166931923786 601.7561783684513
60808 4108.82928 -33.781761656761276 89.3799941834556 610.9374525330647
60808 4528.82928 -8.001447290934959 85.23650027939125 618.8041723976769
60808 4948.82928 17.778409501225138 81.62585872733311 626.7203174220366
60808 5368.82928 43.36955127283834 76.72036163482645 632.3262575785337
60808 5788.82928 68.32012912756322 64.02420649793899 630.6308028054041
60808 6208.82928 80.45617789387416 -41.403828160079044 617.9414387078884
60808 6628.82928 57.638948754469986 -83.3765649746777 595.635008299884
60808 7048.82928 31.926103207142308 -90.9485906950203 570.8473371070852
60808 7468.82928 5.732219687631306 -95.0459928601124 553.2945832259169
60808 7888.82928 -20.588197689547037 -98.77299129635718 549.5367861183472
60808 8308.82928 -46.712386177274624 -104.17243961349207 559.1759201054633
60808 8728.82928 -71.87734779779811 -120.52161615987306 575.8592129655773
60808 9148.82928 -77.57056500821348 122.54655307429105 592.1563544208673
60808 9568.82928 -53.50520476311088 94.8459291836695 604.2524738874624
60808 9988.82928 -27.89729437368306 88.34886017527728 612.8953915301747
60808 10408.82928 -2.100648698395807 84.48827750982639 620.7355564494518
60808 10828.82928 23.652741118800144 80.77068230266842 628.4100893553571
60808 11248.82928 49.165357860927855 75.10283562731799 632.7402723886089
60808 11668.82928 73.67112652490093 56.379416711482925 628.6521353394885
60808 12088.82928 76.17737306927152 -62.00184279878405 613.3606368633015
60808 12508.82928 51.83165886625364 -85.75346037655905 589.6644704799428
60808 12928.82928 25.961042590915504 -91.95217895762224 565.6834655715231
60808 13348.82928 -0.28987735811027393 -95.80587240935296 550.9492693563013
60808 13768.82928 -26.596992074278095 -99.6885580879511 550.6213676891458
60808 14188.82928 -52.61574761814517 -106.06866253146934 562.6442299852307
60808 14608.82928 -77.01495003423159 -132.1354928657978 579.9344034342362
60808 15028.82928 -72.53521500705028 110.02302884968925 595.5046904023194
60808 15448.82928 -47.68545168431442 92.89896744424564 606.6493794808291
60808 15868.82928 -22.003885875324563 87.43102914831518 614.8905047154418
60808 16288.82928 3.797818672416009 83.7468252194983 622.7257829814223
60808 16708.829279999998 29.5151429137422 79.83043649401286 629.9515114749382
60808 17128.829279999998 54.92574650398468 73.04249971457142 632.6671326587812
60808 17548.829279999998 78.49486097508924 42.05835205937874 625.9758950166371
60808 17968.829279999998 70.9978496813945 -72.31121197199526 608.2017195884588
60808 18388.82928 45.96937435328529 -87.57552170802344 583.5524860846455
60808 18519.000192 -14.02420678479681 -165.56724790023105 13623.117260333804
60808 18639.000192 -15.074325026810033 -164.40920956263716 13623.245670811148
60808 18759.000192 -16.118471185796228 -163.23975057828912 13623.433681123919
60808 18879.000192 -17.156136814609802 -162.05799663362927 13623.643464529136
60808 18999.000192 -18.186807229792045 -160.86305052218697 13623.86222921883
60808 19119.000192 -19.209950587142675 -159.65400285483003 13624.088598891178
60808 19239.000192 -20.225016717130256 -158.42993228064583 13624.321933945079
60808 19359.000192 -21.23143618263274 -157.1899056631559 13624.561576543414
60808 19479.000192 -22.228619081550036 -155.93297882710232 13624.806848273176
60808 19599.000192 -23.215953849311656 -154.65819763859352 13625.057051812833
60808 19719.000192 -24.192806075404768 -153.36459945711124 13625.311472888352
60808 19839.000192 -25.15851734546694 -152.05121500694372 13625.569382311647
60808 19959.000192 -26.112404122625154 -150.7170707195893 13625.830038070451
60808 20079.000192 -27.053756684200994 -149.36119160211425 13626.09268745852
60808 20199.000192 -27.981838132742364 -147.9826046894103 13626.356569238955
60808 20319.000192 -28.89588350349332 -146.58034314016967 13626.62091583371
60808 20439.000192 -29.795098993674426 -145.15345103747092 13626.8849555333
60808 20559.000192 -30.67866134257744 -143.70098895411297 13627.147914719922
60808 20679.000192 -31.545717395158913 -142.2220403402523 13627.40902009781
60808 20799.000192 -32.39538388558664 -140.7157187857995 13627.66750092433
60808 20919.000192 -33.226747480986774 -139.18117620175087 13627.922591235405
60808 21039.000192 -34.03886512917057 -137.61761195279874 13628.173532058945
60808 21159.000192 -34.83076475730731 -136.02428295730783 13628.41957360988
60808 21279.000192 -35.601446371153315 -134.40051474959483 13628.659977460477
60808 21399.000192 -36.34988360611257 -132.74571347289506 13628.894018679877
60808 21519.000192 -37.07502578197781 -131.0593787389067 13629.1209879365
60808 21639.000192 -37.77580051218211 -129.3411172513866 13629.340193557486
60808 21759.000192 -38.4511169154749 -127.59065704694257 13629.550963539234
60808 21879.000192 -39.09986947268085 -125.8078621565585 13629.752647503175
60808 21999.000192 -39.72094256329322 -123.99274743761688 13629.944618591357
60808 22119.000192 -40.31321570573131 -122.14549326986523 13630.126275296303
60808 22239.000192 -40.87556951090334 -120.26645975256803 13630.297043219936
60808 22359.000192 -41.40689234120601 -118.35619998681375 13630.456376756538
60808 22479.000192 -41.90608764629626 -116.41547198080198 13630.603760694943
60808 22599.000192 -42.372081923240785 -114.44524868100137 13630.738711735412
60808 22719.000192 -42.803833222536326 -112.44672561328466 13630.860779916684
60808 22839.000192 -43.20034009390825 -110.42132562010376 13630.969549949372
60808 22959.000192 -43.56065083793254 -108.37070020673113 13631.06464245165
60808 23079.000192 -43.88387290284318 -106.2967270647966 13631.145715083865
60808 23199.000192 -44.16918224204403 -104.20150342651729 13631.212463578615
60808 23319.000192 -44.41583242870249 -102.08733501779832 13631.264622663568
60808 23439.000192 -44.62316331102544 -99.95672051974955 13631.301966874162
60808 23559.000192 -44.79060898710306 -97.81233161103627 13631.324311253955
60808 23679.000192 -44.9177048826473 -95.6569888392529 13631.331511940514
60808 23799.000192 -45.00409372935081 -93.49363374853907 13631.323466635215
60808 23919.000192 -45.04953026589885 -91.32529786093637 13631.300114955506
60808 24039.000192 -45.05388451725254 -89.15506925875152 13631.261438668611
60808 24159.000192 -45.01714354919798 -86.98605763330167 13631.20746180599
60808 24279.000192 -44.9394116423122 -84.82135874249701 13631.138250658067
60808 24399.000192 -44.82090887979319 -82.664019249851 13631.053913649392
60808 24519.000192 -44.661968194245766 -80.51700289804488 13630.954601094292
60808 24639.000192 -44.46303096655845 -78.38315890283947 13630.84050483383
60808 24759.000192 -44.224641312860946 -76.26519334320545 13630.711857754954
60808 24879.000192 -43.94743923095866 -74.16564417977582 13630.56893319317
60808 24999.000192 -43.632152804059125 -72.08686036680866 13630.412044220424
60808 25119.000192 -43.279589676168364 -70.03098534479098 13630.241542819957
60808 25239.000192 -42.89062802011574 -67.99994502331035 13630.057818950641
60808 25359.000192 -42.46620721634352 -65.99544019748045 13629.86129950324
60808 25479.000192 -42.007318449464535 -64.0189431945813 13629.652447151286
60808 25599.000192 -41.5149954116607 -62.07169842668691 13629.431759100013
60808 25719.000192 -40.990305279059534 -60.1547264334179 13629.199765736474
60808 25839.000192 -40.43434010098613 -58.26883093730344 13628.957029184778
60808 25959.000192 -39.848208714253154 -56.41460840140047 13628.704141770708
60808 26079.000192 -39.23302926692733 -54.59245957178402 13628.441724400678
60808 26199.000192 -38.58992240943503 -52.802602502198106 13628.170424860631
60808 26319.000192 -37.920005186637574 -51.04508659002811 13627.890916039998
60808 26439.000192 -37.22438564298257 -49.31980719679444 13627.60389408495
60808 26559.000192 -36.50415813459472 -47.62652047852895 13627.31007648309
60808 26679.000192 -35.76039932735274 -45.964858107210354 13627.010200082
60808 26799.000192 -34.99416484827151 -44.33434162094393 13626.705019047135
60808 26919.000192 -34.20648654902277 -42.7343961951067 13626.395302768715
60808 27039.000192 -33.39837033465553 -41.16436367731894 13626.081833728498
60808 27159.000192 -32.570794507133556 -39.623514774499746 13625.765405333585
60808 27279.000192 -31.72470857193223 -38.11106032018146 13625.44681972143
60808 27399.000192 -30.861032456178016 -36.62616158390327 13625.126885538577
60808 27519.000192 -29.9806560883079 -35.167939612326094 13624.806415698275
60808 27639.000192 -29.0844392916416 -33.73548361404469 13624.48622512298
60808 27759.000192 -28.17321194736224 -32.327858417308406 13624.16712847945
60808 27879.000192 -27.247774385881943 -30.944111042581316 13623.849937913335
60808 27999.000192 -26.308897969319787 -29.583276440905017 13623.53546079033
60808 28119.000192 -25.35732583157117 -28.244382454727358 13623.22449745032
60808 28239.000192 -24.393773746214695 -26.926454060994228 13622.917838980855
60808 28359.000192 -23.41893109607956 -25.62851695732157 13622.616265016353
60808 28479.000192 -22.4334619217002 -24.349600551470207 13622.320541569123
60808 28599.000192 -21.43800602903918 -23.088740412516305 13622.031418898485
60808 28719.000192 -20.433180139753077 -21.844980239414006 13621.749629423979
60808 28839.000192 -19.419579069905293 -20.617373399353127 13621.475885688727
60808 28959.000192 -18.397776925384377 -19.404984084650987 13621.21087837861
60808 29079.000192 -17.36832830438221 -18.206888133063412 13620.955274403175
60808 29199.000192 -16.33176949914619 -17.02217355251987 13620.709715043615
60808 29319.000192 -15.288619690838118 -15.84994078744373 13620.47481417312
60808 29439.000192 -14.239382132744748 -14.689302760124042 13620.251156554887
60808 29559.000192 -13.184545318323284 -13.539384717116121 13620.039296222498
60808 29679.000192 -12.124584131597857 -12.39932390735229 13619.83975494743
60808 29799.000192 -11.059960978345682 -11.26826911563772 13619.653020798045
60808 29919.000192 -9.991126897267403 -10.145380072431825 13619.47954679425
60808 30039.000192 -8.918522650982792 -9.02982675830447 13619.319749661707
60808 30159.000192 -7.842579797259115 -7.920788619233369 13619.17400868907
60808 30279.000192 -6.763721741307638 -6.817453706881382 13619.042664691697
60808 30399.000192 -5.6823647703971325 -5.71901775627371 13618.926019084707
60808 30519.000192 -4.598919072316296 -4.624683211736545 13618.824333068054
60808 30639.000192 -3.513789739491797 -3.533658210672013 13618.737826925993
60808 30759.000192 -2.4273777607727216 -2.445155533639782 13618.66667944294
60808 30879.000192 -1.3400810030479282 -1.3583915283014154 13618.611027437384
60808 30999.000192 -0.252295184995969 -0.27258501407236396 13618.570965415149
60808 31119.000192 0.8355851546504998 0.8130438262258071 13618.546545343064
60808 31239.000192 1.9231656918690132 1.8992745617766809 13618.537776543622
60808 31359.000192 3.010051352665885 2.986887630525962 13618.544625710905
60808 31479.000192 4.0958453464511875 4.076665451586752 13618.567017047762
60808 31599.000192 5.180148195011574 5.169393527487449 13618.604832523668
60808 31719.000192 6.26255675465468 6.2658615301473 13618.657912252762
60808 31839.000192 7.342663229184083 7.366864364010327 13618.726054990597
60808 31959.000192 8.420054171471243 8.473203199127791 13618.809018748483
60808 32079.000192 9.494309471533597 9.585686466157453 13618.906521523324
60808 32199.000192 10.56500132921814 10.705130804240166 13619.018242140986
60808 32319.000192 11.631693209814571 11.83236195149564 13619.143821210657
60808 32439.000192 12.693938781220009 12.96821556646418 13619.282862187401
60808 32559.000192 13.751280831606953 14.113537967155096 13619.434932539882
60808 32679.000192 14.803250166989647 15.26918677249807 13619.599565019671
60808 32799.000192 15.849364488566328 16.436031428841606 13619.776259028631
60808 32919.000192 16.88912725033475 17.614953601772246 13619.964482080282
60808 33039.000192 17.92202649817842 18.806847410870127 13620.163671350901
60808 33159.000192 18.947533692462446 20.01261948210546 13620.37323531586
60808 33279.000192 19.96510251716034 21.233188789415482 13620.592555466454
60808 33399.000192 20.974167679684005 22.46948625360213 13620.820988102203
60808 33519.000192 21.9741437069027 23.722454063056574 13621.057866193454
60808 33639.000192 22.96442374437907 24.993044677054144 13621.302501308814
60808 33759.000192 23.944378367582303 26.28221946845566 13621.554185601966
60808 33879.000192 24.91335441584119 27.590946958786258 13621.812193851903
60808 33999.000192 25.870673862023988 28.92020059486183 13622.075785550922
60808 34119.000192 26.81563273344033 30.270956012644206 13622.344207034168
60808 34239.000192 27.747500102249273 31.644187731006067 13622.616693644522
60808 34359.000192 28.66551716668738 33.04086521579794 13622.892471926903
60808 34479.000192 29.568896447715737 34.4619482533816 13623.170761845213
60808 34599.000192 30.45682112923376 35.90838157305451 13623.450779015919
60808 34719.000192 31.328444573656338 37.38108865982254 13623.731736951619
60808 34839.000192 32.182890048463015 38.88096470349647 13624.012849308214
60808 34959.000192 33.019250703090314 40.408868637465424 13624.293332129208
60808 35079.000192 33.83658983917376 41.965614231467065 13624.572406080779
60808 35199.000192 34.63394152045589 43.55196021779956 13624.849298671035
60808 35319.000192 35.41031157145198 45.16859945034782 13625.12324644727
60808 35439.000192 36.16467901592503 46.81614712104434 13625.393497164876
60808 35559.000192 36.895998007086355 48.49512808943688 13625.659311921629
60808 35679.000192 37.603200300839426 50.20596341808623 13625.919967251415
60808 35799.000192 38.28519832095304 51.94895624949691 13626.174757171344
60808 35919.000192 38.940888860410595 53.72427720879823 13626.422995176403
60808 36039.000192 39.56915745592483 55.531949569368216 13626.664016176122
60808 36159.000192 40.16888346242294 57.371834474579 13626.897178367592
60808 36279.000192 40.73894584091844 59.24361656549326 13627.121865039611
60808 36399.000192 41.27822965642695 61.14679041869499 13627.337486302518
60808 36519.000192 41.78563326255604 63.080648246860974 13627.543480738814
60808 36639.000192 42.26007612627144 65.04426935278022 13627.73931696963
60808 36759.000192 42.70050722068786 67.03651185078101 13627.924495132736
60808 36879.000192 43.1059138863818 69.05600717295994 13628.098548268474
60808 36999.000192 43.47533103372357 71.10115785706593 13628.26104361011
60808 37119.000192 43.80785053155909 73.17013906464473 13628.411583775622
60808 37239.000192 44.10263060286396 75.26090419999113 13628.54980785692
60808 37359.000192 44.358905027490344 77.37119489257707 13628.675392402842
60808 37479.000192 44.57599193764695 79.49855546985079 13628.788052292473
60808 37599.000192 44.753301984948486 81.64035188884924 13628.887541496071
60808 37719.000192 44.890345660057015 83.79379492104479 13628.97365372199
60808 37839.000192 44.98673955792141 85.95596720536756 13629.046222948316
60808 37959.000192 45.042211403638575 88.12385361046708 13629.1051238381
60808 38079.000192 45.05660368547755 90.29437419119131 13629.150272037026
60808 38199.000192 45.0298757813954 92.46441889745417 13629.18162435282
60808 38319.000192 44.96210451141198 94.63088310581202 13629.199178815617
60808 38439.000192 44.85348309814879 96.79070300227389 13629.20297461922
60808 38559.000192 44.70431856873819 98.9408898524571 13629.193091943238
60808 38679.000192 44.51502768033513 101.07856225156343 13629.169651656852
60808 38799.000192 44.28613149585382 103.2009755472455 13629.132814904973
60808 38919.000192 44.01824877397909 105.30554776532763 13629.08278257809
60808 39039.000192 43.71208836620512 107.3898815311023 13629.019794667372
60808 39159.000192 43.36844083265195 109.45178165575798 13628.944129506957
60808 39279.000192 42.98816949732552 111.48926823648712 13628.8561029056
60808 39399.000192 42.57220116282632 113.50058528902159 13628.756067170203
60808 39519.000192 42.12151669518015 115.48420508355852 13628.644410024168
60808 39639.000192 41.63714167299137 117.43882848270435 13628.521553423547
60808 39759.000192 41.12013727310255 119.36338167899454 13628.38795227454
60808 39879.000192 40.57159153933188 121.25700979835617 13628.244093055999
60808 39999.000192 39.99261115322668 123.11906787543653 13628.090492350957
60808 40119.000192 39.38431379788909 124.94910971949747 13627.92769529128
60808 40239.000192 38.74782117893218 126.74687517962145 13627.756273920188
60808 40359.000192 38.08425274169688 128.5122762896876 13627.576825477106
60808 40479.000192 37.39472010164911 130.24538273184274 13627.38997060992
60808 40599.000192 36.68032218578488 131.94640700655563 13627.196351519824
60808 40719.000192 35.942141067197646 133.61568964189095 13626.996630044016
60808 40839.000192 35.18123846253823 135.25368471794124 13626.791485681788
60808 40959.000192 34.398652852852905 136.8609459270614 13626.581613569855
60808 41079.000192 33.59539718187401 138.43811333880845 13626.367722412484
60808 41199.000192 32.77245708188039 139.9859009915886 13626.150532372674
60808 41319.000192 31.9307895754766 141.5050853917937 13625.930772930236
60808 41439.000192 31.071322201453334 142.9964949660005 13625.709180713286
60808 41559.000192 30.194952514193538 144.4610004825859 13625.486497308919
60808 41679.000192 29.302547908280793 145.89950643549267 13625.263467059945
60808 41799.000192 28.39494572295761 147.31294336451984 13625.040834853624
60808 41919.000192 27.472953584508904 148.70226107268684 13624.819343909026
60808 42039.000192 26.537349948328885 150.06842269144067 13624.599733569372
60808 42159.000192 25.58888480623105 151.41239953800965 13624.382737105692
60808 42279.000192 24.628280528324876 152.73516670553283 13624.169079538207
60808 42399.000192 23.656232812424197 154.0376993250998 13623.95947548183
60808 42519.000192 22.673411717392106 155.32096943914098 13623.754627021814
60808 42639.000192 21.680462760088005 156.58594342714176 13623.555221625933
60808 42759.000192 20.678008058482508 157.83357992721582 13623.361930099165
60808 42879.000192 19.666647506262414 159.06482820023425 13623.175404586817
60808 42999.000192 18.646959966628632 160.28062688683676 13622.996276631859
60808 43119.000192 17.619504475166064 161.4819031114346 13622.825155292172
60808 43239.000192 16.58482144358042 162.66957189127766 13622.662625323259
60808 43359.000192 15.543433857765061 163.84453581245572 13622.509245431456
60808 43479.000192 14.495848465126755 165.00768493849372 13622.365546603014
60808 43599.000192 13.442556947378712 166.15989692072299 13622.232030513793
60808 43719.000192 12.384037076091252 167.30203728296735 13622.109168024108
60808 43839.000192 11.320753849219242 168.43495985617614 13621.997397763369
60808 43959.000192 10.253160607659998 169.55950734143312 13621.897124808369
60808 44079.000192 9.181700131515765 170.67651198239446 13621.808719459284
60808 44199.000192 8.106805716363464 171.78679633046846 13621.73251611689
60808 44319.000192 7.028902230262417 172.89117408813598 13621.668812264208
60808 44439.000192 5.948407152665188 173.99045101760854 13621.617867555738
60808 44559.000192 4.865731596702988 175.08542590360932 13621.579903016782
60808 44679.000192 3.781281316598571 176.17689156041476 13621.555100355283
60808 44799.000192 2.695457702153452 177.26563587446606 13621.5436013882
60808 44919.000192 1.6086587624770714 178.35244287477425 13621.54550758415
60808 45039.000192 0.521280101194721 179.4380938241573 13621.56087972355
60808 45103.72032 -9.425064561851302e-05 -179.9999967157215 13621.854755580163
60808 45223.72032 -1.5371523459531662 -179.94642315859292 13621.876833997041
60808 45343.72032 -3.0742011633791138 -179.89277259555473 13621.920277823105
60808 45463.72032 -4.6112281136705695 -179.83896776251785 13621.991846119803
60808 45583.72032 -6.148222670868276 -179.78493043601668 13622.091313688823
60808 45703.72032 -7.685174202454763 -179.7305810515165 13622.218391650496
60808 45823.72032 -9.222072149243438 -179.675838223146 13622.372710400427
60808 45943.72032 -10.758906046850552 -179.6206182461723 13622.55382038857
60808 46063.72032 -12.295665543015824 -179.56483457024595 13622.761193393955
60808 46183.72032 -13.832340413633537 -179.50839723607214 13622.994224047829
60808 46303.72032 -15.368920577364003 -179.4512122674541 13623.2522315836
60808 46423.72032 -16.905396108618074 -179.39318100963186 13623.534461805784
60808 46543.72032 -18.441757248828885 -179.33419940357703 13623.840089272051
60808 46663.72032 -19.977994415550388 -179.27415718436782 13624.16821968155
60808 46783.72032 -21.5140982092006 -179.21293698986787 13624.517892462876
60808 46903.72032 -23.050059417042167 -179.1504133636337 13624.888083553857
60808 47023.72032 -24.585869014021693 -179.08645163314839 13625.277708365244
60808 47143.72032 -26.121518160060187 -179.02090664103292 13625.685624919604
60808 47263.72032 -27.656998193203847 -178.95362130265522 13626.110637156255
60808 47383.72032 -29.19230061807994 -178.88442495834315 13626.551498392646
60808 47503.72032 -30.727417088931457 -178.81313148198004 13627.00691493215
60808 47623.72032 -32.262339386343236 -178.73953709977698 13627.47554980763
60808 47743.72032 -33.79705938668629 -178.66341786306688 13627.956026650078
60808 47863.72032 -35.33156902301852 -178.58452670650777 13628.44693367089
60808 47983.72032 -36.86586023593767 -178.50259000738345 13628.946827746338
60808 48103.72032 -38.39992491251722 -178.4173035418085 13629.454238592252
60808 48223.72032 -39.933754811065555 -178.32832770828492 13629.967673016929
60808 48343.72032 -41.46734146882993 -178.23528185653072 13630.48561923976
60808 48463.72032 -43.00067608904472 -178.1377375174492 13631.00655126324
60808 48583.72032 -44.533749402824185 -178.03521027535754 13631.528933285565
60808 48703.72032 -46.066551500048305 -177.92714995174296 13632.051224141063
60808 48823.72032 -47.599071621800796 -177.81292867470773 13632.57188175578
60808 48943.72032 -49.13129790469243 -177.69182628124585 13633.08936760514
60808 49063.72032 -50.66321706433545 -177.563012328232 13633.60215116101
60808 49183.72032 -52.19481400123313 -177.4255237546654 13634.108714315262
60808 49303.72032 -53.726071306644144 -177.27823691632966 13634.607555767225
60808 49423.72032 -55.25696863810737 -177.11983226608464 13635.097195362328
60808 49543.72032 -56.787481923255186 -176.94874932066207 13635.576178369565
60808 49663.72032 -58.31758233451823 -176.76312864986784 13636.043079685538
60808 49783.72032 -59.84723495425146 -176.5607363094822 13636.496507953043
60808 49903.72032 -61.37639701548525 -176.33886419838913 13636.93510958246
60808 50023.72032 -62.9050155520519 -176.09419690428368 13637.357572664485
60808 50143.72032 -64.43302421274433 -175.8226311350509 13637.762630763127
60808 50263.72032 -65.96033887030845 -175.51902684270917 13638.149066578035
60808 50383.72032 -67.48685145715865 -175.17685794925197 13638.515715465981
60808 50503.72032 -69.01242113194911 -174.787712173202 13638.861468811334
60808 50623.72032 -70.53686132470759 -174.34055829299848 13639.185277236082
60808 50743.72032 -72.05992023164059 -173.82064468430636 13639.4861536403
60808 50863.72032 -73.58125055075082 -173.20779407010235 13639.763176064474
60808 50983.72032 -75.1003608616571 -172.47367223539442 13640.015490365611
60808 51103.72032 -76.61653427470507 -171.57723660106282 13640.242312699535
60808 51223.72032 -78.12868559649286 -170.45678922340284 13640.442931802516
60808 51343.72032 -79.63509557890451 -169.01530585775 13640.616711065615
60808 51463.72032 -81.13288012410513 -167.09146447773676 13640.763090396085
60808 51583.72032 -82.61683195954262 -164.39752202988558 13640.881587860456
60808 51703.72032 -84.076591466607 -160.3719761265747 13640.971801104743
60808 51823.72032 -85.48866107229478 -153.78631226752626 13641.03340854782
60808 51943.72032 -86.78953548590748 -141.58570185084255 13641.066170344455
60808 52063.72032 -87.77485412871516 -116.236725061213 13641.069929115474
60808 52183.72032 -87.9300569927277 -74.64461035962769 13641.044610442817
60808 52303.72032 -87.11776522142455 -43.80907547407573 13640.9902231282
60808 52423.72032 -85.87456008280155 -28.895935617325616 13640.906859214536
60808 52543.72032 -84.48448995308979 -21.15819773497995 13640.794693770129
60808 52663.72032 -83.03491303838923 -16.57673121214279 13640.653984436074
60808 52783.72032 -81.55639341059421 -13.579556660619225 13640.485070738225
60808 52903.72032 -80.06181047956525 -11.474054437489405 13640.288373165571
60808 53023.72032 -78.5574263004943 -9.915755061836393 13640.064392017508
60808 53143.72032 -77.04662424215456 -8.715981488403015 13639.813706023286
60808 53263.72032 -75.53138326575173 -7.763314003564144 13639.536970737363
60808 53383.72032 -74.01293403546424 -6.9879287699444275 13639.23491671524
60808 53503.72032 -72.49207989711898 -6.343927350775242 13638.908347474706
60808 53623.72032 -70.96936620350257 -5.799934126170275 13638.558137248263
60808 53743.72032 -69.44517528253186 -5.333790456171779 13638.185228532937
60808 53863.72032 -67.9197824712494 -4.929410164455672 13637.790629444407
60808 53983.72032 -66.39339061685492 -4.574837058225602 13637.375410882707
60808 54103.72032 -64.86615210514908 -4.261001674774551 13636.940703517557
60808 54223.72032 -63.33818337276066 -3.980900785483985 13636.487694601634
60808 54343.72032 -61.80957473220916 -3.72904122055285 13636.01762462093
60808 54463.72032 -60.280397185090735 -3.50105388340446 13635.53178379137
60808 54583.72032 -58.75070724820368 -3.293420226772611 13635.031508411645
60808 54703.72032 -57.22055043753047 -3.1032747784625485 13634.518177082637
60808 54823.72032 -55.689963826408125 -2.928260167038676 13633.993206803842
60808 54943.72032 -54.15897795295459 -2.7664190701158917 13633.458048958097
60808 55063.72032 -52.62761826200782 -2.6161125702280565 13632.914185195765
60808 55183.72032 -51.095906208957416 -2.475957688692254 13632.363123230238
60808 55303.72032 -49.56386011432651 -2.344779042793912 13631.806392557004
60808 55423.72032 -48.031495832197244 -2.22157103769838 13631.245540109925
60808 55543.72032 -46.49882727783859 -2.1054680092534577 13630.6821258727
60808 55663.72032 -44.96586684755984 -1.9957204330160467 13630.117718482445
60808 55783.72032 -43.432625755231484 -1.8916758082679177 13629.553890949775
60808 55903.72032 -41.899114303480616 -1.7927631785305782 13628.992217049641
60808 56023.72032 -40.36534210238896 -1.6984805053338992 13628.43427069807
60808 56143.72032 -38.83131824408829 -1.6083842987347392 13627.88162843076
60808 56263.72032 -37.29705145555135 -1.5220810471719266 13627.335791716381
60808 56383.72032 -35.762550282419234 -1.4392200938494588 13626.7982099436
60808 56503.72032 -34.227823053083185 -1.3594876686144297 13626.270580249458
60808 56623.72032 -32.69287800119181 -1.2826018779043349 13625.754278090142
60808 56743.72032 -31.157723399346125 -1.2083084706156486 13625.250734120444
60808 56863.72032 -29.62236756699124 -1.1363772350367989 13624.761371167257
60808 56983.72032 -28.08681891010704 -1.066598924441002 13624.287564836874
60808 57103.72032 -26.551085956058184 -0.9987826196760727 13623.830644602504
60808 57223.72032 -25.01517737925164 -0.9327534557492201 13623.391892282276
60808 57343.72032 -23.47910201983907 -0.8683506530656183 13622.97253892551
60808 57463.72032 -21.942868896578332 -0.8054258045190913 13622.573761415397
60808 57583.72032 -20.406487214772447 -0.7438413781222226 13622.196679127057
60808 57703.72032 -18.869966369923098 -0.6834694016924704 13621.842350725885
60808 57823.72032 -17.333315947636684 -0.6241903016401703 13621.5117711331
60808 57943.72032 -15.796545720279395 -0.5658918723930092 13621.205868671868
60808 58063.72032 -14.259665640782444 -0.5084683566452095 13620.925502403423
60808 58183.72032 -12.722685833946855 -0.45181961960584827 13620.67145966135
60808 58303.72032 -11.185616585566192 -0.39585040286324735 13620.444453791264
60808 58423.72032 -9.648468329674166 -0.3404696454840121 13620.245122102593
60808 58543.72032 -8.111251634139242 -0.2855898616002528 13620.074024038377
60808 58663.72032 -6.573977184883367 -0.23112656507754423 13619.931639568558
60808 58783.72032 -5.036655768905848 -0.17699773293877177 13619.818367811391
60808 58903.72032 -3.4992982563657646 -0.12312330009470325 13619.734525887025
60808 59023.72032 -1.9619155818575227 -0.06942467861918063 13619.680348006741
60808 59143.72032 -0.4245187251478472 -0.01582429534444054 13619.655984800329
60808 59263.72032 1.1128813085233955 0.0377548580614402 13619.66150288378
60808 59383.72032 2.650273508366564 0.09138966810451099 13619.696884668478
60808 59503.72032 4.187646877978509 0.14515734098629088 13619.76202841239
60808 59623.72032 5.7249904551961 0.19913584803325346 13619.856748513263
60808 59743.72032 7.262293331618402 0.2534043805079851 13619.980776042861
60808 59863.72032 8.799544671655406 0.30804381947740334 13620.13375952072
60808 59983.72032 10.336733730910641 0.36313722673213045 13620.315265925075
60808 60103.72032 11.873849873694677 0.41877036320418226 13620.524781938188
60808 60223.72032 13.41088258949732 0.47503224193246896 13620.761715422164
60808 60343.72032 14.947821508176386 0.5320157233927436 13621.025397121126
60808 60463.72032 16.48465641365477 0.5898181619736947 13621.315082584733
60808 60583.72032 18.021377255855477 0.6485421135723002 13621.629954307278
60808 60703.72032 19.557974160643862 0.7082961157471951 13621.969124076239
60808 60823.72032 21.094437437444853 0.7691955536587818 13622.331635523342
60808 60943.72032 22.63075758419337 0.8313636272117264 13622.716466870454
60808 61063.72032 24.16692528929765 0.8949324374919415 13623.12253386191
60808 61183.72032 25.702931430068972 0.9600442138497315 13623.548692872966
60808 61303.72032 27.238767067284474 1.0268527069989553 13623.993744179588
60808 61423.72032 28.77442343510549 1.095524778411285 13624.456435358396
60808 61543.72032 30.309891925733734 1.1662422223749012 13624.935464725088
60808 61663.72032 31.84516406796223 1.2392038646091061 13625.429484502176
60808 61783.72032 33.38023149799983 1.3146279906723135 13625.937102952876
60808 61903.72032 34.915085921036976 1.3927551691309024 13626.456887746044
60808 62023.72032 36.44971906898436 1.4738515495816094 13626.98739785501
60808 62143.72032 37.984122668566066 1.558212734904288 13627.527186136018
60808 62263.72032 39.51828833221093 1.6461683452234317 13628.07465533169
60808 62383.72032 41.05220744669332 1.738087429931583 13628.62828771189
60808 62503.72032 42.5858711224716 1.8343849237748941 13629.186563747518
60808 62623.72032 44.119270048941075 1.9355293813407948 13629.747917059378
60808 62743.72032 45.652394326895234 2.0420523034980524 13630.31077390464
60808 62863.72032 47.18523327214201 2.1545594535968537 13630.873560424367
60808 62983.72032 48.7177751746417 2.2737446781863606 13631.434705376261
60808 63103.72032 50.25000699998024 2.400406905198187 13631.992643881138
60808 63223.72032 51.781914018164635 2.5354712072503096 13632.54582165958
60808 63343.72032 53.313479338923614 2.680015112322261 13633.09269939162
60808 63463.72032 54.84468332580295 2.8353017534434177 13633.631757076097
60808 63583.72032 56.37550285085044 3.00282202483586 13634.161498345456
60808 63703.72032 57.90591033751079 3.184348732989266 13634.68045471479
60808 63823.72032 59.43587251828748 3.382006918868367 13635.187189749908
60808 63943.72032 60.96534880294375 3.5983662731185895 13635.680303141982
60808 64063.72032 62.49428910695674 3.836564176397291 13636.158434676843
60808 64183.72032 64.02263091958777 4.100471874264447 13636.62026808748
60808 64303.72032 65.55029528125682 4.394922483058448 13637.064534779025
60808 64423.72032 67.07718116526833 4.726029369785578 13637.490017415506
60808 64543.72032 68.60315747283663 5.101639521431508 13637.895553358401
60808 64663.72032 70.12805136902716 5.531993504495489 13638.280037947163
60808 64783.72032 71.65163085007443 6.030710380129874 13638.642427612684
60808 64903.72032 73.17357792283912 6.616299928780188 13638.981742814765
60808 65023.72032 74.69344593865888 7.314561635070659 13639.297070795488
60808 65143.72032 76.21058902405117 8.162537737502392 13639.587568140785
60808 65263.72032 77.72403986800704 9.215324317393225 13639.852463142863
60808 65383.72032 79.23228608934757 10.558446474123434 13640.091057957236
60808 65503.72032 80.73283262590502 12.33182791092771 13640.30273054795
60808 65623.72032 82.2212710396598 14.779983666439941 13640.48693641592
60808 65743.72032 83.68908003296887 18.367670392632203 13640.643210105394
60808 65863.72032 85.11767384202113 24.078659302274744 13640.77116648449
60808 65983.72032 86.45932393036507 34.28064895756243 13640.870501796115
60808 66103.72032 87.56582087627811 55.06956441344936 13640.940994476563
60808 66223.72032 87.99914313594493 93.95702922375322 13640.982505739454
60808 66343.72032 87.39790484357454 129.9229850524391 13640.994979923373
60808 66463.72032 86.22804188957242 148.08481104432477 13640.978444602437
60808 66583.72032 84.86444973187729 157.181025498534 13640.933010459486
60808 66703.72032 83.42658526702336 162.3936445949029 13640.858870922195
60808 66823.72032 81.95414693800281 165.72462552034895 13640.75630156335
60808 66943.72032 80.46311014745173 168.02550748229055 13640.625659266943
60808 67063.72032 78.96098188916973 169.70724327498345 13640.467381162458
60808 67183.72032 77.45171700119464 170.98969468131062 13640.28198333041
60808 67303.72032 75.93758470984557 172.0003324617199 13640.070059282862
60808 67423.72032 74.4199751963888 172.81788042597475 13639.83227822312
60808 67543.72032 72.89978513552761 173.49347832320416 13639.569383089656
60808 67663.72032 71.3776173260149 174.06174505610392 13639.282188389723
60808 67783.72032 69.8538909624982 174.5469307061978 13638.971577828785
60808 67903.72032 68.3289058786939 174.9665179581578 13638.638501742516
60808 68023.72032 66.80288168098664 175.33342369830268 13638.283974338568
60808 68143.72032 65.27598250627999 175.65739551875836 13637.909070755988
60808 68263.72032 63.74833320320445 175.9459262008204 13637.514923950434
60808 68383.72032 62.22003021117481 176.20486938616241 13637.102721414238
60808 68503.72032 60.691149058403624 176.43886428819317 13636.673701740372
60808 68623.72032 59.161749644262024 176.65163505226408 13636.229151040194
60808 68743.72032 57.63188003409578 176.84620585050698 13635.770399225054
60808 68863.72032 56.101579233536505 177.02505811330855 13635.29881616232
60808 68983.72032 54.57087924888456 177.19024726063657 13634.81580771674
60808 69103.72032 53.03980663920453 177.34349059255442 13634.322811688373
60808 69223.72032 51.50838370064713 177.48623431729655 13633.821293658657
60808 69343.72032 49.9766293806932 177.61970527095815 13633.312742756425
60808 69463.72032 48.444559991388864 177.74495125631182 13632.79866735592
60808 69583.72032 46.91218977104007 177.8628728183067 13632.280590719112
60808 69703.72032 45.37953133030287 177.9742485044779 13631.760046594765
60808 69823.72032 43.84659600912165 178.07975511754645 13631.238574786845
60808 69943.72032 42.313394164182995 178.17998408205045 13630.71771670489
60808 70063.72032 40.77993540165352 178.27545476880692 13630.199010909253
60808 70183.72032 39.24622876643762 178.36662541813 13629.683988663834
60808 70303.72032 37.71228289658868 178.45390215311258 13629.174169509253
60808 70423.72032 36.17810614949599 178.5376464628379 13628.671056869149
60808 70543.72032 34.643706705059245 178.61818145159913 13628.176133702163
60808 70663.72032 33.10909264994225 178.69579708665358 13627.69085821243
60808 70783.72032 31.574272046126712 178.77075462844616 13627.216659630734
60808 70903.72032 30.039252986359433 178.8432903897855 13626.754934078594
60808 71023.72032 28.504043638592208 178.91361894138723 13626.307040527498
60808 71143.72032 26.968652281073318 178.98193585847963 13625.87429686459
60808 71263.72032 25.433087329469885 179.0484200852934 13625.457976076763
60808 71383.72032 23.89735735719707 179.11323598011336 13625.059302563775
60808 71503.72032 22.361471109845102 179.17653509231383 13624.67944859149
60808 71623.72032 20.8254375145118 179.2384577137908 13624.319530895433
60808 71743.72032 19.28926568474811 179.29913423996126 13623.98060744461
60808 71863.72032 17.752964921580084 179.35868636965327 13623.663674374977
60808 71983.72032 16.2165447112369 179.4172281684603 13623.369663101743
60808 72103.72032 14.680014719828021 179.47486701628128 13623.099437618692
60808 72223.72032 13.143384785533245 179.5317044566065 13622.85379199265
60808 72343.72032 11.606664908481891 179.58783696254127 13622.633448060358
60808 72463.72032 10.06986523869653 179.64335663244364 13622.43905333462
60808 72583.72032 8.532996062349289 179.69835182632417 13622.271179125953
60808 72703.72032 6.996067786534623 179.75290775274988 13622.130318886026
60808 72823.72032 5.4590909228859905 179.8071070148361 13622.016886781197
60808 72943.72032 3.922076070328505 179.86103012298705 13621.931216526918
60808 73063.72032 2.385033898175053 179.9147559812757 13621.873560862163
60808 73183.72032 0.8479751448517358 179.96836235328817 13621.84411413684
60808 73303.72032 -0.6890877285819316 -179.97807374377905 13621.83665108605
60808 73423.72032 -2.2261481864588277 -179.9244753293607 13621.855893517506
60808 73543.72032 -3.7631943366712837 -179.87076541172573 13621.91181583609
60808 73663.72032 -5.300214056156886 -179.81686636727414 13621.995841237931
60808 73783.72032 -6.837196625441112 -179.76269943284004 13622.107669743826
60808 73903.72032 -8.37413143328969 -179.70818428677376 13622.246974091573
60808 74023.72032 -9.911007957183545 -179.6532385661896 13622.413347833051
60808 74143.72032 -11.447815778111975 -179.5977773573525 13622.60630520085
60808 74263.72032 -12.984544596709679 -179.5417126534847 13622.825282409378
60808 74383.72032 -14.521184248528577 -179.4849527724877 13623.069639272802
60808 74503.72032 -16.05772471794496 -179.42740172610084 13623.338661056494
60808 74623.72032 -17.594156150384222 -179.36895853089615 13623.631560546877
60808 74743.72032 -19.130468862642008 -179.3095164501153 13623.947480331723
60808 74863.72032 -20.666653350976016 -179.2489621536685 13624.285495283806
60808 74983.72032 -22.20270029665244 -179.18717478154724 13624.64461524061
60808 75103.72032 -23.738600568588502 -179.12402489337407 13625.023787872082
60808 75223.72032 -25.274345222647323 -179.05937328373383 13625.421901728205
60808 75343.72032 -26.809925497161938 -178.99306963914208 13625.837789457324
60808 75463.72032 -28.34533280406192 -178.92495100787295 13626.27023118585
60808 75583.72032 -29.88055871499374 -178.85484004813657 13626.71795804964
60808 75703.72032 -31.415594941658384 -178.78254301302007 13627.179655866486
60808 75823.72032 -32.95043330942949 -178.70784742179885 13627.653968939338
60808 75943.72032 -34.485065723129225 -178.6305193562278 13628.139503978822
60808 76063.72032 -36.01948412363601 -178.55030030661342 13628.634834134118
60808 76183.72032 -37.55368043366022 -178.4669034750254 13629.138503120023
60808 76303.72032 -39.08764649065375 -178.38000942085395 13629.64902942854
60808 76423.72032 -40.62137396431471 -178.28926090559023 13630.164910612766
60808 76543.72032 -42.15485425553956 -178.1942567572378 13630.684627630513
60808 76663.72032 -43.68807837283332 -178.09454452748142 13631.206649235282
60808 76783.72032 -45.22103678111738 -177.98961165295287 13631.729436401862
60808 76903.72032 -46.753719216417686 -177.87887475054796 13632.251446773764
60808 77023.72032 -48.28611445811772 -177.7616665685868 13632.77113911971
60808 77143.72032 -49.81821004778399 -177.63721997056675 13633.286977786389
60808 77263.72032 -51.34999194024863 -177.5046481317667 13633.797437134606
60808 77383.72032 -52.881444067846026 -177.362919859996 13634.301005946149
60808 77503.72032 -54.41254779218383 -177.21082857936815 13634.796191788811
60808 77623.72032 -55.94328120864799 -177.04695299400728 13635.281525326876
60808 77743.72032 -57.47361825579702 -176.86960670730573 13635.755564564997
60808 77863.72032 -59.00352756299301 -176.6767730044951 13636.216899013127
60808 77983.72032 -60.532970942088006 -176.46601944406112 13636.664153760761
60808 78103.72032 -62.061901387919384 -176.23438457932198 13637.095993448796
60808 78223.72032 -63.590260390143435 -175.97822560954745 13637.511126127794
60808 78343.72032 -65.11797426249132 -175.6930103145436 13637.908306991572
60808 78463.72032 -66.64494904285175 -175.37302801822815 13638.286341975607
60808 78583.72032 -68.17106326958303 -175.0109803798098 13638.644091210013
60808 78703.72032 -69.69615752556251 -174.59738958877463 13638.98047231726
60808 78823.72032 -71.22001892852371 -174.11972167152652 13639.294463545413
60808 78943.72032 -72.74235747439324 -173.561051769543 13639.5851067279
60808 79063.72032 -74.26276877850617 -172.8979673231252 13639.851510061517
60808 79183.72032 -75.78067316677654 -172.09715206841096 13640.092850694791
60808 79303.72032 -77.29521164644875 -171.10957884215318 13640.30837711949
60808 79423.72032 -78.8050587010173 -169.86012643406042 13640.497411358334
60808 79543.72032 -80.30806338760303 -168.22785537095936 13640.659350942977
60808 79663.72032 -81.80050532474274 -166.00567555426775 13640.793670676516
60808 79783.72032 -83.27539281512159 -162.81008218154324 13640.899924175621
60808 79903.72032 -84.71804685194236 -157.85577878339362 13640.977745188004
60808 80023.72032 -86.09264883339067 -149.32153548492454 13641.026848681373
60808 80143.72032 -87.29349571261356 -132.5049051312523 13641.047031700908
60808 80263.72032 -87.98203276828542 -98.45851271983302 13641.038173992853
60808 80383.72032 -87.65299491771144 -58.25069112517355 13641.000238392344
60808 80503.72032 -86.58914013197669 -35.7878929132755 13640.933270974483
60808 80623.72032 -85.2619645663923 -24.86824942618575 13640.837400968141
60808 80743.72032 -83.83933582792092 -18.839833063418542 13640.71284043275
60808 80863.72032 -82.37446433538145 -15.091499209326416 13640.559883698905
60808 80983.72032 -80.88767076277271 -12.552412678785709 13640.378906574399
60808 81103.72032 -79.38813525601005 -10.72302066538252 13640.170365317766
60808 81223.72032 -77.88055574345196 -9.343109251374846 13639.934795382365
60808 81343.72032 -76.36756946360602 -8.264923112696483 13639.67280993418
60808 81463.72032 -74.85076489785979 -7.398702476039123 13639.385098147843
60808 81583.72032 -73.33115295333754 -6.686907928462101 13639.072423285259
60808 81703.72032 -71.80940588432895 -6.091010674897309 13638.735620562447
60808 81823.72032 -70.28598703630776 -5.584266115145337 13638.37559481036
60808 81943.72032 -68.76122537254545 -5.147540942967986 13637.993317936309
60808 82063.72032 -67.23536033482813 -4.766791570297997 13637.589826193054
60808 82183.72032 -65.70856993783995 -4.431480444037697 13637.166217263239
60808 82303.72032 -64.18098897078634 -4.133547854931623 13636.723647167202
60808 82423.72032 -62.652721141614926 -3.8667248840650705 13636.263327002947
60808 82543.72032 -61.12384739087986 -3.6260625690225057 13635.786519527439
60808 82663.72032 -59.594431714011314 -3.4076019727331635 13635.294535588711
60808 82783.72032 -58.06452532179518 -3.208138360237895 13634.788730418863
60808 82903.72032 -56.53416966749197 -3.025049623641815 13634.27049979845
60808 83023.72032 -55.00339868532233 -2.856169441778788 13633.74127610301
60808 83143.72032 -53.47224047015998 -2.6996921458763015 13633.202524242966
60808 83263.72032 -51.940718554682256 -2.554100421810434 13632.655737508343
60808 83383.72032 -50.40885289215361 -2.4181097036521333 13632.10243333044
60808 83503.72032 -48.87666062090808 -2.2906249315969838 13631.544148973306
60808 83623.72032 -47.34415666479954 -2.1707065824712486 13630.982437170574
60808 83743.72032 -45.81135420898943 -2.0575437334165887 13630.418861733242
60808 83863.72032 -44.278265079826596 -1.9504325163387277 13629.854993197212
60808 83983.72032 -42.74490005013322 -1.8487587445180913 13629.292404776907
60808 84103.72032 -41.21126908539377 -1.7519837974526937 13628.732669742716
60808 84223.72032 -39.6773815419268 -1.6596330715766505 13628.177362682598
60808 84343.72032 -38.14324632746163 -1.571286467603128 13627.628039825573
60808 84463.72032 -36.608872070877034 -1.4865705083341305 13627.086135756075
60808 84583.72032 -35.07426722247991 -1.4051517645128022 13626.553270703034
60808 84703.72032 -33.53944003589651 -1.3267313377941976 13626.030965834316
60808 84823.72032 -32.004398763417626 -1.2510402215457757 13625.520615833111
60808 84943.72032 -30.46915169194672 -1.177835362834133 13625.023658616099
60808 85063.72032 -28.933707173009708 -1.1068963093242485 13624.541494345409
60808 85183.72032 -27.398073661781915 -1.0380223409793035 13624.075477276692
60808 85303.72032 -25.862259747457166 -0.9710300040660239 13623.626915370229
60808 85423.72032 -24.326274175460902 -0.9057509810731731 13623.197067657631
60808 85543.72032 -22.790125863493 -0.8420302422253281 13622.787140911507
60808 85663.72032 -21.25382391204459 -0.7797244338175491 13622.39828625634
60808 85783.72032 -19.717377610353697 -0.7187004663104224 13622.031595887303
60808 85903.72032 -18.18079643830907 -0.6588342713224723 13621.688099944133
60808 86023.72032 -16.64409006485114 -0.6000097016968655 13621.36876355878
60808 86143.72032 -15.107268343302428 -0.5421175529065889 13621.074484087858
60808 86263.72032 -13.570341304004398 -0.48505468740144553 13620.80608853874
60808 86383.72032 -12.033319144608585 -0.4287232462276865 13620.56433119694
