CIC_MEM_VERS = 1.0
CREATION_DATE = 2024-12-08T21:19:00.319011
ORIGINATOR = CS Group

META_START
OBJECT_NAME = Sat
OBJECT_ID = Sat
USER_DEFINED_PROTOCOL = NONE
USER_DEFINED_CONTENT = LLA
USER_DEFINED_SIZE = 3.0
USER_DEFINED_TYPE = REAL
USER_DEFINED_UNIT = [deg] [km]
TIME_SYSTEM = UTC
META_STOP

60652 24367.349664 0.12288786206338748 -111.5798933222001 519.9673111840083
60652 24967.349664 37.8090043004893 -117.46997818825892 518.965365873733
60652 25567.349664 74.21232852353944 -139.55996734207932 520.9452135818309
60652 26167.349664 64.95566103438146 84.96889475642574 513.8279669129405
60652 26767.349664 27.747085070560694 72.47129918326918 507.03563383941685
60652 27367.349664 -10.12971934800099 67.11348478176016 509.0396688512214
60652 27967.349664 -47.72080171386479 60.082657810580415 524.920614677969
60652 28567.349664 -81.45476642335875 6.392085237107037 536.9243749008988
60652 29167.349664 -55.57738585612738 -100.33361517999506 532.1474075471807
60652 29767.349664 -18.2186979208804 -108.99434818442323 518.4255929172701
60652 30367.349664 19.578865925720663 -114.19938670532773 513.6503017855028
60652 30967.349664 57.0056762029079 -123.28753264889669 519.2182516250614
60652 31567.349664 80.5844889417954 121.73556961797378 520.6389338187995
60652 32167.349664 45.952440298544744 76.4210591327859 514.9017956895027
60652 32767.349664 8.34567499568323 69.65287957979267 511.63138033423803
60652 33367.349664 -29.46596086416849 64.24008852881568 516.4560165827525
60652 33967.349664 -66.49318917157092 50.7705378388655 525.9807666167603
60652 34567.349664 -72.85957077743602 -85.93255005727184 526.3962742090117
60652 35167.349664 -36.3110352373141 -105.83355741105298 514.7475419997672
60652 35767.349664 1.4474378338661087 -111.62007063546301 513.1218642183185
60652 36367.349664 39.1713957061307 -117.633410263723 514.9448166658776
60652 36967.349664 75.43799113499038 -142.166193330052 515.8701785809521
60652 37567.349664 63.55900248421451 84.08631547074816 525.3645316845179
60652 38167.349664 26.346621130294235 72.37276381893146 510.55971488373535
60652 38767.349664 -11.537188066385633 67.05415492423292 504.5156121576112
60652 39367.349664 -49.20304942064632 59.7613033010553 514.9107622126321
60652 39967.349664 -82.08991160811424 -4.3425741493949905 517.2586733602475
60652 40567.349664 -53.733742591331556 -100.93789507676387 514.7111608788475
60652 41167.349664 -16.188502715022157 -109.15249629678792 506.53460324256275
60652 41767.349664 21.697689534368692 -114.38544552516564 510.3103687625246
60652 42367.349664 59.08928010191673 -124.1671419535036 515.4569900138546
60652 42967.349664 79.14950411617167 112.5312289946775 517.8547685001987
60652 43567.349664 43.81440332618029 75.98807520347688 515.9688736048641
60652 44167.349664 6.15057972978871 69.4928750883628 510.34313479484354
60652 44767.349664 -31.651202591137693 63.9824933558773 514.340818760293
60652 45367.349664 -68.61155827600783 48.859832842398596 513.0917937637648
60652 45967.349664 -70.69491885985124 -89.01874669018709 517.4661743880648
60652 46567.349664 -33.86902303795731 -106.18270832500939 511.40604678030013
60652 47167.349664 3.9322508154679197 -111.81417040150558 512.4439405202397
60652 47767.349664 41.5758901350555 -118.0512125257537 526.3864057445282
60652 48367.349664 77.30050647864186 -147.39367727585937 537.8000372425341
60652 48967.349664 61.63317083564919 82.96979483280853 532.5919763679348
60652 49567.349664 24.43924258457985 72.19665785622868 516.4340575522476
60652 50167.349664 -13.38903422148013 66.93123598996897 508.7819145919874
60652 50767.349664 -50.998869896592005 59.30987925589264 514.6150848373873
60652 51367.349664 -82.41772250743568 -17.481168516539892 520.7148112310168
60652 51967.349664 -51.99035557752115 -101.45004540117102 516.1154187527318
60652 52567.349664 -14.418179771918506 -109.27086642589882 510.02568865776135
60652 53167.349664 23.413457521097165 -114.51796346399435 517.0899160364867
60652 53767.349664 60.68448643982203 -124.89562248516064 527.6464723579707
60652 54367.349664 78.03462403695909 107.59861431193475 533.5377106474444
60652 54967.349664 42.464025549506296 75.78065057388572 524.4325795986362
60652 55567.349664 4.818649461835164 69.44833193806147 515.5873291880864
60652 56167.349664 -32.950311865162995 63.87641181398296 516.2207561548006
60652 56767.349664 -69.78253253987585 47.685793835619016 524.3566259244093
60652 57367.349664 -69.62810872444186 -90.21799458905073 522.7817266836747
60652 57967.349664 -32.740370038470154 -106.26580284958204 512.2538556595174
60652 58567.349664 5.077223363059939 -111.83265016913244 509.81583610062734
60652 59167.349664 42.78010212197156 -118.20808959407773 515.8138102734245
60652 59767.349664 78.40373580441805 -151.46926381856417 516.2439381451871
60652 60367.349664 60.066255138405616 82.19845336413493 510.5425844329351
60652 60967.349664 22.631697739495287 72.04576559253964 503.2788942100609
60652 61567.349664 -15.283159432258037 66.80041080730369 508.5149163430935
60652 62167.349664 -52.778307417402935 58.82076358106909 527.4735105279964
60652 62767.349664 -82.35243914405123 -29.671118148741915 539.366552081948
60652 63367.349664 -50.58511876904094 -101.80099342862103 533.290421986497
60652 63967.349664 -13.13730616765615 -109.31518716379148 519.7108474647682
60652 64567.349664 24.640965409193296 -114.57517667679004 514.9507113774587
60652 65167.349664 61.91488960277398 -125.48298729655782 518.8528528175999
60652 65767.349664 76.9097825129934 103.74722056354061 517.3441552005032
60652 66367.349664 40.905839776438725 75.54263361722815 517.1730207125379
60652 66967.349664 3.1853882926689545 69.36783535872382 510.8866246105048
60652 67567.349664 -34.58189105620403 63.7000021158728 511.87602105841864
60652 68167.349664 -71.34118630508755 45.805756697968434 514.0259137934399
60652 68767.349664 -67.93195634440386 -91.91618851883959 515.1631578477742
60652 69367.349664 -30.8909146982615 -106.47019424867713 510.26201454296216
60652 69967.349664 6.925521809110624 -111.94303906065521 514.1146933078553
60652 70567.349664 44.50681044032704 -118.5106994259601 530.093389986233
60652 71167.349664 79.50247233556296 -156.7759092828723 540.8916312592662
60652 71767.349664 58.82761919398217 81.68038023712523 533.4485589274545
60652 72367.349664 21.542331309208407 72.01338645991868 515.9227555435446
60652 72967.349664 -16.306184289947243 66.78947017833444 507.0619779441866
60652 73567.349664 -53.88426614307416 58.53676441184267 512.0469554591774
60652 74167.349664 -82.040528672035 -39.21357793274427 516.7934339535304
60652 74767.349664 -49.02094725436222 -102.16920253028641 513.0606066904272
60652 75367.349664 -11.382155831804264 -109.42349632946048 510.60544327497064
60652 75967.349664 26.41139891528516 -114.72978253067438 520.9443691032839
60652 76567.349664 63.49723419476434 -126.3867269112584 536.1266791702948
60652 77167.349664 75.72154018526345 100.52048682611974 538.9940080564724
60652 77767.349664 39.68200417068639 75.39856840496618 524.9194329581088
60652 78367.349664 1.9814214130239027 69.34272341466306 508.73116071551686
60652 78967.349664 -35.84459047379538 63.580945852436 508.4093662845422
60652 79567.349664 -72.53280878622112 44.12844445630963 516.089157531909
60652 80167.349664 -66.73258964419473 -92.907956014796 514.3062185565684
60652 80767.349664 -29.6734242428184 -106.55187718936419 515.6956133718371
60652 81367.349664 8.10557896357439 -111.96856330935395 508.9571830953425
60652 81967.349664 45.780918163205776 -118.7222394469788 515.0458733551774
60652 82567.349664 80.45812568401556 -163.06819647674124 508.67306782816064
60652 83167.349664 57.10819786362275 80.98737066580637 511.2067007610763
60652 83767.349664 19.632490985219277 71.85885687980392 512.1904258552966
60652 84367.349664 -18.146320514705355 66.65516172773715 523.9518250791824
60652 84967.349664 -55.424939326582724 58.04560142224003 541.6408018002144
60652 85567.349664 -81.57161684226166 -47.14464431057015 546.4270580660362
60652 86167.349664 -48.06509868690088 -102.32616675265295 530.3982169920282
60653 367.349664 -10.493530583213987 -109.41186130661391 508.2456720540534
60653 967.349664 27.426446074787734 -114.76686709458167 500.4429244049902
60653 1567.349664 64.73793229097987 -127.1562839546311 506.40189001807795
60653 2167.349664 74.3269259667443 97.45674594491805 515.6163517942709
60653 2767.349664 37.89413087548906 75.14110596177501 515.7295263488129
60653 3367.349664 0.19008593980540026 69.23919816863508 519.9132368736485
60653 3967.349664 -37.411938277418535 63.38962511504909 533.7097697529218
60653 4567.349664 -73.67142256076271 42.26585414406388 543.7034188032574
60653 5167.349664 -65.77218777128405 -93.59744906986178 535.219645242017
60653 5767.349663999999 -28.746053367344793 -106.57996415925781 513.8563775267294
60653 6367.349663999999 9.135064409085093 -111.97466795678504 500.0589597334048
60653 6967.349663999999 46.91936369326424 -118.90915939847049 503.9028107747119
60653 7567.349664 81.17392151937788 -169.5393511504308 512.0714664101156
60653 8167.349664 55.910886984241564 80.5883133264714 514.6372229035289
60653 8767.349664 18.43387450988842 71.81503484601748 513.75241846808
60653 9367.349664 -19.340250762116618 66.61330268323196 523.2475682947263
60653 9967.349664 -56.61289214036784 57.666315308159724 538.6762556353849
60653 10567.349664 -80.94846938543171 -54.220900833357646 542.30327213956
60653 11167.349664 -46.78320699860642 -102.5683277146316 526.8828304776645
60653 11767.349664 -9.16430525554708 -109.4591638143599 506.8937383476506
60653 12367.349664 28.747283892188612 -114.85698169364295 502.42550437484715
60653 12967.349664 65.9668181560954 -127.99656908889693 510.41448230732385
60653 13567.349664 73.25275419478486 95.51832595518371 514.9450504694237
60653 14167.349664 36.63976817701846 75.00913398777534 508.1367441780324
60653 14767.349664 -1.1806368149822302 69.1924550561445 508.8233219000692
60653 15367.349664 -38.889929844078736 63.208408807921295 523.4951022451795
60653 15967.349664 -75.05247016100998 39.5399331765981 538.5085394875674
60653 16567.349664 -64.25164628296059 -94.65167846971363 537.1880849091848
60653 17167.349664 -27.21711522831192 -106.70810749854749 522.2575210752622
60653 17767.349664 10.555097191179636 -112.03389172460824 511.4247288674057
60653 18367.349664 48.19967767240535 -119.14770906562597 513.7760039343485
60653 18967.349664 81.74305102283223 -176.77734652830026 517.3836820082109
60653 19567.349664 54.72427501147636 80.22158179576562 514.8291616884006
60653 20167.349664 17.236456694081745 71.77309941535394 511.9483274868521
60653 20767.349664 -20.59868646560054 66.56001610114505 514.2562138025366
60653 21367.349664 -57.984248401885075 57.16945376047968 514.1832960492807
60653 21967.349664 -79.95982159706132 -61.99777849075302 526.4724537523203
60653 22567.349664 -45.0766000998631 -102.91095754802761 526.7049915885698
60653 23167.349664 -7.534146108002636 -109.54701670422553 524.0090359677445
60653 23767.349664 30.120963792333306 -114.96343736975258 528.6403632536976
60653 24367.349664 67.00535122292521 -128.77007625076428 534.1059881173513
60653 24967.349664 72.41725363119328 94.23848881495563 526.4971087628463
60653 25567.349664 35.773156404234975 74.96524671701386 508.5134026591041
60653 26167.349664 -2.110224275720005 69.20294178852409 497.7829797404696
60653 26767.349664 -39.97692608007616 63.099646901420144 506.0733591043435
60653 27367.349664 -76.15328603027899 36.9082576510333 524.9385555646787
60653 27967.349664 -62.89075729448151 -95.46511061691267 528.6094009651544
60653 28567.349664 -25.754041220781186 -106.81666687398216 522.6439580557465
60653 29167.349664 11.969993105066022 -112.09492705973926 521.5483673714148
60653 29767.349664 49.45711256840786 -119.40473075794313 528.2739142849359
60653 30367.349664 82.12340086467651 175.83275046484118 530.3735077598027
60653 30967.349664 53.72494978735874 79.96385364094243 517.960286710182
60653 31567.349664 16.220018513421763 71.76071915936838 520.5554170116447
60653 32167.349664 -21.537640312403724 66.5497355499208 517.3157438535868
60653 32767.349664 -58.871637211448565 56.8583362700323 522.8370900576958
60653 33367.349664 -79.35352900664333 -65.48678762864711 522.2419995485932
60653 33967.349664 -44.08653250612509 -103.0342640222318 511.07683641478746
60653 34567.349664 -6.32831223886749 -109.57364683848527 503.64602604391484
60653 35167.349664 31.530745220111328 -115.08403253294865 513.1194073224112
60653 35767.349664 68.45679915020364 -130.06147454107867 529.1117606490219
60653 36367.349664 71.0222899505256 92.32237358243162 533.748346390571
60653 36967.349664 34.38862927856406 74.82638731050898 524.5360334625896
60653 37567.349664 -3.316691453729918 69.17704866136069 516.8416685185908
60653 38167.349664 -40.98695797026364 62.99823529701637 519.7623919047105
60653 38767.349664 -76.91122200275652 34.79275112379652 524.3090068681821
60653 39367.349664 -61.942480884241846 -95.92978140161452 517.7220484097899
60653 39967.349664 -24.634365839564225 -106.86084568074331 511.9510098772018
60653 40567.349664 13.236290171163166 -112.13583770600565 506.2199771189695
60653 41167.349664 50.85933344184867 -119.73113187386177 517.0299844370022
60653 41767.349664 82.40975356906348 164.28510915150204 517.257843425234
60653 42367.349664 52.038244126203416 79.47754205421566 516.0063969171957
60653 42967.349664 14.478458261053467 71.64833986627826 507.6378256352226
60653 43567.349664 -23.402124601170005 66.39454490406546 509.5786846982898
60653 44167.349664 -60.75877117046577 55.97195089401273 515.0217680289375
60653 44767.349664 -77.82429307114764 -72.29808604078042 520.4568969130407
60653 45367.349664 -42.04963840251116 -103.4070254309616 510.5522394451764
60653 45967.349664 -4.264244516528926 -109.71328854303802 502.8841827372716
60653 46567.349664 33.5914668109126 -115.33463242799195 512.1171182222492
60653 47167.349664 70.39866471321544 -132.1650623528906 529.6546073264044
60653 47767.349664 69.07646427616207 90.06632742116015 530.6017587478327
60653 48367.349664 32.24924009146932 74.5533894724046 519.4815185112947
60653 48967.349664 -5.49948411721347 69.0208539714221 511.5271919480938
60653 49567.349664 -43.19353968617978 62.597535098414895 515.0576472278344
60653 50167.349664 -78.72374240759025 28.00005610236042 515.3445005126418
60653 50767.349664 -59.659115966604766 -97.10898955240172 518.5093421848579
60653 51367.349664 -22.283980659615022 -107.09726213999491 509.4646855483114
60653 51967.349664 15.578457251745588 -112.33212455016323 511.50679951547505
60653 52567.349664 53.08708248525587 -120.3860883620234 510.53846495208523
60653 53167.349664 82.25765145855694 147.41270838919857 522.7253708024857
60653 53767.349664 49.931486457481554 78.89319465040873 524.2243117796692
60653 54367.349664 12.436233533831844 71.49525263570276 522.0725201304124
60653 54967.349664 -25.25484748625209 66.23323303840368 527.5361812468022
60653 55567.349664 -62.3468218686506 55.15238043383789 535.5516779182364
60653 56167.349664 -76.68425925382067 -76.03583146744361 531.2515947928379
60653 56767.349664 -40.71578416900592 -103.59217478790592 513.0806923103329
60653 57367.349664 -2.917714867273241 -109.75879856394705 499.71038105245293
60653 57967.349664 34.991140711882316 -115.47246619938589 503.92732699250763
60653 58567.349664 71.75231614624379 -133.8819045757495 516.0836519056625
60653 59167.349664 67.58504326952058 88.65391859047828 522.1359000691774
60653 59767.349664 30.610367583359455 74.38786034520024 518.406772988393
60653 60367.349664 -7.127333343835048 68.93840007529226 520.0872531546847
60653 60967.349664 -44.67355964850131 62.35467635725617 530.7678816726398
60653 61567.349664 -79.63210258445334 23.381038496218537 536.750461831004
60653 62167.349664 -58.58326144858015 -97.53460497156605 526.0890530321304
60653 62767.349664 -21.191921988570872 -107.13051354260504 507.7754849560464
60653 63367.349664 16.734604246690694 -112.36113535513074 501.99684707455674
60653 63967.349664 54.33070578589155 -120.72451753768523 511.9400394866384
60653 64567.349664 81.89878594544669 138.78446188198882 516.221194077629
60653 65167.349664 48.588220827497615 78.60435339476955 513.861157342254
60653 65767.349664 10.933053049512793 71.42426069795107 506.712050574554
60653 66367.349664 -26.92394932678823 66.09630455806891 514.0490012964029
60653 66967.349664 -64.1257061471546 54.084105086679756 520.1274497032927
60653 67567.349664 -75.03984447234538 -80.23223411284881 529.3247200776306
60653 68167.349664 -38.838077566684056 -103.88016717434432 525.3593925628351
60653 68767.349664 -1.2036398022017987 -109.84885305228822 521.162360905471
60653 69367.349664 36.44730038182718 -115.628051182897 525.9095643100239
60653 69967.349664 72.90905297447472 -135.57401188985074 531.2031420544206
60653 70567.349664 66.45612565262755 87.75105334920933 523.239885905202
60653 71167.349664 29.34353473853145 74.299316060306 506.69312509423617
60653 71767.349664 -8.569751631990872 68.87972622573119 501.4150338106912
60653 72367.349664 -46.30170344468616 62.04645943022259 514.5516575050619
60653 72967.349664 -80.80531193465433 14.931802750163513 519.3551951632967
60653 73567.349664 -56.628653414949106 -98.32293681313442 518.2194719934711
60653 74167.349664 -19.188969329139038 -107.29648570866436 513.6418801489755
60653 74767.349664 18.60971820039006 -112.50022622736321 519.386652438055
60653 75367.349664 55.96365093940976 -121.2679626425671 531.9504701200308
60653 75967.349664 81.26287732972915 129.84449340134665 536.739157262127
60653 76567.349664 47.32833168570352 78.36484060980477 524.7441661987349
60653 77167.349664 9.701340164307135 71.39077395917516 507.66041810749135
60653 77767.349664 -28.182500595390607 66.01696032918875 506.7594462584396
60653 78367.349664 -65.37555333720553 53.26273492266242 516.555769498229
60653 78967.349664 -73.83358236701928 -82.62510537777808 507.26873249731597
60653 79567.349664 -37.220048688126084 -104.0920270408845 501.18837554791213
60653 80167.349664 0.6627623265174267 -109.96213192278292 504.005119386232
60653 80767.349664 38.408454625492915 -115.91074426543533 523.0686484582021
60653 81367.349664 74.61238679816819 -138.7115402983096 542.7459596965646
60653 81967.349664 64.7963008185588 86.53669134503728 544.2544587094065
60653 82567.349664 27.86356393306246 74.1794452318015 529.0468906337952
60653 83167.349664 -9.850373553631261 68.83911854093046 514.9606281053447
60653 83767.349664 -47.49302065723458 61.83622015061605 512.3357794082866
60653 84367.349664 -81.44516714394506 8.187158965989212 511.6430055496242
60653 84967.349664 -55.30801087836175 -98.75714623665286 507.545065604825
60653 85567.349664 -17.726082386536667 -107.37794978094799 504.83588345772466
60653 86167.349664 20.13782639603875 -112.59535283408118 516.5209564025852
60654 367.349664 57.43460562745651 -121.79949523500282 537.0484946641262
60654 967.349664 80.46510944869863 122.46587206127039 545.5804392482055
60654 1567.349664 46.01520637766251 78.12687453737608 533.7595633029877
60654 2167.349664 8.473322313941347 71.35788845289557 515.4286529771224
60654 2767.349664 -29.35275693447858 65.94759576173745 508.2562372776763
60654 3367.349664 -66.50891025082053 52.445297492145016 511.1211909701092
60654 3967.349664 -72.69919808235737 -84.51628083909723 510.3743781256938
60654 4567.349664 -36.009076255632166 -104.20858155127733 506.10392758304585
60654 5167.349664 1.834664068239275 -109.98414990814179 507.6201773605506
60654 5767.349663999999 39.54415838398529 -116.02868640163213 523.641317079068
60654 6367.349663999999 75.6094808570227 -140.90001456722425 539.6778104746782
60654 6967.349663999999 63.64127868789239 85.82815387280765 538.7068197282975
60654 7567.349664 26.597441128065725 74.10083285707394 523.5825750132763
60654 8167.349664 -11.165374612212991 68.79320038755456 512.24062075513
60654 8767.349664 -48.79720712180227 61.57791181009844 513.486313850165
60654 9367.349664 -81.96762703663606 0.07693519730256163 515.7662841997851
60654 9967.349664 -54.13451448183412 -99.09890333905363 515.9717056082776
60654 10567.349664 -16.614991159082116 -107.405434906696 509.4294142462828
60654 11167.349664 21.243464052303278 -112.62821883800076 512.323869309411
60654 11767.349664 58.63978169650799 -122.24609565321525 515.0189836471193
60654 12367.349664 79.48051401314699 115.98979747158684 516.1738829736013
60654 12967.349664 44.22358980600013 77.77655005419253 509.29235608470896
60654 13567.349664 6.470258813167536 71.22230513907874 506.10470203268744
60654 14167.349664 -31.344619488509238 65.72847692248287 518.2985992463271
60654 14767.349664 -68.22140989482463 50.96555900771735 534.4343739488388
60654 15367.349664 -71.30409983099236 -86.52048109471389 538.0175697302196
60654 15967.349664 -34.72593990133941 -104.33320458306905 525.9640030550736
60654 16567.349664 2.9837172402724024 -110.00225458996502 513.4197481777148
60654 17167.349664 40.70820214131872 -116.15679870033028 514.0725839234566
60654 17767.349664 76.73776381404855 -143.8684130622811 518.5517503878693
60654 18367.349664 62.102582215613815 84.93646511796067 514.717429921007
60654 18967.349664 24.860652467170894 73.94933994881123 515.0885826379651
60654 19567.349664 -12.957482869402373 68.68018955606892 515.4886872129791
60654 20167.349664 -50.54142493971974 61.15766158414519 514.442119027141
60654 20767.349664 -82.38166202652287 -12.46287055053032 523.7743856718694
60654 21367.349664 -52.435822181857816 -99.61146713432592 514.4776358745504
60654 21967.349664 -14.860248194627895 -107.52411369286763 506.5585463185272
60654 22567.349664 23.01979128437437 -112.76851948242825 511.1628187200079
60654 23167.349664 60.33000918543482 -123.00239100575708 524.9538039879756
60654 23767.349664 78.3010828895279 110.35125676976183 532.0118342592059
60654 24367.349664 42.79776303139623 77.54693109074967 524.5733333745156
60654 24967.349664 5.169785259904063 71.18185843060212 514.1664005678567
60654 25567.349664 -32.60117262819861 65.63084161572999 516.450660623417
60654 26167.349664 -69.45471154805924 49.76482855440425 524.6157029768452
60654 26767.349664 -69.96062065420864 -88.14403607150037 523.0444312041496
60654 27367.349664 -33.10108339595029 -104.51409494161446 512.8600256687305
60654 27967.349664 4.709770893830346 -110.09816073726886 509.9421464564423
60654 28567.349664 42.419707062646545 -116.43189905541782 515.8274972765184
60654 29167.349664 78.12326448613611 -148.60172639981846 518.7621219926108
60654 29767.349664 60.40069345019624 84.06667131336026 518.7963842477485
60654 30367.349664 23.06200739460171 73.79805035290829 511.9996324892064
60654 30967.349664 -14.765419992663704 68.55922866374725 515.4526140162078
60654 31567.349664 -52.23463646194558 60.7032023981875 528.7342851657944
60654 32167.349664 -82.41332472311872 -23.9362270602145 535.3269098981633
60654 32767.349664 -51.05064444490631 -99.9596435412439 525.6061642304282
60654 33367.349664 -13.505222372249808 -107.57957453030312 511.5676481694173
60654 33967.349664 24.352152969234584 -112.84547557827271 509.3506910239326
60654 34567.349664 61.67179103522664 -123.65270866911403 518.4397369860254
60654 35167.349664 77.13941572782235 106.18016017746106 522.0357503766968
60654 35767.349664 41.228036417158826 77.30401093150584 515.0845767604534
60654 36367.349664 3.5035911385563825 71.09446999067565 511.16832380500307
60654 36967.349664 -34.257551663296965 65.44651050845277 518.0522133653712
60654 37567.349664 -70.98256355415714 47.979836988733304 527.4217294016904
60654 38167.349664 -68.45706728217729 -89.69137186371685 527.7332248498415
60654 38767.349664 -31.561320250190185 -104.66303326538143 517.0302077563583
60654 39367.349664 6.207573337232021 -110.1628075655314 513.4552842186022
60654 39967.349664 43.88487949924812 -116.66669074931472 514.3589938215581
60654 40567.349664 79.22693376116705 -153.5865384371381 516.6714394786472
60654 41167.349664 58.95543785132714 83.4330574264311 516.7358733664737
60654 41767.349664 21.553666800341514 73.70044154102958 516.1547120396802
60654 42367.349664 -16.279435126700097 68.4777292002285 509.2884217758382
60654 42967.349664 -53.827236201311656 60.241887216750676 515.3095051583958
60654 43567.349664 -82.06810158070117 -36.87245866563346 520.047914743135
60654 44167.349664 -49.15027776163721 -100.44198922745375 514.8802366988567
60654 44767.349664 -11.518073224274117 -107.71936820272536 509.35044554729694
60654 45367.349664 26.307311613541163 -113.02783868082332 517.5627130296602
60654 45967.349664 63.47075867607462 -124.68418843831249 528.1812281975978
60654 46567.349664 75.67570534320272 102.08835975915012 532.4454099233147
60654 47167.349664 39.57790268042966 77.05979783016035 522.4481903232361
60654 47767.349664 1.8724384556784144 71.01298440641777 513.291395566157
60654 48367.349664 -35.87379184538893 65.25984394701848 517.3448639565966
60654 48967.349664 -72.46462396650126 45.92427794361159 524.8020963327892
60654 49567.349664 -66.87854117460346 -91.0918548534779 521.6785708145827
60654 50167.349664 -29.797799946523362 -104.84498111372869 509.2821229217848
60654 50767.349664 8.063331430193006 -110.27742989258532 507.7313658695757
60654 51367.349664 45.734083737049296 -117.02271445407796 516.540788345901
60654 51967.349664 80.44514308330596 -161.2610722631231 513.2062810154249
60654 52567.349664 57.20582562687134 82.71305966802252 514.9400562414646
60654 53167.349664 19.77920621521837 73.564528997806 515.4451619897538
60654 53767.349664 -18.040542386589888 68.35643942889158 512.4566152223613
60654 54367.349664 -55.49194891669804 59.70709652677303 521.7321868279033
60654 54967.349664 -81.4428080761913 -47.22269105422215 526.889367930419
60654 55567.349664 -47.60834080611752 -100.78021106601607 519.0183557389291
60654 56167.349664 -9.972842068911998 -107.79832120350368 510.0671198949178
60654 56767.349664 27.85012192552766 -113.15187496502973 515.0598241785574
60654 57367.349664 64.95255416165037 -125.62901488106509 527.5338237403197
60654 57967.349664 74.32507213066846 99.1248904455056 530.0027041027428
60654 58567.349664 37.99317564966262 76.84493897965437 519.4105519573861
60654 59167.349664 0.26970582892747885 70.93552818712132 513.6813457049714
60654 59767.349664 -37.46128123645019 65.06874626687583 512.6928216259944
60654 60367.349664 -73.93612689883383 43.4614582794526 525.5129441807013
60654 60967.349664 -65.35401262881759 -92.25952434117492 528.0380116071743
60654 61567.349664 -28.30724490085215 -104.97062644343055 520.4286064135374
60654 62167.349664 9.441762842640832 -110.32840156481414 517.953039924777
60654 62767.349664 47.022808729772066 -117.24669132083922 523.3762348779317
60654 63367.349664 81.1331056074575 -167.3586435818109 529.0363524065264
60654 63967.349664 56.11375440413545 82.35709542121963 521.0784236088875
60654 64567.349664 18.651253291896094 73.53299666859841 515.9651542794253
60654 65167.349664 -19.17055751377098 68.32719024752954 512.0638893332131
60654 65767.349664 -56.613479267499095 59.3597335612011 519.7037239552801
60654 66367.349664 -80.83145574657684 -53.68337625331854 522.8797784572855
60654 66967.349664 -46.38936261663128 -100.9959652728146 515.4892253892311
60654 67567.349664 -8.720547568933345 -107.83168031515035 509.57663455148145
60654 68167.349664 29.095558630824716 -113.22732677595762 517.6827941740096
60654 68767.349664 66.11767363241576 -126.42891090606503 528.7799865316086
60654 69367.349664 73.2470977526724 97.18785438245237 529.40712641801
60654 69967.349664 36.76663768030675 76.72166432117524 517.5133054076576
60654 70567.349664 -0.9872939949536433 70.90542217578209 509.32585677082386
60654 71167.349664 -38.74759780323315 64.92793178872694 515.5943636795937
60654 71767.349664 -75.03164015766235 41.27935747696167 524.2252560859147
60654 72367.349664 -64.11764456962452 -93.06270589653526 522.0693910457001
60654 72967.349664 -26.935329999093764 -105.06692810468687 512.8736384775253
60654 73567.349664 10.891000687660634 -110.39106631116037 512.5028257751136
60654 74167.349664 48.51863971036207 -117.55611908648675 513.0840625955221
60654 74767.349664 81.86167785042093 -177.09562430529587 508.22806773011985
60654 75367.349664 54.360591157613456 81.76499182871528 511.09590983743675
60654 75967.349664 16.826766065358864 73.40176790436634 513.4762625507763
60654 76567.349664 -20.928200860023004 68.19692249912892 526.5693226886974
60654 77167.349664 -58.11267521321654 58.79127243614549 543.8688339637254
60654 77767.349664 -80.05670941907496 -59.640686230847564 546.5298614226294
60654 78367.349664 -45.34824779281871 -101.14695740087546 528.4359347093224
60654 78967.349664 -7.716194675350067 -107.83311123863926 505.8988207998783
60654 79567.349664 30.213535473728594 -113.29142171522669 499.0733431035378
60654 80167.349664 67.40188008311091 -127.45300215625892 505.68364123541346
60654 80767.349664 71.8128320035345 94.99601302527516 514.3942200489641
60654 81367.349664 35.08938185416084 76.51673672990873 515.4889166054597
60654 81967.349664 -2.6280247736341633 70.82178574804567 521.6625383363371
60654 82567.349664 -40.17921631146553 64.73958052171021 536.611702681043
