CIC_AEM_VERS = 1.0
CREATION_DATE = 2025-02-24T12:16:33.359Z
ORIGINATOR = CS Group

META_START
OBJECT_NAME = Sat
OBJECT_ID = Sat
CENTER_NAME = null
REF_FRAME_A = EME2000
REF_FRAME_B = SC_BODY_1
ATTITUDE_DIR = A2B
TIME_SYSTEM = UTC
START_TIME = 2025-02-23T21:03:36.057024
STOP_TIME = 2025-02-25T00:00:00.0
ATTITUDE_TYPE = QUATERNION
QUATERNION_TYPE = LAST
META_STOP

60729 75816.057024 -0.7201935997765402 0.21776919873267933 0.18929303785657825 -0.6309246395119338
60729 76236.057024 -0.6509367691802581 0.37736585166950515 0.03931468888533518 -0.6575185866276068
60729 76656.057024 -0.5468970454991033 0.5167871138870713 -0.11277813064287907 -0.6489343524527891
60729 77076.057024 -0.4135451911063288 0.6286301322104534 -0.2589336384210198 -0.6056054017955508
60729 77496.057024 -0.257865259371788 0.706892366255953 -0.39137521178550116 -0.5297491237727859
60729 77916.057024 0.08807385454792997 -0.7472621594692928 0.5029618792163681 0.4252900295392535
60729 78336.057024 -0.08674321895077956 -0.74739380862022 0.587568605856944 0.29772679122569096
60729 78756.057024 -0.257082730058349 -0.7071228028860794 0.6404670033322217 0.15390850914398788
60729 79176.057024 -0.41355508901643995 -0.6285809619176165 0.6586768865885672 0.001709309018335764
60729 79596.057024 -0.5475638197983349 -0.5160973224160373 0.6412214333271442 -0.15050744328682236
60729 80016.057024 -0.6519002538003894 -0.3758075343248938 0.5891170581005006 -0.2945095042518031
60729 80436.057024 -0.7209614692294329 -0.21541914685540844 0.505303934308075 -0.4224654838296332
60729 80856.057024 -0.7511628932170021 -0.043651359353203655 0.39442943455165724 -0.5275170972013514
60729 81276.057024 -0.7410478200538867 0.1302629272385711 0.2625305799959598 -0.6041170356376371
60729 81696.057024 -0.6912924842573974 0.2970453315275129 0.11669958964497293 -0.6482746161956682
60729 82116.057024 -0.6046256750213058 0.44786397184193605 -0.035306559889165555 -0.6577226639395883
60729 82536.057024 -0.48565890314000676 0.5747426996980541 -0.18543864953140632 -0.6319958593255229
60729 82956.057024 -0.3406313636982409 0.6709535653553029 -0.32576068817965453 -0.5724260312379251
60729 83376.057024 -0.1771411923499312 0.731306080868687 -0.4487920122531586 -0.4820769065150152
60729 83796.057024 0.003823129985927293 -0.7524182581087385 0.547875248205245 0.3656294038309333
60729 84216.057024 -0.1699417854686855 -0.7329679521362339 0.6174963168010544 0.2292947217666875
60729 84636.057024 -0.3347069258331852 -0.6738712931302054 0.653761188422563 0.08040561302944856
60729 85056.057024 -0.48139317638606083 -0.5782982748514964 0.6546139848111414 -0.07288515570677366
60729 85476.057024 -0.6019155694401375 -0.45155498548486817 0.6200500223041979 -0.22211193617156058
60729 85896.057024 -0.6898174410868128 -0.3006021236393563 0.5520643316589892 -0.3591869080936334
60729 86316.057024 -0.7404854791818574 -0.13364619234359915 0.4544449248306233 -0.4767596466654469
60730 336.057024 -0.751342077828255 0.040308866337298355 0.33253370571018337 -0.5685785890674879
60730 756.057024 -0.7219395201194768 0.21195712766527772 0.1929087050314684 -0.6298124616460259
60730 1176.057024 -0.6539443162867331 0.37215488648694184 0.04304448156019019 -0.6572706780827691
60730 1596.057024 -0.5509990338686178 0.5124300794379134 -0.10911880727765333 -0.6495448901049149
60730 2016.057024 -0.41853438348748495 0.6253352632978818 -0.255515076286442 -0.607039392548172
60730 2436.057024 -0.2635019362450959 0.7048253200203203 -0.3883615301516919 -0.5319429666341826
60730 2856.057024 0.09408284392985646 -0.7465430972323176 0.5005096204331028 0.42814943922275567
60730 3276.057024 -0.0806918178367219 -0.7480832466981904 0.5858302174937892 0.3011033756285031
60730 3696.057024 -0.25131852418049017 -0.7092012178751939 0.6395517327835964 0.15762681580740465
60730 4116.057024 -0.4083966885836102 -0.6319521389384416 0.6586483159552633 0.005570882727732473
60730 4536.057024 -0.5433080195656252 -0.5205842398361292 0.6420908895004381 -0.14672332715166245
60730 4956.057024 -0.6487931180749292 -0.3811595394833949 0.5908385779194021 -0.2910234874397525
60730 5376.057024 -0.7191830374385767 -0.22131015504223736 0.5077653974024384 -0.419490017922414
60730 5796.057024 -0.7507924322253644 -0.04973422475841373 0.3974676805471384 -0.525220595103885
60730 6216.057024 -0.7420709574555898 0.12432964579760857 0.26595484927993135 -0.6026116920714983
60730 6636.057024 -0.6936206639637819 0.2915768213393973 0.12031151278189355 -0.6476098143729664
60730 7056.057024 -0.6081101729732915 0.44312709165991976 -0.031692993793468516 -0.6579026921268994
60730 7476.057024 -0.49011059878561936 0.5709552362032635 -0.1819903051566019 -0.6329938767785074
60730 7896.057024 -0.3458351476713021 0.668290174147756 -0.32263257704591286 -0.5741903116575929
60730 8316.057024 -0.18285524047219612 0.7299017215974227 -0.4461339003329124 -0.4845327448322939
60730 8736.057024 0.009781142278684367 -0.7523655873936406 0.5458239994654743 0.3686821310682962
60730 9156.057024 -0.16404676396869236 -0.7343069689205272 0.6161836943233994 0.2328080528592507
60730 9576.057024 -0.3292092677413578 -0.6765699746584691 0.6532881309619544 0.08419587500628514
60730 9996.057024 -0.4766231191110061 -0.5822329715949462 0.6550335765564608 -0.06903754558401795
60730 10416.057024 -0.5982420069936346 -0.4564074798326042 0.6213188958229128 -0.21854414454401574
60730 10836.057024 -0.6874731624575295 -0.3059222219690285 0.553994421047415 -0.3562055957653039
60730 11256.057024 -0.739591230818066 -0.138506848793393 0.45646098171273947 -0.4748305343048027
60730 11676.057024 -0.751542150086051 0.03634427791930605 0.3342044307999519 -0.5676009941325334
60730 12096.057024 -0.7228032376407536 0.20896904986408135 0.19403993005878156 -0.6294727328468886
60730 12516.057024 -0.6551856743146799 0.36994344381118077 0.043724005725650134 -0.6572380024597217
60730 12936.057024 -0.5526116710755146 0.5106692488551348 -0.10857239984492861 -0.6496532099949732
60730 13356.057024 -0.42076147152893534 0.6238207342733779 -0.25475924156833707 -0.6073756699135668
60730 13776.057024 -0.2666677042229308 0.7036176430900581 -0.3872147046180693 -0.5327995123725289
60730 14196.057024 0.09837009700081197 -0.7459730125825946 0.49906421708315274 0.4298633454269843
60730 14616.057024 -0.07539070484294784 -0.7486175904373761 0.5844173616537099 0.3038820368312961
60730 15036.057024 -0.2454718670021219 -0.7112283878080946 0.6386329497808833 0.16138679729320793
60730 15456.057024 -0.4027598513180592 -0.6355392828475585 0.6586173605538894 0.009873930367080636
60730 15876.057024 -0.5386350674032052 -0.5253933442706408 0.6430596234581651 -0.14250760905123377
60730 16296.057024 -0.6455361157284292 -0.38661749824066555 0.592622002368699 -0.28741815470302967
60730 16716.057024 -0.7174794180590628 -0.22671984242220414 0.5099540634137607 -0.41685519178903563
60730 17136.057024 -0.7504431409842055 -0.054554110425200045 0.39962175651906195 -0.5236042330826732
60730 17556.057024 -0.7427078592870074 0.12037748284107343 0.2677600336926792 -0.6018295952635208
60730 17976.057024 -0.6948987268819593 0.28846556788842437 0.12169891295585827 -0.6473737329441189
60730 18396.057024 -0.6098911192696632 0.44063462729209624 -0.03054917467523099 -0.6579822913983439
60730 18816.057024 -0.4924759449202957 0.5688880025696254 -0.18083125721426105 -0.6333513563745748
60730 19236.057024 -0.34901398119273835 0.6666121879550859 -0.32124293493680656 -0.5749960074251949
60730 19656.057024 -0.18704485524453468 0.7288179784887631 -0.4444964577355283 -0.4860673568742007
60730 20076.057024 0.014975263297455034 -0.7522609496688464 0.5441541292818709 0.3711812073340814
60730 20496.057024 -0.15821579523414092 -0.735567846066682 0.6148910954230282 0.23625546922921958
60730 20916.057024 -0.3233165223728635 -0.6793848598011988 0.6527624175225794 0.08833948666197308
60730 21336.057024 -0.4713644849958577 -0.586471694872094 0.6555013995644461 -0.06468685003534688
60730 21756.057024 -0.5941683609326759 -0.4616645450851957 0.6227504520648828 -0.21450333594338514
60730 22176.057024 -0.6848613740401542 -0.31167720518419145 0.5561656542359339 -0.35284838552091896
60730 22596.057024 -0.7383785051681355 -0.14473541462799494 0.4593671156602602 -0.47204946341258025
60730 23016.057024 -0.751806965874241 0.02998497927669675 0.33769147365610375 -0.5655542906748323
60730 23436.057024 -0.7245369636992643 0.20283120391933926 0.19791706872075154 -0.6282790183183485
60730 23856.057024 -0.6582916720367498 0.36436768170656936 0.04777470604661365 -0.656967156345734
60730 24276.057024 -0.5569169046509216 0.5059614107352763 -0.10457472407818787 -0.6503158765129267
60730 24696.057024 -0.4260244597250668 0.6202334243494474 -0.25103269303121273 -0.6089304115128592
60730 25116.057024 -0.2725986422229998 0.7013377717391467 -0.3839550911750211 -0.5351577320294707
60730 25536.057024 0.10464776580286027 -0.7451177886608308 0.4964356865252208 0.43289714168367527
60730 25956.057024 -0.0690964816155148 -0.7492249310338013 0.5825591297434166 0.3074289174725526
60730 26376.057024 -0.23949035589903253 -0.7132620307512886 0.6376444993508825 0.16526081618903157
60730 26796.057024 -0.39740712796284705 -0.6388967358057738 0.6585484727222811 0.01387244377172842
60730 27216.057024 -0.5341964255160553 -0.5299028243031789 0.6439168593107499 -0.1385938456669845
60730 27636.057024 -0.6422527118986819 -0.3920454122968816 0.5943665591836789 -0.28379612766898554
60730 28056.057024 -0.7155350626663146 -0.23278171160708921 0.512500460878552 -0.413721556648501
60730 28476.057024 -0.7499525802391642 -0.06092182447371938 0.40283719899528114 -0.5211351550231953
60730 28896.057024 -0.7437056491368315 0.11405562477481916 0.27146974520722295 -0.6001644769030531
60730 29316.057024 -0.6973349179854128 0.282543135759093 0.12569484427840266 -0.6466020373580063
60730 29736.057024 -0.6136228411447899 0.4354400012403074 -0.026491833168658916 -0.6581467897973832
60730 30156.057024 -0.49728701246651213 0.564702584753035 -0.17693793471977018 -0.6344364312226047
60730 30576.057024 -0.3546337575264116 0.6636537271969825 -0.31772255654492876 -0.5769324097871484
60730 30996.057024 -0.19316334964311208 0.7272349615442087 -0.44152790082247195 -0.4887436381762403
60730 31416.057024 0.021268221656461757 -0.7521244365619743 0.5418896803612541 0.37444902055137264
60730 31836.057024 -0.1520772114768762 -0.7368776722488166 0.6134427095976962 0.23994136769640134
60730 32256.057024 -0.3176506555778312 -0.6820715738221206 0.6522005728624554 0.09225422457901152
60730 32676.057024 -0.46646745978432014 -0.5903973037780064 0.6558577366418469 -0.0607434106801542
60730 33096.057024 -0.5903014069996348 -0.46662947388164816 0.624012638192514 -0.21073540370617927
60730 33516.057024 -0.68223730187133 -0.3174272482804189 0.5582758366848984 -0.3494571449523184
60730 33936.057024 -0.737148585631134 -0.15097199724580765 0.46222394977561143 -0.4692210982079384
60730 34356.057024 -0.7520519981939442 0.023611475048194566 0.34113863234525504 -0.563457827863056
60730 34776.057024 -0.7262478023116372 0.1966839765720285 0.20175703853563853 -0.6270355973935291
60730 35196.057024 -0.6613643721124626 0.35879543657996615 0.05178307525722095 -0.6566441312511554
60730 35616.057024 -0.561165976742724 0.5012689073995112 -0.10062618582610759 -0.6509198105350417
60730 36036.057024 -0.4312014044164371 0.6166658473324049 -0.24736207886144765 -0.6104101764424003
60730 36456.057024 -0.27841265761872963 0.6990690131704408 -0.38075076595307156 -0.5374176784668806
60730 36876.057024 0.11078879396772036 -0.7442478865178188 0.4938564769955968 0.43580581303424043
60730 37296.057024 -0.06294589281124732 -0.7497859496505609 0.5807259128500251 0.3108315595773805
60730 37716.057024 -0.23364308550432328 -0.7152193190004531 0.6366444834785071 0.16898531291485824
60730 38136.057024 -0.39216247431718565 -0.642153789606808 0.6584319586625655 0.017733021254588397
60730 38556.057024 -0.5298294736480852 -0.5343000754123942 0.6446980207165174 -0.13479102474685653
60730 38976.057024 -0.6390029925161547 -0.39736405647045686 0.5960169850618093 -0.2802512010653545
60730 39396.057024 -0.7135901857787234 -0.23875151572177303 0.5149480217270168 -0.41062792820298377
60730 39816.057024 -0.7494379738974983 -0.06720971943239931 0.4059519827334891 -0.5186796358148061
60730 40236.057024 -0.7446583293909529 0.10780688612759422 0.2750758781516582 -0.5984938671625977
60730 40656.057024 -0.6996980472034965 0.2766900676292633 0.1295818524923512 -0.6458125058556685
60730 41076.057024 -0.6172515161396459 0.4303093802221684 -0.02254943976369195 -0.6582749622175108
60730 41496.057024 -0.5019647790488476 0.5605693993449657 -0.1731626225100697 -0.6354589013287179
60730 41916.057024 -0.3600937730797025 0.6607249398743922 -0.3143131079723018 -0.5787765532344904
60730 42336.057024 -0.1991117677745114 0.7256456084676758 -0.43865773284880627 -0.49129659906947337
60730 42756.057024 0.027395592421394388 -0.7519419316737072 0.5396970057718455 0.3775711255745058
60730 43176.057024 -0.14608351685276913 -0.7381035880811264 0.6120324611818851 0.24347272090593194
60730 43596.057024 -0.3120947774103261 -0.6846459646973821 0.6516416342488572 0.0960204845346485
60730 44016.057024 -0.46163847323166696 -0.594195909591837 0.6561860365809074 -0.05693001363872357
60730 44436.057024 -0.586460618565078 -0.4714673454171039 0.6252224545921778 -0.2070733380987217
60730 44856.057024 -0.6796033895047546 -0.32305918376295434 0.5603158832442909 -0.34614752309417524
60730 45276.057024 -0.7358803821971034 -0.15710315773601186 0.46499960529995793 -0.466448312246601
60730 45696.057024 -0.7522360368079536 0.017335010617701044 0.34449270877439286 -0.5613957747753617
60730 46116.057024 -0.7278713904618569 0.19062751547585238 0.2054885360788274 -0.625810555065035
60730 46536.057024 -0.6643207076984862 0.3533068114603707 0.05566640180602247 -0.6563181743702203
60730 46956.057024 -0.5652685368570632 0.4966453960541555 -0.09681398392656132 -0.651492044720389
60730 47376.057024 -0.4362030636491856 0.6131421441585914 -0.24382621248103126 -0.611827080494828
60730 47796.057024 -0.28403840911701556 0.6968062908533558 -0.3776704141946592 -0.5395815354656777
60730 48216.057024 0.11674808223754576 -0.74334020312295 0.4913772745453089 0.43859275162206085
60730 48636.057024 -0.056950759001906784 -0.7502693048940137 0.5789579165332174 0.314102391055013
60730 49056.057024 -0.22790930756172745 -0.717071398854426 0.6356733962088773 0.17258415287610387
60730 49476.057024 -0.38698065813404264 -0.6452914955338525 0.658318364497728 0.021489229554919165
60730 49896.057024 -0.5254766424149658 -0.5385810723317572 0.645466125360497 -0.1310656622246109
60730 50316.057024 -0.6357293157915601 -0.4025815380426898 0.5976447121726118 -0.27676188372406557
60730 50736.057024 -0.7115910137984978 -0.24464925983302596 0.5173740717403237 -0.4075647661847343
60730 51156.057024 -0.7488552372891234 -0.07343565099209289 0.40903804821126 -0.5162469504641566
60730 51576.057024 -0.7455265225641801 0.10163900841156297 0.2786204961901933 -0.5968503457527738
60730 51996.057024 -0.701940442251571 0.2709484952466916 0.1333548897939109 -0.6450449610866488
60730 52416.057024 -0.62070005844676 0.4253118193632457 -0.018778009061825772 -0.658398572393492
60730 52836.057024 -0.5063923883868418 0.5565624133527314 -0.16959743056932133 -0.6364288967128516
60730 53256.057024 -0.3652515473508609 0.6578785111568849 -0.3111223325432582 -0.5805084546401065
60730 53676.057024 -0.2047450699111384 0.7240683553060719 -0.43597733605439964 -0.49368839933540265
60730 54096.057024 0.033244239766820255 -0.7516977119675031 0.5376373504788695 0.3805147168181647
60730 54516.057024 -0.14028916319733598 -0.739215987069785 0.6106923188912738 0.2468472539791225
60730 54936.057024 -0.3066370241306379 -0.6870920565398266 0.6511078249519306 0.09968370758827275
60730 55356.057024 -0.4568147990957518 -0.5978919211831064 0.656521039397453 -0.05315651173252674
60730 55776.057024 -0.5825633502826435 -0.4762503082637578 0.6264447430819058 -0.2034024843780989
60730 56196.057024 -0.6768880100833728 -0.3286775417583976 0.5623850171993977 -0.3428072166373714
60730 56616.057024 -0.7345433099870464 -0.163176917872661 0.4677716738421736 -0.4636907162945402
60730 57036.057024 -0.7523413251272065 0.011071723396641643 0.3478607053375141 -0.5593325282235553
60730 57456.057024 -0.7294341464174916 0.18451031709938934 0.20928316142890016 -0.6245657109275156
60730 57876.057024 -0.6672745421083152 0.3476766858644185 0.05968338262422078 -0.6559752292571752
60730 58296.057024 -0.5694584309701443 0.49182407604767453 -0.09280097160853423 -0.6520844679068691
60730 58716.057024 -0.4413976110364282 0.6094052339941168 -0.240047884295394 -0.6133273375590028
60730 59136.057024 -0.2899448060599006 0.6943632167904599 -0.3743427964110599 -0.5419033155300299
60730 59556.057024 0.12303668241340329 -0.7423189887411624 0.48868632506825416 0.44159955777410603
60730 59976.057024 -0.05062431097649142 -0.7507124301752941 0.5770488916513525 0.3176202181259962
60730 60396.057024 -0.22188482663080192 -0.7189410621834116 0.6346399086976979 0.17641728686776814
60730 60816.057024 -0.3815739984339036 -0.6484808310628909 0.6581999104933554 0.025431737842401568
60730 61236.057024 -0.5209654561328179 -0.5429216270255215 0.6462557728532389 -0.12721861686934083
60730 61656.057024 -0.6323442737146245 -0.40784728607890963 0.599301301567272 -0.27320186799904134
60730 62076.057024 -0.7095051180866406 -0.2505866428068436 0.519826501627181 -0.40446165462464284
60730 62496.057024 -0.7481947651354395 -0.07973585778780695 0.4121687117491602 -0.5137740159465101
60730 62916.057024 -0.746346065907858 0.09530060492628416 0.28228143897290237 -0.5951491693818745
60730 63336.057024 -0.7042190367621954 0.26491765706236614 0.13735722140524162 -0.6442260294074927
60730 63756.057024 -0.6243326756168869 0.4199315852120392 -0.014656817517962233 -0.6585220965150739
60730 64176.057024 -0.5111856588285394 0.5521454326583805 -0.16559831872660294 -0.6374965413533192
60730 64596.057024 -0.37093182981911843 0.6546797005140302 -0.3074789683681307 -0.5824609440753692
60730 65016.057024 -0.210982602497155 0.722264750067116 -0.43289474030160624 -0.49640922238936996
60730 65436.057024 0.039687039341743766 -0.7513757021862976 0.535281575433416 0.38383997716998597
60730 65856.057024 -0.1339933149352413 -0.7403746847316578 0.6091783712532677 0.25058497512496547
60730 66276.057024 -0.30081674025853844 -0.6896520474511145 0.6504996444205294 0.10363182346884359
60730 66696.057024 -0.4517655224163814 -0.6017095572940104 0.6568354600499091 -0.049200608105229915
60730 67116.057024 -0.5785374039711801 -0.48112468097858413 0.6276631262908933 -0.1996309431282765
60730 67536.057024 -0.6740907951733126 -0.3343662351510836 0.5644516935880429 -0.3394040457317672
60730 67956.057024 -0.7331199251388146 -0.16943761955149408 0.4706176668325146 -0.4608091580147928
60730 68376.057024 -0.7524028848051405 0.004663893700748391 0.35128474825281714 -0.5571958117909765
60730 68796.057024 -0.7309560226634337 0.17835464513067212 0.21305176399786885 -0.6232991732304497
60730 69216.057024 -0.6701226830483359 0.34213154289824677 0.06355050909451063 -0.6556240765957221
60730 69636.057024 -0.5734290297148402 0.48717098221147526 -0.08905654527452406 -0.6526197313253483
60730 70056.057024 -0.44624587353687534 0.6058517616310477 -0.23661610422955925 -0.6146715240671993
60730 70476.057024 -0.2954106386867656 0.6920457566511165 -0.3713643031668825 -0.5439611930875554
60730 70896.057024 0.1288601747693028 -0.7413234223942635 0.48627030805378363 0.4442699925421022
60730 71316.057024 -0.04470222992789503 -0.7510856238887815 0.5752927202438171 0.3207964810616578
60730 71736.057024 -0.21614028401480326 -0.7206930315420094 0.6336359765273433 0.17997327902505042
60730 72156.057024 -0.37629774796744764 -0.6515640379679476 0.6580355615085688 0.029214877915759996
60730 72576.057024 -0.5164612672489622 -0.5472151160105997 0.6469896899832176 -0.12340063734244659
60730 72996.057024 -0.628901849134676 -0.4131441912316769 0.6009350711463274 -0.269576300280398
60730 73416.057024 -0.7073642206285251 -0.2565835887631945 0.5222813735172013 -0.4012765732371937
60730 73836.057024 -0.7474872446250721 -0.08616878000935639 0.415363647365583 -0.511185681452128
60730 74256.057024 -0.7471400161588466 0.08892017405685339 0.2859548092562145 -0.5933842313064103
60730 74676.057024 -0.7064101326353288 0.25904395520313245 0.14120107566727355 -0.6433841853925689
60730 75096.057024 -0.6276812736531486 0.41492896501702264 -0.010941406598098821 -0.658582157605806
60730 75516.057024 -0.5153868109120592 0.5482407892631177 -0.16223622936168525 -0.6383477719930992
60730 75936.057024 -0.37569829843528824 0.6519691812327034 -0.3045972029304397 -0.5839584910270077
60730 76356.057024 -0.21607710826311954 0.7207699508231635 -0.43054560413937676 -0.49842937717522384
60730 76776.057024 0.044928203528462406 -0.7510945522906031 0.5334865244717789 0.3863037124518811
60730 77196.057024 -0.12876108567031272 -0.7413179345387013 0.6079730640043427 0.2534503032025166
60730 77616.057024 -0.29577574498004205 -0.6918464978718667 0.6499594599714406 0.10685425802263321
60730 78036.057024 -0.44716380403685274 -0.6051558758079137 0.6570697334045257 -0.04571940264431777
60730 78456.057024 -0.5746823057452924 -0.4857448790842469 0.6287674943822029 -0.1960703902047195
60730 78876.057024 -0.6713083015846119 -0.3399506684791826 0.5664498762837613 -0.33602566104726633
60730 79296.057024 -0.7316639271776143 -0.17568481245704543 0.4734496055934258 -0.4578735800440913
60730 79716.057024 -0.7524311955656393 -0.0018615788339390366 0.3548002210568764 -0.5549420092242966
60730 80136.057024 -0.7325007275649896 0.1719734912418004 0.21702576836357373 -0.621906438536431
60730 80556.057024 -0.6730788792712291 0.33631565588138984 0.0677026760760142 -0.6551892471188787
60730 80976.057024 -0.5775786092576478 0.4822706831882665 -0.08500471930616547 -0.6531402115631865
60730 81396.057024 -0.45128370748935126 0.6021296521031544 -0.2329182188485981 -0.6160616858247205
60730 81816.057024 -0.30100886775064384 0.6896483801886842 -0.36820903263399635 -0.546077724802373
60730 82236.057024 0.13470616102924785 -0.7403017533768282 0.48377724552401213 0.44695317522214323
60730 82656.057024 -0.0388832810718347 -0.7514264023334947 0.573529750900972 0.3238982512467438
60730 83076.057024 -0.2105948078328383 -0.7223483510566838 0.6326461467565205 0.1833617725526965
60730 83496.057024 -0.3712537778693833 -0.6544666517051692 0.6578527228276065 0.03276933462614024
60730 83916.057024 -0.5121484122428621 -0.5512714114245524 0.6476488840388787 -0.11981134247763155
60730 84336.057024 -0.6255607843500136 -0.4182101960383187 0.6024579407119279 -0.26611720479166673
60730 84756.057024 -0.7052311347026178 -0.262431147579219 0.5246465798721591 -0.39815186255342155
60730 85176.057024 -0.7467566766126322 -0.09240810107944629 0.41842543199714044 -0.5086603647300956
60730 85596.057024 -0.7478873122567353 0.08254033501434177 0.28962835170340484 -0.591580154459804
60730 86016.057024 -0.7085375040752261 0.25321218635335646 0.14500776940289867 -0.6425192143537793
