PLEIADES 1A             
1 38012U 11076F   24106.01291535  .00000732  00000+0  16732-3 0  9994
2 38012  98.1916 345.4269 0001300  82.0017 354.8184 14.58563999627372

PLEIADES NEO 4          
1 49070U 21073E   24106.03235675  .00002139  00000+0  27840-3 0  9998
2 49070  97.8945 345.0317 0001262  92.8773 267.2585 14.81671079114458

PLEIADES NEO 3          
1 48268U 21034A   24106.29859987  .00002117  00000+0  27547-3 0  9995
2 48268  97.8971 345.0031 0001347  95.2548 264.8818 14.81678570130733

ROBUSTA 1B              
1 42792U 17036AD  24106.24188269  .00401596  00000+0  16171-2 0  9994
2 42792  97.1222 314.1585 0002061 128.8394 231.3062 15.85405981349436

STORK-1                 
1 51087U 22002DH  24106.04410288  .00043994  00000+0  13485-2 0  9991
2 51087  97.4354 339.9519 0008373 226.9589 133.0952 15.33616658 94646

PLEIADES 1B             
1 39019U 12068A   24106.03230702  .00000733  00000+0  16742-3 0  9997
2 39019  98.1867 345.3582 0001230  90.9779 269.1561 14.58576618576223

BLUE-01                 
1 51087U 22002DH  24106.00000000  .00043994  00000+0  13485-2 0  9991
2 51087  00.0001 000.0000 0000100 000.0000 265.0000 01.00000000 94646

BLUE-02                 
1 51087U 22002DH  24106.04410288  .00043994  00000+0  13485-2 0  9991
2 51087  97.4354 339.9519 0008373 226.9589 133.0952 15.33616658 94646

RED-01                 
1 51087U 22002DH  24106.00000000  .00043994  00000+0  13485-2 0  9991
2 51087  51.5000 000.0000 0001001 000.0000 000.0000 16.26296658 94646

RED-02                
1 51087U 22002DH  24106.04410288  .00043994  00000+0  13485-2 0  9991
2 51087  47.4354 239.9519 0008373 226.9589 133.0952 15.33616658 94646

