CIC_OEM_VERS = 2.0
CREATION_DATE = 2025-01-22T09:13:21.481685
ORIGINATOR = ISAE-SUPAERO


META_START
OBJECT_NAME = BLUE1
OBJECT_ID = BLUE1
CENTER_NAME = Earth
REF_FRAME = EME2000
TIME_SYSTEM = UTC
START_TIME = 2025-01-22T18:40:19.990
USEABLE_START_TIME = 2025-01-22T18:40:19.990
USEABLE_STOP_TIME = 2025-01-22T23:58:19.990
STOP_TIME = 2025-01-22T23:58:19.990
INTERPOLATION = lagrange
INTERPOLATION_DEGREE = 5
META_STOP


60697 67219.99 11883.291000000001 1668.6390000000001 54.736191 -0.80169601 5.699447600000001 0.30048494
60697 67399.99 11694.902 2687.0671 108.55298 -1.2915189 5.6089013 0.29708548
60697 67579.99 11419.097 3685.4014 161.55698 -1.7717958 5.4764561 0.29146513
60697 67759.99 11057.908 4656.1673 213.35110999999998 -2.238917 5.3031007 0.2836658
60697 67939.99 10614.09 5592.1401 263.54938 -2.6893173999999997 5.0901151 0.27374479
60697 68119.99 10090.959 6486.3256 311.77635 -3.1196347 4.8390864 0.26177609
60697 68299.99 9492.4201 7332.040400000001 357.67124 -3.5266561000000003 4.551885400000001 0.24784894000000002
60697 68479.99 8822.9433 8122.962 400.89067 -3.9073417 4.230652500000001 0.23206721
60697 68659.99 8087.5283 8853.1765 441.1112 -4.258847 3.8777817 0.2145486
60697 68839.99 7291.6674 9517.2225 478.03177000000005 -4.5785442000000005 3.4959035 0.19542378
60697 69019.99 6441.3049 10110.132 511.37593 -4.8640418 3.0878649 0.17483545
60697 69199.99 5542.7931 10627.466 540.8939200000001 -5.1132023 2.6567088 0.15293725
60697 69379.99 4602.8449 11065.353000000001 566.3645300000001 -5.324158300000001 2.2056514000000003 0.12989266000000002
60697 69559.99 3628.4839 11420.509 587.5968 -5.4953268 1.7380585000000002 0.10587378
60697 69739.99 2626.9923 11690.271 604.4313900000001 -5.6254209 1.2574205 0.081060034
60697 69919.99 1605.8564 11872.612000000001 616.74184 -5.7134596 0.7673267100000001 0.055636869
60697 70099.99 572.71086 11966.161 624.4355 -5.7587755 0.27143839000000003 0.029794358
60697 70279.99 -464.71789 11970.205 627.45424 -5.7610199 -0.22653814 0.0037257977
60697 70459.99 -1498.6698000000001 11884.705 625.7749200000001 -5.7201661 -0.72287928 -0.022373739
60697 70639.99 -2521.4087999999997 11710.289 619.40956 -5.636509200000001 -1.2138719000000002 -0.048308852
60697 70819.99 -3525.2812000000004 11448.253 608.40526 -5.5106648 -1.695841 -0.073885278
60697 70999.99 -4502.7722 11100.545 592.84389 -5.3435645 -2.1651775 -0.09891134200000001
60697 71179.99 -5446.562900000001 10669.758 572.84147 -5.1364492 -2.618365 -0.1231994
60697 71359.99 -6349.584900000001 10159.106 548.54733 -4.8908601 -3.0520066000000003 -0.14656725
60697 71539.99 -7205.0734 9572.403699999999 520.14302 -4.6086275 -3.46285 -0.16883949
60697 71719.99 -8006.618 8914.0337 487.84091 -4.2918571000000005 -3.8478125000000003 -0.18984888000000003
60697 71899.99 -8748.2111 8188.9179 451.88268 -3.9429146999999998 -4.2040042 -0.20943757
60697 72079.99 -9424.293 7402.4794 412.53748 -3.5644085 -4.5287497000000005 -0.22745832
60697 72259.99 -10029.794 6560.6017 370.09992 -3.1591695 -4.8196086 -0.2437756
60697 72439.99 -10560.172 5669.5853 324.88787 -2.7302307000000003 -5.0743941 -0.25826665000000004
60697 72619.99 -11011.447 4736.0999 277.24007 -2.2808043 -5.2911893 -0.27082237
60697 72799.99 -11380.234 3767.135 227.51363 -1.8142573 -5.4683624 -0.28134822000000004
60697 72979.99 -11663.762 2769.9474 176.0813 -1.3340865 -5.6045787 -0.28976488
60697 73159.99 -11859.903 1752.0063 123.32867 -0.84389231 -5.698811200000001 -0.29600888
60697 73339.99 -11967.183 720.93773 69.65132000000001 -0.3473512 -5.7503484 -0.30003312
60697 73519.99 -11984.792 -315.53328000000005 15.45179 0.15181177 -5.7587997 -0.30180720000000005
60697 73699.99 -11912.598 -1349.6404 -38.863421 0.6498512200000001 -5.7240989 -0.30131765000000005
60697 73879.99 -11751.138 -2373.6346000000003 -92.886928 1.1430298 -5.646504200000001 -0.29856806999999996
60697 74059.99 -11501.621000000001 -3379.8425 -146.21353 1.6276464000000002 -5.5265968999999995 -0.29357909
60697 74239.99 -11165.917 -4360.724099999999 -198.44325 2.1000643 -5.365276700000001 -0.28638819
60697 74419.99 -10746.543 -5308.929400000001 -249.18438 2.5567386 -5.1637549 -0.27704946
60697 74599.99 -10246.642 -6217.354 -298.05637 2.9942431000000003 -4.9235451999999995 -0.26563316
60697 74779.99 -9669.9625 -7079.1922 -344.69278 3.4092963 -4.6464526 -0.25222516
60697 74959.99 -9020.8292 -7887.9883 -388.74396 3.7987858 -4.3345589 -0.23692636
60697 75139.99 -8304.109 -8637.6854 -429.8797 4.1597925 -3.9902075 -0.21985182
60697 75319.99 -7525.1756 -9322.6704 -467.79175000000004 4.4896119 -3.6159855 -0.20112997999999999
60697 75499.99 -6689.8686 -9937.8162 -502.19608000000005 4.7857748 -3.2147037000000003 -0.18090162
60697 75679.99 -5804.4496 -10478.521 -532.83504 5.0460655 -2.7893754 -0.15931878000000002
60697 75859.99 -4875.554700000001 -10940.74 -559.4792900000001 5.2685388 -2.3431936 -0.13654367
60697 76039.99 -3910.1449 -11321.02 -581.92948 5.4515342 -1.8795069000000002 -0.11274739
60697 76219.99 -2915.4535 -11616.521 -600.01778 5.5936882 -1.4017937 -0.08810861800000001
60697 76399.99 -1898.9316000000001 -11825.039 -613.60912 5.6939442 -0.91363665 -0.062812323
60697 76579.99 -868.1925699999999 -11945.023000000001 -622.60215 5.7515606 -0.41869476 -0.037048307
60697 76759.99 169.04585999999998 -11975.584 -626.9300400000001 5.7661157 0.07932354900000001 -0.011009807
60697 76939.99 1205.0188 -11916.505000000001 -626.56092 5.7375107 0.57668855 0.015107971
60697 77119.99 2231.973 -11768.239 -621.4981600000001 5.6659702 1.0696772 0.041109315
60697 77299.99 3242.2241000000004 -11531.905 -611.78025 5.5520399 1.5546011000000002 0.06679947900000001
60697 77479.99 4228.215099999999 -11209.284 -597.4805600000001 5.3965829 2.0278338000000002 0.091986138
60697 77659.99 5182.572099999999 -10802.799 -578.70676 5.2007721 2.4858384 0.11648083
60697 77839.99 6098.1597 -10315.502 -555.59998 4.966081600000001 2.9251932000000003 0.14010037
60697 78019.99 6968.134 -9751.045800000002 -528.33375 4.6942755 3.3426178 0.16266819000000002
60697 78199.99 7785.9938 -9113.662300000002 -497.11268 4.387394100000001 3.7349969 0.18401568000000001
60697 78379.99 8545.6289 -8408.125699999999 -462.17091 4.0477388 4.0994038 0.20398344000000002
60697 78559.99 9241.3656 -7639.7187 -423.77039 3.6778543 4.4331217 0.22242243
60697 78739.99 9868.0085 -6814.192900000001 -382.19884 3.2805099 4.7336639 0.2391951
60697 78919.99 10420.880000000001 -5937.7251 -337.76766 2.8586787 4.998792000000001 0.2541764
60697 79099.99 10895.853000000001 -5016.8715999999995 -290.80955 2.4155148 5.2265325 0.26725466999999997
60697 79279.99 11289.383 -4058.5189 -241.67603 1.9543306 5.4151909 0.27833251000000003
60697 79459.99 11598.537 -3069.8325 -190.73485000000002 1.4785715000000001 5.5633645 0.28732742
60697 79639.99 11821.008 -2058.2034 -138.36718 0.99179062 5.669952400000001 0.2941725
60697 79819.99 11955.138 -1031.1929 -84.964827 0.49762217 5.7341636 0.29881684000000003
60697 79999.99 11999.93 3.5237062999999997 -30.927268 -0.000245208 5.7555226 0.30122593999999997
60697 80179.99 11955.051 1038.2141 23.341297 -0.49809597000000005 5.733872900000001 0.30138199
60697 80359.99 11820.839 2065.1468 77.43497599999999 -0.99221519 5.669378300000001 0.29928392000000004
60697 80539.99 11598.307 3076.6508 130.9493 -1.478904 5.5625198000000005 0.29494738000000004
60697 80719.99 11289.138 4065.1734 183.48426999999998 -1.9545107000000002 5.4140950000000005 0.28840473
60697 80899.99 10895.587 5023.309200000001 234.64612 -2.4155572000000003 5.2252168 0.27970531
60697 81079.99 10420.62 5943.9086 284.05266 -2.858563 4.9972900000000005 0.26891378
60697 81259.99 9867.7851 6820.0921 331.33436 -3.2802212 4.7320134 0.25611066
60697 81439.99 9241.2104 7645.3106 376.13751 -3.6773834 4.4313642 0.24139148000000002
60697 81619.99 8545.5752 8413.3948 418.12689 -4.0470834 4.097582900000001 0.22486604
60697 81799.99 7786.0744 9118.601400000001 456.98828000000003 -4.3865585000000005 3.7331575 0.20665766
60697 81979.99 6968.380400000001 9755.655400000001 492.4308 -4.6932708000000005 3.3408045000000004 0.18690218
60697 82159.99 6098.6008 10319.79 524.18906 -4.9649255000000005 2.9234491 0.16574702
60697 82339.99 5183.2333 10806.783 552.0251999999999 -5.1994883000000005 2.4842039000000002 0.1433501
60697 82519.99 4229.1167000000005 11212.987000000001 575.73061 -5.3952006 2.0263455 0.11987861
60697 82699.99 3243.3808 11535.356 595.1275300000001 -5.550593 1.5532907 0.09550783
60697 82879.99 2233.3931000000002 11771.471 610.07038 -5.6644961 1.0685707 0.070419828
60697 83059.99 1206.7038 11919.558 620.44687 -5.7360495 0.5758057400000001 0.044802095
60697 83239.99 170.9896 11978.5 626.17884 -5.7647089 0.078677333 0.018846162
60697 83419.99 -866.0036200000001 11947.843 627.22285 -5.7502498 -0.4190985 -0.0072538192
60697 83599.99 -1896.5184 11827.809000000001 623.57054 -5.69277 -0.91379917 -0.03330253
60697 83779.99 -2912.8441000000003 11619.282000000001 615.2487199999999 -5.592689099999999 -1.4017233000000002 -0.059104937999999996
60697 83959.99 -3907.3741 11323.814 602.3191400000001 -5.4507454 -1.8792182000000002 -0.084467758
60697 84139.99 -4872.6632 10943.604 584.87811 -5.2679909 -2.3427078000000003 -0.1092009
60697 84319.99 -5801.4830999999995 10481.488 563.05574 -5.045783800000001 -2.7887188000000003 -0.1331189
60697 84499.99 -6686.8769 9940.9153 537.015 -4.7857784 -3.2139073 -0.15604231
60697 84679.99 -7522.211200000001 9325.9228 506.95053 -4.4899133 -3.6150838 -0.17779906
60697 84859.99 -8301.2261 8641.1069 473.08716 -4.1603966 -3.9892376 -0.19822575
60697 85039.99 -9018.0821 7891.5876 435.67829 -3.7996901 -4.333559 -0.21716891000000002
60697 85219.99 -9667.4045 7082.9712 395.00394 -3.4104906 -4.6454613 -0.23448612
60697 85399.99 -10244.323 6221.307900000001 351.36868 -2.9957099 -4.9226 -0.25004715
60697 85579.99 -10744.511 5313.0467 305.09939 -2.5584531000000004 -5.1628908000000004 -0.2637349
60697 85759.99 -11164.214 4364.9872000000005 256.54273 -2.1019954 -5.3645256 -0.27544633
60697 85939.99 -11500.282000000001 3384.2285 206.06260999999998 -1.6297572 -5.5259863 -0.28509323000000003
60697 86119.99 -11750.192000000001 2378.1162000000004 154.03743 -1.1452784999999999 -5.6460562 -0.29260291
60697 86299.99 -11912.066 1354.1867 100.85723 -0.6521924400000001 -5.723829800000001 -0.29791872999999996

