CIC_OEM_VERS = 2.0
CREATION_DATE = 2025-01-22T08:31:27.068491
ORIGINATOR = ISAE-SUPAERO


META_START
OBJECT_NAME = PLEIADES1B
OBJECT_ID = PLEIADES1B
CENTER_NAME = Earth
REF_FRAME = EME2000
TIME_SYSTEM = UTC
START_TIME = 2025-01-22T04:52:43.582
USEABLE_START_TIME = 2025-01-22T04:52:43.582
USEABLE_STOP_TIME = 2025-01-22T23:52:43.582
STOP_TIME = 2025-01-22T23:52:43.582
INTERPOLATION = lagrange
INTERPOLATION_DEGREE = 5
META_STOP



60697 17563.582 -1160.3500000000001 6980.1838 14.658595 1.0554394 0.15899374 7.4291345
60697 18013.582 -573.27277 6267.312 3230.3905 1.5034296 -3.2637528000000002 6.5891732
60697 18463.582 141.96125 4153.1505 5721.911599999999 1.6147631 -5.952438 4.2734835
60697 18913.582 825.54493 1111.4932 6932.652400000001 1.3656075 -7.3085418 1.0054852
60697 19363.582 1324.9671 -2178.1274 6592.9091 0.8117333200000001 -7.0337296 -2.4871082
60697 19813.582 1528.4841999999999 -4981.0576 4777.3378 0.075432706 -5.1863268 -5.4287133
60697 20263.582 1390.9771 -6673.2725 1892.4787 -0.67995017 -2.1669025000000004 -7.1543844
60697 20713.582 940.7570000000001 -6864.5021 -1418.0323999999998 -1.2829249999999999 1.3338926 -7.277261
60697 21163.582 279.76840999999996 -5517.839 -4410.0108 -1.5986597 4.5367321 -5.7658320000000005
60697 21613.582 -443.89748 -2935.6673 -6412.1930999999995 -1.5563152 6.7202153 -2.9633283
60697 22063.582 -1068.3575 302.97007 -6977.1675000000005 -1.1662288 7.3993978 0.49992685000000003
60697 22513.582 -1454.0828000000001 3473.8791 -5978.9448 -0.5152828899999999 6.4245638 3.8524219
60697 22963.582 -1514.5058000000001 5867.4446 -3639.8273 0.25211577 4.0095966 6.3454416
60697 23413.582 -1235.5715 6946.1612000000005 -483.15914000000004 0.96397237 0.6927469599999999 7.4154801
60697 23863.582 -679.65958 6468.0923 2782.4706 1.4594083 -2.7774688999999997 6.8188381
60697 24313.582 29.299646000000003 4531.2734 5417.3411 1.6302123 -5.6274253 4.7043411
60697 24763.582 732.17222 1585.3332 6845.621700000001 1.4336986 -7.2099868 1.5263827
60697 25213.582 1271.3905 -1714.5395 6740.3413 0.91739048 -7.176992 -1.9841138
60697 25663.582 1526.9766000000002 -4632.0635 5127.4965999999995 0.19700479999999998 -5.543389100000001 -5.047219
60697 26113.582 1442.006 -6516.589 2368.251 -0.56753215 -2.672736 -6.9823901
60697 26563.582 1035.3083000000001 -6947.3152 -920.68312 -1.2055717 0.79458518 -7.3562317
60697 27013.582 397.67622 -5828.606400000001 -4003.8935 -1.5743465 4.0820163 -6.085952000000001
60697 27463.582 -328.56843 -3411.4567 -6193.0284 -1.5921152 6.4564754 -3.4587849000000004
60697 27913.582 -981.68035 -235.04023999999998 -7000.290400000001 -1.2554606000000001 7.393102 -0.060236452
60697 28363.582 -1416.0611999999999 2993.4132000000004 -6244.1202 -0.63809377 6.6824605 3.3587809
60697 28813.582 -1533.9684 5552.8784000000005 -4088.8037000000004 0.12480964 4.4718732 6.0375979
60697 29263.582 -1307.6535000000001 6865.5416 -1014.485 0.86233711 1.2484247000000002 7.3651942
60697 29713.582 -787.06971 6633.2448 2288.6789 1.4069695 -2.2611038 7.0329927
60697 30163.582 -89.329086 4908.3098 5075.7311 1.634542 -5.257020300000001 5.1166102
60697 30613.582 628.8396600000001 2081.8887 6723.3778 1.4944597000000002 -7.0636486000000005 2.0545287
60697 31063.582 1205.9496000000001 -1210.0186 6860.7928 1.0218073 -7.2885389 -1.4542796
60697 31513.582 1514.078 -4232.147900000001 5464.045 0.32163211 -5.8878208999999995 -4.6350992
60697 31963.582 1484.4756000000002 -6310.27 2845.5081 -0.45081888 -3.1721116 -6.7812085
60697 32413.582 1123.4578999999999 -6979.6392000000005 -409.86699 -1.1231512000000001 0.25391911 -7.4107478
60697 32863.582 511.54884000000004 -6090.451400000001 -3573.5587 -1.5445111999999999 3.6218418000000003 -6.3817882
60697 33313.582 -214.49251999999998 -3842.6063 -5938.1404 -1.6209692 6.1780333 -3.927715
60697 33763.582 -892.7521700000001 -738.5127 -6976.2745 -1.3362426 7.3558693 -0.59823028
60697 34213.582 -1372.0277 2529.9711 -6455.7237000000005 -0.75313525 6.8942962 2.8690579
60697 34663.582 -1544.9079 5233.272900000001 -4489.9802 0.0003694433 4.8882476 5.703406
60697 35113.582 -1371.8276 6763.8460000000005 -1517.1877 0.75591705 1.7795418 7.2622286
60697 35563.582 -890.35706 6774.3910000000005 1798.0330000000001 1.3430045 -1.7338930000000001 7.1890581000000005
60697 36013.582 -208.81085000000002 5262.8184 4708.3544 1.6280042000000001 -4.8545118 5.49805
60697 36463.582 519.51643 2567.3197000000005 6555.4466 1.5487824000000001 -6.8870588 2.5762421
60697 36913.582 1131.5045 -703.74716 6930.0345 1.1207012 -7.3732214 -0.9329096
60697 37363.582 1490.6345000000001 -3817.4274 5752.247 0.44027364 -6.195370700000001 -4.2268602
60697 37813.582 1516.5817 -6077.984 3285.3845 -0.33688711 -3.6311371 -6.5603863
60697 38263.582 1201.0313 -6970.2806 76.501008 -1.0394042 -0.25786770999999997 -7.4313762
60697 38713.582 616.36721 -6301.1589 -3150.0239 -1.5094997 3.1751118000000003 -6.6341492
60697 39163.582 -106.34781 -4220.894 -5669.4498 -1.6412787000000002 5.8933705000000005 -4.3499366
60697 39613.582 -805.33164 -1196.8072 -6918.2762 -1.4061960999999998 7.2906246 -1.0952129
60697 40063.582 -1324.4862 2094.5746 -6618.263400000001 -0.85719454 7.0591451 2.4032957
60697 40513.582 -1547.73 4917.9160999999995 -4835.9226 -0.11579404 5.2488693 5.3676853
60697 40963.582 -1424.5599 6640.3603 -1968.6178 0.65297664 2.259296 7.1322211
60697 41413.582 -982.0864 6874.380700000001 1340.9562 1.2759523 -1.2388488 7.2951574
60697 41863.582 -319.25355 5565.1385 4347.829 1.613271 -4.457876199999999 5.822744
60697 42313.582 415.79873 3003.9004 6376.696400000001 1.5900933 -6.682085 3.0444485
60697 42763.582 1058.0846000000001 -227.51591000000002 6979.259599999999 1.2090594000000001 -7.400094500000001 -0.41771605
60697 43213.582 1463.4185 -3407.0991000000004 6015.975 0.5581130900000001 -6.4619347 -3.7814454
60697 43663.582 1541.4699 -5824.7025 3703.8903 -0.21787404000000002 -4.0779288000000005 -6.2981716
60697 44113.582 1274.666 -6939.2080000000005 561.0370300000001 -0.94526132 -0.78103163 -7.4027811
60697 44563.582 722.80738 -6501.8592 -2707.6521000000002 -1.460579 2.6864427 -6.8478558000000005
60697 45013.582 9.500236500000002 -4612.885700000001 -5370.8521 -1.6491249000000001 5.546997800000001 -4.7638765
60697 45463.582 -705.94267 -1696.8291000000002 -6835.3463 -1.4703509 7.166984 -1.6220186
60697 45913.582 -1264.4201 1596.5096 -6776.1951 -0.96461346 7.1925417 1.8805522000000001
60697 46363.582 -1541.411 4534.1748 -5205.0244 -0.242656 5.6147914000000005 4.9712397
60697 46813.582 -1473.9916 6458.7773 -2467.7545 0.53662071 2.7737201000000002 6.959518600000001
60697 47263.582 -1076.2098 6935.0575 823.24774 1.1977295 -0.698759 7.3867105
60697 47713.582 -436.6536 5853.2893 3928.7627 1.5902489000000002 -4.01685 6.1504048000000004
60697 48163.582 301.00794 3457.0483 6150.1191 1.6253448000000001 -6.4285224 3.5327122
60697 48613.582 970.9770699999999 282.64196000000004 6984.1297 1.2965684000000002 -7.4022289 0.12057125
60697 49063.582 1423.6100000000001 -2952.85 6253.4456 0.67624969 -6.7088192 -3.3158691
60697 49513.582 1556.8583999999998 -5527.0307999999995 4114.7316 -0.095546483 -4.512659800000001 -6.0079436
60697 49963.582 1340.7547 -6860.8157 1050.3244 -0.84651932 -1.3018972000000002 -7.3502671
60697 50413.582 823.79201 -6655.183900000001 -2250.5852999999997 -1.4069329000000002 2.1970985 -7.0390411
60697 50863.582 122.38622000000001 -4959.902099999999 -5046.7222 -1.6510744 5.1936591 -5.1515039
60697 51313.582 -606.45645 -2157.718 -6714.545 -1.5267744 7.022857699999999 -2.1217248
60697 51763.582 -1200.5004 1124.3755 -6885.825900000001 -1.0634608 7.2878669 1.3745082
60697 52213.582 -1527.7779 4156.5405 -5523.2914 -0.36328001 5.9324465 4.5672883
60697 52663.582 -1514.8801 6262.9788 -2928.0647000000004 0.41999364000000006 3.2497383 6.748446
60697 53113.582 -1163.6011 6969.9335 322.43671 1.111792 -0.16854717 7.4231125
60697 53563.582 -551.75381 6115.9103 3500.5412 1.5556015 -3.5549717999999997 6.4309666
60697 54013.582 183.74026999999998 3891.0353 5892.0344000000005 1.6507574 -6.1441103 3.9943103
60697 54463.582 878.07947 794.4243 6960.2974 1.3762558 -7.3554825 0.66286483
60697 54913.582 1376.827 -2483.1737000000003 6469.3151 0.79222021 -6.913876 -2.8200484
60697 55363.582 1565.8555000000001 -5199.7275 4522.0538 0.031743831 -4.9281613 -5.6683505
60697 55813.582 1404.08 -6751.001200000001 1559.4392 -0.73721547 -1.8338674000000001 -7.2469966
60697 56263.582 927.34649 -6787.994 -1753.9353 -1.3409576 1.6720353000000001 -7.1966646
60697 56713.582 243.00403 -5304.991900000001 -4673.3108 -1.6431816 4.7960926 -5.5312736000000005
60697 57163.582 -495.84368 -2635.5959 -6546.0858 -1.5781405 6.8409835999999995 -2.6350376
60697 57613.582 -1124.2513999999999 621.1866200000001 -6956.8021 -1.1618125 7.358703900000001 0.84386702
60697 58063.582 -1502.3373000000001 3739.6122000000005 -5814.7916 -0.48648134 6.2374507999999995 4.1359471
60697 58513.582 -1545.3981 6023.938099999999 -3373.0766000000003 0.29910959000000004 3.7206593 6.5101375
60697 58963.582 -1243.5333 6964.1044 -176.15008 1.0185340999999999 0.36849369000000004 7.4262993
60697 59413.582 -662.6889100000001 6341.6425 3060.2952000000005 1.5115042 -3.0700541 6.6818837
60697 59863.582 66.144033 4302.1364 5610.6326 1.6656902 -5.818821 4.43748
60697 60313.582 780.2313399999999 1301.5134 6904.484 1.4476654000000002 -7.2629815 1.2040712
60697 60763.582 1320.2655 -1989.5772 6653.9007 0.90679975 -7.0857546000000005 -2.296652
60697 61213.582 1565.6058 -4836.3881 4914.4343 0.16264520999999998 -5.3254342 -5.2875174
60697 61663.582 1460.6812 -6601.343 2072.4839 -0.6196707 -2.3689915 -7.0988177
60697 62113.582 1028.6271 -6887.398700000001 -1234.2667 -1.2639082000000001 1.1220586000000001 -7.316325300000001
60697 62563.582 365.84540000000004 -5627.7367 -4262.4936 -1.6251217 4.3596781 -5.8937919
60697 63013.582 -379.46599 -3102.0944 -6331.019200000001 -1.623361 6.6273176000000005 -3.1470039
60697 63463.582 -1039.867 119.0438 -6977.6901 -1.2555938000000002 7.4048454 0.31589549
60697 63913.582 -1467.5134 3312.1383 -6060.3413 -0.60612126 6.5132691000000005 3.6983184000000002
60697 64363.582 -1565.3994 5761.240900000001 -3777.5379 0.17952292 4.163002499999999 6.253278900000001
60697 64813.582 -1311.9618 6917.3853 -644.8666 0.9252387400000001 0.8773897500000001 7.4024426000000005
60697 65263.582 -764.19664 6521.9801 2633.0672999999997 1.4624764000000001 -2.5995775 6.887079
60697 65713.582 -45.380269999999996 4667.5159 5320.9261 1.6712792 -5.4840225 4.831687
60697 66163.582 683.66788 1772.473 6820.1505 1.5075428 -7.137818500000001 1.7064609000000002
60697 66613.582 1260.8649 -1516.5865000000001 6800.1475 1.0092175 -7.2034087 -1.793502
60697 67063.582 1557.9429 -4468.5739 5265.7065 0.28578042 -5.6671528 -4.8979825
60697 67513.582 1508.0701999999999 -6425.2295 2555.8779 -0.50377999 -2.8613975999999997 -6.917116500000001
60697 67963.582 1121.2365 -6945.798900000001 -725.96412 -1.1831143 0.59354976 -7.3908068
60697 68413.582 483.21538000000004 -5910.3036 -3844.7197 -1.5983701000000001 3.9210733 -6.2044798000000005
60697 68863.582 -263.13927 -3549.8349 -6099.3961 -1.6553148000000002 6.369089600000001 -3.6243283
60697 69313.582 -950.55107 -393.92019 -6983.99 -1.341465 7.3889263000000005 -0.23217249
60697 69763.582 -1426.0131000000001 2853.1784 -6303.3252999999995 -0.72490922 6.7463563 3.218433
60697 70213.582 -1581.3346000000001 5458.5064 -4205.4992999999995 0.053221859 4.5921515 5.9402420000000005
60697 70663.582 -1382.4993000000002 6840.6303 -1164.3241 0.81903355 1.4102674 7.3264283
60697 71113.582 -872.89735 6685.17 2139.2626 1.4021429 -2.0860556999999997 7.0742165
60697 71563.582 -167.94129999999998 5033.4654 4962.620400000001 1.6711547 -5.1141001 5.2344147
60697 72013.582 574.63579 2255.9700000000003 6673.474200000001 1.5663325 -6.9945715 2.2249767
60697 72463.582 1188.9191 -1025.4306 6890.1885 1.1118165 -7.311686 -1.2801506999999999
60697 72913.582 1537.6283 -4077.6519 5564.0633 0.40832132000000004 -5.9949763 -4.5018126
60697 73363.582 1542.2388 -6217.336200000001 2989.7225 -0.38813735000000005 -3.3328767 -6.7197519
60697 73813.582 1201.2055 -6963.428400000001 -256.07258 -1.0986380999999998 0.08054668400000001 -7.4295612
60697 74263.582 590.689 -6147.2608 -3444.1247000000003 -1.5626278 3.4742711 -6.4700854
60697 74713.582 -152.67077 -3949.4991 -5856.6432 -1.6771171999999999 6.090960600000001 -4.0597877
60697 75163.582 -861.9356300000001 -869.7154300000001 -6957.834900000001 -1.4152906 7.3355234000000005 -0.7429361800000001
60697 75613.582 -1378.6218999999999 2404.5852999999997 -6500.228400000001 -0.8373622900000001 6.9397001000000005 2.7378037
60697 76063.582 -1587.1733000000002 5141.3747 -4586.0878 -0.071710277 4.9915328 5.6074367
60697 76513.582 -1440.5745 6727.6273 -1643.2383 0.7109474100000001 1.9234691000000002 7.2218557
60697 76963.582 -971.3794300000001 6807.5074 1668.6693 1.3344674 -1.5753712 7.2152358
60697 77413.582 -284.73465000000004 5363.8566 4606.4637999999995 1.6587012 -4.716125 5.5922361
60697 77863.582 465.49493 2722.9342 6513.5518 1.6122797 -6.7972995 2.7233173
60697 78313.582 1112.0888 -524.60247 6966.2469 1.206923 -7.362134200000001 -0.7494455000000001
60697 78763.582 1511.0218 -3655.1864 5863.8122 0.5321852699999999 -6.2868183 -4.0581007
60697 79213.582 1572.6527 -5969.3999 3449.6545 -0.26338316 -3.8038730999999997 -6.4673719
60697 79663.582 1283.4464 -6951.4404 264.57021999999995 -1.0010582000000001 -0.46415733000000003 -7.4261057
60697 80113.582 706.15923 -6373.8225999999995 -2980.7955 -1.5157068 2.9825052999999997 -6.7216132
60697 80563.582 -29.307198 -4368.7678 -5557.0261 -1.6906304 5.7581432 -4.5098859000000004
60697 81013.582 -758.2700500000001 -1386.6502 -6887.5514 -1.4875308 7.2428434 -1.2913813
60697 81463.582 -1317.8881999999999 1905.2573 -6675.7248 -0.95225652 7.1091394 2.2150106999999997
60697 81913.582 -1583.0207 4771.3977 -4968.3353 -0.20328701000000002 5.385104999999999 5.2291662
60697 82363.582 -1493.7882 6569.183400000001 -2146.2037 0.59259475 2.4514213 7.0742095
60697 82813.582 -1069.6917 6894.292200000001 1158.2338 1.2562128000000001 -1.0339051 7.330725900000001
60697 83263.582 -405.53762 5671.3404 4201.0512 1.638597 -4.2866778000000005 5.943247400000001
60697 83713.582 349.88032000000004 3173.5471000000002 6297.8682 1.6549817 -6.5804282999999995 3.2267525999999997
60697 84163.582 1027.3994 -33.356497000000005 6985.842000000001 1.2982818 -7.3950816999999995 -0.22413789
60697 84613.582 1474.6768000000002 -3232.165 6105.122200000001 0.65168528 -6.551126900000001 -3.6160157
60697 85063.582 1591.7511000000002 -5707.2921 3853.8374 -0.14142509 -4.2389961000000005 -6.198568000000001
60697 85513.582 1352.108 -6903.411 736.72077 -0.90327833 -0.97559511 -7.3897952
60697 85963.582 809.48816 -6552.8646 -2546.1138 -1.4620545999999999 2.5024591000000003 -6.9212019
