CIC_AEM_VERS = 1.0
CREATION_DATE = 2025-01-22T08:31:27.329Z
ORIGINATOR = CS Group

META_START
OBJECT_NAME = PLEIADES-NEO3
OBJECT_ID = PLEIADES-NEO3
CENTER_NAME = null
REF_FRAME_A = EME2000
REF_FRAME_B = SC_BODY_1
ATTITUDE_DIR = A2B
TIME_SYSTEM = UTC
START_TIME = 2025-01-22T02:23:51.54144
STOP_TIME = 2025-01-22T23:59:60.0
ATTITUDE_TYPE = QUATERNION
QUATERNION_TYPE = LAST
META_STOP

60697 8631.54144 -0.4893635858490253 -0.5737547864093545 -0.5005899818489453 -0.425133386115243
60697 9081.54144 -0.6128131536984727 -0.43949082009894186 -0.5880075017885836 -0.2924979239981721
60697 9531.54144 -0.7004294473414799 -0.27951762757361065 -0.6410154377598709 -0.14271542918006563
60697 9981.54144 -0.7470701980745412 -0.10316670974242381 -0.6565086337443465 0.015464894727078357
60697 10431.54144 -0.7499737705090538 0.07928317969383937 -0.6335559195718048 0.17280167169791008
60697 10881.54144 -0.7089191409827884 0.2571739555804588 -0.5734538017074259 0.3200717816781509
60697 11331.54144 -0.6263642519883827 0.41992122903281026 -0.4797797972441854 0.44849228688455295
60697 11781.54144 0.5071968662296361 -0.5580438857397944 0.3580425086205773 -0.5505850728960527
60697 12231.54144 0.35829252296755365 -0.66356790056792 0.21525264855220239 -0.6204598348101914
60697 12681.54144 0.18848817055882694 -0.7302111236377643 0.05989102131651055 -0.6539701751920537
60697 13131.54144 0.0077610372703159 -0.7541118367659396 -0.09889956223251045 -0.6492102745183624
60697 13581.54144 -0.17337960700037885 -0.733931118458181 -0.25186433708372685 -0.6065055489774946
60697 14031.54144 -0.3444194984197439 -0.6708565749871984 -0.39010501564849476 -0.5283415009921378
60697 14481.54144 -0.49540860537722886 -0.5685278770811497 -0.5055652041980125 -0.41922570413085647
60697 14931.54144 -0.6174027058252485 -0.4330001608574565 -0.5914027394457962 -0.2856003489372627
60697 15381.54144 -0.7032862650075908 -0.2722243450556589 -0.6426327574930102 -0.13529772506446722
60697 15831.54144 -0.7480664048945299 -0.0956040550955454 -0.6563024887056685 0.02288147364587827
60697 16281.54144 -0.7491513930781293 0.08662192233594762 -0.6316326902273892 0.17974698177169518
60697 16731.54144 -0.706437208763189 0.263888086310034 -0.5700165927034794 0.32617576859910685
60697 17181.54144 0.6223800684260199 -0.42579226092417277 0.4750147986675732 -0.45354706702822867
60697 17631.54144 0.5019695956094846 -0.5627450385082524 0.35224909530129833 -0.5543150021219097
60697 18081.54144 0.3520759115875338 -0.6668848777846332 0.20871608344776954 -0.6226915036936072
60697 18531.54144 0.1814753243412456 -0.731982681175247 0.052846976305368165 -0.6545802152602203
60697 18981.54144 3.092673846269614E-4 -0.7541476982731191 -0.10607144915237134 -0.64808178590187
60697 19431.54144 -0.18083122933208606 -0.73212547553022 -0.25872843468951456 -0.6036157317872102
60697 19881.54144 -0.3513650762067265 -0.6672394606415147 -0.39618710152094383 -0.5238032702966784
60697 20331.54144 -0.5013172327075094 -0.5633213083053183 -0.510400914538003 -0.4133292177410637
60697 20781.54144 -0.621949001137035 -0.4264394952304592 -0.5947212495535953 -0.27863135541723566
60697 21231.54144 -0.7062988671867894 -0.26430049747365736 -0.6442661419528443 -0.12731180455493044
60697 21681.54144 -0.7491917520062663 -0.08630966087051144 -0.6559353204330854 0.031799631673087976
60697 22131.54144 -0.7478861398792355 0.09690095396420677 -0.6288886264205672 0.18914444865291577
60697 22581.54144 -0.7024798772017241 0.27423787124667015 -0.564776911107321 0.33517555516597347
60697 23031.54144 0.6158639061088101 -0.43516386900510606 0.4675626664964381 -0.4612257681045653
60697 23481.54144 0.4933951374054355 -0.5702853437990186 0.3431648899805877 -0.5599765381846972
60697 23931.54144 0.3424452158823126 -0.6718874744553507 0.19900626439721142 -0.625855416625912
60697 24381.54144 0.17184456522521616 -0.734307455161428 0.043483755062284815 -0.6552641984288375
60697 24831.54144 -0.008640691416910689 -0.7541006807002202 -0.11450240551589666 -0.646642637745436
60697 25281.54144 -0.188772062637023 -0.7301201393198948 -0.2659594139683096 -0.600462555576028
60697 25731.54144 -0.3582541211616199 -0.6635688999019766 -0.40218159000802606 -0.5192111982731227
60697 26181.54144 -0.5071697371247799 -0.558063729226146 -0.5151482781234424 -0.40738922839643277
60697 26631.54144 -0.6266225804577953 -0.4195561323184609 -0.5980632522621426 -0.27136164022944914
60697 27081.54144 -0.7093161746694562 -0.2561181047609385 -0.6458235943040771 -0.11910485215186303
60697 27531.54144 -0.7501654050908672 -0.07746416252166133 -0.6554597367381351 0.040295186373157973
60697 27981.54144 -0.7467003611651039 0.10569619155189502 -0.6263852738507664 0.19725205811405086
60697 28431.54144 -0.6991966221265248 0.2825220317578588 -0.5603780705915271 0.34246430934972855
60697 28881.54144 0.6106387782483633 -0.44247965779498 0.46149078604092547 -0.46728822940056214
60697 29331.54144 0.4864881684706339 -0.5762004129002055 0.33573677096724935 -0.5644494368251292
60697 29781.54144 0.33423030765927747 -0.6760222647853953 0.19063491413429257 -0.6284443718177611
60697 30231.54144 0.1627978354413211 -0.7363747617564884 0.03466318250576821 -0.6557800994253082
60697 30681.54144 -0.01796537316457178 -0.7539432878073711 -0.12322959508747257 -0.6450280854597316
60697 31131.54144 -0.19778721948998756 -0.7277361924115606 -0.274044227239153 -0.5968081865873145
60697 31581.54144 -0.3663921075207459 -0.6591188592554029 -0.40911735991989084 -0.5137529938915597
60697 32031.54144 -0.5139363606657404 -0.5518507244147375 -0.5205203997669913 -0.4004855909705056
60697 32481.54144 -0.6316360959572999 -0.4119867055573652 -0.6015776934990272 -0.2634522260528464
60697 32931.54144 -0.712324062958693 -0.2476561747690262 -0.6473130093915641 -0.11066488287270909
60697 33381.54144 -0.7510359838128431 -0.06859244963648982 -0.6548738926718035 0.048787411983213506
60697 33831.54144 -0.7454118269112583 0.11447122742355631 -0.6237817865178643 0.2053139771217396
60697 34281.54144 -0.695794753066175 0.2908128958323189 -0.5558659269549155 0.34972931314625866
60697 34731.54144 0.6052160233608131 -0.4498771895229775 0.45523084068017655 -0.47338035564211
60697 35181.54144 0.4792351768985974 -0.5822545510882771 0.3279883372377603 -0.5689788516245292
60697 35631.54144 0.3254969449062262 -0.6802769622397609 0.18180191127386 -0.6310491728540077
60697 36081.54144 0.153094233311255 -0.7384586908712238 0.02527780940813584 -0.6562026744498405
60697 36531.54144 -0.02799155155432679 -0.7536415608768706 -0.13253323352722948 -0.6431763465578257
60697 36981.54144 -0.2074283094729629 -0.7250503736653051 -0.28261437284912755 -0.592793866648504
60697 37431.54144 -0.37497860403962674 -0.6542768626706346 -0.41637124676625076 -0.5078856351115698
60697 37881.54144 -0.520937430610017 -0.545255682659003 -0.5260257143101197 -0.39321416785516106
60697 38331.54144 -0.6366969617115811 -0.4041352965580951 -0.6050772101101083 -0.2552904440603094
60697 38781.54144 -0.7152646988073438 -0.23905407597714448 -0.6487083519495411 -0.10211284693741371
60697 39231.54144 -0.7518020539971486 -0.05969053312126539 -0.6541779180709273 0.057288422650258984
60697 39681.54144 -0.7440420736636525 0.123090399503199 -0.6211159546987756 0.21322550735562415
60697 40131.54144 -0.6926228329190073 0.29830006975977835 -0.551653397640786 0.35632738958987853
60697 40581.54144 0.6007337181168285 -0.4558525052708833 0.4499729815286729 -0.47837413104178894
60697 41031.54144 0.47371193602383516 -0.5867622725955727 0.3219420223258636 -0.572416257095972
60697 41481.54144 0.3189487616954582 -0.683376025198909 0.17500963273761233 -0.6329617081983079
60697 41931.54144 0.14494073196086762 -0.7401056919216805 0.017288633778169898 -0.6564578068283314
60697 42381.54144 -0.0375150825481263 -0.7532296604851845 -0.14138345160190613 -0.6412865324953522
60697 42831.54144 -0.21762327470201748 -0.7220571684318243 -0.29160652487957334 -0.5884209296684177
60697 43281.54144 -0.3847698442542546 -0.6485670771841994 -0.42452704618710774 -0.5010885155348809
60697 43731.54144 -0.5292012892836112 -0.5372403995141162 -0.5324030196224742 -0.38453318874623515
60697 44181.54144 -0.6425706628921235 -0.39473562885659447 -0.6090409697363586 -0.2456742226692943
60697 44631.54144 -0.7184296189108185 -0.22937606929013768 -0.6501311466682159 -0.09260126154935835
60697 45081.54144 -0.7524632055950403 -0.05069643613116482 -0.653369949721847 0.0658536588938376
60697 45531.54144 -0.7426784309052283 0.13106542530713797 -0.6185410309864025 0.22058466751677325
60697 45981.54144 -0.6895039410263946 0.3054363920669254 -0.547531008720058 0.36263303793257073
60697 46431.54144 0.5958643983859975 -0.462195356539648 0.4443242122884324 -0.48362905775350684
60697 46881.54144 0.46709369488140845 -0.5920422840537733 0.3148365411235425 -0.5763569783283523
60697 47331.54144 0.31074058371649405 -0.6871472954663986 0.1666842627716777 -0.6352048807345616
60697 47781.54144 0.13607703037617275 -0.7417856757431447 0.008676857491712878 -0.6566290925708035
60697 48231.54144 -0.04651301468146353 -0.7527254172826422 -0.14977299147408968 -0.6393817612872739
60697 48681.54144 -0.22620600238991412 -0.7194115446928265 -0.29926543172195724 -0.5845665703935915
60697 49131.54144 -0.39243378729496164 -0.6439546383844563 -0.43101091767469873 -0.4955277339742863
60697 49581.54144 -0.5355093952489469 -0.5309461794786611 -0.5373467799340474 -0.3776033371034093
60697 50031.54144 -0.6471737322660527 -0.3871286525337453 -0.6121749918315282 -0.23778003706851097
60697 50481.54144 -0.7210731311910421 -0.2208929390905114 -0.6512842649208335 -0.0841941518208451
60697 50931.54144 -0.7529981340345052 -0.04181626092079441 -0.6524754547904686 0.0743033738071737
60697 51381.54144 -0.7410634740237221 0.1398395613202641 -0.6156399542809724 0.22859849354396553
60697 51831.54144 -0.6858140634749577 0.31359836722606416 -0.5427742138032042 0.3697448948172604
60697 52281.54144 0.5903044096459127 -0.4692557217375923 0.4379776621342801 -0.48940304355460673
60697 52731.54144 0.45998745589969564 -0.597568985990407 0.30727171005921 -0.5804368558203478
60697 53181.54144 0.3025109150795319 -0.6908003706939169 0.15835615429787295 -0.6373423903231916
60697 53631.54144 0.12721274034394853 -0.7433471469884707 8.165159901378231E-5 -0.656697747134327
60697 54081.54144 -0.055473000615514 -0.7521069883782883 -0.1581138776084096 -0.6373835783442223
60697 54531.54144 -0.23473357855184485 -0.7166626821572041 -0.3068603464121678 -0.580630239397925
60697 54981.54144 -0.4000316802354479 -0.6392507948949013 -0.43741869814292206 -0.4898958650051992
60697 55431.54144 -0.5417397881813488 -0.5245717054166126 -0.5422054973854995 -0.37061533479131314
60697 55881.54144 -0.6516885645053844 -0.37945771149723057 -0.615213311105213 -0.22984003549676962
60697 56331.54144 -0.7236181678646506 -0.2123719464107802 -0.6523307613564572 -0.07575936445092586
60697 56781.54144 -0.7534279249097278 -0.03293183334365504 -0.6514711081228425 0.08274812142908737
60697 57231.54144 -0.7393484922318513 0.14857760809648093 -0.6126381306552479 0.2365650487161199
60697 57681.54144 -0.6820464194359359 0.32168596718070275 -0.5379401615684791 0.37676412093684536
60697 58131.54144 0.5846983210868262 -0.47620959738497337 0.4315913416686587 -0.49505677095999334
60697 58581.54144 0.4528691654243577 -0.6029695433263045 0.299710707598644 -0.5843892029969698
60697 59031.54144 0.2943039221699306 -0.6943255655195582 0.15006754231650454 -0.6393566635332936
60697 59481.54144 0.11837465272057508 -0.744794459758551 -0.008469958869244978 -0.6566558566730405
60697 59931.54144 -0.06444905367206966 -0.7513786261880854 -0.16644522358465538 -0.6352735372533113
60697 60381.54144 -0.24332765195377312 -0.7137777247537684 -0.3144810683311986 -0.5765541354471972
60697 60831.54144 -0.4077267371131723 -0.6343598400205374 -0.4438644220449236 -0.4840773451163462
60697 61281.54144 -0.5480584446553025 -0.5179592706880968 -0.5470763007406216 -0.3633973807255944
60697 61731.54144 -0.6562405029961823 -0.371526332441668 -0.6182095002803669 -0.2216610030944999
60697 62181.54144 -0.7261311957912439 -0.20361103688418888 -0.6532769662306886 -0.06712106636631579
60697 62631.54144 -0.7537673955790565 -0.023874099929011947 -0.6503270294202238 0.09132083836678846
60697 63081.54144 -0.7375189597670865 0.15739755684551243 -0.6094922664820147 0.24456281438876828
60697 63531.54144 -0.6781774841953929 0.3297609261846858 -0.532994885442565 0.38373100419993805
60697 63981.54144 0.5790252043648295 -0.4830888760009813 0.4251411266656502 -0.5006096013979733
60697 64431.54144 0.44572106328562644 -0.60827321689892 0.292123399617936 -0.5882179415341134
60697 64881.54144 0.28607971318375514 -0.6977559077685731 0.14176931578619517 -0.641246093150102
60697 65331.54144 0.10957065262565885 -0.7461410874507162 -0.01697715714540328 -0.6564903090193415
60697 65781.54144 -0.07331305141550808 -0.750564850414382 -0.17465851355260686 -0.6330655617376271
60697 66231.54144 -0.2517280395780707 -0.7108569708033909 -0.32191527390051294 -0.5724385710099957
60697 66681.54144 -0.41517289188868994 -0.6295111917206145 -0.4500841361480532 -0.4783005328526557
60697 67131.54144 -0.5541219248719113 -0.5114746849123085 -0.5517188422260949 -0.35629883272724866
60697 67581.54144 -0.6605744033515485 -0.3637813722248657 -0.6210124581807999 -0.2136541542848621
60697 68031.54144 -0.7284852725308126 -0.19505164253550974 -0.6540808803724526 -0.05867083075178634
60697 68481.54144 -0.7540030509787038 -0.014990026887351085 -0.6490833835628073 0.09972692410467823
60697 68931.54144 -0.73561508835939 0.16609691564877754 -0.6062660715313077 0.25243554999239876
60697 69381.54144 -0.6742328805550576 0.3377675890260863 -0.5279637761216 0.39061148176334426
60697 69831.54144 0.5732650717813885 -0.4899258435761703 0.4185930170651227 -0.5060827119512928
60697 70281.54144 0.43848255012966464 -0.6135267873383253 0.28444472606308985 -0.5919536571936974
60697 70731.54144 0.277793106346725 -0.7011100075465015 0.13341762180428154 -0.6430205949862503
60697 71181.54144 0.10070550928163312 -0.7474012981251837 -0.02552560757754189 -0.6561997739400055
60697 71631.54144 -0.08222852582239451 -0.7496510295173342 -0.18289400173777653 -0.6307230672910408
60697 72081.54144 -0.2601704755438937 -0.7078204684962035 -0.3293533591109778 -0.5681794372162676
60697 72531.54144 -0.42264761406550594 -0.6245289219778691 -0.4562862416911329 -0.47237218967809347
60697 72981.54144 -0.560188065394615 -0.5048381218842642 -0.5563205031976579 -0.3490491366608892
60697 73431.54144 -0.6648755790501475 -0.3558789926474357 -0.6237445146993434 -0.20550763333136315
60697 73881.54144 -0.7307686225034259 -0.18634831978128652 -0.6547831462174597 -0.05010544390284882
60697 74331.54144 -0.754135120477754 -0.005994028793620113 -0.6477152795420559 0.10820909540598295
60697 74781.54144 -0.7335875015697014 0.1748604692237055 -0.6029068072180296 0.2603393471101722
60697 75231.54144 -0.6701624049129984 0.345788648605507 -0.522806539511721 0.39747438128838314
60697 75681.54144 0.5673880820911436 -0.49673229165486554 0.4119386920735336 -0.5115020124114721
60697 76131.54144 0.4311441943329084 -0.6187176016423169 0.2766822378754899 -0.5956090600009517
60697 76581.54144 0.26942278003451103 -0.7043802218107632 0.12500143048347775 -0.6446972243599159
60697 77031.54144 0.09178517764982333 -0.7485589488070994 -0.03410875346154281 -0.6557984250224306
60697 77481.54144 -0.09120236251292918 -0.7486205305030555 -0.1911614949762617 -0.6282568847373059
60697 77931.54144 -0.26867434233131343 -0.7046441799163558 -0.33681804286224803 -0.5637768028974653
60697 78381.54144 -0.43017477654200825 -0.6193770532874091 -0.4625002613812183 -0.4662780669411159
60697 78831.54144 -0.5662801453708338 -0.4980077136953005 -0.5609032965491735 -0.3416176312473303
60697 79281.54144 -0.6691590101744512 -0.3477769433700243 -0.6264155216117607 -0.19718268444875542
60697 79731.54144 -0.7329847552597364 -0.1774641715438721 -0.6553828774736975 -0.04138961571901791
60697 80181.54144 -0.7541586168906882 0.0031388952725143458 -0.6462154981557339 0.11679237068117644
60697 80631.54144 -0.7314294075873234 0.1836986815536337 -0.5994069097459586 0.2682856176926264
60697 81081.54144 -0.665963470406196 0.35381713791700137 -0.5175225724500943 0.4043222427784482
60697 81531.54144 0.5614037228600494 -0.5034940085407432 0.4051841678257132 -0.5168611355730232
60697 81981.54144 0.4237253753695994 -0.6238293499736067 0.26885111610721063 -0.5991767900605851
60697 82431.54144 0.2609938700304161 -0.7075526527163775 0.11654334347606443 -0.6462732336496565
60697 82881.54144 0.0828434722637226 -0.7496058402154562 -0.04269714038569743 -0.6552900103168473
60697 83331.54144 -0.10012544851285014 -0.7474826401653153 -0.19936910300976474 -0.6256968578925998
60697 83781.54144 -0.2770559841566639 -0.7013943033637534 -0.34416143057083565 -0.5593200537789551
60697 84231.54144 -0.43752388849456797 -0.6142117038382409 -0.46855175175507047 -0.4601913577980065
60697 84681.54144 -0.5721692515399865 -0.4912344657638057 -0.5653139971361613 -0.3342620706569269
60697 85131.54144 -0.6732514234220076 -0.3397910703580578 -0.628934659139847 -0.18898609445620723
60697 85581.54144 -0.7350446158252716 -0.1687284973630045 -0.6558675880021231 -0.03283007663985612
60697 86031.54144 -0.754066042176004 0.01211885047209277 -0.6446371179715826 0.12522189758003102
