CIC_OEM_VERS = 2.0
CREATION_DATE = 2025-01-22T08:34:02.359621
ORIGINATOR = ISAE-SUPAERO


META_START
OBJECT_NAME = Sat
OBJECT_ID = Sat
CENTER_NAME = Earth
REF_FRAME = EME2000
TIME_SYSTEM = UTC
START_TIME = 2025-01-22T00:00:00.000
USEABLE_START_TIME = 2025-01-22T00:00:00.000
USEABLE_STOP_TIME = 2025-01-22T23:55:00.000
STOP_TIME = 2025-01-22T23:55:00.000
INTERPOLATION = lagrange
INTERPOLATION_DEGREE = 5
META_STOP


60697 0.0 -2478.8332 6244.1592 -1505.4841999999999 1.5654459 -1.1474126000000002 -7.3572747000000005
60697 420.0 -1582.211 5118.2293 -4325.848400000001 2.6267369 -4.1167937000000006 -5.8290839
60697 840.0 -351.0666 2910.2403 -6229.3387 3.1302887 -6.2075944000000005 -3.0729914
60697 1260.0 954.15683 88.68916300000001 -6816.3109 2.9735498 -6.9871951 0.32784048000000005
60697 1680.0 2058.3407 -2751.4547000000002 -5963.3862 2.1898419 -6.2942995 3.6616044000000003
60697 2100.0 2727.9781000000003 -5010.5313 -3848.5503 0.94109339 -4.2690493 6.2285807
60697 2520.0 2821.8345 -6212.177900000001 -918.7663100000001 -0.5060577900000001 -1.3419517 7.4731949
60697 2940.0 2317.8952999999997 -6097.6939 2205.8116 -1.8499649999999999 1.876602 7.135841999999999
60697 3360.0 1322.0678 -4689.6743 4862.2561 -2.801278 4.6941681 5.288054900000001
60697 3780.0 47.648182 -2292.9421 6489.7168 -3.1581567 6.512955 2.3233305
60697 4200.0 -1236.8993 587.35322 6745.3268 -2.8489739 6.9565342 -1.1277835
60697 4620.0 -2260.7486000000004 3343.7856 5575.549900000001 -1.9386663000000002 5.9332968 -4.3432372
60697 5040.0 -2807.204 5393.984 3225.5701000000004 -0.61608348 3.6528259 -6.646209799999999
60697 5460.0 -2761.3507999999997 6305.9172 193.50651000000002 0.83739732 0.59761379 -7.5374707
60697 5880.0 -2128.3375 5877.0953 -2880.2369 2.1154918 -2.5852697 -6.8380791
60697 6300.0 -1043.4212 4199.3471 -5337.6134 2.9496118 -5.2287557 -4.6899853
60697 6720.0 261.79238000000004 1635.7538000000002 -6667.2 3.1550882000000002 -6.759992100000001 -1.5331681000000001
60697 7140.0 1511.813 -1275.1605 -6579.951599999999 2.6913199 -6.8543555 1.9407737
60697 7560.0 2441.7765 -3916.4459 -5094.894 1.6570121 -5.4960812 5.003649500000001
60697 7980.0 2853.9836 -5727.2296 -2526.5749 0.27029543 -2.9707139000000002 7.0051126
60697 8400.0 2660.7526000000003 -6323.029 579.28474 -1.1735699 0.18429433 7.5165728000000005
60697 8820.0 1903.723 -5579.013 3562.0952 -2.365895 3.2931727 6.4322099
60697 9240.0 744.24841 -3655.9148999999998 5790.835400000001 -3.0553593 5.697386300000001 3.9912994
60697 9660.0 -571.9905699999999 -962.9276 6797.0976 -3.1001712 6.8962822 0.7153924500000001
60697 10080.0 -1768.0249 1932.5203999999999 6370.688 -2.493162 6.6446621 -2.7100633
60697 10500.0 -2591.9624 4421.0686 4600.183099999999 -1.3593037 4.991992100000001 -5.570861799999999
60697 10920.0 -2868.6554 5976.0905999999995 1855.8041 0.066485287 2.2769106000000003 -7.2608915
60697 11340.0 -2537.5656000000004 6264.6872 -1282.1485 1.482211 -0.92864686 -7.41126
60697 11760.0 -1667.8106 5223.4595 -4147.1339 2.5845926 -3.9399830000000002 -5.9840122000000004
60697 12180.0 -443.98187 3073.4263 -6129.5513 3.1376587 -6.112722600000001 -3.2853326000000003
60697 12600.0 874.1267700000001 271.78002000000004 -6809.8667000000005 3.0247995000000003 -6.9867458 0.10821586999999999
60697 13020.0 2006.7735 -2586.94 -6043.2115 2.2717196 -6.3815023 3.4773202000000003
60697 13440.0 2714.2992000000004 -4897.6589 -3992.7639 1.0363818000000002 -4.422941 6.1106915
60697 13860.0 2846.175 -6169.6191 -1093.241 -0.41977759 -1.5245237999999999 7.4464874000000005
60697 14280.0 2374.4028 -6133.0498 2038.9968000000001 -1.7857767 1.6946813 7.198504700000001
60697 14700.0 1400.0012 -4798.2118 4738.6776 -2.7705273000000004 4.5467955 5.425208400000001
60697 15120.0 129.9854 -2450.4252 6435.7672 -3.168439 6.4315395 2.5122269000000004
60697 15540.0 -1167.4729 413.16277 6774.9800000000005 -2.8992944000000005 6.9602999 -0.92569287
60697 15960.0 -2219.3408 3189.7232999999997 5685.2207 -2.0194753000000003 6.0240276999999995 -4.171581000000001
60697 16380.0 -2803.2779 5293.5258 3393.9069 -0.71039243 3.8126848 -6.5441975
60697 16800.0 -2794.0088 6276.925200000001 383.10539 0.7536980099999999 0.78624894 -7.535012300000001
60697 17220.0 -2192.1612999999998 5929.0874 -2709.2612999999997 2.0605922999999997 -2.4131072 -6.9234433
60697 17640.0 -1124.8828999999998 4322.4181 -5224.9362 2.9296423000000003 -5.0989621 -4.8389028
60697 18060.0 180.95624 1799.115 -6629.6641 3.1765178 -6.700123700000001 -1.7293093
60697 18480.0 1448.4449 -1105.1680000000001 -6626.4934 2.7507872000000004 -6.8814836999999995 1.7440275
60697 18900.0 2409.3392000000003 -3775.5992 -5216.6927000000005 1.7422449999999998 -5.6054807 4.8487006
60697 19320.0 2859.6518 -5645.9006 -2698.484 0.36317456 -3.1395479 6.926057300000001
60697 19740.0 2703.5072999999998 -6318.8360999999995 393.57768 -1.0931224 -0.007334399300000001 7.531230300000001
60697 20160.0 1974.4515000000001 -5652.6451 3401.9953 -2.315461 3.1206917 6.5372348
60697 20580.0 827.75612 -3791.1507 5689.9038 -3.0457258 5.5811079 4.162860800000001
60697 21000.0 -493.41245000000004 -1130.8048000000001 6775.8042000000005 -3.1327451 6.8596878 0.9161995500000001
60697 21420.0 -1710.8481000000002 1767.4614 6432.5443 -2.5606381000000003 6.6943036000000005 -2.521821
60697 21840.0 -2568.0765 4293.4315 4731.5874 -1.447551 5.1174359 -5.4337247
60697 22260.0 -2883.1623 5913.0397 2028.9336 -0.024251372 2.4522880000000002 -7.203151200000001
60697 22680.0 -2587.4324 6279.651 -1103.9656000000002 1.4076579 -0.73927522 -7.445633
60697 23100.0 -1742.7303000000002 5313.902099999999 -4001.9654 2.5420384 -3.7764382000000003 -6.1042036
60697 23520.0 -528.29937 3220.8681 -6048.8211 3.136391 -6.0099171 -3.4667127
60697 23940.0 798.07385 445.52709000000004 -6810.9663 3.0658391000000003 -6.967940400000001 -0.09658892000000001
60697 24360.0 1955.4826 -2424.0953 -6127.3676 2.3463128 -6.450902 3.2936423
60697 24780.0 2698.7052000000003 -4780.2524 -4142.5492 1.1286543 -4.5660163 5.987814
60697 25200.0 2869.5862 -6122.611900000001 -1276.8881000000001 -0.32974113 -1.7104949999999999 7.4110936
60697 25620.0 2431.7059 -6166.197700000001 1860.5142 -1.7174156 1.5060404 7.2580381
60697 26040.0 1478.9179 -4904.2217 4603.0443 -2.7383914000000003 4.396210600000001 5.5655165
60697 26460.0 213.51847 -2606.0139 6370.9686 -3.1788866 6.3501045000000005 2.7030538
60697 26880.0 -1096.9494 241.02995 6793.9398 -2.9496159 6.9642076 -0.72476347
60697 27300.0 -2176.5572 3037.2471 5783.3431 -2.0988846 6.1120532999999995 -4.0021803
60697 27720.0 -2797.1123 5192.7182999999995 3550.161 -0.8023393999999999 3.9664703 -6.4416918
60697 28140.0 -2825.4027 6248.4107 563.95704 0.66845529 0.9738489499999999 -7.5218256000000006
60697 28560.0 -2254.6887 5979.459 -2542.3057000000003 2.0002506 -2.2318105 -7.001604400000001
60697 28980.0 -1205.2077 4440.884 -5107.4222 2.9067304 -4.9617925 -4.9918914999999995
60697 29400.0 99.70708900000001 1961.1096000000002 -6587.064200000001 3.1955926 -6.6351097 -1.9258551
60697 29820.0 1383.6392 -934.08198 -6668.4906 2.8084024 -6.903396300000001 1.5446428
60697 30240.0 2374.9142 -3631.7192999999997 -5335.5317000000005 1.8267639 -5.710884200000001 4.6885949
60697 30660.0 2863.3457000000003 -5560.3503 -2869.9500000000003 0.4568671 -3.306937 6.8403606
60697 31080.0 2744.9077 -6310.4926 205.51010000000002 -1.0106397 -0.20075722 7.5395136
60697 31500.0 2044.8288 -5723.4685 3237.2417 -2.2623259 2.9436951 6.6379791
60697 31920.0 912.03988 -3925.6967000000004 5583.125900000001 -3.0334486000000003 5.4592927 4.3331723
60697 32340.0 -413.06808 -1300.2781000000002 6748.7462000000005 -3.1633318 6.8179699000000005 1.1185137
60697 32760.0 -1651.2588 1598.9355 6489.6754 -2.6270236000000002 6.74026 -2.3303649
60697 33180.0 -2541.4892000000004 4161.0842999999995 4859.742700000001 -1.5354903 5.2405638 -5.2928726
60697 33600.0 -2895.0429 5844.6778 2200.4659 -0.11528005000000001 2.6263688000000003 -7.141262
60697 34020.0 -2634.937 6289.0960000000005 -925.5726 1.332176 -0.5496583500000001 -7.4755565
60697 34440.0 -1815.8188 5399.2915 -3854.7125 2.4978902 -3.6108961 -6.2199953
60697 34860.0 -611.6185300000001 3364.5605 -5964.326099999999 3.1328454000000003 -5.9030463 -3.6447474000000004
60697 35280.0 722.14273 617.41111 -6807.8605 3.1040864999999997 -6.942961100000001 -0.30021442000000004
60697 35700.0 1903.2131000000002 -2260.3935 -6207.5575 2.4186904 -6.5139918 3.1074967
60697 36120.0 2681.477 -4659.7097 -4289.9981 1.2201316 -4.7047428 5.859436700000001
60697 36540.0 2891.3883 -6071.3066 -1460.8345 -0.23885241 -1.8953228 7.3691185
60697 36960.0 2488.0182000000004 -6195.1995 1679.1149 -1.6470637 1.3156603 7.3119018
60697 37380.0 1556.4707 -5004.3739000000005 4462.8919000000005 -2.7054115000000003 4.2456225000000005 5.7020086
60697 37800.0 296.07906 -2755.9025 6300.019 -3.1883355 6.2680099 2.8896588000000003
60697 38220.0 -1026.867 73.993599 6804.8216 -2.9983099 6.9656456 -0.52868218
60697 38640.0 -2133.3511000000003 2888.2249 5871.4281 -2.1758292000000004 6.1945881 -3.8368339000000002
60697 39060.0 -2789.4096 5092.5262 3695.3518 -0.89139782 4.1121233 -6.3396106
60697 39480.0 -2855.7469 6220.234 735.75261 0.58461356 1.1536387 -7.499706100000001
60697 39900.0 -2316.2704 6028.2444000000005 -2379.8696 1.9381344999999999 -2.0517359 -7.0681407
60697 40320.0 -1285.8497 4558.6449 -4989.8585 2.8798898 -4.8193803 -5.1362508
60697 40740.0 16.744627 2124.3441000000003 -6541.2863 3.2111590999999997 -6.5632636 -2.1190866
60697 41160.0 1315.8718999999999 -758.8673000000001 -6706.9663 2.8638513 -6.9192648 1.3443299
60697 41580.0 2336.9455000000003 -3481.6249 -5451.6612000000005 1.9106328000000001 -5.8125407 4.5261096
60697 42000.0 2863.3204 -5467.356400000001 -3039.0877 0.5505003500000001 -3.4718905 6.753263700000001
60697 42420.0 2782.5213 -6293.5493 19.237284 -0.92848745 -0.39093513 7.5465057
60697 42840.0 2111.401 -5784.6387 3073.7698 -2.2098082 2.7714594000000004 6.7340899
60697 43260.0 989.96111 -4041.6369 5469.8853 -3.0255966 5.350721 4.4968413
60697 43680.0 -340.98365 -1443.4984 6705.7695 -3.1972453 6.7925102 1.2945847000000001
60697 44100.0 -1600.0656000000001 1460.925 6518.263400000001 -2.6874638 6.7856681 -2.1814358
60697 44520.0 -2520.1785 4055.6305 4946.7368 -1.6036529000000002 5.331015000000001 -5.1951494
60697 44940.0 -2902.4258 5784.4901 2317.4102000000003 -0.18196576 2.750768 -7.1038809
60697 45360.0 -2667.2446 6282.9444 -806.56773 1.2819039 -0.42088273 -7.501951200000001
60697 45780.0 -1864.195 5443.775900000001 -3758.4120000000003 2.4724945 -3.5018519 -6.2993724
60697 46200.0 -664.9606 3447.1978 -5907.8426 3.1358308000000004 -5.8323399 -3.7611114
60697 46620.0 675.80177 719.1389 -6803.017 3.1335598 -6.9224828 -0.42915942
60697 47040.0 1873.8185 -2161.1864 -6255.9491 2.4687109 -6.5465287 2.9865553
60697 47460.0 2675.963 -4584.9038 -4383.5374 1.2822702 -4.7872961 5.768931800000001
60697 47880.0 2912.5901000000003 -6039.638900000001 -1582.2364 -0.17585866 -2.0151124 7.3298731
60697 48300.0 2533.5257 -6217.628 1554.4727 -1.5964342999999999 1.1821401 7.337309500000001
60697 48720.0 1619.3005 -5082.319 4362.2547 -2.6780637 4.1252314 5.7924071999999995
60697 49140.0 363.71732000000003 -2875.6225 6248.0922 -3.1934998 6.193776 3.0269746
60697 49560.0 -968.4335 -63.536024 6815.1350999999995 -3.0363478 6.957118400000001 -0.37564766
60697 49980.0 -2096.5128 2761.7186 5942.8378 -2.2386064 6.2545695 -3.7050849
60697 50400.0 -2781.7688 5003.6155 3811.9153 -0.96366602 4.224747000000001 -6.2605953
60697 50820.0 -2876.9013 6183.7095 871.19435 0.52028629 1.2907132 -7.4914392
60697 51240.0 -2360.0854 6048.4845000000005 -2255.4189 1.8962799000000001 -1.9233113000000002 -7.1265767
60697 51660.0 -1341.1115 4626.3296 -4900.9382000000005 2.8678027000000004 -4.7253021 -5.2430251
60697 52080.0 -37.140207000000004 2219.6861000000004 -6497.9615 3.2314135999999998 -6.5247573 -2.2471604000000003
60697 52500.0 1276.6745 -659.81499 -6719.9131 2.9050936000000003 -6.9299472 1.2265027
60697 52920.0 2318.3025000000002 -3397.08 -5509.8231 1.9655365 -5.8695827000000005 4.4319353
60697 53340.0 2868.8517 -5414.6972000000005 -3129.4900000000002 0.60865902 -3.5645061 6.698172899999999
60697 53760.0 2811.3216 -6284.63 -84.023628 -0.8775411900000001 -0.50348891 7.541392
60697 54180.0 2158.2502999999997 -5823.2762999999995 2979.3276 -2.1756579 2.6591027 6.783441799999999
60697 54600.0 1048.8746 -4130.9804 5411.8686 -3.0110725000000005 5.251818 4.592598
60697 55020.0 -281.49184 -1568.3468 6701.3467 -3.2104000999999998 6.7319781 1.4385056999999999
60697 55440.0 -1552.6868000000002 1324.173 6577.7815 -2.7344602 6.7952542000000005 -2.0167384
60697 55860.0 -2497.0667000000003 3937.8136 5066.308599999999 -1.6813389 5.4266135 -5.0529136
60697 56280.0 -2914.4157000000005 5720.2741 2482.579 -0.26857214 2.9047535 -7.0286069
60697 56700.0 -2714.2608999999998 6290.388599999999 -627.81324 1.2053361 -0.24063254 -7.5152633
60697 57120.0 -1937.8473999999999 5524.935 -3604.5108 2.4250623 -3.3386142 -6.4022716
60697 57540.0 -749.93107 3586.3340000000003 -5813.9115 3.1292214 -5.7253679 -3.9282323000000003
60697 57960.0 597.0609300000001 887.5435100000001 -6788.1189 3.1689502000000003 -6.894456900000001 -0.62357998
60697 58380.0 1817.5219 -1999.0678 -6320.3858 2.5382099 -6.6040485 2.8107581
60697 58800.0 2653.2192999999997 -4462.4564 -4510.9089 1.3693133 -4.914545 5.650585
60697 59220.0 2926.6142999999997 -5980.058 -1742.8971999999999 -0.091068322 -2.1814171 7.2919697
60697 59640.0 2579.5114 -6229.7998 1395.7716 -1.5317108000000001 1.0131654 7.3831434
60697 60060.0 1686.3555000000001 -5160.8015000000005 4238.179400000001 -2.645279 3.9865508000000003 5.9080387000000005
60697 60480.0 436.80105 -3001.4575 6183.3895999999995 -3.1978101000000003 6.1102284000000004 3.1894778
60697 60900.0 -904.81479 -209.98352 6823.1972000000005 -3.0763525 6.944175400000001 -0.19713313
60697 61320.0 -2056.0108 2625.6023999999998 6023.3355 -2.306993 6.3162814 -3.5443373
60697 61740.0 -2773.645 4907.3009 3950.3112 -1.0482072 4.3526339 -6.1508101
60697 62160.0 -2903.8097000000002 6149.313 1039.0304 0.43706038999999997 1.4603973000000001 -7.4611198000000005
60697 62580.0 -2418.3551 6087.5805 -2093.214 1.833038 -1.7495354 -7.1836848
60697 63000.0 -1419.0727 4732.4533 -4779.6553 2.8391756 -4.5862601000000005 -5.3768251000000005
60697 63420.0 -118.72187 2373.7144 -6450.3708 3.2410439 -6.4439443 -2.4312489
60697 63840.0 1206.7812 -487.70467 -6751.1988 2.9572255000000003 -6.9362674 1.0238312
60697 64260.0 2277.2134 -3246.016 -5620.9984 2.0482515 -5.9620348000000005 4.2610947999999995
60697 64680.0 2866.0204 -5317.710400000001 -3298.827 0.7048181600000001 -3.7250186 6.5975265
60697 65100.0 2848.0326 -6263.4903 -276.37165000000005 -0.7890074899999999 -0.6972924699999999 7.5348028000000005
60697 65520.0 2226.9876 -5882.9753 2804.7279 -2.1146981 2.4755591 6.8727529999999994
60697 65940.0 1134.8424 -4258.1782 5291.5752 -2.9912698 5.1193555 4.7569964
60697 66360.0 -196.66618 -1735.3485 6659.4979 -3.2353833 6.6780845 1.640536
60697 66780.0 -1486.7968 1153.023 6621.0384 -2.7978311 6.829343300000001 -1.8207768000000002
60697 67200.0 -2463.487 3798.1708 5183.394200000001 -1.7690046 5.5396457 -4.9032959
60697 67620.0 -2919.8848 5641.3457 2647.3944 -0.36182567 3.0717287 -6.954452000000001
60697 68040.0 -2756.9172000000003 6287.4881 -450.43956000000003 1.1247556 -0.052145978999999995 -7.5308945000000005
60697 68460.0 -2008.7048 5598.966200000001 -3452.4515 2.373754 -3.167297 -6.5051785
60697 68880.0 -834.27023 3722.4905 -5720.0331 3.1178137 -5.606657599999999 -4.0982496
60697 69300.0 516.95833 1057.4568000000002 -6772.929700000001 3.2008529 -6.8552006 -0.8265231300000001
60697 69720.0 1758.967 -1831.3189 -6389.7693 2.6070175 -6.653235700000001 2.6180893000000003
60697 70140.0 2628.966 -4332.696599999999 -4651.5748 1.460919 -5.0430944 5.5101073
60697 70560.0 2942.239 -5916.474099999999 -1925.7955 0.0036632244 -2.3621328 7.2353133
60697 70980.0 2631.8932000000004 -6246.2411 1209.3356 -1.4547352 0.8200602 7.4232981
60697 71400.0 1762.5698 -5249.822099999999 4088.1722000000004 -2.6050340999999997 3.8282182 6.0357494
60697 71820.0 520.9977700000001 -3144.2464 6099.8831 -3.2006096 6.0170594 3.3720658
60697 72240.0 -830.635 -374.97096999999997 6820.9498 -3.120129 6.9329445 0.0003079826
60697 72660.0 -2007.1377 2473.3354 6100.0435 -2.3814866 6.386687200000001 -3.3720055
60697 73080.0 -2759.8611 4799.327200000001 4088.1104 -1.1379021 4.4893966 -6.0368885
60697 73500.0 -2929.3752000000004 6111.1586 1209.9967 0.34926749 1.6368189 -7.4235565
60697 73920.0 -2477.6685 6127.0253 -1925.2703999999999 1.7637810999999999 -1.564853 -7.235327000000001
60697 74340.0 -1500.8085 4844.271900000001 -4651.3605 2.8037046 -4.432411500000001 -5.5118443
60697 74760.0 -206.37393 2536.6095 -6390.9397 3.2491556 -6.3580009 -2.6232588000000003
60697 75180.0 1131.7088 -306.90785999999997 -6777.0437 3.0080774999999997 -6.938977 0.81768404
60697 75600.0 2230.7678 -3085.4886 -5728.041 2.1311724 -6.0540942 4.0881377
60697 76020.0 2858.0088 -5211.608 -3463.6726000000003 0.8008881 -3.8850268999999997 6.4976875000000005
60697 76440.0 2879.308 -6232.4943 -463.84102 -0.7017410700000001 -0.8877217399999999 7.5290141
60697 76860.0 2289.5932000000003 -5930.8312000000005 2634.732 -2.0554551 2.2976543 6.9590027
60697 77280.0 1214.372 -4371.7879 5173.7057 -2.971398 4.9904285 4.9128287
60697 77700.0 -117.63849 -1888.4141000000002 6615.9383 -3.2573289 6.6218723 1.8322483999999999
60697 78120.0 -1424.912 993.44856 6658.8197 -2.8559942 6.8547995 -1.6315027
60697 78540.0 -2431.6452000000004 3665.7126000000003 5293.6684000000005 -1.8515705 5.6413034 -4.7529209
60697 78960.0 -2924.6234 5563.3955000000005 2807.4030000000002 -0.45320572 3.2318048 -6.873539
60697 79380.0 -2800.0025 6286.388 -273.71090999999996 1.0415497 0.13679041 -7.5339546
60697 79800.0 -2080.2791 5673.6276 -3297.4262000000003 2.317033 -2.987676 -6.6018934
60697 80220.0 -921.48546 3862.9069 -5621.7884 3.1005796 -5.4764321 -4.2687828
60697 80640.0 431.86109000000005 1236.7803000000001 -6756.4642 3.2281201000000004 -6.8039003000000005 -1.0380057999999999
60697 81060.0 1694.2142 -1650.0889 -6463.0807 2.6751296000000004 -6.6962895 2.4101833000000004
60697 81480.0 2599.2024 -4188.760700000001 -4802.964 1.5564156 -5.1747049 5.353802300000001
60697 81900.0 2954.8476 -5842.0829 -2125.0946000000004 0.10533093 -2.55383 7.1683427
60697 82320.0 2684.3152999999998 -6257.2465 1003.8435000000001 -1.3708161 0.61339433 7.4624183
60697 82740.0 1844.4931000000001 -5345.4449 3919.4647999999997 -2.5560494 3.6498671 6.1703463
60697 83160.0 613.83786 -3301.1042 6002.6131 -3.198384 5.9087819 3.5713278
60697 83580.0 -746.70978 -558.61 6813.2137 -3.1638136 6.915482600000001 0.21965774
60697 84000.0 -1949.5131000000001 2301.9083 6180.5362000000005 -2.4606703000000003 6.4608474 -3.1783747
60697 84420.0 -2740.1062 4675.678599999999 4237.6056 -1.2355926 4.6379873 -5.9072595
60697 84840.0 -2950.1949 6058.7901 1394.7835 0.25364329 1.8285660000000001 -7.3852824
60697 85260.0 -2534.5517999999997 6156.8273 -1744.6038999999998 1.6896958 -1.3697698 -7.2935055
60697 85680.0 -1579.6138999999998 4944.203 -4509.8252 2.7691918 -4.2795624 -5.656937
60697 86100.0 -289.64372 2682.7121 -6315.2355 3.2622101 -6.2841106 -2.8154742

