CIC_MEM_VERS = 1.0
CREATION_DATE = 2025-01-22T18:50:01.704192
ORIGINATOR = CS Group

META_START
OBJECT_NAME = PLEIADES1A
OBJECT_ID = PLEIADES1A
USER_DEFINED_PROTOCOL = NONE
USER_DEFINED_CONTENT = LLA
USER_DEFINED_SIZE = 3.0
USER_DEFINED_TYPE = REAL
USER_DEFINED_UNIT = [deg] [km]
TIME_SYSTEM = UTC
META_STOP

60697 45225.083808 56.881527826070275 87.29582871599662 712.2471811041244
60697 45675.083808 80.46538881300027 41.61263869022854 717.6772947544292
60697 46125.083808 66.42114069371041 -60.91048905894667 716.7336683451275
60697 46575.083808 40.02301548078825 -73.13224792762763 711.7433308778632
60697 47025.083808 12.97851799423317 -78.13497023247142 708.6877130349002
60697 47475.083808 -14.179399776095575 -82.08835511656413 712.4600527728775
60697 47925.083808 -41.156464525494066 -87.19225660274134 722.2222289012185
60697 48375.083808 -67.4044239803625 -100.10116148972884 730.8096214414946
60697 48825.083808 -79.9438361024792 153.72413283805543 732.2190943261404
60697 49275.083808 -56.07159292288133 112.27249792296148 724.8152915535251
60697 49725.083808 -29.341370618871654 104.61617319513846 713.3861182442864
60697 50175.083808 -2.219213423969339 100.32917986190607 705.8359813916752
60697 50625.083808 24.95480073624711 96.2024000545588 705.9950106982552
60697 51075.083808 51.85165713148952 89.5356293468896 712.1147075661012
60697 51525.083808 77.0077191402711 61.742909776357 718.3429461022679
60697 51975.083808 71.19141924875227 -55.15321996730283 718.2943649229939
60697 52425.083808 45.144289689500525 -71.70324265303607 713.2760068295842
60697 52875.083808 18.162549801221378 -77.27016230329927 708.8718201750604
60697 53325.083808 -8.99816931386583 -81.24974759450146 710.7228480156966
60697 53775.083808 -36.036104926015575 -85.91667744843832 719.5076916354672
60697 54225.083808 -62.53652572819011 -95.90546226575721 728.362610044371
60697 54675.083808 -81.82838913439339 -175.42877129294774 731.3622424779655
60697 55125.083808 -61.03715315208029 115.03354846600443 725.6215736297014
60697 55575.083808 -34.45522326801398 105.69979111336357 714.7330582704017
60697 56025.083808 -7.367779606440935 101.13563173816814 704.3235719913436
60697 56475.083808 19.831858147289108 97.12709273697884 704.5098315748124
60697 56925.083808 46.815994226572826 91.32780656084256 711.8932500708942
60697 57375.083808 72.73254231195148 72.719576377282 713.7901347588726
60697 57825.083808 75.58160469278687 -46.132174416049494 714.250948901496
60697 58275.083808 50.095849551788 -70.05786294127662 710.8447823339085
60697 58725.083808 23.151697551016284 -76.38918490115468 702.7861405481632
60697 59175.083808 -4.057145480851642 -80.46840017091613 701.6581802658471
60697 59625.083808 -31.205688551921845 -84.84876895875023 709.5232083744123
60697 60075.083808 -57.91822912554207 -93.05553741550892 722.6642994613686
60697 60525.083808 -80.9404827399721 -143.54231434204561 730.0275451421678
60697 60975.083808 -65.58998540913366 118.4859781012881 728.9915222653271
60697 61425.083808 -39.23227898966404 106.83747979253032 721.4394754650981
60697 61875.083808 -12.2379381664572 101.91764527054836 713.8811129587318
60697 62325.083808 14.89868147653965 97.96725840424746 712.3235976176353
60697 62775.083808 41.89192120312174 92.7861950030024 716.5019249354777
60697 63225.083808 68.15280128078288 79.2732456105819 721.2401158383122
60697 63675.083808 79.40231259515083 -30.033473932020947 720.7764191493733
60697 64125.083808 55.12678008116162 -67.9992284988166 713.5182763971404
60697 64575.083808 28.32098970499976 -75.41055345670333 712.3956898007539
60697 65025.083808 1.19318457959502 -79.65225763505786 707.9513893619038
60697 65475.083808 -25.948871112200173 -83.80567428671304 711.1803870776345
60697 65925.083808 -52.78279088905109 -90.65844489206874 718.5867016369142
60697 66375.083808 -77.70070206294209 -120.76532926679477 724.1759395641064
60697 66825.083808 -70.40887573609118 123.87167468837046 722.8856079830326
60697 67275.083808 -44.31855396145472 108.22381008828475 715.7108747311984
60697 67725.083808 -17.330963657706054 102.76276184366316 708.4654538598814
60697 68175.083808 9.841979959434424 98.79080926928465 708.1103906267982
60697 68625.083808 36.90825764787936 94.054346548484 711.9283076738147
60697 69075.083808 63.454702639172005 83.59650174418412 710.7856935227495
60697 69525.083808 81.6539316002189 -2.7865518044063666 716.1926664909112
60697 69975.083808 59.899980622669425 -65.49226028710373 717.3557501774419
60697 70425.083808 33.25148383202479 -74.3849626331728 715.4386449935729
60697 70875.083808 6.19567450944931 -78.86857128644871 715.9955119598226
60697 71325.083808 -20.886771417553664 -82.87962694403161 722.0880367138637
60697 71775.083808 -47.71422737836399 -88.79077407263217 731.0351698084302
60697 72225.083808 -73.38470719249496 -108.36607930970081 736.2387077178328
60697 72675.083808 -75.10467903143565 132.7706810403654 732.3393082688779
60697 73125.083808 -49.632980870218205 109.9481892982416 719.9629088787781
60697 73575.083808 -22.725925129159453 103.7048003637501 705.5688253830479
60697 74025.083808 4.48805503746553 99.63437228558837 697.7808748543296
60697 74475.083808 31.686479960833996 95.21975151671957 699.7589795853385
60697 74925.083808 58.474045858510586 86.81083027626843 707.9479941942458
60697 75375.083808 81.2156300670896 32.60260045802402 717.3290049390228
60697 75825.083808 64.85608822093855 -61.969102463586694 716.966505158312
60697 76275.083808 38.38414107398623 -73.19481737298965 712.8146122292388
60697 76725.083808 11.336776305133752 -78.04992195223595 710.7245102006809
60697 77175.083808 -15.80205581163244 -82.00629046115922 715.069118558761
60697 77625.083808 -42.745174004692494 -87.27560342908203 724.4165369812671
60697 78075.083808 -68.88249532083397 -101.40484048977427 732.4016115720234
60697 78525.083808 -78.93842449605997 147.32837369653322 732.6652263264688
60697 78975.083808 -54.527622049239 111.90811897978165 724.069045385254
60697 79425.083808 -27.752968682202663 104.65281946429214 712.0891207896002
60697 79875.083808 -0.6105472346219387 100.43063971653383 704.28590269783
60697 80325.083808 26.568722664581387 96.24833261768276 704.6055806591382
60697 80775.083808 53.44517257651022 89.23522083948886 710.9523685889977
60697 81225.083808 78.24774490136448 56.945432345617185 717.0792683869471
60697 81675.083808 69.68127885673519 -56.92262212713737 717.2509601901564
60697 82125.083808 43.50053483931134 -71.83345892449287 712.8475264930463
60697 82575.083808 16.499978397034138 -77.19925913867914 709.4822593844882
60697 83025.083808 -10.653689983690464 -81.16280670145622 712.4190169489285
60697 83475.083808 -37.66460990940464 -85.95308793128905 721.6443310232678
60697 83925.083808 -64.0852928142743 -96.72537340244976 730.4321689275769
60697 84375.083808 -81.51935539938314 173.92090280555294 732.6423572319328
60697 84825.083808 -59.489141030722415 114.44104427746426 725.8298746026248
60697 85275.083808 -32.85665906645307 105.70267660250695 714.1127007113963
60697 85725.083808 -5.754005274247548 101.23469155252818 705.0400441379151
60697 86175.083808 21.440410868263776 97.19548848250004 704.2144525421177
