CIC_MEM_VERS = 1.0
CREATION_DATE = 2025-01-22T18:50:01.946474
ORIGINATOR = CS Group

META_START
OBJECT_NAME = PLEIADES-NEO4
OBJECT_ID = PLEIADES-NEO4
USER_DEFINED_PROTOCOL = NONE
USER_DEFINED_CONTENT = LLA
USER_DEFINED_SIZE = 3.0
USER_DEFINED_TYPE = REAL
USER_DEFINED_UNIT = [deg] [km]
TIME_SYSTEM = UTC
META_STOP

60697 40721.603904 0.12085615461813612 99.54374551964429 624.0904302148883
60697 41171.603904 27.767675617560936 95.39903448706781 626.4409535189108
60697 41621.603904 55.078202301599475 88.17106358261624 633.8251438313646
60697 42071.603904 79.83960809997218 49.22145241882107 638.2186989822904
60697 42521.603904 67.46766156518963 -60.99141382055655 635.0702208031635
60697 42971.603904 40.589222045657316 -73.6243485292274 626.2351055617971
60697 43421.603904 13.036802469591871 -78.57833192909318 624.1502288783273
60697 43871.603904 -14.642421245336408 -82.47044559902736 625.5503368133833
60697 44321.603904 -42.15628013532735 -87.57599757827121 631.8057543371975
60697 44771.603904 -68.91338720406667 -101.36286391789692 638.1326589472576
60697 45221.603904 -78.80228563032092 143.80036602433424 638.1014561947029
60697 45671.603904 -53.56341625089402 110.38816029888716 630.6565290264034
60697 46121.603904 -26.193767508762505 103.51286605638661 624.3761873642796
60697 46571.603904 1.461586144755107 99.42416642831556 626.28248554519
60697 47021.603904 29.07525315437226 95.23075853519124 630.4465498129919
60697 47471.603904 56.326424107432665 87.68329984709854 637.8043940256008
60697 47921.603904 80.58458087388843 43.32727860412465 640.987332569257
60697 48371.603904 66.30269333653807 -62.0315796071825 635.963538938558
60697 48821.603904 39.36202080658385 -73.85012338549897 624.5024847292578
60697 49271.603904 11.789767467134176 -78.693351598358 623.8431013102536
60697 49721.603904 -15.881517880397974 -82.58803965744957 624.3501851007641
60697 50171.603904 -43.39238661702869 -87.82817505562338 630.6189418496288
60697 50621.603904 -70.07689467716678 -102.70295142913852 636.9881537077168
60697 51071.603904 -77.86738920649795 139.60224800127156 637.12533336529
60697 51521.603904 -52.316580867192684 109.97080881540523 630.1185334722503
60697 51971.603904 -24.906067246781188 103.35947212555402 620.3701422201161
60697 52421.603904 2.7985514816147394 99.3054108624946 617.7007978262102
60697 52871.603904 30.466603425774547 95.04205521000989 623.5268652264259
60697 53321.603904 57.7427164120711 87.07671228072005 625.875774145224
60697 53771.603904 81.34140767849492 34.77037632064849 631.1028626680319
60697 54221.603904 64.77830685206098 -63.2594129378714 629.4607439114939
60697 54671.603904 37.73380039092555 -74.15529337836747 624.014194014803
60697 55121.603904 10.130372173779552 -78.86527457577982 621.2500837607898
60697 55571.603904 -17.55549907350367 -82.77348935250818 625.9261431278869
60697 56021.603904 -45.01984204851264 -88.20126303395394 636.1531199588727
60697 56471.603904 -71.53273629129833 -104.65719130107892 644.501647345624
60697 56921.603904 -76.66293613696416 135.31983060782974 644.7541817838452
60697 57371.603904 -50.866325845233085 109.50678459089639 636.3021367866319
60697 57821.603904 -23.481484643089235 103.1870239330649 625.3111990122464
60697 58271.603904 4.198186093035697 99.17675390493977 619.5233726633234
60697 58721.603904 31.859522775902345 94.84498988741458 621.5288867357923
60697 59171.603904 59.11688777790452 86.43482598425248 627.9280977800022
60697 59621.603904 81.83313756980142 25.82335429968255 632.031682736517
60697 60071.603904 63.445856675833824 -64.20300457970502 629.7045555654217
60697 60521.603904 36.346688592663305 -74.39275754619915 623.7979157078408
60697 60971.603904 8.729915915490079 -78.99869794588693 620.882389953801
60697 61421.603904 -18.95717858245435 -82.9223020735058 625.6160268403366
60697 61871.603904 -46.40917953358521 -88.53171796275817 635.611716453816
60697 62321.603904 -72.80106749464032 -106.655658548133 643.8682211420231
60697 62771.603904 -75.49378640860826 132.01762159571226 644.0269268711326
60697 63221.603904 -49.468284398994655 109.09429615963657 635.7536942605575
60697 63671.603904 -22.059323725135062 103.02089036679844 625.308128468594
60697 64121.603904 5.620803690053784 99.04428813599523 620.4216879157746
60697 64571.603904 33.26369423960335 94.63618114188864 623.0523553255622
60697 65021.603904 60.469284702873736 85.73989636879101 629.4314470453294
60697 65471.603904 82.1002044767558 16.081852658623326 632.7474085264793
60697 65921.603904 62.114702066928025 -65.04679542045355 629.6480892054027
60697 66371.603904 34.96459908823831 -74.61676598260033 623.2279380954028
60697 66821.603904 7.332851248958696 -79.12972118327475 620.1799344934975
60697 67271.603904 -20.35689029640981 -83.07530723814946 625.0947594393928
60697 67721.603904 -47.796489341365614 -88.8853448861349 634.947086054569
60697 68171.603904 -74.04445875619312 -108.97691854005282 643.2002506923894
60697 68621.603904 -74.28206293707986 129.22207285163057 643.3640710976393
60697 69071.603904 -48.06823906226748 108.71128734890888 635.355734837043
60697 69521.603904 -20.63864363963631 102.86102304456679 625.356720417437
60697 69971.603904 7.0401310289290295 98.91196069928074 621.5391633903508
60697 70421.603904 34.6622407032834 94.41981508617643 624.7883668233673
60697 70871.603904 61.81108054694676 84.9829044795613 631.0776359067474
60697 71321.603904 82.1276723829195 6.0278847571734655 633.6795756229373
60697 71771.603904 60.786602894513635 -65.80859475648953 629.6722327427165
60697 72221.603904 33.590017414867276 -74.82924378656391 622.561917048143
60697 72671.603904 5.94297218088247 -79.25835758549235 619.2995774817581
60697 73121.603904 -21.750433686388117 -83.23146769239159 624.2939798392536
60697 73571.603904 -49.17412179354844 -89.25993010263798 634.6544394720113
60697 74021.603904 -75.24999420301799 -111.66961992091281 642.2235836415166
60697 74471.603904 -73.04070998945507 126.83850394822409 641.7841399167335
60697 74921.603904 -46.66058450678489 108.35138303396083 633.6551894121031
60697 75371.603904 -19.201277278533787 102.70336889708646 623.6950959874961
60697 75821.603904 8.492712739057922 98.77384987495614 620.6784003997634
60697 76271.603904 36.1033442601196 94.18427610186454 625.848642234603
60697 76721.603904 63.18948450097121 84.12027966596018 633.2784174147964
60697 77171.603904 81.90657327414678 -4.030451871565548 636.4520711349033
60697 77621.603904 59.43842527395589 -66.51199633843179 632.342318519107
60697 78071.603904 32.22086408061361 -75.03140248449216 624.8530667839619
60697 78521.603904 4.581042913709005 -79.38171845131907 620.9271100165853
60697 78971.603904 -23.09863110601159 -83.38399286815243 624.6783512620154
60697 79421.603904 -50.55709681583765 -89.6610009094735 624.5620914264521
60697 79871.603904 -76.51736988884196 -115.13732581680799 627.2459968681677
60697 80321.603904 -71.5778522011626 124.47990782566293 630.0347764430879
60697 80771.603904 -44.979429679088796 107.93676380764306 627.7002539340449
60697 81221.603904 -17.481070433516106 102.50677234327887 625.7524005680282
60697 81671.603904 10.171628798825466 98.6024722209379 629.4190985800645
60697 82121.603904 37.68357503354951 93.90754599017987 638.5124625725065
60697 82571.603904 64.6087207036387 83.1300689872514 646.7717351257495
60697 83021.603904 81.46491783588826 -13.116705144567549 647.352400229368
60697 83471.603904 58.15697493169661 -67.12183983081046 638.2258817482199
60697 83921.603904 30.927299487863156 -75.21172236282383 624.6285272388552
60697 84371.603904 3.2568661654231477 -79.49905042010936 614.8522794948159
60697 84821.603904 -24.486506293554804 -83.54712154267997 614.1089620286203
60697 85271.603904 -51.95926094954437 -90.0967956566343 620.7207666440734
60697 85721.603904 -77.64829656909667 -118.9957221626094 626.2699367996429
60697 86171.603904 -70.26855991913595 122.69929253770935 630.4759494310335
