CIC_MEM_VERS = 1.0
CREATION_DATE = 2025-01-22T18:50:01.658062
ORIGINATOR = CS Group

META_START
OBJECT_NAME = RED2
OBJECT_ID = RED2
USER_DEFINED_PROTOCOL = NONE
USER_DEFINED_CONTENT = LLA
USER_DEFINED_SIZE = 3.0
USER_DEFINED_TYPE = REAL
USER_DEFINED_UNIT = [deg] [km]
TIME_SYSTEM = UTC
META_STOP

60697 26378.488512 0.12118459496744954 -25.65911533970876 626.6685357534031
60697 26828.488512 27.657254382004663 -29.738448444306528 637.0786861498668
60697 27278.488512 54.846208298637556 -36.80555964119456 642.5044050737017
60697 27728.488512 79.68402922490391 -74.19069919239725 636.4892712116138
60697 28178.488512 67.79956540022778 173.9120562893787 616.8659962144798
60697 28628.488512 40.75787729532856 161.1375527995854 589.3935796084901
60697 29078.488512 12.866355502110467 156.17487825498486 565.5207124650495
60697 29528.488512 -15.282375624359803 152.2575895527177 555.4671755133587
60697 29978.488512 -43.3057683746608 147.01053506143165 561.454981888672
60697 30428.488512 -70.4443132114141 131.81563918471795 577.211169868232
60697 30878.488512 -77.36252650425106 11.894115975252074 594.0031581262394
60697 31328.488512 -51.42225270713404 -15.736064445325207 607.1347825135674
60697 31778.488512 -23.949610246430826 -22.105940288654697 617.5682967212448
60697 32228.488512 3.6730851121640717 -26.07759048043046 628.1250171908011
60697 32678.488512 31.18149656663455 -30.30758189384974 638.2328071510757
60697 33128.488512 58.28776564272147 -38.32408796763561 642.4834905121687
60697 33578.488511999996 81.57849955577494 -92.7423176192545 634.6459831546905
60697 34028.488511999996 64.43064177656082 171.01702433030883 613.4869168679364
60697 34478.488511999996 37.19683454025299 160.39537617593706 585.7587860255767
60697 34928.488511999996 9.250088266360706 155.729485557245 563.212854020877
60697 35378.488511999996 -18.90540655581335 151.7828008975182 555.3357153193463
60697 35828.488511999996 -46.879710514766984 146.08801432816716 563.1032006017105
60697 36278.488512 -73.68688803399209 126.68108379194851 579.5074042990553
60697 36728.488512 -74.3796036499519 3.6902514875332058 595.9974406498352
60697 37178.488511999996 -47.910661288212594 -16.82862180030969 608.6419638293827
60697 37628.488511999996 -20.396624262681993 -22.604599677093308 618.9390173543064
60697 38078.488511999996 7.223724884388672 -26.499188855130214 629.5241752424447
60697 38528.488511999996 34.701349494953966 -30.925822464589725 639.1753022632681
60697 38978.488511999996 61.70663975052138 -40.18525562254618 642.0862851910786
60697 39428.488511999996 82.22208795970337 -117.71201246988171 632.3805630143898
60697 39878.488512 61.005160688849905 168.77071547101042 609.8235066848224
60697 40328.488512 33.61891585628645 159.72480680964316 582.0895663815129
60697 40778.488511999996 5.623064112715439 155.29346998791473 561.1264876708592
60697 41228.488511999996 -22.532780938423514 151.28255052329015 555.5279527661378
60697 41678.488511999996 -50.44651329463848 145.02153266486812 565.0167713226319
60697 42128.488511999996 -76.74333633789254 119.1328900523602 581.9645717372528
60697 42578.488511999996 -71.1826639241267 -1.8420226189571938 598.0891953685203
60697 43028.488511999996 -44.38579974391985 -17.772249912397108 610.2350833952037
60697 43478.488512 -16.840265471785525 -23.0770522165059 620.3846841150717
60697 43928.488512 10.773505794996689 -26.928355695496013 630.9167461569926
60697 44378.488511999996 38.2161225007379 -31.605217387094317 639.9618825961123
60697 44828.488511999996 65.09259729011919 -42.526898473852384 641.4036330125218
60697 45278.488511999996 81.32537802123638 -141.94337578492105 629.8186771884223
60697 45728.488511999996 57.5399375362395 166.97381649002472 606.0044591573586
60697 46178.488511999996 30.028373045727484 159.11169006788293 578.4946689009918
60697 46628.488511999996 1.9894044814060956 154.86288399485886 559.2786223132786
60697 47078.488512 -26.160694017704216 150.75146285628048 555.965951387817
60697 47528.488512 -54.00127134212158 143.77073365369935 567.0496129273407
60697 47978.488511999996 -79.44935858753372 107.46740133718997 584.4023041917785
60697 48428.488511999996 -67.86284650909654 -5.77774493776612 600.1119019960767
60697 48878.488511999996 -40.84844875862894 -18.60218030917973 611.8133479038294
60697 49328.488511999996 -13.278769810080384 -23.530133674652593 621.879050924481
60697 49778.488511999996 14.324477349669621 -27.36939165312714 632.3261379357486
60697 50228.488511999996 41.72701619369497 -32.36019888711967 640.6426737821306
60697 50678.488512 68.43152110161736 -45.56774552059355 640.4971118051475
60697 51128.488512 79.26256004224267 -159.30029414953356 627.0249210189144
60697 51578.488511999996 54.043328196017725 165.49808527270807 602.0954889377683
60697 52028.488511999996 26.42581740107796 158.54487315311675 575.0319593605793
60697 52478.488511999996 -1.650083587864329 154.4341992132818 557.7299891965148
60697 52928.488511999996 -29.78760674437905 150.18237810234822 556.711681116034
60697 53378.488511999996 -57.538408157478024 142.27600932256317 569.262170818184
60697 53828.488511999996 -81.4625350720756 89.23383921112607 586.8686539411624
60697 54278.488512 -64.46880074965962 -8.708259516951989 602.1073747237691
60697 54728.488512 -37.30285551580674 -19.342312805293755 613.3895957612355
60697 55178.488511999996 -9.715167402873902 -23.96874255742905 623.3823152350554
60697 55628.488511999996 17.873987873960218 -27.82681023889095 633.6897050555898
60697 56078.488511999996 45.231056097899675 -33.20954237232766 641.1646316610792
60697 56528.488511999996 71.69503469127112 -49.66893266638873 639.3482195059943
60697 56978.488511999996 76.55696069564128 -170.4552879313311 624.0404662413174
60697 57428.488511999996 50.52335926670008 164.25795473112854 598.1895492633544
60697 57878.488512 22.81485626546138 158.0141786389423 571.8162404326819
60697 58328.488512 -5.291340137355381 154.0024121579876 556.5402486589771
60697 58778.488511999996 -33.40903298815473 149.56535687755436 557.7388554267962
60697 59228.488511999996 -61.04847943742037 140.44918565595128 571.5885106154805
60697 59678.488511999996 -82.22484354321384 64.17410379251776 589.2877045110432
60697 60128.488511999996 -61.02821283267743 -10.974818618261631 604.0147053937249
60697 60578.488511999996 -33.752179534908784 -20.011299593376446 614.9230039197743
60697 61028.488511999996 -6.151585083754603 -24.397736701207485 624.8799491854802
60697 61478.488512 21.41989764266707 -28.306105214409204 635.0183929100775
60697 61928.488512 48.72452652808397 -34.17889029715195 641.5825005527937
60697 62378.488511999996 74.83064721623644 -55.46019010460215 638.0860307744446
60697 62828.488511999996 73.52190001026108 -177.7371760996179 621.0498918283735
60697 63278.488511999996 46.98917162962374 163.19806546527377 594.4683028272372
60697 63728.488511999996 19.202547150801834 157.51395036316586 568.9503300208248
60697 64178.488511999996 -8.926956389481912 153.56570221870905 555.701770146642
60697 64628.488511999996 -37.01769443043807 148.8920700436773 558.9611013109017
60697 65078.488512 -64.51708235683722 138.1629799885316 573.8849202612678
60697 65528.488512 -81.40298083942561 39.34994771298102 591.505295104469
60697 65978.488512 -57.559174336511916 -12.78289939451098 605.6996008368303
60697 66428.488512 -30.199585021926186 -20.62206164240575 616.3214485580555
60697 66878.488512 -2.589806245349361 -24.819894540310617 626.3061430694491
60697 67328.488512 24.961121502254493 -28.81183399699964 636.2358532200425
60697 67778.488512 52.20529283714649 -35.301963257649945 641.7987718937768
60697 68228.488512 77.74077604160676 -64.08019131474609 636.5853142153128
60697 68678.488512 70.30545433373537 177.2655403197948 617.9030769161101
60697 69128.488512 43.43995853294817 162.27930687574894 590.7864007807096
60697 69578.488512 15.585256944018042 157.03951911609232 566.3662396280241
60697 70028.488512 -12.560271279713817 153.12051250240992 555.2886239741849
60697 70478.488512 -40.61513181253622 148.147125625579 560.561161699518
60697 70928.488512 -67.92942098860334 135.203270891528 576.3685920156183
60697 71378.488512 -79.36309343340993 21.491528287477347 593.734907993483
60697 71828.488512 -54.072624383044605 -14.257890904142222 607.3097256643894
60697 72278.488512 -26.648755212355802 -21.182217648752665 617.6093098027286
60697 72728.488512 0.9666999645579846 -25.23631642525519 627.5852288011542
60697 73178.488512 28.494704014703917 -29.348000344992208 637.2423266918863
60697 73628.488512 55.668866857033706 -36.62179286101126 641.7169284470342
60697 74078.488512 80.22259770289853 -77.4625731634844 634.7605308807744
60697 74528.488512 66.98271173300618 173.65519079115595 614.5562070597597
60697 74978.488512 39.87823891307462 161.46878018716416 587.1566719181691
60697 75428.488512 11.963666222439317 156.58377156278758 564.0669602683296
60697 75878.488512 -16.191168927543536 152.66091772570715 555.25378236168
60697 76328.488512 -44.201144500719856 147.31027875265013 562.4447119654997
60697 76778.488512 -71.26119365421349 131.21937631804482 578.9548042462909
60697 77228.488512 -76.6566612590663 10.077889848449956 595.9442614323989
60697 77678.488512 -50.57262630850591 -15.490944895322125 608.8694930229386
60697 78128.488512 -23.098682524500653 -21.703671896011905 618.8678107412359
60697 78578.488512 4.518548633597289 -25.653706315878658 628.7952356262944
60697 79028.488512 32.02022621889925 -29.926890436251284 638.0690016996248
60697 79478.488512 59.10986732872163 -38.2130706941717 641.3681411680515
60697 79928.488512 81.86991706785481 -97.84469466627691 632.6738457204647
60697 80378.488512 63.59226881499478 170.93801819071453 611.0918742008582
60697 80828.488512 36.30692978663245 160.7451717998845 583.6203301480041
60697 81278.488512 8.339820203741828 156.1411881061476 562.0221543713574
60697 81728.488512 -19.818443698489883 152.1803792780871 555.4376426032882
60697 82178.488512 -47.77491770673437 146.35493881521344 564.3461225185894
60697 82628.488512 -74.46732969096173 125.59662531849892 581.3868455374125
60697 83078.488512 -73.60914430269922 2.6658784839149297 597.950581813404
60697 83528.488512 -47.057351755449304 -16.544281318662158 610.299414205468
60697 83978.488512 -19.543672316025514 -22.19597321622333 620.1085373010068
60697 84428.488512 8.071313082881604 -26.07743219048555 630.0424499446251
60697 84878.488512 35.54213519275207 -30.559727355969464 638.8674448083486
60697 85328.488512 62.52537946426292 -40.17797160703128 640.8690675276615
60697 85778.488512 82.13963446678147 -123.5208805551421 630.3899336221608
60697 86228.488512 60.15307222511431 168.81576508771067 607.5164543907665
