CIC_MEM_VERS = 1.0
CREATION_DATE = 2025-01-22T18:50:01.846024
ORIGINATOR = CS Group

META_START
OBJECT_NAME = Sat
OBJECT_ID = Sat
USER_DEFINED_PROTOCOL = NONE
USER_DEFINED_CONTENT = LLA
USER_DEFINED_SIZE = 3.0
USER_DEFINED_TYPE = REAL
USER_DEFINED_UNIT = [deg] [km]
TIME_SYSTEM = UTC
META_STOP

60697 42515.830368 0.12318112425991048 -66.15913080629429 498.9109004405398
60697 42965.830368 28.5507365207728 -70.27991675099528 505.1019935665654
60697 43415.830368 56.618760681767455 -77.75620320802575 508.529458684866
60697 43865.830368 81.3671770440037 -127.10913369720853 514.1339388260456
60697 44315.830368 64.684888148658 130.1785990328495 513.2410631360749
60697 44765.830368 36.88414959879593 119.60114173434172 508.3505706945979
60697 45215.830368 8.551139814224687 115.0327638934639 506.2680990933937
60697 45665.830368 -19.844891602170897 111.14768895926373 511.58284544763274
60697 46115.830368 -47.99024287542258 105.4228928167323 521.5056382347075
60697 46565.830368 -74.90518552116751 84.4162662306714 529.2524991272003
60697 47015.830368 -73.08521384755713 -40.20220973866618 527.8276205479789
60697 47465.830368 -45.92917111470935 -58.201025545458016 517.7555535480133
60697 47915.830368 -17.71680394398703 -63.64753970334836 506.3675348752889
60697 48365.830368 10.723609834212462 -67.51372029814628 501.3994040886889
60697 48815.830368 39.074246126589884 -72.25561439014274 505.013961052989
60697 49265.830368 66.80171891846386 -84.10706931940531 511.70571326779935
60697 49715.830368 80.10032926513801 163.4607671679674 514.4614774962387
60697 50165.830368 54.44841614101755 124.65183066331451 511.05959966866124
60697 50615.830368 26.34314932944629 117.72122917465792 506.07808455390807
60697 51065.830368 -2.057557070404371 113.68439740884246 506.4419849932199
60697 51515.830368 -30.40306573718865 109.49557987203363 514.2900872319831
60697 51965.830368 -58.33448841702143 101.53965243473827 524.5796556400761
60697 52415.830368 -82.0268000166851 42.574864550428074 529.6911628026512
60697 52865.830368 -63.2271031002974 -50.76622657421655 524.9272262913023
60697 53315.830368 -35.44172025534396 -60.593535289181034 513.6195306917684
60697 53765.830368 -7.105505407251883 -65.06165223178668 502.28685699635747
60697 54215.830368 21.34713135189567 -68.97843475755317 501.28930704114146
60697 54665.830368 49.56945263383973 -74.9628061803247 507.72406700325485
60697 55115.830368 76.36288817127173 -99.16450501317223 515.4088213554861
60697 55565.830368 71.43962018302663 137.29687023760636 516.2943072520683
60697 56015.830368 44.05571785417402 121.39500803067155 511.4882116291398
60697 56465.830368 15.805367048167497 116.1749694053334 507.23456602775536
60697 56915.830368 -12.600096217617999 112.32722982820388 509.6560475080063
60697 57365.830368 -40.84709955694971 107.44353517297891 518.0256530459212
60697 57815.830368 -68.37580380717547 94.4781921855374 526.223181406031
60697 58265.830368 -79.02717161674485 -22.758945061395117 526.8063748236661
60697 58715.830368 -52.996330485334255 -55.80801161584738 518.4075014192161
60697 59165.830368 -24.897997383769937 -62.413599437794026 507.6616412979591
60697 59615.830368 3.5159225793975653 -66.4070036767977 502.254183746085
60697 60065.830368 31.912010231868347 -70.67516739725336 505.2120214917751
60697 60515.830368 59.88817881429854 -79.15807199412991 512.6593673558067
60697 60965.830368 82.39475561145623 -149.64402275717882 516.8489786001957
60697 61415.830368 61.49418968981995 128.22688110665516 514.2287446020307
60697 61865.830368 33.582587265430156 119.1426110599067 508.0193391856479
60697 62315.830368 5.221731836991653 114.7877075505261 505.37686342984625
60697 62765.830368 -23.175977991475687 110.84150573280857 510.51461826387305
60697 63215.830368 -51.29699323209776 104.57035313542353 518.3742007121053
60697 63665.830368 -77.71870866388936 76.54900313066022 525.9483269642878
60697 64115.830368 -69.9767039737204 -44.53016477887526 524.8482969552867
60697 64565.830368 -42.53621121324694 -58.886112327079736 516.2349450808841
60697 65015.830368 -14.29003628144134 -63.9370002062517 508.0350297132985
60697 65465.830368 14.12933209898662 -67.78282218501752 505.8425789713285
60697 65915.830368 42.40130555055061 -72.82303894950944 511.83490269321817
60697 66365.830368 69.89225421055887 -87.10896710236887 518.5259663769505
60697 66815.830368 77.74816116748826 151.8141478011938 519.273308407616
60697 67265.830368 51.28381952400869 123.68105352244125 512.9112830027105
60697 67715.830368 23.1230043147085 117.40619213022046 505.03436696539154
60697 68165.830368 -5.303355722643095 113.45734758924318 503.71432536884356
60697 68615.830368 -33.665607553081564 109.09756278561693 507.9287742825057
60697 69065.830368 -61.57648791169101 99.98037728810469 505.82930916296795
60697 69515.830368 -82.37739315009763 16.760900519966718 509.80832309688105
60697 69965.830368 -59.71970764224498 -52.67758354386714 510.44680571318145
60697 70415.830368 -31.73171077772742 -61.10213554000223 503.6177582426847
60697 70865.830368 -3.3209439972737926 -65.362685461798 500.56726344327956
60697 71315.830368 25.107017575830717 -69.36375513377585 506.7739189111216
60697 71765.830368 53.21057835468389 -76.01537154357828 518.524984262548
60697 72215.830368 79.18840200432582 -109.81034256227669 525.4325602269681
60697 72665.830368 68.1506901129806 133.54583475336636 523.6621936082428
60697 73115.830368 40.58577052569469 120.75075514959596 514.9181830858471
60697 73565.830368 12.313091175679657 115.8875634997299 508.24483228395354
60697 74015.830368 -16.090427254722982 112.03856350822673 504.80126506450654
60697 74465.830368 -44.35401387070684 106.78169360911009 508.1406725802127
60697 74915.830368 -71.74839176392142 90.50994857260748 507.1442824240522
60697 75365.830368 -76.0306642124068 -33.503929368602506 504.56687230949456
60697 75815.830368 -49.107917663140164 -56.92894688477961 500.0364978113608
60697 76265.830368 -20.826811759156264 -62.845915369019124 496.4406812898145
60697 76715.830368 7.651476853362827 -66.75641975239463 501.44854455631713
60697 77165.830368 35.981981402918365 -71.25982790939759 515.038389053526
60697 77615.830368 63.72384275167676 -81.32062632086182 529.9548446835241
60697 78065.830368 81.86741867209508 -177.45210228398466 537.1582089321795
60697 78515.830368 57.944852955665304 126.52481032555423 532.7276989957562
60697 78965.830368 30.067263752236656 118.69884354809415 520.8772551447079
60697 79415.830368 1.7602938624821198 114.53032524225213 509.92572128923285
60697 79865.830368 -26.62527150366267 110.4860039856057 505.85529344399185
60697 80315.830368 -54.742482840038775 103.48346712059417 507.19606721651184
60697 80765.830368 -80.3190873124644 63.21675883292086 507.82896824092137
60697 81215.830368 -66.4173929118828 -47.97726273196658 504.0072400687745
60697 81665.830368 -38.615742209907886 -59.58964107088361 498.64917088875046
60697 82115.830368 -10.219234908182 -64.2997282026339 497.77931199032014
60697 82565.830368 18.236799475325956 -68.17285649514486 506.36095347489083
60697 83015.830368 46.419672697335805 -73.67983747596223 521.5475177644236
60697 83465.830368 73.49115323349722 -92.26709777989169 534.0662568741024
60697 83915.830368 74.55876191144043 143.07743622846283 536.4331291463142
60697 84365.830368 47.65263967536594 122.7307675156274 527.9519645162411
60697 84815.830368 19.547921970071194 117.06211137758496 515.3067052433648
60697 85265.830368 -8.828973211885138 113.18384880514087 506.73552247459486
60697 85715.830368 -37.17028921757322 108.59328071333445 505.46599150293133
60697 86165.830368 -64.99428206212175 97.83871786926092 507.66296046559336
