CIC_OEM_VERS = 2.0
CREATION_DATE = 2024-12-09T22:46:14.419224
ORIGINATOR = ISAE-SUPAERO


META_START
OBJECT_NAME = PLEIADES1B
OBJECT_ID = PLEIADES1B
CENTER_NAME = Earth
REF_FRAME = EME2000
TIME_SYSTEM = UTC
START_TIME = 2024-12-09T12:06:06.935
USEABLE_START_TIME = 2024-12-09T12:06:06.935
USEABLE_STOP_TIME = 2024-12-09T23:59:26.935
STOP_TIME = 2024-12-09T23:59:26.935
INTERPOLATION = lagrange
INTERPOLATION_DEGREE = 5
META_STOP


60653 43566.935 3912.0911 5896.0312 14.669137000000001 0.88086386 -0.6041265 7.429090100000001
60653 43966.935 3906.4817000000003 5137.8509 2896.4393999999998 -0.9074933 -3.1280686 6.761750500000001
60653 44366.935 3207.7837000000004 3468.1066 5262.9259 -2.5329493000000003 -5.0944249 4.8926731
60653 44766.935 1940.6166 1183.7188 6694.4762 -3.7074325 -6.155640900000001 2.1577938
60653 45166.935 329.92091 -1310.2321000000002 6938.0506 -4.2250855000000005 -6.1267979 -0.95836725
60653 45566.935 -1339.1431000000002 -3572.1436000000003 5950.1324 -3.9947046999999998 -5.0124395999999996 -3.9075254
60653 45966.935 -2771.1663 -5201.3845 3904.8552000000004 -3.0541413 -3.0054121 -6.1663153
60653 46366.935 -3710.2722000000003 -5905.8772 1164.8531 -1.5693904 -0.4613078 -7.3297685
60653 46766.935 -3989.3027 -5559.6286 -1783.2309 0.19531604 2.1664741 -7.1876359
60653 47166.935 -3558.4094 -4224.0408 -4413.0542000000005 1.9234563 4.4069068 -5.7664415
60653 47566.935 -2494.62 -2136.7545 -6257.5368 3.3081068 5.8627668 -3.3221536
60653 47966.935 -989.66663 328.01157 -6991.0478 4.1032698000000005 6.2756127 -0.29099518999999996
60653 48366.935 690.52612 2734.7617999999998 -6483.7934000000005 4.1715157 5.577439099999999 2.7889292
60653 48766.935 2248.472 4657.425 -4825.9962000000005 3.501074 3.8911827 5.3756444000000005
60653 49166.935 3407.9645 5754.8087000000005 -2310.9581000000003 2.2088977 1.5126869 7.0102427
60653 49566.935 3962.7294 5831.0735 615.1454100000001 0.52334972 -1.1367718 7.3991875
60653 49966.935 3812.0219 4869.125599999999 3432.0033 -1.254675 -3.5847949 6.4751108
60653 50366.935 2986.3171 3045.0545 5639.4925 -2.8089433 -5.3943233 4.3966234
60653 50766.935 1631.6390000000001 681.73202 6845.1279 -3.8623712 -6.2444855 1.5414748999999999
60653 51166.935 -11.824804 -1802.2981000000002 6836.3374 -4.2315439 -5.9891663 -1.5847315000000002
60653 51566.935 -1653.1444 -3967.337 5614.6723 -3.8516682 -4.6731029 -4.4322141
60653 51966.935 -3001.3977999999997 -5429.2173 3395.5368 -2.7876950000000003 -2.5254101 -6.4967902
60653 52366.935 -3816.3071 -5926.728400000001 572.87476 -1.2272702 0.073764274 -7.4077267
60653 52766.935 -3953.3636 -5371.2807999999995 -2352.7326000000003 0.55258827 2.6619102 -6.998825
60653 53166.935 -3387.8022 -3861.1902999999998 -4859.165900000001 2.2319286000000003 4.7739689 -5.3449116000000005
60653 53566.935 -2221.2506000000003 -1666.07 -6501.6269 3.512572 6.035981700000001 -2.74446
60653 53966.935 -661.33934 824.12321 -6989.942900000001 4.1697500000000005 6.2279363000000005 0.33926551
60653 54366.935 1015.5988000000001 3168.4625 -6238.1998 4.0889863 5.3175752 3.3632545
60653 54766.935 2512.5872999999997 4951.5093 -4378.8011 3.2831637000000002 3.4630594 5.7942854
60653 55166.935 3563.5744 5855.5521 -1739.8116000000002 1.8926348000000002 0.9897979100000001 7.1987599
60653 55566.935 3981.237 5719.108 1208.6865 0.16405081000000002 -1.6619023 7.3207253
60653 55966.935 3690.8787 4565.6828 3941.4922 -1.59213 -4.016218100000001 6.1394132
60653 56366.935 2745.0066 2601.1656000000003 5973.374900000001 -3.0633783 -5.6547851 3.8678433
60653 56766.935 1312.9712 176.06645 6944.2214 -3.9889728 -6.288341900000001 0.91394892
60653 57166.935 -351.44056 -2280.25 6683.0445 -4.208101800000001 -5.808793 -2.2002127000000002
60653 57566.935 -1953.5754 -4332.909900000001 5235.9969 -3.6820975 -4.299957 -4.926643200000001
60653 57966.935 -3209.3740000000003 -5617.5025000000005 2858.5622000000003 -2.501821 -2.0253149 -6.7816892
60653 58366.935 -3895.0305000000003 -5904.1245 -28.071989000000002 -0.8751882900000001 0.61278625 -7.4318381
60653 58766.935 -3888.5307000000003 -5141.6530999999995 -2909.4249 0.90698546 3.1418676000000003 -6.7575214
60653 59166.935 -3191.2028 -3465.6603 -5272.8772 2.52577 5.1100311000000005 -4.8821682
60653 59566.935 -1928.1829 -1175.3258999999998 -6699.2662 3.6940408000000002 6.169153100000001 -2.1430694
60653 59966.935 -323.78981 1323.124 -6936.743 4.207417400000001 6.135473 0.97340777
60653 60366.935 1337.8924 3587.358 -5943.4184000000005 3.9761166 5.0153821 3.9189664
60653 60766.935 2762.4397000000004 5215.8038 -3894.2757 3.0390091000000004 3.0034706 6.1729491
60653 61166.935 3696.259 5917.7155 -1151.7218 1.5600733 0.45398014000000003 7.3317385999999996
60653 61566.935 3972.9990000000003 5567.6878 1795.9547 -0.19732624 -2.1778235 7.183673700000001
60653 61966.935 3543.7552 4228.361400000001 4423.5072 -1.9173771 -4.4193826 5.7564429
60653 62366.935 2485.3602 2138.1736 6264.2807 -3.2942526 -5.873452599999999 3.309484
60653 62766.935 986.8149300000001 -330.73469 6992.938099999999 -4.0857909 -6.285597 0.27946587
60653 63166.935 -686.30722 -2741.1537000000003 6481.282099999999 -4.154212 -5.5854643 -2.7994858
60653 63566.935 -2237.8563 -4666.2307 4819.4171 -3.4867774 -3.8948162 -5.3853517
60653 63966.935 -3392.6502 -5763.9664 2300.7154 -2.1989897999999997 -1.5093929000000001 -7.0177164
60653 64366.935 -3944.5948 -5837.582 -627.5432 -0.51890062 1.1470961 -7.401815200000001
60653 64766.935 -3795.5075 -4873.8133 -3443.7518 1.2528904 3.5990578 -6.4674462
60653 65166.935 -2972.3935 -3044.4218 -5647.237 2.7996791 5.4088484 -4.3845897
60653 65566.935 -1622.5452 -675.51472 -6847.4887 3.847881 6.257471 -1.5269314
60653 65966.935 14.511634 1812.9959 -6832.7251 4.2144733 5.9982009 1.5996826000000002
60653 66366.935 1648.9668000000001 3980.5087000000003 -5605.375599999999 3.8348941 4.6761803 4.445257300000001
60653 66766.935 2991.1375000000003 5442.4139000000005 -3381.8039 2.7738174 2.5214825000000003 6.5052750999999995
60653 67166.935 3801.8342000000002 5937.3729 -556.18761 1.218076 -0.08475089 7.4093248
60653 67566.935 3936.616 5376.7168 2368.5527 -0.55462348 -2.6766121 6.9929198
60653 67966.935 3370.9107000000004 3859.117 4871.3776 -2.2271077 -4.7908926 5.3329213
60653 68366.935 2207.605 1657.4428 6507.9463 -3.5011489 -6.0509517 2.7274799
60653 68766.935 653.3156700000001 -837.82649 6989.0127999999995 -4.153446 -6.237921 -0.35791921000000004
60653 69166.935 -1016.5742 -3184.8282999999997 6230.1207 -4.0705986 -5.3207372 -3.3797066
60653 69566.935 -2506.3684 -4967.7186 4365.1535 -3.2661569 -3.4591844000000003 -5.8052307
60653 69966.935 -3551.5535 -5869.3494 1723.7853 -1.8803768 -0.98016186 -7.201652500000001
60653 70366.935 -3965.7092000000002 -5728.1763 -1224.4145 -0.1593191 1.6751301 -7.3163592
60653 70766.935 -3674.6848 -4568.3095 -3954.7017 1.5891339 4.0317445 -6.1291666
60653 71166.935 -2731.8954 -2598.2028999999998 -5981.6275000000005 3.052795 5.6691344 -3.8534481
60653 71566.935 -1305.2 -167.86085 -6946.3297999999995 3.9733251000000003 6.2998941 -0.89804912
60653 71966.935 352.44969000000003 2292.2207000000003 -6678.8882 4.1904828 5.8157916 2.2152906
60653 72366.935 1947.6646 4346.5099 -5226.299400000001 3.6655960000000003 4.300908499999999 4.9389351
60653 72766.935 3197.6173 5630.285 -2844.8525 2.4889432 2.0194779 6.7890057
60653 73166.935 3879.4383 5913.759099999999 43.078606 0.86834848 -0.62404819 7.432142600000001
60653 73566.935 3871.6599 5146.0185 2923.2527999999998 -0.90667651 -3.1568034 6.7510175
60653 73966.935 3175.9234 3463.803 5282.885700000001 -2.5182916 -5.125833 4.8699596000000005
60653 74366.935 1917.1322 1167.4553 6703.5793 -3.6806668 -6.1829277000000005 2.1272324
60653 74766.935 318.90518 -1335.6506000000002 6934.455599999999 -4.1904069 -6.144597300000001 -0.9900490700000001
60653 75166.935 -1335.7350000000001 -3602.3048 5934.846500000001 -3.9584488 -5.0181867 -3.933241
60653 75566.935 -2753.6137000000003 -5230.5162 3880.9237000000003 -3.0238465000000003 -2.9995277000000002 -6.1821916
60653 75966.935 -3682.3636 -5929.6071 1135.8645000000001 -1.5501405 -0.44395127 -7.3343479
60653 76366.935 -3956.5027999999998 -5574.642 -1811.4176000000002 0.20021576 2.1921293 -7.1790943
60653 76766.935 -3527.8447 -4229.4978 -4435.8387 1.9124639 4.4349953 -5.7454225
60653 77166.935 -2472.8583 -2133.2685 -6271.3262 3.2825328 5.887815499999999 -3.2944812000000003
60653 77566.935 -980.00049 340.75191 -6993.6375 4.0695386 6.2964603 -0.26319534
60653 77966.935 686.21929 2754.5182000000004 -6475.6493 4.1364763 5.5910831 2.8144833
60653 78366.935 2230.8842000000004 4680.5782 -4808.428400000001 3.4705827 3.8939912 5.3967565
60653 78766.935 3380.0251000000003 5776.6815 -2286.044 2.187199 1.5021867 7.0234597
60653 79166.935 3928.4967 5846.3498 643.05586 0.5134184 -1.1596847000000001 7.4005796
60653 79566.935 3778.6115 4876.7741 3457.3282000000004 -1.2511060999999999 -3.6147924 6.459471400000001
60653 79966.935 2957.5955 3040.8838 5656.4353 -2.7909414999999997 -5.4248413 4.37108
60653 80366.935 1612.4116000000001 666.0401899999999 6850.532200000001 -3.8336188000000004 -6.2706677 1.5101266
60653 80766.935 -18.217383 -1826.7435 6828.8959 -4.1970585 -6.0060301 -1.6166753
60653 81166.935 -1645.5753 -3996.0633 5595.2604 -3.8173565 -4.6772599 -4.4591859000000005
60653 81566.935 -2981.2177 -5456.9804 3367.1732 -2.7593433000000003 -2.5157463 -6.5135604
60653 81966.935 -3787.166 -5948.393599999999 539.5817900000001 -1.2092455 0.096308073 -7.4105623
60653 82366.935 -3919.8435 -5382.3077 -2384.1735 0.5562285 2.6918843000000003 -6.9867508
60653 82766.935 -3355.1009 -3858.4269 -4883.2515 2.2210373 4.8068999 -5.3205275
60653 83166.935 -2195.6223999999997 -1650.6987 -6514.0423 3.4884995 6.0649522 -2.7113919
60653 83566.935 -647.32449 849.39734 -6988.420700000001 4.1366163 6.2477383 0.37478953000000004
60653 83966.935 1015.5038000000001 3199.2110000000002 -6223.0797 4.0526482999999995 5.3247602 3.3946473999999998
60653 84366.935 2498.4214 4982.393599999999 -4352.942 3.2502466 3.4565904 5.8157763000000005
60653 84766.935 3538.1175000000003 5881.6544 -1708.4217 1.869259 0.97124555 7.206044299999999
60653 85166.935 3949.1396 5735.920099999999 1240.1245000000001 0.15481813 -1.6889317000000001 7.3135618000000004
60653 85566.935 3658.2037000000005 4570.592900000001 3967.8605000000002 -1.5859379 -4.0474379 6.119262300000001
60653 85966.935 2718.2038 2594.3233 5989.8342999999995 -3.0425277 -5.6841927 3.838928
60653 86366.935 1296.7078000000001 158.49453 6948.197 -3.9579976 -6.3118639000000005 0.88130955

