CIC_AEM_VERS = 1.0
CREATION_DATE = 2024-12-09T22:46:14.742Z
ORIGINATOR = CS Group

META_START
OBJECT_NAME = RED1
OBJECT_ID = RED1
CENTER_NAME = null
REF_FRAME_A = EME2000
REF_FRAME_B = SC_BODY_1
ATTITUDE_DIR = A2B
TIME_SYSTEM = UTC
START_TIME = 2024-12-09T02:57:28.60992
STOP_TIME = 2024-12-09T23:59:60.0
ATTITUDE_TYPE = QUATERNION
QUATERNION_TYPE = LAST
META_STOP

60653 10648.609919999999 -0.6195272860083955 0.4290233325575107 0.37309530093038057 -0.5412252936033092
60653 11048.60992 -0.5114637742220696 0.5534428614081787 0.24651363665656986 -0.6093741328258003
60653 11448.60992 -0.3791918589459502 0.6512661334228325 0.10835726157737174 -0.6483245031842009
60653 11848.60992 -0.22937534176570196 0.7178807560130857 -0.03450265527790133 -0.6563868824974508
60653 12248.60992 -0.06939913392695934 0.7504349580063777 -0.1751440068146704 -0.6335264089910198
60653 12648.60992 0.0931308453344331 0.7478428569720416 -0.3070053757264429 -0.5812102942982463
60653 13048.609919999999 0.2507687026198399 0.7106472070291538 -0.42416193468208446 -0.5021775165165965
60653 13448.609919999999 -0.3964952758450385 -0.6408371225409146 0.521489612886774 0.4002097728157698
60653 13848.609919999999 -0.523905692849388 -0.541673973890895 0.5947673655457256 0.2799355495306843
60653 14248.609919999999 -0.6273578493129465 -0.41754352920466226 0.6407552530230448 0.1466705009472715
60653 14648.60992 -0.7021142883836842 -0.27384506954723153 0.6572707852547808 0.006286396639463159
60653 15048.60992 -0.7445168611043808 -0.1168871666386055 0.6432940207211748 -0.13492530048461518
60653 15448.60992 -0.7522035320213685 0.04624099529181865 0.5990983068257464 -0.2704308331672334
60653 15848.60992 -0.7243584893242875 0.20787895455321834 0.5263866841953758 -0.3937107795063465
60653 16248.60992 -0.6619481195150845 0.36014166305660794 0.4283776672571709 -0.4986133209176911
60653 16648.60992 -0.5678324788979476 0.49542381672829683 0.3097439205377187 -0.5798105047486655
60653 17048.60992 -0.44666687351509843 0.6069581089415472 0.17637101870502525 -0.6332328338417864
60653 17448.60992 -0.3045725457526302 0.6893345576995732 0.03493043844929842 -0.656378927453217
60653 17848.60992 -0.1486388731123088 0.7388310775595105 -0.1076340649191243 -0.6484211843401951
60653 18248.60992 0.013578378991862603 0.7535028560948148 -0.24453948384012195 -0.6101225404163633
60653 18648.60992 0.17451944169011438 0.7331139717045451 -0.3695260652413311 -0.5436334758557626
60653 19048.60992 0.3269299015267806 0.6789652141031488 -0.4770620873758143 -0.45225528445136565
60653 19448.60992 -0.464082455674121 -0.5937134710677834 0.562474375396556 0.3402269325470513
60653 19848.60992 -0.5799407994644205 -0.4812093205129656 0.6220361884609625 0.21254938064594947
60653 20248.60992 -0.6693003794054075 -0.3463663369724851 0.6530432287548962 0.07484586907385539
60653 20648.60992 -0.7279485076337244 -0.1950625608383537 0.6538981326038154 -0.06677424481235349
60653 21048.60992 -0.7528587555491348 -0.0340280631511769 0.6242308667731571 -0.20586794330060337
60653 21448.60992 -0.7424268687114208 0.12932304468968883 0.5650364856684189 -0.3358744774332015
60653 21848.60992 -0.6967240942580578 0.28715493694211214 0.47879987547485464 -0.4504089896031432
60653 22248.60992 -0.6176806233221213 0.43166362880235176 0.36950535367524373 -0.5436938042197229
60653 22648.60992 -0.5091006531407907 0.555601853987558 0.24249288455151502 -0.610999431881155
60653 23048.60992 -0.3764405940395484 0.6528431302219109 0.10411037514933748 -0.6490372533741596
60653 23448.60992 -0.22638019032051854 0.7188141834883244 -0.03877194040048212 -0.6561668352515545
60653 23848.60992 -0.06630678839858586 0.7506979389387113 -0.17924084508257015 -0.6323991885980896
60653 24248.60992 0.09617973873180086 0.7474380471159295 -0.31075138003103214 -0.5792403675416771
60653 24648.60992 0.25364624998172497 0.7096036643002153 -0.4273938516155691 -0.4994604239408008
60653 25048.60992 -0.39908491743791036 -0.6392060168257877 0.5240651249631717 0.39686602465394066
60653 25448.60992 -0.526097024509644 -0.5395222178507606 0.5965740629116714 0.2761106385283922
60653 25848.60992 -0.6290510017145448 -0.4149577804736829 0.6417084966083052 0.14253098977763112
60653 26248.60992 -0.7032245600509325 -0.27093311038638207 0.6573175800422282 0.002016632083948199
60653 26648.60992 -0.7449803017338237 -0.11377712612080017 0.6424193389137747 -0.13912767010864976
60653 27048.60992 -0.7519843760653951 0.049403033550226176 0.5973304275901599 -0.27436326048603976
60653 27448.60992 -0.7234572545916618 0.21093492485973275 0.5238021921532907 -0.3971741705455196
60653 27848.60992 -0.6604048742770212 0.3629307677833231 0.4251024896724781 -0.5014324810995197
60653 28248.60992 -0.565726344367426 0.49779734786113966 0.30594763460330593 -0.5818483897302854
60653 28648.60992 -0.4441173078127692 0.6088003072716441 0.17224658064845597 -0.6343919279294187
60653 29048.60992 -0.30172046138580727 0.6905660126807149 0.030682855073713065 -0.6566139716118745
60653 29448.60992 -0.14562986461844724 0.7394098481476409 -0.11179982422989276 -0.6477390047663183
60653 29848.60992 0.016602445827145693 0.753421647022972 -0.24843293505446384 -0.6085731323103031
60653 30248.60992 0.17742855152008477 0.7323947407797307 -0.3729745169230621 -0.541301267788728
60653 30648.60992 -0.3296056480618156 -0.6776508395585744 0.47991960087406205 0.44925119154899384
60653 31048.60992 -0.4664149281249117 -0.5918612525934704 0.5646242995337489 0.33668497572173434
60653 31448.60992 -0.5818316579820656 -0.47889317759949235 0.6233860209699235 0.20862194294413927
60653 31848.60992 -0.6706635267328933 -0.3436786915046766 0.6535264183337915 0.07070085894554066
60653 32248.60992 -0.7287122010943731 -0.19211516939531978 0.6534798122667814 -0.07095367942660591
60653 32648.60992 -0.7529719437838442 -0.03095159748174511 0.6229146138362344 -0.20988719436154843
60653 33048.60992 -0.7418681992773745 0.13238237520654245 0.5628701692504442 -0.33953446688605315
60653 33448.60992 -0.6955103940625421 0.29004154332308135 0.47587954825763834 -0.4535194047092565
60653 33848.60992 -0.6158703043971511 0.4342236778847084 0.36597474467358515 -0.5460916150126659
60653 34248.60992 -0.5067908694153321 0.5577004445666514 0.2385336401264758 -0.6125642262942101
60653 34648.60992 -0.37375882575120223 0.6543786067797149 0.09992511760980984 -0.649698353109185
60653 35048.60992 -0.22346777062623574 0.7197229755338639 -0.04297329864991863 -0.6559072263538238
60653 35448.60992 -0.06330637015761037 0.7509546245272922 -0.1832561917830439 -0.6312500483736357
60653 35848.60992 0.09913515480678876 0.7470507431144043 -0.3143959816799654 -0.5772716648140122
60653 36248.60992 0.25643079867798596 0.7086026721023757 -0.43051505590279093 -0.4967718643600501
60653 36648.60992 -0.4015833276974106 -0.6376388832276987 0.5265372385635694 0.39358102331979644
60653 37048.60992 -0.5282084846235827 -0.537455518308832 0.5982910762897813 0.27236951122153574
60653 37448.60992 -0.6306843687607029 -0.41247343941943687 0.6425907670314132 0.13849185860690136
60653 37848.60992 -0.7042997105908906 -0.2681305094500828 0.6573152565970466 -0.002144996127197832
60653 38248.60992 -0.7454338474180191 -0.11077538865878618 0.6415173365608019 -0.14322255158667893
60653 38648.60992 -0.7517775162983144 0.052465930509058796 0.5955544367762318 -0.27819562354627664
60653 39048.60992 -0.7225844702134536 0.21390637774761637 0.5212246703054966 -0.40055035642246395
60653 39448.60992 -0.658901942168762 0.3656571651304981 0.42184245253380187 -0.5041745862647466
60653 39848.60992 -0.5636712462897688 0.5001365505487412 0.3021653577643863 -0.5838101176568162
60653 40248.60992 -0.44161639899705474 0.6106316678399271 0.1681362607221011 -0.6354794412082052
60653 40648.60992 -0.2989043421806831 0.6918035500209552 0.02645202234526405 -0.656783322655031
60653 41048.60992 -0.14264003911921794 0.7400052122400748 -0.11594562849851447 -0.6469951439768883
60653 41448.60992 0.019628199965093743 0.753361614006686 -0.2522985626149261 -0.6069649475956693
60653 41848.60992 0.1803560662722101 0.7316932927635199 -0.37639102053156526 -0.5389122510640288
60653 42248.60992 -0.33230999318458243 -0.6763451665649232 0.48274124462498297 0.4461929793619028
60653 42648.60992 -0.46878355915991227 -0.5900093148792694 0.5667281179719028 0.3330919142175098
60653 43048.60992 -0.5837610247810825 -0.47656954016439373 0.6246782397981049 0.20465003312186453
60653 43448.60992 -0.6720630001124612 -0.3409777621724596 0.6539419923632632 0.06652338090976263
60653 43848.60992 -0.7295076511101686 -0.18915132421153225 0.6529877086714436 -0.0751492903809897
60653 44248.60992 -0.7531119134822216 -0.027858287616424445 0.6215230110979759 -0.21390537220446929
60653 44648.60992 -0.7413310419006549 0.13545607712820995 0.5606318537248334 -0.34317905249677316
60653 45048.60992 -0.6943122160649214 0.2929406196299075 0.47289419933503124 -0.456604222745633
60653 45448.60992 -0.6140675170056521 0.43679858603660665 0.3623857357809631 -0.5484566147813557
60653 45848.60992 -0.5044756680296406 0.5598184358893333 0.23452064013269452 -0.6140909448576973
60653 46248.60992 -0.37105202014878386 0.6559361935348424 0.09568956102292966 -0.6503165508164215
60653 46648.60992 -0.22050712136766457 0.7206522947380692 -0.04722512935887791 -0.6555964205759046
60653 47048.60992 -0.06023357327561293 0.7512228556028767 -0.1873221659654065 -0.6300369386062531
60653 47448.60992 0.10217938117513643 0.7466558502211349 -0.3180946197679966 -0.5752218948091893
60653 47848.60992 0.25931446545976755 0.7075694221840838 -0.43368416731342874 -0.4939833639051568
60653 48248.60992 -0.404183575874332 -0.6360141820704789 0.5290387709653283 0.3901789025743865
60653 48648.60992 -0.5304124148789123 -0.535307169294656 0.6000130513254277 0.2685018489381639
60653 49048.60992 -0.6323912109683967 -0.4098895154606424 0.6434502523332741 0.13432689297981465
60653 49448.60992 -0.7054235527332671 -0.2652189505085041 0.6572634855667173 -0.006421065412588514
60653 49848.60992 -0.7459102061408764 -0.10766528896248566 0.6405429999826734 -0.14741375478800034
60653 50248.60992 -0.7515696163426415 0.05562885002499433 0.5936899149973924 -0.2821007402788236
60653 50648.60992 -0.721691078576623 0.21696547563615887 0.5185497909698492 -0.40397287504238666
60653 51048.60992 -0.6573615248472793 0.3684553797987512 0.4184836528907777 -0.5069397311426762
60653 51448.60992 -0.5615616482750186 0.5025290572726614 0.29828987286338177 -0.5857782972511374
60653 51848.60992 -0.4390489115668985 0.6124990352981299 0.16393997082277578 -0.6365568874636495
60653 52248.60992 -0.29601262215294455 0.6930610565532943 0.022142587985127356 -0.6569266360962162
60653 52648.60992 -0.13956641190152536 0.7406041935056832 -0.12016077083107624 -0.6462105186268727
60653 53048.60992 0.022738431046684254 0.7532864146403273 -0.2562303901864354 -0.6053003621482175
60653 53448.60992 0.1833660045575342 0.7309567623915117 -0.37986759314110313 -0.5364510523504552
60653 53848.60992 -0.3350915369663714 -0.6749837774974585 0.48561195126449813 0.44304807273913627
60653 54248.60992 -0.47121807160576135 -0.5880813811620207 0.5688663013354115 0.3294008945459721
60653 54648.60992 -0.5857397316667405 -0.4741529865628432 0.625985751078247 0.20057355640142108
60653 55048.60992 -0.6734904777321504 -0.3381725715591398 0.6543515320810672 0.062241149670923535
60653 55448.60992 -0.7303076569096985 -0.1860802879504271 0.6524670889952131 -0.07944526715585365
60653 55848.60992 -0.753232994003082 -0.02466195693036325 0.6200824759988856 -0.2180127693154911
60653 56248.60992 -0.7407546893721322 0.13862393775265355 0.5583285476109239 -0.3468935383915658
60653 56648.60992 -0.6930578532871174 0.2959175098234667 0.46983415538641227 -0.4597385189531844
60653 57048.60992 -0.6121957331818646 0.43942895285311634 0.3587200194942976 -0.5508525458617249
60653 57448.60992 -0.5020858002721287 0.5619685244193114 0.23043469959657653 -0.6156306327246179
60653 57848.60992 -0.36827054051164115 0.6575040971229984 0.09138940165752758 -0.6509325222497439
60653 58248.60992 -0.21747378618952654 0.7215729553217095 -0.05152862291602296 -0.6552727855550424
60653 58648.60992 -0.05709751160306576 0.7514664853316968 -0.19143259409044064 -0.6288016837698267
60653 59048.60992 0.10527523572616637 0.7462236557100622 -0.32183109566951057 -0.5731423263567897
60653 59448.60992 0.2622384800609644 0.7064894778403674 -0.4368825862225599 -0.491159040567969
60653 59848.60992 -0.4068119422229692 -0.6343355957374861 0.5315611465819442 0.3867365292930485
60653 60248.60992 -0.5326304580963895 -0.5330980154579564 0.6017491880924384 0.26459254648026237
60653 60648.60992 -0.6340966427386886 -0.40723924352061996 0.6443181791253406 0.13012198220470897
60653 61048.60992 -0.7065314761560147 -0.26224123898145224 0.6572119271224256 -0.010737254132369742
60653 61448.60992 -0.7463565726508115 -0.10449336919243203 0.6395602681045275 -0.1516432185025531
60653 61848.60992 -0.7513195804964932 0.0588463660360217 0.5918096832108513 -0.2860372213974956
60653 62248.60992 -0.7207462007364142 0.22006744694296304 0.5158541152307905 -0.4074184148016497
60653 62648.60992 -0.6557652248625664 0.3712820123396388 0.4151018773967495 -0.5097176361042159
60653 63048.60992 -0.5593968957212428 0.5049329530016604 0.2943939154170678 -0.5877499881717295
60653 63448.60992 -0.4364321037317649 0.6143603275055496 0.15973097019193222 -0.6376318875190324
60653 63848.60992 -0.29308227361691125 0.6942972305529537 0.017833233423434423 -0.6570662921834494
60653 64248.60992 -0.13647353675960686 0.7411718000906011 -0.1243654959623871 -0.6454243254858092
60653 64648.60992 0.025845909094176518 0.7531770752274121 -0.26014123771537606 -0.6036412997591277
60653 65048.60992 0.18635085175263108 0.7301906685201327 -0.38331579643406893 -0.5340074417658485
60653 65448.60992 -0.3378296903841198 -0.6736032717982817 0.4884536504674782 0.43993495412687394
60653 65848.60992 -0.47359782426233943 -0.5861467761526211 0.5709824065460894 0.32575473760899265
60653 66248.60992 -0.5876609393576437 -0.4717429922736797 0.6272812995225674 0.19654857125719805
60653 66648.60992 -0.674865039323301 -0.3353850102788157 0.654758916212093 0.05800719972730629
60653 67048.60992 -0.7310613904662427 -0.18303042102632147 0.6519535711059443 -0.0836997578891216
60653 67448.60992 -0.7533136099751961 -0.021486219046642264 0.6186554880129898 -0.22208632233576922
60653 67848.60992 -0.7401416136817844 0.14177117309646858 0.55604172830408 -0.35058368838265536
60653 68248.60992 -0.6917707094324735 0.29887417304114744 0.4667908004848182 -0.4628540405387049
60653 68648.60992 -0.6102972769649069 0.4420380124903866 0.35507030353844776 -0.5532311531248788
60653 69048.60992 -0.49968036008146244 0.5640946472102706 0.2263650570209841 -0.6171512194733694
60653 69448.60992 -0.3654901395269671 0.6590445338239409 0.08710936320320437 -0.6515283717442201
60653 69848.60992 -0.2144646931335608 0.7224654440526777 -0.05580677114407255 -0.654930669493625
60653 70248.60992 -0.05400728813671706 0.751687136005579 -0.19550454470311734 -0.6275568782128634
60653 70648.60992 0.10830405871369064 0.7457812222355119 -0.3255153685905605 -0.571069474090849
60653 71048.60992 0.2650745649911651 0.70541820621704 -0.4400244937493657 -0.4883636700583826
60653 71448.60992 -0.40933882510776326 -0.6326902444387971 0.5340308563819927 0.38334817761831974
60653 71848.60992 -0.5347461402829135 -0.5309522022112083 0.6034413620953757 0.2607582154641967
60653 72248.60992 -0.6357132654616465 -0.4046840244869289 0.6451533965415881 0.12600229907428273
60653 72648.60992 -0.7075723823600192 -0.2593786108376557 0.657145487548526 -0.01496222429670463
60653 73048.60992 -0.7467623620825041 -0.10144364596982629 0.6385824389730521 -0.15578071095143883
60653 73448.60992 -0.7510551598972066 0.06194310756569004 0.5899506678254786 -0.2898920622389627
60653 73848.60992 -0.7198092057045563 0.22305900972591775 0.5131901738135192 -0.41079828512825944
60653 74248.60992 -0.6541919571110651 0.374013103631648 0.4117563942079409 -0.5124487812375901
60653 74648.60992 -0.5572652084357647 0.5072590322667104 0.2905323156423287 -0.5896903723297426
60653 75048.60992 -0.4338572231595178 0.6161625195159098 0.1555475430687025 -0.6386835063639961
60653 75448.60992 -0.2902034642032986 0.6954913960871063 0.01353604812448467 -0.6571837206857639
60653 75848.60992 -0.13343602496986665 0.7417117365263796 -0.12856523662173752 -0.6446157825182846
60653 76248.60992 0.028899931872146116 0.7530531389916841 -0.26404435101286383 -0.601960417710959
60653 76648.60992 0.18928435461694068 0.7294238189181533 -0.3867468678971236 -0.5315441521302535
60653 77048.60992 -0.340516685023808 -0.6722396056530839 0.49126401418365845 0.4368088462702434
60653 77448.60992 -0.47592519723257076 -0.5842528987399455 0.5730526240441142 0.32210937122236105
60653 77848.60992 -0.5895311800974458 -0.4694008575014943 0.6285237317134886 0.1925454266990661
60653 78248.60992 -0.6761955718432389 -0.33268983493935156 0.6551183487206201 0.053823521969397416
60653 78648.60992 -0.7317872324851463 -0.18009410957356267 0.6514070847524164 -0.08787700497282676
60653 79048.60992 -0.7533907920080216 -0.018438387637340486 0.6172160698601353 -0.22606782939036146
60653 79448.60992 -0.7395529034921 0.14478906998839436 0.5537637947078826 -0.3541797394248102
60653 79848.60992 -0.69053220056683 0.30171335837819657 0.4637733516804204 -0.46588475788288086
60653 80248.60992 -0.6084635587359809 0.44455164946420983 0.35145617901381065 -0.5555398121485158
60653 80648.60992 -0.4973429749194112 0.5661502948283462 0.22233486477580738 -0.618620252553382
60653 81048.60992 -0.3627729374907821 0.6605385140225266 0.08286635522213075 -0.6520872905443114
60653 81448.60992 -0.21151166331860383 0.7233306759118106 -0.06005336268291454 -0.6545602670462325
60653 81848.60992 -0.050964120385574976 0.7518945538287136 -0.1995486571967196 -0.6262887287561786
60653 82248.60992 0.11129765071823852 0.7453366157521256 -0.32916866490823876 -0.5689764074250326
60653 82648.60992 0.2678873764568913 0.704354622360942 -0.4431264414989473 -0.4855511057945381
60653 83048.60992 -0.41185336184269633 -0.6310634027340487 0.5364481047454572 0.37994633961074015
60653 83448.60992 -0.5368573428882397 -0.528831797926784 0.6050734460007007 0.25691875726256563
60653 83848.60992 -0.6373289957764123 -0.4021526421905395 0.6459309595822055 0.12189421222933015
60653 84248.60992 -0.7086160378193855 -0.25653758386201964 0.657027184637687 -0.019158748875307087
60653 84648.60992 -0.7471751395305353 -0.09841406449833634 0.6375601613226353 -0.1598781519492195
60653 85048.60992 -0.7508017900245356 0.06502299261918856 0.5880563739024288 -0.2936977760207337
60653 85448.60992 -0.7188869965590872 0.22603939124496342 0.5105012524511644 -0.41412093768566455
60653 85848.60992 -0.6526361861708238 0.37674000635078514 0.40839669605347206 -0.5151166030791671
60653 86248.60992 -0.5551524810388795 0.5095885119311953 0.28666695685918236 -0.5915634599510201
