CIC_AEM_VERS = 1.0
CREATION_DATE = 2024-12-09T22:46:14.737Z
ORIGINATOR = CS Group

META_START
OBJECT_NAME = Sat
OBJECT_ID = Sat
CENTER_NAME = null
REF_FRAME_A = EME2000
REF_FRAME_B = SC_BODY_1
ATTITUDE_DIR = A2B
TIME_SYSTEM = UTC
START_TIME = 2024-12-09T11:15:28.60272
STOP_TIME = 2024-12-09T23:59:60.0
ATTITUDE_TYPE = QUATERNION
QUATERNION_TYPE = LAST
META_STOP

60653 40528.60272 0.42889335404111795 -0.6182004254216961 -0.5403923244477894 0.37663624433358706
60653 40928.60272 -0.2833064961278007 0.6970482161148915 0.444920347352114 -0.48570268495748525
60653 41328.60272 -0.12377815236388186 0.742196880267959 0.3276985793896347 -0.5713461306282804
60653 41728.60272 0.04199072742505485 0.7512961616648305 0.19434295542321856 -0.62930252816541
60653 42128.60272 0.205913101848887 0.7237476385097047 0.05133350333540952 -0.6566231961131964
60653 42528.60272 0.35974252366091836 0.6608834048899211 -0.09413681422505248 -0.651887031638716
60653 42928.60272 0.4961250089175371 0.5656877607480693 -0.23510242430696907 -0.6152919493633854
60653 43328.60272 0.6082589536260761 0.44288207794361945 -0.36453378457173835 -0.5486270411453105
60653 43728.60272 0.6906408136206938 0.29858648047420755 -0.47605348938358805 -0.45523011267388913
60653 44128.60272 -0.739308630314278 -0.13999406619389015 0.5642329900448133 0.3398022123506799
60653 44528.60272 -0.7520482038210674 0.02515888818639352 0.6249119954175033 0.20802770839012058
60653 44928.60272 -0.7283798158934944 0.1888856392222812 0.6552742694405629 0.06633770348516621
60653 45328.60272 -0.669536135017578 0.34337919922521887 0.6539547193253445 -0.07845581251431129
60653 45728.60272 -0.578362470351191 0.4812951550886772 0.6210458575924362 -0.21943989916309453
60653 46128.60272 -0.45919351318224655 0.5960411246436379 0.5580886436614706 -0.349876208109373
60653 46528.60272 -0.31771102613528435 0.6820491224269538 0.4680446613269303 -0.4634683306031233
60653 46928.60272 -0.16068451729964497 0.7350818022229868 0.3551818569610853 -0.5546900742094282
60653 47328.60272 0.004313270753368226 0.7524490532584335 0.22491204052183847 -0.6190447414962815
60653 47728.60272 0.16926465220573275 0.7331824773861171 0.08354133616103976 -0.6533098633267803
60653 48128.60272 0.32607365494576573 0.6781292917496896 -0.06200588590695887 -0.6557224300984886
60653 48528.60272 0.4669505421340422 0.5900021912337994 -0.20448107647952302 -0.6261326496053492
60653 48928.60272 0.5847317282167334 0.473507885638716 -0.3365647419801111 -0.5662183878244208
60653 49328.60272 0.6742158806009747 0.3340061685998375 -0.4523613096864158 -0.4787923048478327
60653 49728.60272 -0.7310435290386477 -0.17814251056762506 0.5462841992094771 0.3679866550208633
60653 50128.60272 -0.7523431154845007 -0.013282859240967929 0.6137514884552018 0.23898224338323568
60653 50528.60272 -0.7369010143842498 0.1522729885822077 0.6512585230881487 0.09824544800014784
60653 50928.60272 -0.685453780862161 0.31039041675947926 0.6569434760150822 -0.04728818887276709
60653 51328.60272 -0.6006076169423704 0.4532326463086997 0.6305625623173693 -0.1903720404748916
60653 51728.60272 -0.48647373683319434 0.5739893733512634 0.5734138353561384 -0.32415440159518955
60653 52128.60272 0.3487122559187138 -0.666724341456795 -0.48833758250107595 0.4420461747352751
60653 52528.60272 -0.19415315544692596 0.7269484655430092 0.3795819012959398 -0.5383010875738835
60653 52928.60272 -0.03031072676039568 0.7518409944337632 0.2524708802859272 -0.6083377627106142
60653 53328.60272 0.13482441823228353 0.7402844450740881 0.11324354106591256 -0.6488275711131032
60653 53728.60272 0.29333346919935444 0.6929189853343765 -0.03138220585866481 -0.6579011420921034
60653 54128.60272 0.4376515868885623 0.6120481716538924 -0.1744683226662097 -0.6351526812153829
60653 54528.60272 0.5608648904336371 0.5015359871764683 -0.309151503043063 -0.5816507340423501
60653 54928.60272 0.6570010859949895 0.36667824441874897 -0.42891934635819284 -0.4999248267400302
60653 55328.60272 -0.7213595462690665 -0.2139408562817124 0.5279623014801101 0.3938597761078929
60653 55728.60272 -0.7507321222605093 -0.05070790427779194 0.601422635364477 0.2685531655394017
60653 56128.60272 -0.7436011180532828 0.11510177857566269 0.6456704254339102 0.13007174758040405
60653 56528.60272 -0.7002329021573213 0.2754105583578606 0.6584851930554833 -0.014837708988581033
60653 56928.60272 -0.6227148276810214 0.4223340466080925 0.6391915872867137 -0.15904185362262668
60653 57328.60272 -0.5150642681694431 0.5484670615193236 0.5888401489808811 -0.29522865889274424
60653 57728.60272 0.38259000065955934 -0.6478649181113195 -0.5099843690324559 0.41690752286148486
60653 58128.60272 -0.23147096928160005 0.7159288847665676 0.4063074507508118 -0.5184411999456758
60653 58528.60272 -0.06905834227984617 0.7492682990203551 0.28283538883989073 -0.5948378806569832
60653 58928.60272 0.09677674339004616 0.7462096028569908 0.14554668158230868 -0.6423563294801472
60653 59328.60272 0.2579794923268396 0.7068458816469562 0.0011072165815354583 -0.6586457736970341
60653 59728.60272 0.4067063753706502 0.6330376182140641 -0.1434549250418147 -0.6428638912242466
60653 60128.60272 0.5355997741206742 0.5284319663234214 -0.28097236618720484 -0.5957743434964354
60653 60528.60272 0.638429849918152 0.39811886747952774 -0.404786413449845 -0.5196697543408847
60653 60928.60272 -0.7101817829771887 -0.24850486595382526 0.5088441846029368 0.4182878943029369
60653 61328.60272 -0.7474228730181918 -0.08667764362092535 0.5882002564573962 0.29642282855578
60653 61728.60272 -0.7482504070458526 0.07938868417749367 0.6389009487281894 0.16007605346991
60653 62128.60272 -0.7126241244287508 0.24153980591905766 0.6584607406391895 0.01596347316940563
60653 62528.60272 -0.6423325244279259 0.3918526434551898 0.6459575531436444 -0.12883816754325395
60653 62928.60272 -0.5408656816922671 0.5230347933726399 0.6020523506371913 -0.2672674435493994
60653 63328.60272 0.4132252176395825 -0.6287538776229932 -0.5289361851849086 0.39260666433824803
60653 63728.60272 -0.2656808815146251 0.7039315329985419 0.43022577647570387 -0.4987984034695903
60653 64128.60272 -0.10535944432277669 0.7450130798727339 0.3107114476844187 -0.5807867892681374
60653 64528.60272 0.060017422767277756 0.7500482047533384 0.1761702749837138 -0.6346570993243756
60653 64928.60272 0.2225340628170563 0.7187841981482183 0.033061005354805655 -0.6578258411642754
60653 65328.60272 0.3743899252493231 0.6526658354643523 -0.11174870302200132 -0.6491315109146419
60653 65728.60272 0.5082494761851724 0.5547840856090733 -0.2512783385760066 -0.6088975980202945
60653 66128.60272 0.617493655529907 0.4298696570241241 -0.37865677865189606 -0.5390108601236562
60653 66528.60272 -0.696764546343575 -0.28394363082731117 0.4876709593448397 0.4428004255676811
60653 66928.60272 -0.7421136101599093 -0.1241435886142557 0.5729416359712797 0.32495175148313044
60653 67328.60272 -0.7512928547660579 0.04165661364784195 0.6302671418144145 0.1912775545273157
60653 67728.60272 -0.7238737378135951 0.20538850648507936 0.6568782352996446 0.04830483513301567
60653 68128.60272 -0.6612317357627787 0.3590538506952716 0.6515010837004991 -0.09694979039748206
60653 68528.60272 -0.5664741877194707 0.4951914231507676 0.6144392646605145 -0.23739595432300334
60653 68928.60272 0.44427262115121524 -0.6072145349523583 -0.5475441876527861 0.3662071943663458
60653 69328.60272 -0.3006222947982803 0.6897299489837069 0.4541191043132768 -0.47715267204832484
60653 69728.60272 -0.14247948120406234 0.738808143784034 0.33870665484616547 -0.5649247083259253
60653 70128.60272 0.022475827785182083 0.7521083244862703 0.2069302512466682 -0.6253061462378383
60653 70528.60272 0.18633675330019148 0.7290104236813306 0.06513516867049207 -0.6554233947119809
60653 70928.60272 0.3412518225862 0.6705962653097419 -0.07987269313988457 -0.6538105195121938
60653 71328.60272 0.47975185658096514 0.579614859861657 -0.2211081710488715 -0.6204804163147227
60653 71728.60272 0.5950676534996113 0.4604240950314508 -0.35168648450571 -0.5569746467200739
60653 72128.60272 0.6815522460153679 0.3187380047860251 -0.46525484717502236 -0.4662944857454114
60653 72528.60272 -0.7348931317259404 -0.16147879835598408 0.5562018206684234 0.3528402149821899
60653 72928.60272 -0.7524395280802052 0.0036340748268341647 0.6200470013612546 0.22217845571861278
60653 73328.60272 -0.7333347454529215 0.1685462299103475 0.6536822726993512 0.08069576106040509
60653 73728.60272 -0.6785257905424809 0.3252165446481224 0.6554791590393342 -0.06468402214553708
60653 74128.60272 -0.5907197676227149 0.466019053947437 0.6253714229464579 -0.20685014106744998
60653 74528.60272 -0.4742456359038127 0.5841138923843223 0.5648613605077634 -0.3388711863749164
60653 74928.60272 -0.3348254399411329 0.6737941646925684 0.4769369293368334 -0.45433964589195086
60653 75328.60272 -0.17925310848124842 0.7307605902478786 0.36590228679508996 -0.5476977262674236
60653 75728.60272 -0.015107488703660498 0.7522976086435058 0.23719320938307484 -0.6144586668254327
60653 76128.60272 0.14971879086460632 0.7374124847810468 0.09702630777167039 -0.6514545314534852
60653 76528.60272 0.30732875398614656 0.6868206182350329 -0.04785995910802741 -0.6569139210389348
60653 76928.60272 0.45014662756349827 0.6029136660993998 -0.19049987452500963 -0.6305338394802821
60653 77328.60272 0.571230071204397 0.48969979514554324 -0.32397210017826217 -0.5735262807337765
60653 77728.60272 0.6647043976792474 0.35253641733337887 -0.4418398560737866 -0.48853216858699317
60653 78128.60272 -0.7258603087918162 -0.19817412033919068 0.5382217030067085 0.37969886563037775
60653 78528.60272 -0.7516743864036134 -0.034196001999965434 0.6083784740525845 0.2523725075784176
60653 78928.60272 -0.7408979725907893 0.13141723725712418 0.6489098578023977 0.11276391448258052
60653 79328.60272 -0.6940725720866485 0.29059581571130416 0.6578556014248629 -0.032300839649114566
60653 79728.60272 -0.6135062487864399 0.43560774155118764 0.6347996867032003 -0.175742242964472
60653 80128.60272 -0.5031572779885866 0.5594167118135828 0.580887150246665 -0.31057336464852137
60653 80528.60272 0.3684331365209744 -0.6560263008802867 -0.49877153081472525 0.43024815689945756
60653 80928.60272 -0.2157306438424579 0.7208353802805865 0.39234064740070485 -0.5290798240721873
60653 81328.60272 -0.0524199627154806 0.7506226159650577 0.26670833649356596 -0.6022329276579917
60653 81728.60272 0.11334479103015663 0.7438783346774271 0.12815441478855114 -0.6460452209513446
60653 82128.60272 0.27349083354996234 0.7009934494407525 -0.01653222517499418 -0.6584357473102939
60653 82528.60272 0.42028333828316494 0.6241114472519376 -0.16032769805137054 -0.6388598016843754
60653 82928.60272 0.5466547694226285 0.5170004771680118 -0.2962767728264756 -0.588301915311407
60653 83328.60272 0.6465232029764638 0.3848693239530179 -0.417817742366678 -0.5092265563151762
60653 83728.60272 -0.7150890452904044 -0.23407306807838474 0.5191160821206825 0.4054330393415202
60653 84128.60272 -0.7490003535551726 -0.07197123677855513 0.5952332779498425 0.2819857377100429
60653 84528.60272 -0.7466182237643947 0.09362617673029673 0.6425073699300212 0.1448435243957235
60653 84928.60272 -0.7080243247728236 0.25474783541765106 0.6586385314843106 6.170285240879043E-4
60653 85328.60272 -0.6350247481496776 0.4036118365442632 0.64279397403977 -0.14372529901504824
60653 85728.60272 -0.5311440212917382 0.5329261681425413 0.5956940257283873 -0.2811127098984615
60653 86128.60272 0.40140761859349194 -0.6363873886362355 -0.51959001823279 0.4048570467124213
