CIC_OEM_VERS = 2.0
CREATION_DATE = 2025-01-28T14:22:46.536337
ORIGINATOR = ISAE-SUPAERO


META_START
OBJECT_NAME = BLUE1
OBJECT_ID = BLUE1
CENTER_NAME = Earth
REF_FRAME = EME2000
TIME_SYSTEM = UTC
START_TIME = 2025-01-28T14:22:24.000
USEABLE_START_TIME = 2025-01-28T14:22:24.000
USEABLE_STOP_TIME = 2025-01-28T23:59:54.000
STOP_TIME = 2025-01-28T23:59:54.000
INTERPOLATION = lagrange
INTERPOLATION_DEGREE = 5
META_STOP


60703 51744.0 6617.6511 1045.4496 61.038718 -1.2050741 7.5890336 0.66856228
60703 51834.0 6473.9701 1721.6603 120.77491 -1.9859011 7.4239329 0.65767901
60703 51924.0 6261.1703 2379.5111 179.21964000000003 -2.7462795 7.1786121000000005 0.63967512
60703 52014.0 5980.765 3011.6091 235.7184 -3.4780149000000002 6.856453900000001 0.6148086100000001
60703 52104.0 5636.1898 3611.4148999999998 289.68249 -4.1723577 6.460584 0.58331238
60703 52194.0 5231.0837 4172.4324 340.52606000000003 -4.8219437 5.995291 0.54552802
60703 52284.0 4769.7919 4688.633 387.70096 -5.419813100000001 5.465538899999999 0.50185943
60703 52374.0 4257.2618 5154.464599999999 430.69821 -5.959554 4.8769791 0.45277455
60703 52464.0 3698.9906 5564.9128 469.05363 -6.4353703 4.2358908 0.39879985
60703 52554.0 3100.9671000000003 5915.5538 502.3528 -6.8421426 3.5491139 0.34051373
60703 52644.0 2469.6087 6202.6021 530.2354300000001 -7.1754811 2.8239766 0.27853987
60703 52734.0 1811.6928 6422.9507 552.3991800000001 -7.4317701 2.0682203 0.21354071
60703 52824.0 1134.2865 6574.2052 568.6028299999999 -7.6082052000000004 1.2899211000000002 0.1462114
60703 52914.0 444.67122 6654.71 578.66896 -7.7028252 0.4974096 0.077273588
60703 53004.0 -249.73389000000003 6663.5675 582.4860500000001 -7.7145372 -0.30081331 0.0074686873
60703 53094.0 -941.4511600000001 6600.6497 580.00991 -7.6431354 -1.0961657 -0.062450017000000003
60703 53184.0 -1623.0246000000002 6466.601000000001 571.26433 -7.489309 -1.8800781 -0.13172611
60703 53274.0 -2287.1006 6262.8329 556.3410200000001 -7.2546385 -2.6440885 -0.19960909000000002
60703 53364.0 -2926.5071000000003 5991.510200000001 535.39859 -6.9415799 -3.3799358 -0.26536307
60703 53454.0 -3534.3317 5655.5288 508.66096999999996 -6.5534392 -4.0796494 -0.32827467000000005
60703 53544.0 -4103.9966 5258.4857 476.41497 -6.0943391 -4.7356343 -0.38766028
60703 53634.0 -4629.3302 4804.6411 439.00734000000006 -5.5691786 -5.3407544 -0.44287301
60703 53724.0 -5104.635 4298.874400000001 396.84115 -4.9835836 -5.8884117 -0.49330974
60703 53814.0 -5524.750400000001 3746.6311 350.3715 -4.343848 -6.3726219 -0.5384180000000001
60703 53904.0 -5885.1097 3153.8656 300.10069 -3.6568663999999997 -6.788082999999999 -0.57770254
60703 53994.0 -6181.7910999999995 2526.9762 246.57279000000003 -2.9300587 -7.130235300000001 -0.6107311
60703 54084.0 -6411.5611 1872.7364 190.36777 -2.1712892999999998 -7.3953128 -0.63713928
60703 54174.0 -6571.9108 1198.2209 132.09518 -1.3887827 -7.580387 -0.65663465
60703 54264.0 -6661.0845 510.72937 72.387511 -0.59103301 -7.6834017 -0.66900023
60703 54354.0 -6678.0995 -182.29394 11.893279000000001 0.21328975 -7.7031981 -0.67409724
60703 54444.0 -6622.7576 -873.3414300000001 -48.730095000000006 1.0154369 -7.6395298 -0.67186704
60703 54534.0 -6495.648099999999 -1554.9245 -108.82356 1.8066784 -7.4930652 -0.6623319599999999
60703 54624.0 -6298.1414 -2219.6557000000003 -167.73372 2.5783988 -7.2653810000000005 -0.64559521
60703 54714.0 -6032.3745 -2860.3297000000002 -224.82006 3.3221925999999997 -6.9589463 -0.62183964
60703 54804.0 -5701.227900000001 -3470.0027999999998 -279.46203 4.0299587 -6.5770975 -0.59132569
60703 54894.0 -5308.2943 -4042.0691 -331.06591 4.6939929000000005 -6.1240018 -0.55438827
60703 54984.0 -4857.8383 -4570.3335 -379.07131 5.3070764 -5.604609000000001 -0.5114328
60703 55074.0 -4354.7492999999995 -5049.0793 -422.95734000000004 5.8625562 -5.0245929 -0.46293032
60703 55164.0 -3804.4875 -5473.1308 -462.24823 6.3544163 -4.3902852999999995 -0.40941191
60703 55254.0 -3213.0232 -5837.909000000001 -496.51851 6.7773416 -3.7086056 -0.35146266000000004
60703 55344.0 -2586.7716 -6139.4812 -525.3975300000001 7.126774800000001 -2.9869855 -0.28971525000000004
60703 55434.0 -1932.5218 -6374.603700000001 -548.57348 7.398967400000001 -2.2332863 -0.22484316999999998
60703 55524.0 -1257.3625 -6540.756200000001 -565.79675 7.5910213 -1.4557097 -0.15755354
60703 55614.0 -568.60358 -6636.1684000000005 -576.88257 7.7009183000000005 -0.66270416 -0.088579588
60703 55704.0 126.30354 -6659.838 -581.71308 7.7275367 0.13713069 -0.018672786
60703 55794.0 819.84723 -6611.5398 -580.2385300000001 7.670658400000001 0.9351362900000001 0.051405438
60703 55884.0 1504.5368 -6491.827200000001 -572.47784 7.5309681 1.7226861 0.12089246000000001
60703 55974.0 2172.9837 -6302.0253 -558.51828 7.3100467 2.4912773 0.18903366
60703 56064.0 2817.9812 -6044.215 -538.51431 7.0103547 3.2326242 0.25509160000000003
60703 56154.0 3432.5829 -5721.209900000001 -512.68567 6.6352039000000005 3.9387522 0.3183546
60703 56244.0 4010.177 -5336.5239 -481.31471999999997 6.1887148 4.6020865 0.37814415
60703 56334.0 4544.5571 -4894.3315 -444.74315 5.6757644 5.2155323 0.4338211
60703 56424.0 5029.987400000001 -4399.4217 -403.36818 5.101928 5.7725445 0.48479102
60703 56514.0 5461.2633 -3857.1451 -357.63836 4.4734187 6.2671911 0.53050959
60703 56604.0 5833.7657 -3273.3568 -308.04872 3.7970232999999998 6.694212 0.57048823
60703 56694.0 6143.5092 -2654.3525 -255.13555 3.0800322 7.0490743 0.6042999099999999
60703 56784.0 6387.184700000001 -2006.8017 -199.47062 2.3301615 7.3280212 0.63158434
60703 56874.0 6562.1934 -1337.6753 -141.65495 1.5554685 7.5281111 0.65205197
60703 56964.0 6666.6736 -654.1711899999999 -82.312334 0.76426429 7.6472463 0.6654865999999999
60703 57054.0 6699.5198 36.362512 -22.082663 -0.034974389 7.6841916 0.67174707
60703 57144.0 6660.3938 726.50587 38.384891 -0.83369296 7.6385842 0.67076844
60703 57234.0 6549.7271 1408.8457 98.438779 -1.6233475000000002 7.5109375 0.66256287
60703 57324.0 6368.716200000001 2076.0546 157.43205 -2.3954948 7.3026359 0.6472200100000001
60703 57414.0 6119.3724 2720.9972000000002 214.73160000000001 -3.1417951 7.01587 0.62490162
60703 57504.0 5804.2901 3336.7011 269.71652 -3.8543362 6.653821700000001 0.59585872
60703 57594.0 5426.8550000000005 3916.5571 321.79498 -4.525599100000001 6.220298700000001 0.5603988799999999
60703 57684.0 4991.1387 4454.349700000001 370.40722 -5.1483217 5.719928100000001 0.51890179
60703 57774.0 4501.814 4944.2982 415.02942 -5.7158325 5.1580432 0.47181026000000004
60703 57864.0 3964.1286 5381.1311 455.18024 -6.2220403 4.5406335 0.41962612000000005
60703 57954.0 3383.8499 5760.1435 490.42599 -6.661499200000001 3.8742847 0.36290585
60703 58044.0 2767.2042 6077.247200000001 520.38535 -7.0294682 3.1661097000000002 0.30225573000000006
60703 58134.0 2120.8106000000002 6329.0151 544.7335899999999 -7.321963800000001 2.4236752000000004 0.23832581
60703 58224.0 1451.6112 6512.7188 563.20617 -7.5358034 1.6549208000000002 0.17180275
60703 58314.0 766.79691 6626.357900000001 575.60173 -7.668641 0.86807515 0.10340176
60703 58404.0 73.73129399999999 6668.682400000001 581.7841999999999 -7.7189917999999995 0.071568503 0.033858176000000004
60703 58494.0 -620.12792 6639.206700000001 581.68434 -7.6862488 -0.7260554300000001 -0.036080531
60703 58584.0 -1307.3081000000002 6538.216 575.30042 -7.5706891 -1.5162278 -0.10566214
60703 58674.0 -1980.4014 6366.7645999999995 562.69838 -7.3734744 -2.2904424 -0.17413668999999998
60703 58764.0 -2632.1441 6126.666 544.01126 -7.0966434000000005 -3.0403434000000003 -0.24076359
60703 58854.0 -3255.495 5820.476000000001 519.43809 -6.7430978999999995 -3.7578153000000003 -0.30481939
60703 58944.0 -3843.7117000000003 5451.4661 489.24188000000004 -6.3165774 -4.435073500000001 -0.36560626
60703 59034.0 -4390.4250999999995 5023.5905999999995 453.74698 -5.8216225 -5.0647538 -0.42246067
60703 59124.0 -4889.7088 4541.4442 413.33561 -5.2635265 -5.6399963 -0.47476144
60703 59214.0 -5336.144700000001 4010.2134 368.44373 -4.6482776 -6.1545223 -0.5219368799999999
60703 59304.0 -5724.8822 3435.6212 319.55629 -3.9824943 -6.6027036 -0.5634706700000001
60703 59394.0 -6051.6925 2823.8654 267.202 -3.2733562000000003 -6.9796241000000006 -0.59890716
60703 59484.0 -6313.015200000001 2181.5519 211.94769 -2.5285279999999997 -7.281137 -0.62785625
60703 59574.0 -6505.9985 1515.6236000000001 154.39217000000002 -1.756077 -7.5039141 -0.64999799
60703 59664.0 -6628.531599999999 833.28444 95.159722 -0.9643839000000001 -7.6454857 -0.66508663
60703 59754.0 -6679.2683 141.92073000000002 34.893302000000006 -0.16204888 -7.7042702 -0.67295369
60703 59844.0 -6657.6428 -550.9793900000001 -25.752537 0.64220407 -7.6795919 -0.67350995
60703 59934.0 -6563.8766 -1237.9082 -86.118813 1.4396233 -7.571689999999999 -0.6667463699999999
60703 60024.0 -6398.9763 -1911.4206000000001 -145.54935 2.2215265 -7.381717 -0.65273428
60703 60114.0 -6164.7231 -2564.2159 -203.39798000000002 2.9793978 -7.1117279 -0.63162472
60703 60204.0 -5863.6536 -3189.2183 -259.03568 3.7049843 -6.7646575 -0.6036470500000001
60703 60294.0 -5499.0318 -3779.6544 -311.85749 4.390388 -6.3442871 -0.56910664
60703 60384.0 -5074.813400000001 -4329.1278 -361.28927000000004 5.0281537 -5.8552011 -0.52838158
60703 60474.0 -4595.6017999999995 -4831.6885999999995 -406.79397 5.611350000000001 -5.3027362 -0.48191843
60703 60564.0 -4066.5981 -5281.899200000001 -447.87768 6.1336465 -4.6929233 -0.43022708
60703 60654.0 -3493.5429 -5674.8935 -484.09497 6.589385500000001 -4.0324202 -0.37387485
60703 60744.0 -2882.6538 -6006.4299 -515.05382 6.9736459 -3.3284357 -0.31347968
60703 60834.0 -2240.5557999999996 -6272.937400000001 -540.4198299999999 7.2822972 -2.5886456 -0.24970282000000002
60703 60924.0 -1574.2084 -6471.5533 -559.91975 7.5120413 -1.8211048 -0.18324106
60703 61014.0 -890.8294599999999 -6600.1539 -573.34439 7.6604443 -1.0341581000000002 -0.11481892
60703 61104.0 -197.81592 -6657.3758 -580.55066 7.7259607 -0.23634970000000002 -0.045180689
60703 61194.0 497.3367 -6642.6305 -581.46311 7.7079485000000005 0.5636698699999999 0.024917542
60703 61284.0 1187.1161000000002 -6556.1088 -576.07451 7.6066762 1.3572396000000002 0.094715879
60703 61374.0 1864.0748999999998 -6398.778200000001 -564.4459300000001 7.4233165 2.1357855 0.16345856
60703 61464.0 2520.9112999999998 -6172.3702 -546.70597 7.1599278 2.8909145 0.23040175
60703 61554.0 3150.5477 -5879.3602 -523.04935 6.8194262 3.6145036 0.29482132
60703 61644.0 3746.2061000000003 -5522.9393 -493.73477 6.4055508 4.2987822 0.35602077000000004
60703 61734.0 4301.4806 -5106.9793 -459.08208 5.9228246 4.9364128 0.41333938000000003
60703 61824.0 4810.406 -4635.9898 -419.46866 5.3765064 5.5205694 0.46616035
60703 61914.0 5267.5215 -4115.0689 -375.32517 4.7725337 6.0450134 0.51391821
60703 62004.0 5667.9283 -3549.847 -327.13059000000004 4.1174531 6.5041626 0.55610483
60703 62094.0 6007.3417 -2946.4253 -275.40689000000003 3.4183434000000004 6.8931479 0.59227381
60703 62184.0 6282.1348 -2311.3094 -220.71335000000002 2.6827359000000004 7.2078579000000005 0.6220435599999999
60703 62274.0 6489.3760999999995 -1651.3395 -163.64051999999998 1.9185349 7.4449759 0.6451000400000001
60703 62364.0 6626.859 -973.61713 -104.80412 1.1339380000000001 7.6020097 0.66119957
60703 62454.0 6693.1252 -285.43032 -44.838489 0.33735363 7.6773184 0.67017193
60703 62544.0 6687.4789 405.82443 15.610111000000002 -0.46268721 7.6701309 0.6719229299999999
60703 62634.0 6609.9947 1092.7207 75.890422 -1.2576224 7.5805544000000005 0.6664358499999999
60703 62724.0 6461.5153 1767.8813 135.35318 -2.0389504 7.409572000000001 0.6537714499999999
60703 62814.0 6243.6413 2424.0564 193.35804000000002 -2.798321 7.159029800000001 0.6340668899999999
60703 62904.0 5958.7469 3054.2176 249.28177 -3.5277008999999997 6.831527 0.6075262800000001
60703 62994.0 5609.8334 3651.5616 302.51906 -4.2191006 6.430741 0.5744484200000001
60703 63084.0 5200.6714 4209.6845 352.4973 -4.8652483 5.9608641 0.53517992
60703 63174.0 4735.6546 4722.5945 398.6783 -5.4592109 5.4269087 0.49014111000000005
60703 63264.0 4219.7705000000005 5184.776 440.56402 -5.994622000000001 4.834569999999999 0.4398147
60703 63354.0 3658.5523 5591.2545 477.70245 -6.465733500000001 4.1901642 0.38474013
60703 63444.0 3058.0202999999997 5937.6493 509.69245 -6.8674747 3.500564 0.32550722000000004
60703 63534.0 2424.6189 6220.2206 536.18798 -7.1955053 2.7731282000000004 0.26274965
60703 63624.0 1765.1484 6435.9101 556.90175 -7.4462621 2.0156283 0.19713848
60703 63714.0 1086.6931000000002 6582.3746 571.60833 -7.6170005000000005 1.2361681000000002 0.12937585000000001
60703 63804.0 396.54656 6658.0119 580.14664 -7.7058264 0.44309912 0.060188446
60703 63894.0 -297.86675 6661.9794 582.42183 -7.7117202 -0.35506819 -0.009679603699999999
60703 63984.0 -989.07028 6594.2041 578.4065 -7.6345504 -1.1497557 -0.079474649
60703 64074.0 -1669.6158 6455.3845 568.14122 -7.475077000000001 -1.9324099000000001 -0.14844219
60703 64164.0 -2332.1635 6246.9846 551.73414 -7.2349457 -2.6945944 -0.21583580000000002
60703 64254.0 -2969.5609 5971.2188 529.35991 -6.916670600000001 -3.4280806 -0.28092574000000003
60703 64344.0 -3574.9197999999997 5631.0294 501.25781 -6.5236088 -4.1249348 -0.34300667
60703 64434.0 -4141.6911 5230.0566 467.72924 -6.0599271 -4.7776017 -0.40140462000000005
60703 64524.0 -4663.7355 4772.6002 429.1346 -5.5305618 -5.378984900000001 -0.45548348
60703 64614.0 -5135.3908 4263.5752 385.88958 -4.9411723 -5.9225243 -0.50465173
60703 64704.0 -5551.535 3708.4602000000004 338.46085999999997 -4.2980857 -6.4022732 -0.5483694
60703 64794.0 -5907.6427 3113.2384 287.36111 -3.6082297 -6.812968700000001 -0.5861550999999999
60703 64884.0 -6199.8364 2484.3337 233.14347 -2.8790563000000002 -7.1500959 -0.61759226
60703 64974.0 -6424.929700000001 1828.5405 176.39544 -2.1184578000000003 -7.4099398 -0.6423342400000001
60703 65064.0 -6580.4631 1152.9501 117.73243 -1.3346785 -7.5896266 -0.6601079
60703 65154.0 -6664.731400000001 464.87334999999996 57.791053 -0.5362253899999999 -7.6871556000000005 -0.67071627
60703 65244.0 -6676.8037 -228.23914000000002 -2.7778893 0.26822394000000005 -7.701423200000001 -0.67404048
60703 65334.0 -6616.5338 -918.87835 -63.316453 1.0699167 -7.6322388000000005 -0.67004134
60703 65424.0 -6484.563400000001 -1599.5595 -123.16678999999999 1.8601234 -7.480329 -0.6587601
60703 65514.0 -6282.3146 -2262.904 -181.67838 2.6302369 -7.2473311 -0.64031832
60703 65604.0 -6011.9755000000005 -2901.7214 -238.21520999999998 3.3718696 -6.935773500000001 -0.6149165400000001
60703 65694.0 -5676.4752 -3509.0874 -292.16279 4.076946 -6.5490474999999995 -0.5828318100000001
60703 65784.0 -5279.4526 -4078.4206000000004 -342.93489 4.7377928 -6.0913693 -0.5444144700000001
60703 65874.0 -4825.2155 -4603.554400000001 -389.97994 5.3472238 -5.5677335 -0.5000842
60703 65964.0 -4318.6939 -5078.8048 -432.78713 5.8986213 -4.9838572999999995 -0.45032553000000003
60703 66054.0 -3765.3847 -5499.032099999999 -470.89195 6.3860092 -4.3461145 -0.39568255
60703 66144.0 -3171.2914 -5859.6975999999995 -503.88135 6.8041183 -3.6614626 -0.33675305
60703 66234.0 -2542.8577999999998 -6156.911599999999 -531.39821 7.1484418 -2.9373655 -0.27418188
60703 66324.0 -1886.8971999999999 -6387.4763 -553.14534 7.415283400000001 -2.1817104 -0.2086537
60703 66414.0 -1210.5175 -6548.9193 -568.88865 7.601797800000001 -1.4027218000000001 -0.14088517
60703 66504.0 -521.04318 -6639.5201 -578.4596600000001 7.7060219 -0.60886853 -0.071616552
60703 66594.0 174.06501 -6658.3281 -581.7572700000001 7.7268946 0.19123245 -0.0016030164
60703 66684.0 867.29185 -6605.171 -578.7487 7.6642643 0.98891293 0.06839403299999999
60703 66774.0 1551.1492 -6480.6553 -569.46963 7.5188843 1.7755482 0.13761547
60703 66864.0 2218.2571000000003 -6286.1585000000005 -554.0236600000001 7.2924015 2.5426488 0.20531264
60703 66954.0 2861.4231 -6023.8128 -532.58101 6.9873357 3.2819501 0.27075520999999997
60703 67044.0 3473.7201 -5696.4804 -505.37652 6.6070519 3.985502 0.33323881
60703 67134.0 4048.5603 -5307.7219000000005 -472.70698 6.155721300000001 4.6457553 0.39209204000000003
60703 67224.0 4579.7657 -4861.756 -434.92786 5.6382706 5.2556434 0.4466832
60703 67314.0 5061.6335 -4363.4130000000005 -392.4495 5.0603251 5.808654000000001 0.49642636
60703 67404.0 5488.9965999999995 -3818.082 -345.73264 4.4281456 6.2988939 0.54078746
60703 67494.0 5857.2772 -3231.6524 -295.28356 3.7485635000000004 6.7211471000000005 0.5792904600000001
60703 67584.0 6162.5355 -2610.4505 -241.64853 3.0289104000000004 7.0709299 0.6115234
60703 67674.0 6401.5112 -1961.1711 -185.40779999999998 2.2769394000000003 7.3445403 0.63714377
60703 67764.0 6571.6575 -1290.8056000000001 -127.16918 1.5007392 7.5390991000000005 0.65588235
60703 67854.0 6671.167200000001 -606.56651 -67.561324 0.70864212 7.652576900000001 0.66754521
60703 67944.0 6698.9906 84.19001700000001 -7.226933600000001 -0.090866676 7.6838094 0.67201415
60703 68034.0 6654.8454 774.04215 53.184048000000004 -0.88923654 7.6325027 0.66924637
60703 68124.0 6539.2182999999995 1455.5808000000002 113.02121000000001 -1.6779359999999999 7.4992329 0.6592742899999999
60703 68214.0 6353.3599 2121.4878 171.64047 -2.4485375 7.2854414 0.6422056
60703 68304.0 6099.2660000000005 2764.6113 228.41063 -3.192804 6.9934297 0.6182236799999999
60703 68394.0 5779.558 3377.9661 282.71377 -3.9029192 6.6264202999999995 0.5875939600000001
60703 68484.0 5397.888 3955.1382000000003 333.97974 -4.571036100000001 6.1880999 0.55062321
60703 68574.0 4958.242700000001 4489.8297 381.64799 -5.1901139999999995 5.6832733 0.50771827
60703 68664.0 4465.3381 4976.2932 425.20472 -5.7535198 5.117325200000001 0.45933776000000004
60703 68754.0 3924.4613 5409.295099999999 464.17996999999997 -6.2552073 4.496291599999999 0.40599857
60703 68844.0 3341.4148999999998 5784.1714 498.15275 -6.689780600000001 3.8267983 0.34827086
60703 68934.0 2722.4556000000002 6096.879 526.7555699999999 -7.052553 3.115993 0.28677257
60703 69024.0 2074.228 6344.0383 549.67845 -7.3395982 2.3714698 0.22216323000000002
60703 69114.0 1403.6943 6522.9705 566.67241 -7.5477925 1.6011893 0.15513675000000002
60703 69204.0 718.0604000000001 6631.7267 577.55215 -7.6748481 0.81339565 0.08641359
60703 69294.0 24.699492 6669.1095000000005 582.19811 -7.7193385 0.016531427 0.016732652
60703 69384.0 -668.9262600000001 6634.686900000001 580.55777 -7.6807161 -0.78084895 -0.053156709
60703 69474.0 -1355.3454 6528.7986 572.64622 -7.5593227 -1.5701691000000002 -0.12250230000000001
60703 69564.0 -2027.1573 6352.5536 558.54611 -7.3563903 -2.3429224 -0.19055643
60703 69654.0 -2677.112 6107.8201 538.4069000000001 -7.0740315 -3.0907646 -0.25658326
60703 69744.0 -3298.1886 5797.206400000001 512.4434600000001 -6.7152203 -3.8056055000000004 -0.3198665
60703 69834.0 -3883.6714 5424.034000000001 480.93394 -6.2837622 -4.479697900000001 -0.37971744
60703 69924.0 -4427.223599999999 4992.3033 444.21692 -5.7842552 -5.1057238 -0.4354833
60703 70014.0 -4922.9555 4506.6506 402.68782 -5.2220403 -5.676875 -0.48655504000000005
60703 70104.0 -5365.4898 3972.2994 356.79464 -4.6031447 -6.1869279 -0.53237439
60703 70194.0 -5750.02 3395.0044 307.03310999999997 -3.9342174 -6.6303098 -0.5724397
60703 70284.0 -6072.3635 2780.9903 253.94138 -3.222461 -7.0021597 -0.60631092
60703 70374.0 -6329.0082 2136.8853 198.09425000000002 -2.4755586 -7.2983829 -0.63361426
60703 70464.0 -6517.151900000001 1469.6494 140.09701 -1.7015936999999999 -7.5157015000000005 -0.6540467
60703 70554.0 -6634.7349 786.4995799999999 80.57889 -0.90896259 -7.6516968 -0.66738024
60703 70644.0 -6680.4635 94.830377 20.186106 -0.10627882 -7.7048423 -0.6734653100000001
60703 70734.0 -6653.825400000001 -597.86715 -40.425255 0.6977261600000001 -7.6745221 -0.6722327699999999
60703 70824.0 -6555.095700000001 -1284.0877 -100.59653999999999 1.4943024 -7.5610372 -0.6636945
60703 70914.0 -6385.3342 -1956.3944 -159.67378 2.2747779 -7.3656002 -0.64794277
60703 71004.0 -6146.3739000000005 -2607.4997000000003 -217.0149 3.0306539 -7.0903232 -0.62514888
60703 71094.0 -5840.8018 -3230.3462000000004 -271.99670000000003 3.7536978 -6.7381953 -0.5955613399999999
60703 71184.0 -5471.9299 -3818.1836000000003 -324.02175 4.4360364 -6.313052 -0.55950336
60703 71274.0 -5043.759599999999 -4364.6435 -372.52496 5.070246 -5.8195314 -0.51736945
60703 71364.0 -4560.936900000001 -4863.808900000001 -416.97975 5.6494352 -5.2630207 -0.4696209
60703 71454.0 -4028.7011 -5310.2791 -456.9039 6.167320800000001 -4.6495944 -0.41678035999999996
60703 71544.0 -3452.8272 -5699.2285999999995 -491.86475 6.618295900000001 -3.9859458 -0.35942573
60703 71634.0 -2839.562 -6026.4592999999995 -521.48387 6.9974911 -3.2793124 -0.2981836
60703 71724.0 -2195.5553999999997 -6288.446 -545.44119 7.3008275000000005 -2.5373952 -0.2337223
60703 71814.0 -1527.787 -6482.374 -563.47837 7.525061399999999 -1.7682714000000002 -0.16674471
60703 71904.0 -843.4895799999999 -6606.1693 -575.40162 7.667817100000001 -0.98030266 -0.09798058899999999
60703 71994.0 -150.06974 -6658.5196 -581.08373 7.727609 -0.18204302000000003 -0.028178759
60703 72084.0 544.97275 -6638.887900000001 -580.4654499999999 7.7038548 0.61785438 0.041901114
60703 72174.0 1234.1266 -6547.5166 -573.5560600000001 7.5968802 1.4107306000000002 0.11149695
60703 72264.0 1909.9506000000001 -6385.4243 -560.43321 7.4079147 2.1880158 0.17985296
60703 72354.0 2565.1542000000004 -6154.3933 -541.24197 7.1390758 2.9413244 0.24622828000000002
60703 72444.0 3192.6765 -5856.9488 -516.19309 6.7933421 3.6625474 0.30990544000000003
60703 72534.0 3785.7622 -5496.3302 -485.56056 6.3745147 4.3439393 0.37019825
60703 72624.0 4338.033 -5076.4543 -449.67842 5.8871728 4.978198000000001 0.42645900999999997
60703 72714.0 4843.5563 -4601.8726 -408.93702 5.3366226 5.5585394 0.47808526
60703 72804.0 5296.9075 -4077.7212000000004 -363.7787 4.72884 6.078769 0.52452579
60703 72894.0 5693.227400000001 -3509.6645 -314.69284999999996 4.070405 6.5333466 0.56528598
60703 72984.0 6028.273700000001 -2903.8339 -262.21070000000003 3.3684286 6.9174455 0.59993237
60703 73074.0 6298.464900000001 -2266.7614 -206.89957 2.6304737 7.2269996 0.6280963900000001
60703 73164.0 6500.9173 -1605.3092 -149.3569 1.8644738 7.458741600000001 0.64947792
60703 73254.0 6633.4753 -926.5963 -90.203939 1.0786518 7.6102337 0.66384871
60703 73344.0 6694.7327000000005 -237.923 -30.07912 0.28143606 7.6798925 0.67105577
60703 73434.0 6684.0483 453.30719 30.36886 -0.51862759 7.6670085 0.67102419
60703 73524.0 6601.5515000000005 1139.6666 90.488131 -1.3129694 7.5717545 0.66375842
60703 73614.0 6448.1406 1813.7827 149.63078000000002 -2.0930902000000002 7.395182300000001 0.6493417100000001
60703 73704.0 6225.4719000000005 2468.4168 207.15985999999998 -2.8506538 7.1392056 0.62793372
60703 73794.0 5936.019200000001 3096.5871 262.46009999999995 -3.5774116 6.8065403 0.5997640599999999
60703 73884.0 5582.8204000000005 3691.4963 314.93187 -4.2656958000000005 6.4008451 0.5651446600000001
60703 73974.0 5169.616599999999 4246.720200000001 364.00735 -4.9083898 5.9263762 0.5244394800000001
60703 74064.0 4700.890200000001 4756.3337 409.16151 -5.4984302 5.3882069 0.47808364000000003
60703 74154.0 4181.6691 5214.8580999999995 449.90768 -6.02949 4.7920758999999995 0.42657183
60703 74244.0 3617.5232 5617.358700000001 485.80622999999997 -6.4958652 4.144343300000001 0.37045459000000003
60703 74334.0 3014.5052 5959.4987 516.46932 -6.8925365 3.4519219 0.31033237
60703 74424.0 2379.087 6237.585400000001 541.5651700000001 -7.2152213000000005 2.7222048 0.24684875
60703 74514.0 1718.0908000000002 6448.6103 560.82162 -7.4604188 1.962989 0.18068361
60703 74604.0 1038.6175 6590.281900000001 574.02903 -7.625448500000001 1.1823962 0.11254614
60703 74694.0 347.97084 6661.051 581.04268 -7.7084817999999995 0.38878783 0.043167904
60703 74784.0 -346.41984 6660.1286 581.7844200000001 -7.7085643 -0.40932314000000003 -0.026704562
60703 74874.0 -1037.0793 6587.495 576.24365 -7.6256285 -1.2033635 -0.096317655
60703 74964.0 -1716.5662 6443.9016 564.4775999999999 -7.4604954 -1.984791 -0.16491914
60703 75054.0 -2377.5528 6230.8639 546.61083 -7.2148682 -2.7451837 -0.23176678
60703 75144.0 -3012.9039 5950.6463 522.83394 -6.8913171 -3.4763297 -0.29613679000000004
60703 75234.0 -3615.7538 5606.2398 493.4015 -6.4932571 -4.1703143 -0.35733170999999997
60703 75324.0 -4179.5809 5201.330900000001 458.62944 -6.0249147999999995 -4.819608100000001 -0.41468761000000004
60703 75414.0 -4698.2792 4740.263400000001 418.89166 -5.4912867 -5.4171501 -0.46758072
60703 75504.0 -5166.224700000001 4227.9924 374.61616 -4.8980874000000005 -5.9564283 -0.51543375
60703 75594.0 -5578.3383 3670.0316000000003 326.28058000000004 -4.2516894 -6.4315528 -0.55772223
60703 75684.0 -5930.1412 3072.3943 274.40712 -3.5590546 -6.8373235999999995 -0.59398087
60703 75774.0 -6217.8049 2441.5283 219.55700000000002 -2.8276577 -7.1692903 -0.6238094200000001
60703 75864.0 -6438.1936 1784.2465 162.32431 -2.0654041000000003 -7.4238015 -0.6468777800000001
60703 75954.0 -6588.8991 1107.6528999999998 103.32956 -1.2805431 -7.5980448 -0.66292976
60703 76044.0 -6668.268099999999 419.06566 43.212909 -0.48157983000000004 -7.690077100000001 -0.67178573
60703 76134.0 -6675.4205 -274.0622 -17.372873 0.32281433 -7.698847600000001 -0.67334457
60703 76224.0 -6610.261 -964.2238600000001 -77.769483 1.1238941 -7.6242139 -0.6675850900000001
60703 76314.0 -6473.4808 -1643.9408999999998 -137.32035000000002 1.9129372 -7.4669502 -0.65456689
60703 76404.0 -6266.5516 -2305.8457000000003 -195.37789 2.6813447000000004 -7.2287425 -0.6344303200000001
60703 76494.0 -5991.709400000001 -2942.7628 -251.31077 3.420742 -6.9121715 -0.60739507
60703 76584.0 -5651.9304 -3547.7881 -304.51086 4.1230744999999995 -6.5206808 -0.57375732
60703 76674.0 -5250.8977 -4114.3649 -354.40000000000003 4.7806977 -6.0585358 -0.5338858300000001
60703 76764.0 -4792.961200000001 -4636.3554 -400.43633 5.3864591 -5.5307753 -0.48821744
60703 76854.0 -4283.089 -5108.1080999999995 -442.12018 5.9337767999999995 -4.943156 -0.43725217
60703 76944.0 -3726.8135 -5524.5195 -478.9995 6.4167128 -4.3020903 -0.38154784999999997
60703 77034.0 -3130.1697999999997 -5881.0903 -510.67486 6.8300404 -3.6145733 -0.32171409
60703 77124.0 -2499.6291 -6173.9737000000005 -536.80375 7.1693016 -2.8881026000000003 -0.25840533
60703 77214.0 -1842.0276000000001 -6400.0172999999995 -557.1042900000001 7.430854999999999 -2.1305931 -0.19231331000000002
60703 77304.0 -1164.4909 -6556.7963 -571.35826 7.6119123 -1.3502879 -0.12415907
60703 77394.0 -474.35633 -6642.6395 -579.41331 7.710567 -0.55566751 -0.05468479700000001
60703 77484.0 220.90795000000003 -6656.6457 -581.18457 7.725813100000001 0.24464325 0.015354309000000002
60703 77574.0 913.78399 -6598.693200000001 -576.6554 7.6575549 1.0419716 0.085198202
60703 77664.0 1596.7861 -6469.439200000001 -565.87747 7.506604 1.8276928000000001 0.15409003999999998
60703 77754.0 2262.5422000000003 -6270.3114000000005 -548.97014 7.2746663 2.5933244 0.22128413
60703 77844.0 2903.873 -6003.4913 -526.1190799999999 6.9643192 3.3306158999999997 0.28605385
60703 77934.0 3513.8692 -5671.889099999999 -497.57421000000005 6.5789821 4.0316361 0.34769942
60703 78024.0 4085.966 -5279.1113 -463.64691 6.122878200000001 4.6888574 0.40555570999999996
60703 78114.0 4614.013 -4829.4205999999995 -424.7066 5.6009879 5.2952372 0.45899972000000006
60703 78204.0 5092.339900000001 -4327.6889 -381.1766 5.018991 5.8442945 0.50745758
60703 78294.0 5515.817 -3779.3435 -333.52943 4.3832016000000005 6.330177 0.5504107500000001
60703 78384.0 5879.9083 -3190.3079 -282.28159999999997 3.7004966 6.7477202 0.58740141
60703 78474.0 6180.7195 -2566.9376 -227.9879 2.9782416 7.0924974 0.61803706
60703 78564.0 6415.0382 -1915.9516 -171.23536 2.2242132999999997 7.3608637 0.6419943
60703 78654.0 6580.3676 -1244.3601 -112.63689000000001 1.4465174 7.549994 0.6590217199999999
60703 78744.0 6674.951599999999 -559.38989 -52.824739 0.6535011399999999 7.6579117 0.6689418899999999
60703 78834.0 6697.7931 131.59345000000002 7.556278100000001 -0.14633635 7.6835066 0.6716523
60703 78924.0 6648.6633 821.16367 67.855496 -0.94443348 7.626543 0.6671259199999999
60703 79014.0 6528.1035 1501.9127 127.42323 -1.7322535000000001 7.487659 0.65541159
60703 79104.0 6337.418900000001 2166.5291 185.61763000000002 -2.5013706000000004 7.2683602 0.63663447
60703 79194.0 6078.6646 2807.8756000000003 241.81156000000001 -3.2435586 6.9710064 0.61099599
60703 79284.0 5754.596500000001 3419.099 295.40241 -3.9509642 6.598745 0.5787688000000001
60703 79374.0 5368.7455 3993.5708 345.807 -4.6158273 6.155652600000001 0.5403088500000001
60703 79464.0 4925.2338 4525.1408 392.4841 -5.2311616999999995 5.6464217 0.49602756
60703 79554.0 4428.8206 5008.1053 434.93159 -5.7903701000000005 5.0764936 0.44640197000000004
60703 79644.0 3884.8312 5437.2705000000005 472.69203999999996 -6.2874631 4.451944999999999 0.39196402999999996
60703 79734.0 3299.1015 5808.0160000000005 505.35816 -6.717101899999999 3.7794328 0.33329553
60703 79824.0 2677.9162 6116.3442000000005 532.5770699999999 -7.074654499999999 3.0661294 0.27102291
60703 79914.0 2027.9433000000001 6358.9237 554.05409 -7.356248300000001 2.3196522 0.20581178
60703 80004.0 1356.1632 6533.125599999999 569.55596 -7.5588157 1.5479831 0.13836062000000002
60703 80094.0 669.79492 6637.0526 578.9135 -7.6801297 0.7593837099999999 0.069393336
60703 80184.0 -23.780826 6669.5602 582.02351 -7.7188282 -0.037693067999999996 -0.000348732
60703 80274.0 -717.10036 6630.2702 578.85 -7.6744299 -0.83469166 -0.070115065
60703 80364.0 -1402.6966000000002 6519.5752 569.42463 -7.5473416 -1.6230429 -0.13915394
60703 80454.0 -2073.1791000000003 6338.6368 553.84649 -7.338858 -2.3942547 -0.20672013000000003
60703 80544.0 -2721.3135 6089.3735 532.28114 -7.0511516 -3.1400038 -0.27208255000000003
60703 80634.0 -3340.0998 5774.4422 504.95905 -6.6872526 -3.8522269000000002 -0.33453191
60703 80724.0 -3922.8481 5397.2103 472.17321000000004 -6.251018 -4.5232091 -0.39338865
60703 80814.0 -4463.2516 4961.7208 434.27617 -5.747091999999999 -5.1456668 -0.44801092000000003
60703 80904.0 -4955.4547999999995 4472.6498 391.67623 -5.1808586 -5.7128276 -0.49780226
60703 80994.0 -5394.1184 3935.257 344.83307 -4.5583875 -6.2185047 -0.5422187300000001
60703 81084.0 -5774.4776 3355.3301 294.25273 -3.8863708000000003 -6.657167 -0.58077483
60703 81174.0 -6092.3956 2739.1225 240.48214000000002 -3.1720524 -7.0240029999999996 -0.61304854
60703 81264.0 -6344.4091 2093.2863 184.10317 -2.4231501 -7.314977 -0.6386853200000001
60703 81354.0 -6527.768 1424.7998 125.72646 -1.6477715000000002 -7.5268767 -0.6574017400000001
60703 81444.0 -6640.465700000001 740.89211 65.98481699999999 -0.8543243300000001 -7.6573516 -0.66898883
60703 81534.0 -6681.2626 48.963938999999996 5.526383200000001 -0.051422721000000005 -7.704942 -0.6733149700000001
60703 81624.0 -6649.6999000000005 -643.49341 -54.992404 0.75221021 -7.6690951 -0.67032802
60703 81714.0 -6546.1050000000005 -1328.98 -114.91404 1.5478398 -7.5501711 -0.6600563100000001
60703 81804.0 -6371.5885 -2000.069 -173.58717000000001 2.3268150999999997 -7.3494367 -0.6426084
60703 81894.0 -6128.0324 -2649.4882000000002 -230.37382000000002 3.0806617000000003 -7.0690523 -0.61817193
60703 81984.0 -5818.0699 -3270.199 -284.65634000000006 3.8011722 -6.7120502 -0.5870118
60703 82074.0 -5445.057400000001 -3855.4742 -335.84434999999996 4.4804981 -6.2823067 -0.5494676399999999
60703 82164.0 -5013.0383 -4398.9716 -383.38125 5.1112403 -5.7845013 -0.50595036
60703 82254.0 -4526.6981 -4894.8048 -426.75048 5.6865361000000005 -5.2240646 -0.45693745
60703 82344.0 -3991.3133 -5337.6072 -465.48121000000003 6.200138 -4.6071140999999995 -0.40296705
60703 82434.0 -3412.6918 -5722.5913 -499.15353999999996 6.6464821 -3.9403814 -0.34463127
60703 82524.0 -2797.1097000000004 -6045.6 -527.40301 7.0207462 -3.2311360000000002 -0.28256904
60703 82614.0 -2151.2416000000003 -6303.151900000001 -549.9245 7.3189001 -2.4871054 -0.21745899
60703 82704.0 -1482.0877 -6492.4782000000005 -566.4755 7.537749600000001 -1.7163898 -0.15001211
60703 82794.0 -796.8964000000001 -6611.5528 -576.87863 7.6749714 -0.92737284 -0.080964096
60703 82884.0 -103.08539 -6659.1133 -581.0235600000001 7.7291373000000005 -0.12862592 -0.011067171
60703 82974.0 591.84012 -6634.6735 -578.86807 7.6997271000000005 0.6711875700000001 0.058918381
60703 83064.0 1280.369 -6538.527400000001 -570.43839 7.5871297 1.463408 0.12823285
60703 83154.0 1955.0657 -6371.744900000001 -555.82882 7.3926352 2.2394729000000004 0.19612553
60703 83244.0 2608.6508 -6136.1584 -535.20048 7.1184189 2.9910096 0.26186288
60703 83334.0 3234.0796 -5834.3422 -508.77946000000003 6.7675148 3.7099253 0.32473624
60703 83424.0 3824.6177000000002 -5469.5827 -476.85421 6.3437797 4.3884954 0.38406919
60703 83514.0 4373.9133 -5045.8421 -439.77238 5.8518472 5.0194451 0.43922435000000004
60703 83604.0 4876.0644 -4567.7143 -397.93697 5.2970744000000005 5.5960248 0.48960983
60703 83694.0 5325.6815 -4040.3741 -351.80197 4.6854830000000005 6.1120783 0.53468544
60703 83784.0 5717.9449 -3469.5216 -301.86743 4.0236949 6.5621071 0.57396846
60703 83874.0 6048.6548 -2861.3197999999998 -248.67409 3.3188614 6.9413279 0.60703906
60703 83964.0 6314.2762999999995 -2222.3282000000004 -192.79741 2.5785843 7.245724 0.6335450300000001
60703 84054.0 6511.9754 -1559.4314 -134.84142000000003 1.8108322000000001 7.4720857 0.65320551
60703 84144.0 6639.649 -879.76579 -75.432064 1.023853 7.6180406000000005 0.66581381
60703 84234.0 6695.9453 -190.64260000000002 -15.210496 0.22608694000000001 7.6820742 0.67123931
60703 84324.0 6680.277400000001 500.52973 45.173849000000004 -0.57392074 7.6635425 0.66942862
60703 84414.0 6592.8292 1186.3242 105.07021 -1.367608 7.562678200000001 0.66040575
60703 84504.0 6434.5524000000005 1859.3742 163.83346 -2.1464857000000004 7.3805879999999995 0.64427134
60703 84594.0 6207.1561 2512.4515 220.83091000000002 -2.9022276000000002 7.1192403 0.62120082
60703 84684.0 5913.086700000001 3138.5438 275.44895 -3.6267626 6.78144 0.5914418100000001
60703 84774.0 5555.2206 3730.7935 327.08770000000004 -4.3117811 6.3716082 0.55538235
60703 84864.0 5137.9301 4283.058 375.21 -4.9503624 5.893308 0.5133352200000001
60703 84954.0 4665.5783 4789.487099999999 419.30426 -5.5364861 5.3509267000000005 0.46568592000000003
60703 85044.0 4143.1245 5244.477900000001 458.88085 -6.0631995 4.7509394 0.41300441
60703 85134.0 3576.1567999999997 5643.121400000001 493.51117 -6.5247999000000005 4.0998564 0.35586545
60703 85224.0 2970.7633 5981.1276 522.82133 -6.9163366 3.4046438 0.29488489
60703 85314.0 2333.445 6254.8559000000005 546.49486 -7.2336052 2.6727326 0.23071930000000002
60703 85404.0 1671.0458999999998 6461.3527 564.2759100000001 -7.4731866 1.9119427 0.16405812
60703 85494.0 990.6809300000001 6598.3829000000005 575.97188 -7.6324804 1.1304043 0.09561622
60703 85584.0 299.6615 6664.4537 581.4554 -7.7097328 0.33647836000000003 0.026127054
60703 85674.0 -394.58234999999996 6658.8325 580.6656899999999 -7.7040604 -0.46132856 -0.043664052
60703 85764.0 -1084.5808000000002 6581.5551 573.6093199999999 -7.6154647 -1.2544536000000002 -0.11300702
60703 85854.0 -1762.9041000000002 6433.4272 560.3602900000001 -7.4448362 -2.0343709 -0.1811548
60703 85944.0 -2422.2426 6216.0167 541.0594 -7.1939464 -2.7926844 -0.24737167
60703 86034.0 -3055.4849 5931.6377 515.91283 -6.8654305 -3.5212173 -0.31094162999999997
60703 86124.0 -3655.7947000000004 5583.3275 485.19 -6.4627607 -4.2120994000000005 -0.37117632
60703 86214.0 -4216.684700000001 5174.814200000001 449.22078999999997 -5.9902131 -4.8578513999999995 -0.42742243
60703 86304.0 -4732.0871 4710.4789 408.39201 -5.4528252 -5.4514668 -0.47906849
60703 86394.0 -5196.4198 4195.308599999999 363.14340999999996 -4.8563444 -5.9864911 -0.5255512099999999

