CIC_AEM_VERS = 1.0
CREATION_DATE = 2025-06-13T14:22:07.413Z
ORIGINATOR = CS Group

META_START
OBJECT_NAME = BLUE1
OBJECT_ID = BLUE1
CENTER_NAME = null
REF_FRAME_A = EME2000
REF_FRAME_B = SC_BODY_1
ATTITUDE_DIR = A2B
TIME_SYSTEM = UTC
START_TIME = 2025-06-12T19:42:04.119264
STOP_TIME = 2025-06-14T00:00:00.0
ATTITUDE_TYPE = QUATERNION
QUATERNION_TYPE = LAST
META_STOP

60838 70924.119264 -0.4071598301191656 -0.6342650916762028 -0.5538175919762867 -0.35385694996127687
60838 71344.119264 -0.5398901540792181 -0.525935142718025 -0.6194136280972931 -0.2196306092279425
60838 71764.119264 -0.6451677688278153 -0.389727597872228 -0.6530675492755795 -0.07330569968065387
60838 72184.119264 -0.7170068310684068 -0.2325089413967465 -0.6525616575188573 0.07748599556079241
60838 72604.119264 -0.7511586140004729 -0.06258684256588339 -0.6175766292997893 0.22459459186105213
60838 73024.119264 -0.7455547474518034 0.11077058926716514 -0.5498609989156116 0.35990398299686593
60838 73444.119264 0.7005593467361275 -0.2780284332406874 0.45317789121793584 -0.47596910710847984
60838 73864.119264 0.6189245775203184 -0.43011550204316956 0.3330076426704122 -0.5666029757833457
60838 74284.119264 0.5054743230142061 -0.559093083993189 0.1960531259751072 -0.6272749030526437
60838 74704.119264 0.36656438231726124 -0.6586050721801786 0.049668023731796025 -0.655288486037626
60838 75124.119264 0.20953402610064376 -0.7240524749133388 -0.09864434424578311 -0.6497020846713077
60838 75544.119264 0.04225828110037799 -0.7525710037730889 -0.2415822382057785 -0.6111375820074341
60838 75964.119264 -0.12713462573740295 -0.7429334260003063 -0.3722355086166048 -0.5415971174175461
60838 76384.119264 -0.2904287986145144 -0.6955056962414935 -0.4842119316983429 -0.44436667812958763
60838 76804.119264 -0.43949151747285914 -0.6123026750588652 -0.5717997420494514 -0.32400261600385605
60838 77224.119264 -0.566566917585105 -0.4970837974692714 -0.6302374865878109 -0.1863071031687197
60838 77644.119264 -0.6646926438642996 -0.3554064530196097 -0.6560557338259743 -0.038220628707146403
60838 78064.119264 -0.7282321687933042 -0.1945052105270202 -0.6474557968643858 0.112457203055843
60838 78484.119264 -0.753403244753746 -0.02295676512903837 -0.6045962986568465 0.2575264129750162
60838 78904.119264 -0.7386848473929738 0.14984008680975036 -0.5297137671971193 0.3889678257371703
60838 79324.119264 0.6850051023516486 -0.3143936932230497 0.42700839141196173 -0.4995882795638298
60838 79744.119264 0.5956298600422703 -0.46184408493098483 0.30229478218339506 -0.5835606015702058
60838 80164.119264 0.4757775253456684 -0.5845853716415748 0.16248080202393508 -0.6367854258793088
60838 80584.119264 0.3320703294551429 -0.6766627376549763 0.014986702166080723 -0.6569872407611969
60838 81004.119264 0.17200188647039766 -0.7338784071831704 -0.1327081558802244 -0.6436042105858129
60838 81424.119264 0.0035212258265185465 -0.753746718472923 -0.27338334954822835 -0.5975910219788867
60838 81844.119264 -0.16521244893644138 -0.7354001582098559 -0.4002346870898124 -0.5212520016954011
60838 82264.119264 -0.32598104685147816 -0.6795682087614142 -0.5070101289115476 -0.41816759309577445
60838 82684.119264 -0.47070237714592733 -0.5886562550100922 -0.588186253767876 -0.2931893866857704
60838 83104.119264 -0.591755207776536 -0.46683522402478017 -0.6392683912030701 -0.15240266299418964
60838 83524.119264 -0.6824274192805152 -0.3200649845938461 -0.6571470986285557 -0.00298560130430881
60838 83944.119264 -0.737462778709893 -0.15592976800496292 -0.6404608950301943 0.1471203568664932
60838 84364.119264 -0.753569309730674 0.016749491279632697 -0.5898519179466557 0.28970237290805995
60838 84784.119264 -0.7297832858364858 0.18848491952568822 -0.5080370196086554 0.41687909222249514
60838 85204.119264 0.6675893155621663 -0.3498700185026362 0.39963216878369484 -0.5217371038880059
60838 85624.119264 0.5707406272426698 -0.49228686129920923 0.27075626463162566 -0.5988320530579052
60838 86044.119264 0.4448270103081302 -0.6084854874843936 0.12848464893202102 -0.6444889738467415
60839 64.119264 0.29670648274106914 -0.6929118845123592 -0.01971541753201475 -0.6568482973354601
60839 484.119264 0.13400599519183637 -0.7417650586163229 -0.16640466659116893 -0.6357172940901092
60839 904.119264 -0.035261962967243855 -0.7529321073292699 -0.3044475757394744 -0.582375745843488
60839 1324.119264 -0.20291069393578562 -0.7259053170991927 -0.4271540341997034 -0.49942782457582113
60839 1744.119264 -0.3607296644717195 -0.6617858534151793 -0.5284199061013729 -0.3907505549906228
60839 2164.119264 -0.5007038520956604 -0.5633738483913844 -0.6029328073846443 -0.2614910882315488
60839 2584.119264 -0.6153722265101438 -0.43525592455327194 -0.6464850422710811 -0.11801013982274212
60839 3004.119264 -0.6983056694880653 -0.283788590114713 -0.6563459943396099 0.03229804631671911
60839 3424.119264 -0.7446566843607051 -0.11688300610694559 -0.6316061146287155 0.1813794400805749
60839 3844.119264 -0.7516423839185647 0.05642698142248477 -0.573394978259119 0.3210419308626023
60839 4264.119264 -0.7188611442255118 0.22660616814176107 -0.48489824969612044 0.44357861459332637
60839 4684.119264 0.6483443110682703 -0.3843706812016546 0.3711251210689411 -0.5423789987172714
60839 5104.119264 0.5443099254683108 -0.5213746900385391 0.238468721686459 -0.6123951391063823
60839 5524.119264 0.41268680452545203 -0.6307385398061387 0.09414272476744479 -0.6503811522078053
60839 5944.119264 0.26054816850134227 -0.7073109082918388 -0.0543611798736323 -0.6548822741720198
60839 6364.119264 0.09563174164455793 -0.747684461997376 -0.19965551194741776 -0.6260672422565623
60839 6784.119264 -0.07399522107229854 -0.7501155695470604 -0.3346979507436298 -0.5655339259050385
60839 7204.119264 -0.24012608140835 -0.7144581070106452 -0.4529209380843797 -0.4761845253670065
60839 7624.119264 -0.39456843077083453 -0.642191297608061 -0.5483808465952879 -0.36219406097139595
60839 8044.119264 -0.5293961155045912 -0.5365164363484368 -0.6159936854511084 -0.22900141025981552
60839 8464.119264 -0.6373345086295498 -0.40243482154463994 -0.651861347601194 -0.08323293832263538
60839 8884.119264 -0.7122679036357298 -0.24668873039637296 -0.653651131720839 0.06752260174085925
60839 9304.119264 -0.7497840244987055 -0.07749121575072337 -0.6209178178694233 0.21512808171011288
60839 9724.119264 -0.7476260857745964 0.0959446789788155 -0.5552789547540993 0.35144720350602154
60839 10144.119264 0.7059566418955389 -0.26407846108255684 0.46037493831489085 -0.4689804924806607
60839 10564.119264 0.6273384748577066 -0.4177843040939202 0.3415834066086795 -0.5614476730253453
60839 10984.119264 0.5164287376826173 -0.5490155194926593 0.20554021335795278 -0.6242087302693796
60839 11404.119264 0.37946414733045153 -0.6512768355865672 0.059565795196534585 -0.6544443141793846
60839 11824.119264 0.2237076292742435 -0.7198172173428139 -0.08884137656964958 -0.6510954461755633
60839 12244.119264 0.05699255660819525 -0.7516176899950409 -0.2323576897456714 -0.6146808933046761
60839 12664.119264 -0.1125663894732324 -0.7453003986985806 -0.36404139762863835 -0.5471105779212144
60839 13084.119264 -0.2767482862395056 -0.7010824369375632 -0.47745688129829894 -0.4515846866115882
60839 13504.119264 -0.4273937646804023 -0.6208301329318987 -0.5668311610001486 -0.33257623317864615
60839 13924.119264 -0.5566874149989708 -0.5081529784543021 -0.6273257454616502 -0.1958113417317032
60839 14344.119264 -0.6575690641549857 -0.3684620150454825 -0.6553764421036834 -0.048170410736012255
60839 14764.119264 -0.7242658087123572 -0.20886821556956342 -0.6490680261825914 0.10258559471220215
60839 15184.119264 -0.7528245702512667 -0.03786386080259437 -0.6084264722180719 0.24827146911272172
60839 15604.119264 -0.7415282227795632 0.13519622797949787 -0.5355554205341139 0.38083889808950266
60839 16024.119264 0.6911019581683213 -0.3008043291860351 0.4345343870858365 -0.49302606969488716
60839 16444.119264 0.6046243149500867 -0.4500280155903911 0.31108329955213027 -0.5789053495129172
60839 16864.119264 0.48716639741191503 -0.5751444668102713 0.1720494890547951 -0.6342528808339847
60839 17284.119264 0.3452421923759057 -0.6700514633440613 0.02483500814857994 -0.6566750242275248
60839 17704.119264 0.18627982920856834 -0.7303984423451519 -0.12307253736464015 -0.6455006515848235
60839 18124.119264 0.018195516753249992 -0.7535507469897484 -0.26442655256494874 -0.6015885580526699
60839 18544.119264 -0.15085751188371097 -0.7384947645618617 -0.3923952819924567 -0.527155988767117
60839 18964.119264 -0.31265602470795356 -0.6858153654996704 -0.5006822847694467 -0.4257002987741725
60839 19384.119264 -0.45908927238104175 -0.5977690244386523 -0.5837044450763967 -0.30199065251156926
60839 19804.119264 -0.5824734770185304 -0.4783742731030728 -0.6368886992963771 -0.16203545325520355
60839 20224.119264 -0.6759930336675289 -0.3334476493507007 -0.6570223511119021 -0.012950432998619157
60839 20644.119264 -0.7342460136259571 -0.17045604463088884 -0.642618975234639 0.13736222549000024
60839 21064.119264 -0.75375845042972 0.001859346135929147 -0.5941851071380951 0.28069342652264684
60839 21484.119264 -0.7333640932622583 0.17404004825894295 -0.5143052356947572 0.409117700488027
60839 21904.119264 0.6743485754971669 -0.33665032776967546 0.4074800401862238 -0.5156360852261461
60839 22324.119264 0.5802886434016126 -0.4809865818231469 0.27974311345825914 -0.5946938615101729
60839 22744.119264 0.45663374009613505 -0.5996682027700769 0.13812656744110732 -0.6424988135080549
60839 23164.119264 0.3101479266836694 -0.6869945468955587 -0.00991350914553512 -0.657075702218556
60839 23584.119264 0.14840099862685452 -0.7390155226367496 -0.1569240924458987 -0.6381285373014712
60839 24004.119264 -0.020622262518662494 -0.7534734714095414 -0.2957454399784352 -0.5868450263081625
60839 24424.119264 -0.1887402874700237 -0.7297164809340255 -0.41965893911575036 -0.5057443387317722
60839 24844.119264 -0.34773435684195547 -0.6686990925067209 -0.5225171139960483 -0.398620378723467
60839 25264.119264 -0.48955672061390315 -0.5730711654961136 -0.5989435077354436 -0.27053711597533064
60839 25684.119264 -0.6066779812382159 -0.4472682208134272 -0.6446440918503651 -0.12777699547857693
60839 26104.119264 -0.6925557284978588 -0.2975059968239803 -0.6567787632683076 0.02232489413910469
60839 26524.119264 -0.7421863114508017 -0.13158242779425688 -0.6343102695857386 0.1717440703165338
60839 26944.119264 -0.7525978524114175 0.041538345171800176 -0.5782315470895579 0.3122808293452015
60839 27364.119264 -0.723186879817543 0.21234026487815535 -0.4915987142559707 0.4361686060609106
60839 27784.119264 0.6557861394551926 -0.37149519055364705 0.3793115212853918 -0.5367109394395887
60839 28204.119264 0.5544397650236326 -0.5105573981040115 0.24768823442057875 -0.6087513685663609
60839 28624.119264 0.424950636201556 -0.6225143391407759 0.103903832102347 -0.6489197546927226
60839 29044.119264 0.27430474822850287 -0.7020664623908363 -0.044555316190712506 -0.6556480849392148
60839 29464.119264 0.11018979988101456 -0.7456571140447257 -0.1902847123886895 -0.6290035011888461
60839 29884.119264 -0.05935106701868574 -0.7513977704017596 -0.3262156862246399 -0.5704929162925647
60839 30304.119264 -0.22611386751453638 -0.7189971734545477 -0.4457469658956976 -0.48293397672639443
60839 30724.119264 -0.3818916326454545 -0.6497850212985807 -0.5428889055828141 -0.37041847039056586
60839 31144.119264 -0.5187176281105681 -0.5468120243141935 -0.6124871461252556 -0.2383025979382096
60839 31564.119264 -0.6292395521015368 -0.4149301370883772 -0.6505505547480748 -0.09313722737901226
60839 31984.119264 -0.7072174919766402 -0.2607436696562588 -0.6546337268068938 0.057539912264235535
60839 32404.119264 -0.7480750676842342 -0.09236016980258029 -0.6241607465349666 0.2056128756381279
60839 32824.119264 -0.7493624290682881 0.08106893296833198 -0.5606128726448433 0.3429241680505295
60839 33244.119264 0.7110375677011153 -0.250005403924399 0.467503602083809 -0.46191260793027017
60839 33664.119264 0.6354666608748455 -0.40526548490615405 0.3501070273876909 -0.5562077660677783
60839 34084.119264 0.5271442557545014 -0.5386970479895848 0.21498919804602148 -0.6210507779850762
60839 34504.119264 0.39218659593799815 -0.6436641957913591 0.06944183134914773 -0.6535012693803316
60839 34924.119264 0.2377770685126819 -0.7152656610856509 -0.07903604681454557 -0.6523882303239008
60839 35344.119264 0.07170602921687097 -0.7503327675936741 -0.22310237737836375 -0.6181296890275445
60839 35764.119264 -0.09793231807926418 -0.747341842279128 -0.35578557455870535 -0.5525450721799923
60839 36184.119264 -0.26291686521489893 -0.7063637966425838 -0.47061009299864687 -0.45874944048581695
60839 36604.119264 -0.4150666369242547 -0.629113095677117 -0.5617519610002947 -0.3411321357953059
60839 37024.119264 -0.5465154969430692 -0.5190452361270386 -0.6242987799746704 -0.20533847125425608
60839 37444.119264 -0.6501126421149669 -0.3814220607337538 -0.654588369075922 -0.05817930231996826
60839 37864.119264 -0.7199504956162613 -0.22322580796544778 -0.6505853861483736 0.09262924943150741
60839 38284.119264 -0.7519039347113422 -0.05285186100766049 -0.6121843711980369 0.23890887261567478
60839 38704.119264 -0.7440593076854277 0.1203928777804688 -0.5413540063840433 0.3725817244556746
60839 39124.119264 0.6969368924936593 -0.28698616114032477 0.442051078452943 -0.48632165819939666
60839 39544.119264 0.6134270761070253 -0.4379284185949036 0.3198988325348098 -0.5740998688630911
60839 39964.119264 0.49844271057436806 -0.5653799165175887 0.1816862586907012 -0.6315778001773154
60839 40384.119264 0.3583883995842755 -0.6630963947877224 0.03479055351944108 -0.65623969984203
60839 40804.119264 0.2006209412157894 -0.7265765799175681 -0.11329821790453551 -0.647303039758533
60839 41224.119264 0.03301738777244002 -0.7530353990859776 -0.25531337489188616 -0.6055267297398373
60839 41644.119264 -0.13628706662398246 -0.741311581176796 -0.38438832830978664 -0.5330371358014341
60839 42064.119264 -0.29906481989885975 -0.6918410356473288 -0.49418145257423707 -0.4332446270006257
60839 42484.119264 -0.44717347195187235 -0.6067248120245564 -0.5790530610987807 -0.310835070235658
60839 42904.119264 -0.5728668468820759 -0.4898273130361788 -0.6343490397245997 -0.1717383910126788
60839 43324.119264 -0.6692258960707207 -0.3468214770459754 -0.6567512557070714 -0.023007633845612458
60839 43744.119264 -0.7307030762605383 -0.18505052524092686 -0.6446523322569269 0.12748603047843296
60839 44164.119264 -0.7536468918689357 -0.013170234224041769 -0.5984263872144895 0.27153041522487026
60839 44584.119264 -0.7366915578353681 0.15939075328957156 -0.5205248539185162 0.40116581712926225
60839 45004.119264 0.6809193960644286 -0.3231687534897732 0.4153317142219604 -0.5093233746771965
60839 45424.119264 0.5897225290180564 -0.4693789853031188 0.2887932682554461 -0.5903466398097819
60839 45844.119264 0.4684089568593199 -0.5905211324804499 0.14788622962707787 -0.640318283601724
60839 46264.119264 0.3236402975478839 -0.6807481705528438 4.9861225389836375E-5 -0.6571444921826034
60839 46684.119264 0.16292383995062287 -0.7359575690388497 -0.14725486887165407 -0.6404203951653651
60839 47104.119264 -0.005789734127914138 -0.7537416115566081 -0.2868442056303054 -0.5912363856217702
60839 47524.119264 -0.1743317641738288 -0.7333004657556023 -0.41196185340028507 -0.5120217712809284
60839 47944.119264 -0.3344753804026271 -0.6754391860359303 -0.5164106497079287 -0.4064826770477096
60839 48364.119264 -0.4781336177224345 -0.5826520791462974 -0.5947508904651858 -0.27960002961556074
60839 48784.119264 -0.5977023890521839 -0.4592170924658199 -0.6426058626815754 -0.13758350684518356
60839 49204.119264 -0.6865242271836076 -0.311210725499985 -0.6570246431932418 0.012287719907145998
60839 49624.119264 -0.7394408161007511 -0.14631772055433592 -0.6368441316854725 0.1620122096442583
60839 50044.119264 -0.7532956638880682 0.026569409896961136 -0.5829225625299621 0.3033825890170103
60839 50464.119264 -0.7272812660745412 0.19794588508200783 -0.4981865298874893 0.42859020991475594
60839 50884.119264 0.6630332272968499 -0.3584424118576859 0.3874269470965564 -0.5308543468272735
60839 51304.119264 0.5644272911859873 -0.4995247406948268 0.25688180887011053 -0.6049037962104675
60839 51724.119264 0.4371308614995622 -0.6140488660513641 0.11368693618705582 -0.6472525631977711
60839 52144.119264 0.2880399065976249 -0.6965690201160284 -0.03468232718827444 -0.6562177600481665
60839 52564.119264 0.12478878228935385 -0.7433788662040443 -0.18081151504182116 -0.6317616774735637
60839 52984.119264 -0.04460983341120831 -0.7524423659452687 -0.31760485030301533 -0.5752978426499702
60839 53404.119264 -0.21196057871521612 -0.7233207036411046 -0.4384238144383375 -0.4895553407820064
60839 53824.119264 -0.3690440041038437 -0.6571924491894713 -0.5372278389344279 -0.37853778785900727
60839 54244.119264 -0.5078475697805346 -0.5569515339537165 -0.6087939633260314 -0.24751918089794575
60839 54664.119264 -0.620934668463933 -0.4272935806338625 -0.6490418539673222 -0.10298060617096665
60839 55084.119264 -0.7019401010831426 -0.2746883800850025 -0.6554094366388536 0.047590531646589704
60839 55504.119264 -0.7461228243179491 -0.10714308730170129 -0.6271903985050239 0.19609511441740746
60839 55924.119264 -0.7508409917481939 0.06624546236352313 -0.565730868866628 0.33436197127999157
60839 56344.119264 0.7158519348048968 -0.23594099860745568 0.4744212387296234 -0.4547662485876146
60839 56764.119264 0.6433326706637589 -0.3927049592396924 0.3584359828490462 -0.5508443845989767
60839 57184.119264 0.5376147695359761 -0.5282807885300459 0.22427618554428005 -0.6177296825024357
60839 57604.119264 0.40469635724942254 -0.6358994312853784 0.07920251485306848 -0.6523647241849682
60839 58024.119264 0.2516832557060355 -0.7105170087369926 -0.06929561127744359 -0.6534670897224528
60839 58444.119264 0.08631675235913988 -0.7488184510874218 -0.21386215082880142 -0.6213560380458891
60839 58864.119264 -0.08333772984197176 -0.7491354830112837 -0.34749609621356853 -0.5577609828542756
60839 58914.0 -0.09904574205909897 0.3696438155666731 -0.8923991127884013 -0.239117573774384
60839 59034.0 -0.09140261713233556 0.37160997732466183 -0.8971384955453554 -0.22066741069931536
60839 59154.0 -0.08372069677365788 0.37341794732761147 -0.9014965297323638 -0.2021234484810498
60839 59274.0 -0.0760031907549301 0.37506696302485415 -0.9054713932205791 -0.18349344484630997
60839 59394.0 -0.0682533670658575 0.3765563180589363 -0.9090613965254257 -0.16478529837735306
60839 59514.0 -0.060474513548954674 0.3778853725578683 -0.9122650092644977 -0.14600695630504823
60839 59634.0 -0.052669930499489606 0.3790535549367836 -0.9150808644550394 -0.12716639658016357
60839 59754.0 -0.044842929182840864 0.380060362196116 -0.9175077591918815 -0.10827162422515033
60839 59874.0 -0.036996830451183 0.38090536016481025 -0.9195446551976988 -0.08933066792332853
60839 59994.0 -0.02913496336336261 0.38158818371112807 -0.9211906793003349 -0.07035157661378623
60839 60114.0 -0.021260663801719475 0.3821085369223488 -0.9224451238405054 -0.05134241607722637
60839 60234.0 -0.01337727308546689 0.38246619325358855 -0.923307447009885 -0.03231126551211012
60839 60354.0 -0.005488136580865371 0.3826609956453325 -0.9237772731194416 -0.013266214102044063
60839 60474.0 0.002403397691162404 0.38269285660984864 -0.923854392797567 0.0057846424237666
60839 60594.0 0.01029398044953909 0.38256175828617883 -0.9235387631178339 0.024833205235592685
60839 60714.0 0.01818026254910111 0.38226775246371036 -0.9228305076561076 0.04387137585214015
60839 60834.0 0.026058896377546412 0.3818109605742822 -0.9217299164768351 0.06289105959144492
60839 60954.0 0.03392653725280831 0.3811915736527585 -0.9202374460484052 0.08188416902231997
60839 61074.0 0.04177984482015203 0.38040985226611046 -0.918353719087502 0.10084262741437086
60839 61194.0 0.04961548444853012 0.3794661264110254 -0.916079524332417 0.11975837218517082
60839 61314.0 0.05743012862549086 0.37836079538004275 -0.9134158162454 0.13862335834263473
60839 61434.0 0.06522045835014588 0.3770943275963769 -0.9103637146440796 0.15742956192108915
60839 61554.0 0.0729831645235617 0.3756672604174057 -0.9069245042621527 0.17616898340927226
60839 61674.0 0.08071494933601979 0.37408019990702507 -0.9030996342394947 0.19483365116861837
60839 61794.0 0.08841252765058503 0.3723338205769439 -0.8988907175419416 0.21341562484022586
60839 61914.0 0.09607262838237429 0.370428865097126 -0.8942995303110375 0.23190699873875145
60839 62034.0 0.10369199587305124 0.3683661439755447 -0.8893280111440307 0.2502999052318124
60839 62154.0 0.11126739125988969 0.36614653520738694 -0.8839782603045682 0.2685865181031123
60839 62274.0 0.11879559383898848 0.3637709838941348 -0.8782525388643629 0.28675905589786665
60839 62394.0 0.12627340242198778 0.36124050183246664 -0.8721532677764182 0.3048097852489609
60839 62514.0 0.1336976366858536 0.35855616707364846 -0.8656830268801333 0.32273102418224636
60839 62514.000288 0.13448788471088455 0.35635991174382814 -0.8666127201997517 0.3223399065519343
60839 62634.000288 0.14213980836883577 0.35337460680597366 -0.8594641852660667 0.34094570885484143
60839 62754.000288 0.1497969134992828 0.3501944376808519 -0.8518432669302494 0.3595661122924132
60839 62874.000288 0.15745224010042977 0.34681688382264864 -0.8437437518736434 0.3781842439302459
60839 62994.000288 0.16509846145716733 0.3432397867148851 -0.8351602977606134 0.3967823381714464
60839 63114.000288 0.17272789985042064 0.3394613871963792 -0.8260885239444934 0.4153417747147295
60839 63234.000288 0.18033254675146768 0.3354803621258503 -0.8165251006633166 0.43384312740528547
60839 63354.000288 -0.18790408764363636 -0.3312958598150527 0.8064678353481128 -0.45226622432495084
60839 63474.000288 -0.1954339315389481 -0.32690753362212044 0.7959157545722315 -0.4705902192864268
60839 63594.000288 -0.2029132451716342 -0.322315573069859 0.7848691801028163 -0.488793674688306
60839 63714.000288 -0.21033299175545642 -0.31752073184047663 0.773329797481156 -0.5068546554570071
60839 63834.000288 -0.21768397408949153 -0.3125243520008952 0.7613007155625424 -0.5247508335533989
60839 63954.000288 -0.22495688169017555 -0.30732838383311384 0.7487865154928811 -0.5424596022624983
60839 64074.000288 -0.23214234151913032 -0.3019354006834143 0.7357932876918708 -0.5599581992218252
60839 64194.000288 -0.23923097177029376 -0.29634860830306986 0.7223286555525811 -0.577223836886762
60839 64314.000288 -0.24621343808007873 -0.29057184823147614 0.7084017847543879 -0.5942338388891439
60839 64434.000288 -0.25308051143478694 -0.2846095948691819 0.6940233773179803 -0.6109657805282152
60839 64554.000288 -0.25982312697431326 -0.27846694600117183 0.6792056498027953 -0.6273976314507673
60839 64674.000288 -0.2664324428339479 -0.2721496066570803 0.6639622953519739 -0.6435078984386048
60839 64794.000288 -0.27289989813004234 -0.2656638663310716 0.6483084296187788 -0.6592757661342271
60839 64914.000288 -0.2792172691827922 -0.2590165697255723 0.6322605209509725 -0.6746812335055029
60839 65034.000288 -0.28537672308194983 -0.2522150813249989 0.615836305554125 -0.6897052438808036
60839 65154.000288 -0.2913708677393171 -0.2452672442430209 0.5990546886889067 -0.704329806478548
60839 65274.000288 -0.29719279763468504 -0.23818133391465454 0.5819356332688363 -0.7185381075076697
60839 65394.000288 -0.30283613454768915 -0.2309660073178336 0.5645000375020685 -0.7323146091237259
60839 65514.000288 -0.30829506267393075 -0.2236302485038637 0.5467696034534016 -0.7456451347822147
60839 65634.000288 -0.31356435764593993 -0.21618331128892496 0.5287666985823846 -0.7585169398270091
60839 65754.000288 -0.31863940911360417 -0.20863466000717013 0.5105142124342986 -0.7709187664767367
60839 65874.000288 -0.3235162366796648 -0.2009939092486317 0.49203541071947715 -0.7828408827135277
60839 65994.000288 -0.3281914991286248 -0.19327076350198907 0.4733537890125162 -0.7942751049243318
60839 66114.000288 -0.3326624970269397 -0.18547495759419666 0.45449292823848325 -0.805214804482904
60839 66234.000288 -0.3369271689039516 -0.17761619876807488 0.4354763539931172 -0.81565489877914
60839 66354.000288 -0.34098408134260966 -0.169704111168039 0.4163274015749412 -0.8255918274919272
60839 66474.000288 -0.34483241341323756 -0.1617481834167971 0.39706908839780347 -0.8350235151538581
60839 66594.000288 -0.34847193596998494 -0.15375771986600584 0.37772399521215005 -0.8439493212651511
60839 66714.000288 -0.3519029863965728 -0.14574179599580075 0.35831415730254645 -0.8523699793761262
60839 66834.000288 -0.3551264394349042 -0.13770921832594876 0.33886096655770037 -0.8602875266711267
60839 66954.000288 -0.35814367475725983 -0.12966848908910522 0.31938508503716734 -0.8677052256524195
60839 67074.000288 -0.36095654195115956 -0.12162777580785153 0.29990637039476026 -0.8746274795427689
60839 67194.000288 -0.36356732357713867 -0.11359488581493335 0.2804438132699394 -0.8810597430039939
60839 67314.000288 -0.3659786969357757 -0.10557724566284983 0.2610154865311677 -0.8870084297109785
60839 67434.000288 -0.36819369514372924 -0.09758188528652204 0.2416385060539376 -0.8924808182321656
60839 67554.000288 -0.37021566807188766 -0.08961542671236748 0.22232900254384472 -0.8974849575547801
60839 67674.000288 -0.3720482436446 -0.08168407704935413 0.20310210377331567 -0.9020295734622101
60839 67794.000288 -0.373695289939893 -0.0737936254525366 0.18397192648952793 -0.9061239768282494
60839 67914.000288 -0.37516087846889495 -0.06594944371681381 0.1649515771698777 -0.9097779747438711
60839 68034.000288 -0.37644924895048837 -0.05815649013742124 0.14605316074819724 -0.9130017852419405
60839 68154.000288 -0.37756477583626413 -0.05041931626292857 0.12728779640734386 -0.9158059562380302
60839 68274.000288 -0.3785119367826228 -0.04274207616505454 0.10866563952883099 -0.9182012891648316
60839 68394.000288 -0.37929528321248646 -0.03512853785606513 0.09019590890460738 -0.9201987676462767
60839 68514.000288 -0.37991941305938637 -0.027582096497541765 0.07188691834661458 -0.9218094914373787
60839 68634.000288 -0.3803889457421853 -0.020105789062540815 0.05374611187309814 -0.9230446157482561
60839 68754.000288 -0.3807084993796943 -0.012702310135339194 0.03578010170373298 -0.9239152959765075
60839 68874.000288 -0.3808826702209864 -0.005374028557884313 0.017994708355512423 -0.9244326377911971
60839 68994.000288 -0.3809160142391963 0.0018769953412579262 3.950021956730065E-4 -0.9246076524439318
60839 69114.000288 -0.3808130308137797 0.009048992172214788 -0.017014654125791565 -0.9244512171272589
60839 69234.000288 -0.3805781484082149 0.016140465772602777 -0.034230562874828056 -0.9239740401570222
60839 69354.000288 -0.38021571213656463 0.02315017554209386 -0.051249648508775114 -0.9231866307224029
60839 69474.000288 -0.37972997310269857 0.030077118979154365 -0.0680694154113009 -0.9220992729239631
60839 69594.000288 -0.37912507938982387 0.03692051455191249 -0.08468790641020109 -0.9207220038050241
60839 69714.000288 -0.3784050685748132 0.043679785012363415 -0.10110366234611962 -0.919064595073908
60839 69834.000288 -0.3775738616411848 0.05035454124222254 -0.11731568290941606 -0.9171365382129021
60839 69954.000288 -0.37663525816603705 0.05694456669982388 -0.13332338891632753 -0.9149470326731693
60839 70074.000288 -0.37559293265938365 0.0634498025204758 -0.14912658615418237 -0.9125049768622829
60839 70194.000288 -0.37445043193878563 0.06987033330770205 -0.16472543088886976 -0.9098189616417124
60839 70314.000288 -0.3732111734276405 0.07620637363964519 -0.1801203970956418 -0.9068972660646667
60839 70434.000288 -0.3718784442716567 0.08245825530357391 -0.19531224544663234 -0.9037478550995169
60839 70554.000288 -0.37045540117469017 0.08862641526174635 -0.21030199406476432 -0.9003783790999957
60839 70674.000288 -0.3689450708620385 0.09471138434372432 -0.22509089103373597 -0.8967961748000153
60839 70794.000288 -0.3673503510863093 0.10071377665347889 -0.23968038863720376 -0.8930082676278409
60839 70914.000288 -0.3656740120979616 0.10663427967411657 -0.25407211928674533 -0.889021375151185
60839 71034.000288 -0.3639186985094603 0.11247364504867388 -0.26826787308739375 -0.8848419114812609
60839 71154.000288 -0.3620869314885981 0.11823268001200374 -0.28226957698108435 -0.8804759924797894
60839 71274.000288 -0.36018111122285495 0.12391223944625271 -0.2960792754021005 -0.8759294416281777
60839 71394.000288 -0.3582035196026539 0.12951321853059244 -0.30969911237402653 -0.8712077964325493
60839 71514.000288 -0.3561563230769881 0.1350365459547199 -0.3231313149748309 -0.8663163152518458
60839 71634.000288 -0.35404157564013483 0.14048317766497653 -0.3363781780949821 -0.8612599844488897
60839 71754.000288 -0.3518612219130209 0.14585409111175768 -0.3494420504130058 -0.856043525775993
60839 71874.000288 -0.34961710028726406 0.15115027996706043 -0.3623253215132133 -0.8506714039174886
60839 71994.000288 -0.3473109461040037 0.15637274928147793 -0.3750304100714117 -0.8451478341214409
60839 72114.000288 -0.3449443948433554 0.16152251105067916 -0.38755975303610785 -0.839476789861772
60839 72234.000288 -0.3425189853036908 0.16660058016229295 -0.39991579573480435 -0.8336620104802159
60839 72354.000288 -0.34003616275299153 0.17160797069516895 -0.4121009828375067 -0.8277070087648577
60839 72474.000288 -0.33749728203725465 0.176545692544122 -0.4241177501122694 -0.8216150784286329
60839 72594.000288 -0.3349036106333781 0.18141474834446752 -0.4359685169104962 -0.8153893014571031
60839 72714.000288 -0.3322563316361274 0.18621613067191983 -0.44765567932275346 -0.8090325553000735
60839 72834.000288 -0.3295565466707322 0.19095081949467568 -0.4591816039488528 -0.8025475198863505
60839 72954.000288 -0.3268052787243586 0.19561977985579174 -0.4705486222290902 -0.7959366844450447
60839 73074.000288 -0.32400347489122533 0.2002239597651955 -0.4817590252864709 -0.7892023541205297
60839 73194.000288 -0.3211520090274538 0.20476428828190885 -0.4928150592327656 -0.7823466563713551
60839 73314.000288 -0.3182516843128979 0.2092416737682434 -0.503718920894086 -0.7753715471462472
60839 73434.000288 -0.3153032357182175 0.21365700229886997 -0.5144727539144368 -0.7682788168327812
60839 73554.000288 -0.31230733237633507 0.21801113620875745 -0.5250786451983573 -0.7610700959764491
60839 73674.000288 -0.30926457985817907 0.22230491276501851 -0.5355386216562624 -0.7537468607697096
60839 73794.000288 -0.3061755223532714 0.2265391429486808 -0.5458546472185108 -0.7463104383121903
60839 73914.000288 -0.3030406447562861 0.2307146103333342 -0.5560286200864464 -0.7387620116446123
60839 74034.000288 -0.29986037466119103 0.23483207004847295 -0.566062370190794 -0.7311026245601775
60839 74154.000288 -0.2966350842649965 0.23889224781616766 -0.5759576568297569 -0.7233331861981815
60839 74274.000288 -0.2933650921834973 0.24289583905046397 -0.5857161664610121 -0.7154544754254846
60839 74394.000288 -0.2900506651816935 0.24684350800960222 -0.5953395106234998 -0.7074671450122206
60839 74514.000288 -0.2866920198218354 0.25073588699182053 -0.6048292239665148 -0.6993717256087529
60839 74634.000288 -0.28328932403226964 0.2545735755660891 -0.6141867623650373 -0.6911686295314549
60839 74754.000288 -0.279842698600444 0.25835713982969766 -0.6234135011016293 -0.6828581543653469
60839 74874.000288 -0.2763522185936127 0.2620871116851131 -0.6325107330964321 -0.674440486392059
60839 74994.000288 -0.27281791471092237 0.26576398812900476 -0.6414796671679596 -0.6659157038519469
60839 75114.000288 -0.2692397745707058 0.26938823054675487 -0.6503214263084013 -0.6572837800495389
60839 75234.000288 -0.2656177439369282 0.2729602640061658 -0.6590370459581217 -0.648544586311792
60839 75354.000288 -0.26195172788885984 0.27648047654443364 -0.6676274722648893 -0.6396978948089467
60839 75474.000288 -0.2582415919381671 0.2799492184427764 -0.6760935603141603 -0.6307433812480656
60839 75594.000288 -0.2544871630977322 0.2833668014834075 -0.6844360723174677 -0.6216806274496331
60839 75714.000288 -0.25068823090664355 0.2867334981838053 -0.6926556757466009 -0.612509123817919
60839 75834.000288 -0.2468445484159277 0.2900495410034844 -0.7007529414018793 -0.6032282717161217
60839 75954.000288 -0.24295583313975233 0.29331512151868455 -0.7087283414033252 -0.5938373857577003
60839 76074.000288 -0.23902176797696637 0.2965303895606156 -0.7165822470940991 -0.5843356960256377
60839 76194.000288 -0.2350420021080428 0.2996954523130686 -0.7243149268459513 -0.5747223502318769
60839 76314.000288 -0.23101615187267477 0.3028103733653954 -0.731926543756926 -0.5649964158295977
60839 76434.000288 -0.22694380163347963 0.30587517171702044 -0.7394171532319408 -0.5551568820915398
60839 76554.000288 -0.22282450463152834 0.3088898207298091 -0.7467867004372428 -0.545202662168185
60839 76674.000288 -0.21865778383966203 0.31185424702478254 -0.7540350176201491 -0.535132595140228
60839 76794.000288 -0.21444313281986258 0.3147683293198171 -0.7611618212858318 -0.524945448080512
60839 76914.000288 -0.2101800165912672 0.31763189720514146 -0.7681667092233301 -0.514639918141371
60839 77034.000288 -0.2058678725157657 0.32044472985360856 -0.7750491573733559 -0.5042146346842098
60839 77154.000288 -0.201506111208522 0.32320655466290454 -0.7818085165309182 -0.4936681614690973
60839 77274.000288 -0.19709411748118544 0.32591704582705916 -0.7884440088762518 -0.4829989989232074
60839 77394.000288 -0.1926312513260224 0.32857582283484305 -0.7949547243280882 -0.4722055865080696
60839 77514.000288 -0.1881168489497145 0.3311824488928861 -0.8013396167138864 -0.461286305206845
60839 77634.000288 -0.1835502238661138 0.3337364292716392 -0.8075974997523281 -0.4502394801541778
60839 77754.000288 -0.17893066805785432 0.3362372095726127 -0.8137270428441362 -0.4390633834326545
60839 77874.000288 -0.17425745321734099 0.33868417391571454 -0.8197267666681954 -0.42775623706141574
60839 77994.000288 -0.16952983207834973 0.3410766430459072 -0.8255950385809164 -0.4163162162042172
60839 78114.000288 -0.16474703985019176 0.3434138723589169 -0.8313300678179941 -0.40474145262597233
60839 78234.000288 -0.15990829576717996 0.34569504984626964 -0.8369299004990313 -0.3930300384287475
60839 78354.000288 -0.15501280476698115 0.3479192939605732 -0.8423924144370267 -0.3811800301002226
60839 78474.000288 -0.1500597593122888 0.35008565140270465 -0.8477153137565104 -0.36918945290972627
60839 78594.000288 -0.14504834137119513 0.3521930948333935 -0.8528961233260972 -0.3570563056892517
60839 78714.000288 -0.13997772457258426 0.35424052051265303 -0.8579321830135453 -0.34477856603915935
60839 78834.000288 -0.13484707655386496 0.35622674587159897 -0.8628206417740125 -0.3323541960007253
60839 78954.000288 -0.1296555615193929 0.3581505070224273 -0.8675584515851686 -0.31978114824018905
60839 79074.000288 -0.12440234302896651 0.360010456213721 -0.8721423612461807 -0.3070573727915164
60839 79194.000288 -0.11908658703683127 0.3618051592398318 -0.8765689100613848 -0.2941808244076335
60839 79314.000288 -0.11370746520268922 0.3635330928148475 -0.8808344214337026 -0.2811494705725142
60839 79434.000288 -0.10826415849723171 0.3651926419236446 -0.8849349963976477 -0.26796130022898884
60839 79554.000288 -0.10275586112569736 0.3667820971647398 -0.8888665071271118 -0.25461433327957006
60839 79674.000288 -0.09718178479391047 0.36829965210211685 -0.8926245904590429 -0.2411066309199229
60839 79794.000288 -0.09154116334205717 0.36974340064594463 -0.896204641480751 -0.2274363068665903
60839 79914.000288 -0.08583325777221014 0.37111133448511846 -0.8996018072358364 -0.2136015395424408
60839 80034.000288 -0.08005736169613197 0.3724013405978797 -0.9028109806117776 -0.19960058528460597
60839 80154.000288 -0.0742128072302583 0.373611198870411 -0.9058267944809945 -0.18543179264059584
60839 80274.000288 -0.06829897136483103 0.3747385798572655 -0.9086436161767947 -0.17109361781850216
60839 80394.000288 -0.062315282833939466 0.3757810427217951 -0.9112555423960067 -0.15658464135669983
60839 80514.000288 -0.05626122951260524 0.37673603339937717 -0.9136563946313304 -0.14190358607699768
60839 80634.000288 -0.050136366365981934 0.3776008830312101 -0.9158397152484703 -0.12704933638263222
60839 80754.000288 -0.04394032397412761 0.37837280672173834 -0.9177987643359267 -0.11202095895861984
60839 80874.000288 -0.037672817653575226 0.3790489026783479 -0.9195265174688656 -0.09681772492659028
60839 80994.000288 -0.031333657193938665 0.37962615179781756 -0.9210156645426629 -0.08143913349901309
60839 81114.000288 -0.024922757223986663 0.3801014177700577 -0.9222586098464187 -0.06588493716850223
60839 81234.000288 -0.018440148216849833 0.38047144777585323 -0.9232474735617759 -0.05015516845634906
60839 81354.000288 -0.011885988138181367 0.38073287386155746 -0.9239740948875668 -0.034250168230245626
60839 81474.000288 -0.0052605747340518936 0.3808822150798492 -0.9244300370058461 -0.018170615584096172
60839 81594.000288 0.00143564155299005 0.38091588049161335 -0.9246065941194359 -0.001917559252526585
60839 81714.000288 0.008202044061067636 0.3808301731295821 -0.9244948008047835 0.014507549491094035
60839 81834.000288 0.015037835812040894 0.3806212950293586 -0.9240854439362283 0.03110282253185478
60839 81954.000288 0.021942024886203358 0.3802853534376087 -0.9233690774481192 0.0478658993160645
60839 82074.000288 0.028913409329008002 0.3798183683102694 -0.9223360402089493 0.06479391010560447
60839 82194.000288 0.03595056166672235 0.37921628121527673 -0.9209764772860267 0.08188343827004371
60839 82314.000288 0.04305181312612389 0.3784749657542022 -0.9192803648793434 0.09913048184695791
60839 82434.000288 0.050215237673319285 0.3775902396149368 -0.9172375391983046 0.11653041464950327
60839 82554.000288 0.05743863600832883 0.37655787836275345 -0.9148377295438463 0.1340779472527257
60839 82674.000288 0.06471951967506213 0.375373631069282 -0.912070595840153 0.15176708824603571
60839 82794.000288 0.07205509547043204 0.3740332378677106 -0.9089257708336184 0.16959110619798518
60839 82914.000288 0.07944225036123685 0.37253244950744047 -0.9053929071408001 0.18754249284004765
60839 83034.000288 0.08687753714261305 0.37086704896205347 -0.901461729280892 0.2056129280374057
60839 83154.000288 0.09435716109663797 0.36903287512044963 -0.8971220907707899 0.22379324717507537
60839 83274.000288 0.10187696793340555 0.36702584856205783 -0.8923640362914022 0.24207341164554672
60839 83394.000288 0.10943243331860618 0.36484199938296724 -0.8871778688520147 0.26044248317700625
60839 83514.000288 0.11701865431043058 0.36247749700057463 -0.8815542217850699 0.27888860278701627
60839 83634.000288 0.1246303430432707 0.3599286818200682 -0.8754841352969822 0.29739897518229624
60839 83754.000288 0.13226182300508013 0.3571920985970699 -0.8689591371823332 0.31595985944820415
60839 83874.000288 0.13990702825806633 0.35426453127764657 -0.8619713271803671 0.33455656687852137
60839 83994.000288 0.1475595059473939 0.3511430390405249 -0.8545134643161647 0.35317346678414563
60839 84114.000288 0.1552124224284946 0.34782499320786364 -0.846579056427014 0.3717940010852444
60839 84234.000288 0.16285857331936962 0.3443081146318218 -0.8381624509307674 0.39040070843274455
60839 84354.000288 0.17049039774893973 0.34059051110616995 -0.8292589257517187 0.40897525851932875
60839 84474.000288 0.1780999970254589 0.3366707142973872 -0.8198647791855918 0.4274984971259894
60839 84594.000288 0.18567915788993822 0.3325477156403344 -0.8099774173642151 0.445950502306786
60839 84714.000288 -0.19321938044863382 -0.32822100060214865 0.799595437878186 -0.46431065194238497
60839 84834.000288 -0.2007119107965574 -0.3236905806869841 0.7887187080385409 -0.4825577026936081
60839 84954.000288 -0.2081477782520216 -0.3189570225360776 0.7773484362119998 -0.500669880162993
60839 85074.000288 -0.21551783702219054 -0.3140214734746701 0.7654872346544969 -0.518624979829438
60839 85194.000288 -0.22281281201402497 -0.30888568287148976 0.753139172299148 -0.5364004780646364
60839 85314.000288 -0.23002334839687633 -0.3035520187092876 0.7403098160312213 -0.5539736522774569
60839 85434.000288 -0.2371400644158136 -0.29802347881716296 0.7270062591062328 -0.5713217089722225
60839 85554.000288 -0.24415360685243137 -0.2923036962872027 0.7132371355383105 -0.5884219182583982
60839 85674.000288 -0.2510547084364419 -0.2863969386885121 0.6990126195026826 -0.6052517531224009
60839 85794.000288 -0.2578342464308574 -0.2803081007993675 0.6843444090546656 -0.6217890315768717
60839 85914.000288 -0.26448330154982724 -0.27404269070038406 0.6692456937616956 -0.6380120596481099
60839 86034.000288 -0.2709932163246021 -0.26760680920482455 0.6537311061665652 -0.6538997730566201
60839 86154.000288 -0.27735565201233003 -0.2610071227423125 0.6378166573391088 -0.6694318753953687
60839 86274.000288 -0.28356264314629054 -0.2542508299545533 0.6215196571187734 -0.6845889706197964
60839 86394.000288 -0.28960664885554527 -0.24734562240113833 0.604858619989597 -0.699352687734833
