CIC_OEM_VERS = 2.0
CREATION_DATE = 2025-05-13T13:35:42.022244
ORIGINATOR = ISAE-SUPAERO


META_START
OBJECT_NAME = BLUE2
OBJECT_ID = BLUE2
CENTER_NAME = Earth
REF_FRAME = EME2000
TIME_SYSTEM = UTC
START_TIME = 2025-05-13T00:00:00.000
USEABLE_START_TIME = 2025-05-13T00:00:00.000
USEABLE_STOP_TIME = 2025-05-13T23:55:00.000
STOP_TIME = 2025-05-13T23:55:00.000
INTERPOLATION = lagrange
INTERPOLATION_DEGREE = 5
META_STOP



60808 0.0 1141.3702 2366.6262 6477.9512 -0.37052067 -7.0538623 2.6089181
60808 420.0 875.8891800000001 -734.33013 6881.294900000001 -0.8724369900000001 -7.4592932 -0.7244552700000001
60808 840.0 433.00974 -3685.7092000000002 5886.7545 -1.2005055 -6.3500317 -3.9340509000000004
60808 1260.0 -98.23055400000001 -5883.031 3686.4937999999997 -1.2851156000000001 -3.9266496 -6.3635637
60808 1680.0 -609.06273 -6866.5001 724.7141700000001 -1.1043604 -0.6702475 -7.4923814
60808 2100.0 -993.38125 -6424.2667 -2387.4586 -0.6931877 2.7399994000000003 -7.0642778
60808 2520.0 -1171.0571000000002 -4645.5646 -5001.692599999999 -0.13820187 5.5787063 -5.164623
60808 2940.0 -1105.829 -1902.9014 -6576.0077 0.44274292000000004 7.250112100000001 -2.2029594
60808 3360.0 -812.53012 1232.8962 -6790.9627 0.9289072 7.4207564 1.1933734999999999
60808 3780.0 -352.72621000000004 4116.8005 -5611.1013 1.2223166 6.074934000000001 4.324050199999999
60808 4200.0 179.00494 6162.8431 -3285.2003 1.2659478 3.50179 6.5579415
60808 4620.0 674.54916 6959.9708 -291.24131 1.0533051 0.23085734 7.4523701
60808 5040.0 1033.9505 6351.7981 2762.0268 0.62899065 -3.0756379000000003 6.8373386
60808 5460.0 1185.1884 4464.6144 5257.907700000001 0.07894308800000001 -5.7567018 4.8441137
60808 5880.0 1097.9726 1679.2576999999999 6693.099200000001 -0.48738434 -7.2803382 1.8714739
60808 6300.0 789.3157600000001 -1444.3231 6774.5841 -0.95764578 -7.3380469999999995 -1.4938149
60808 6720.0 320.52578000000005 -4273.9067000000005 5477.4631 -1.236395 -5.900143 -4.5803683
60808 7140.0 -213.76109 -6227.2933 3056.0978999999998 -1.263317 -3.2347562 -6.750809100000001
60808 7560.0 -703.74308 -6893.503900000001 2.3142905999999996 -1.0285255 0.12165009 -7.5345272
60808 7980.0 -1047.4244 -6127.0758 -3051.5875 -0.57900771 3.4637927 -6.7495262
60808 8400.0 -1173.2705 -4086.2628 -5469.2788 -0.010056642999999999 6.0808279 -4.560754200000001
60808 8820.0 -1056.0358 -1198.3901 -6751.1788 0.55789575 7.4278174 -1.4393145
60808 9240.0 -721.32584 1936.9471 -6639.584400000001 1.0076122 7.2418486 1.9575259
60808 9660.0 -238.99744 4676.7619 -5166.2357 1.2491223 5.5801646 4.933566300000001
60808 10080.0 292.04182000000003 6465.799400000001 -2638.9388 1.2359875 2.7940676 6.8913539
60808 10500.0 764.03032 6945.7527 424.54116999999997 0.9730971700000001 -0.54578214 7.4447898
60808 10920.0 1081.9281 6024.3517 3402.4606000000003 0.5149568000000001 -3.7652677 6.4925370000000004
60808 11340.0 1182.0943 3890.3795 5693.921200000001 -0.046125400999999996 -6.2224832 4.2319764
60808 11760.0 1044.3701 973.63284 6836.3741 -0.5987904 -7.4294044999999995 1.1129486
60808 12180.0 695.77983 -2139.1362999999997 6594.5443 -1.0330992 -7.1375603000000005 -2.2487649000000003
60808 12600.0 205.78041000000002 -4815.999400000001 5008.1726 -1.2600073999999999 -5.3848153000000005 -5.178395000000001
60808 13020.0 -326.28996 -6503.4622 2391.7294 -1.2291706 -2.5055931 -7.0644852
60808 13440.0 -790.69028 -6844.4328 -720.4325200000001 -0.94294994 0.91337886 -7.4931014
60808 13860.0 -1090.6117 -5762.0085 -3682.1275 -0.45999379 4.1494606 -6.3598549
60808 14280.0 -1163.8281000000002 -3481.6574 -5876.5949 0.1170187 6.5157173 -3.9070587999999997
60808 14700.0 -996.22266 -480.32966 -6852.2749 0.6664773 7.524212 -0.6608377000000001
60808 15120.0 -623.76813 2620.4319 -6415.7547 1.0757503 6.9845675 2.6994598
60808 15540.0 -123.82045 5186.6345 -4665.2252 1.2635318 5.0255228 5.4890639000000006
60808 15960.0 401.36808 6699.552900000001 -1964.0292 1.1942821 2.0567109 7.1501301999999995
60808 16380.0 845.42608 6857.330599999999 1135.9249 0.8841443400000001 -1.3163095 7.357186899999999
60808 16800.0 1119.0827 5632.5863 4006.5611000000004 0.3968304 -4.4148098000000005 6.0781929
60808 17220.0 1167.5713 3274.4706 6068.99 -0.16994651 -6.622301800000001 3.5740852
60808 17640.0 980.9685400000001 257.3163 6906.1165 -0.70378817 -7.499265500000001 0.34123313000000005
60808 18060.0 596.04458 -2811.1874 6342.923 -1.0980727 -6.8595654 -2.981207
60808 18480.0 89.772877 -5305.8652999999995 4483.821 -1.270977 -4.8093273 -5.721323099999999
60808 18900.0 -434.76832 -6708.2489000000005 1700.5933 -1.1828239 -1.7472014 -7.3007456
60808 19320.0 -869.05333 -6719.674400000001 -1435.5505 -0.8484266 1.6958472 -7.3684173
60808 19740.0 -1122.5241 -5333.0812000000005 -4272.1271 -0.33735395 4.7891696 -5.899700200000001
60808 20160.0 -1142.8523 -2838.4797000000003 -6219.2339 0.24171229 6.8785125 -3.2109493000000002
60808 20580.0 -927.03015 243.26755 -6878.33 0.76738052 7.5383171 0.12371366
60808 21000.0 -520.88014 3275.7655 -6122.119 1.1326232 6.6518454 3.4109668
60808 21420.0 -8.3986883 5640.7868 -4113.7832 1.2654155 4.4172318 5.9843913
60808 21840.0 505.86192 6861.5618 -1268.094 1.1413328 1.2979393000000001 7.3314966
60808 22260.0 917.92803 6695.7351 1834.9282 0.7874044699999999 -2.07221 7.190619300000001
60808 22680.0 1145.0681000000002 5180.8917 4567.5614000000005 0.27582936999999996 -5.0170273 5.5989502
60808 23100.0 1141.8236000000002 2623.8011 6378.920400000001 -0.29114690000000004 -6.9515982 2.8778319999999997
60808 23520.0 908.5294399999999 -461.57379 6901.5564 -0.80115283 -7.4888081 -0.43497203
60808 23940.0 491.3073 -3452.6925 6022.6587 -1.1517541000000002 -6.506800500000001 -3.6824227
60808 24360.0 -26.093457 -5737.696900000001 3910.7457999999997 -1.2691987 -4.1803112 -6.2021043
60808 24780.0 -537.93364 -6839.2712 991.28007 -1.1250604000000002 -0.9690100700000001 -7.4562239
60808 25200.0 -938.0356899999999 -6520.9817 -2134.0272999999997 -0.74629458 2.4592006 -7.1618762
60808 25620.0 -1142.9572 -4845.869900000001 -4814.1467 -0.21251228 5.3749618 -5.3750058
60808 26040.0 -1110.71 -2164.8887999999997 -6492.9658 0.36276942 7.165078800000001 -2.4813311
60808 26460.0 -849.28882 963.43137 -6829.108200000001 0.85971561 7.4705266 0.90474252
60808 26880.0 -413.75942 3895.0222000000003 -5762.2528 1.1778754 6.2481496 4.0837736
60808 27300.0 106.15196 6033.8463 -3518.3922000000002 1.2550336 3.762735 6.4141951
60808 27720.0 604.62708 6949.9176 -559.09111 1.077899 0.5265294699999999 7.4338556
60808 28140.0 981.03621 6462.7392 2513.7477999999996 0.68399405 -2.8050105 6.9473857
60808 28560.0 1159.9158 4674.227900000001 5079.3360999999995 0.15332900000000002 -5.5654618000000005 5.0603264
60808 28980.0 1105.4486000000002 1945.4364 6620.364500000001 -0.40847578 -7.2068826 2.1507278000000003
60808 29400.0 828.09756 -1175.2053 6822.7403 -0.8900330000000001 -7.3979546 -1.2072071000000002
60808 29820.0 382.84828000000005 -4056.5766000000003 5637.3088 -1.1939197 -6.0829609 -4.3444362000000005
60808 30240.0 -140.60293 -6106.7086 3295.4152999999997 -1.2551738000000001 -3.5046964 -6.615222
60808 30660.0 -634.8667700000001 -6895.0712 271.81675 -1.056733 -0.17969182 -7.5291902
60808 31080.0 -997.14284 -6250.6247 -2808.0295 -0.63776602 3.1947492000000004 -6.8761766
60808 31500.0 -1152.0004 -4305.856400000001 -5302.3154 -0.086969015 5.9005607 -4.7921636
60808 31920.0 -1068.0964 -1468.2314 -6695.0805 0.4788785 7.3728204 -1.726494
60808 32340.0 -764.1471300000001 1672.5515 -6705.4809000000005 0.94267585 7.3220633 1.6738755
60808 32760.0 -303.76267 4471.835 -5340.3093 1.2113332 5.7780933999999995 4.710884500000001
60808 33180.0 218.52859 6361.9403 -2885.6168 1.2328074999999998 3.0690975 6.7741641
60808 33600.0 696.66052 6963.995900000001 155.31217 1.005002 -0.24937919 7.4563755
60808 34020.0 1034.2936 6161.0339 3165.1448 0.5754055499999999 -3.5073469 6.630263
60808 34440.0 1163.7841 4117.9878 5536.4365 0.030694848 -6.0547813999999995 4.467921400000001
60808 34860.0 1059.1067 1246.4247 6790.636 -0.52092232 -7.3857098 1.4001296
60808 35280.0 740.67065 -1876.2005000000001 6670.2201 -0.9698608000000001 -7.2276315 -1.9676466000000001
60808 35700.0 271.78564 -4616.5715 5190.5154 -1.2245326 -5.592297800000001 -4.9606117
60808 36120.0 -252.69150000000002 -6409.0001 2643.7873 -1.22919 -2.7892843 -6.956425
60808 36540.0 -724.75003 -6874.9865 -450.74056 -0.97878513 0.61245267 -7.518904000000001
60808 36960.0 -1046.057 -5911.3186 -3451.021 -0.52415939 3.8950611 -6.5144241
60808 37380.0 -1149.8788000000002 -3718.4135 -5732.0527 0.038048883 6.3609559 -4.1571854
60808 37800.0 -1015.6886999999999 -755.29762 -6823.8571 0.5891184899999999 7.5000346 -0.9539070900000001
60808 38220.0 -672.57803 2363.8659 -6508.880700000001 1.0157762000000001 7.094605 2.4237767
60808 38640.0 -191.96784 5000.7880000000005 -4860.54 1.2329837000000001 5.2463009000000005 5.286428600000001
60808 39060.0 327.74723 6622.067599999999 -2221.6705 1.1991851999999998 2.3430210000000002 7.0609874
60808 39480.0 781.2345799999999 6903.8117 868.20923 0.9233487699999999 -1.0224641 7.3991075
60808 39900.0 1077.265 5793.5691 3782.8795 0.46233556 -4.1727278 6.242305
60808 40320.0 1156.5533 3517.4805 5934.4499000000005 -0.09127655300000001 -6.4804175 3.8272341
60808 40740.0 1003.0160000000001 533.44762 6887.9791 -0.62769341 -7.4862162 0.63301197
60808 41160.0 646.77037 -2557.7494 6445.281400000001 -1.0399997 -6.979135599999999 -2.7090193
60808 41580.0 158.88172 -5127.0408 4686.4409000000005 -1.2431152 -5.039173 -5.5246527
60808 42000.0 -361.51292 -6641.3776 1962.1872 -1.1913612 -2.0411394 -7.221873400000001
60808 42420.0 -806.8939300000001 -6779.058900000001 -1169.2072 -0.89178665 1.3993970999999998 -7.4252111
60808 42840.0 -1084.3959 -5506.3838 -4056.559 -0.40636678000000004 4.5528763 -6.0802651
60808 43260.0 -1136.617 -3089.4307000000003 -6099.1009 0.16154862 6.75141 -3.4766078000000005
60808 43680.0 -953.9071600000001 -33.270739 -6878.0830000000005 0.69262072 7.5454907 -0.17140548000000003
60808 44100.0 -575.30592 3030.4302000000002 -6241.357 1.0784437 6.7904491 3.1469277000000004
60808 44520.0 -79.256015 5476.5653 -4327.8360999999995 1.2426776 4.658098 5.8046218
60808 44940.0 432.96994 6811.599700000001 -1533.2984 1.1545267 1.591757 7.2717659999999995
60808 45360.0 857.7553399999999 6769.937 1572.3291000000002 0.8337119199999999 -1.7849366 7.262449800000001
60808 45780.0 1109.7439 5364.078 4360.57 0.34581608 -4.7941727 5.7873092
60808 46200.0 1138.4603 2878.9461 6269.1812 -0.21152753000000002 -6.8375931 3.144716
60808 46620.0 937.83483 -185.87056 6911.278700000001 -0.72787858 -7.506709700000001 -0.14259469000000002
60808 46800.0 -31176.921000000002 6450.6230000000005 16804.447 -1.663748 -1.0327076 -2.6902954
60808 46920.0 -31374.676 6326.3095 16480.599000000002 -1.6316832 -1.0392561 -2.7073563
60808 47040.0 -31568.572 6201.2178 16154.724 -1.5994158 -1.045677 -2.7240851
60808 47160.0 -31758.556 6075.357599999999 15826.847 -1.5669541 -1.0519701000000001 -2.7404807
60808 47280.0 -31944.633 5948.7501 15497.022 -1.5342994 -1.0581337000000002 -2.7565392
60808 47400.0 -32126.780000000002 5821.4107 15165.291000000001 -1.5014559 -1.0641672000000002 -2.7722585
60808 47520.0 -32304.975000000002 5693.3552 14831.694 -1.4684275 -1.0700698 -2.7876368000000005
60808 47640.0 -32479.195 5564.599200000001 14496.272 -1.4352185 -1.0758408 -2.8026722
60808 47760.0 -32649.420000000002 5435.1587 14159.066 -1.4018329 -1.0814793999999999 -2.8173627000000003
60808 47880.0 -32815.628000000004 5305.0495 13820.118 -1.3682747 -1.0869849999999999 -2.8317066
60808 48000.0 -32977.799 5174.2876 13479.470000000001 -1.3345481 -1.0923568000000001 -2.8457022000000003
60808 48120.0 -33135.913 5042.8892000000005 13137.164 -1.3006573000000001 -1.0975943 -2.8593476
60808 48240.0 -33289.951 4910.870400000001 12793.241 -1.2666062999999999 -1.1026968 -2.8726412999999997
60808 48360.0 -33439.893000000004 4778.2474 12447.744 -1.2323996 -1.1076636000000002 -2.8855815
60808 48480.0 -33585.721 4645.036599999999 12100.716 -1.1980411 -1.1124941 -2.8981668
60808 48600.0 -33727.417 4511.2543 11752.198 -1.1635352 -1.1171878 -2.9103954
60808 48720.0 -33864.963 4376.917 11402.235 -1.128886 -1.1217441 -2.922266
60808 48840.0 -33998.344 4242.0413 11050.869 -1.094098 -1.1261623 -2.9337771
60808 48960.0 -34127.542 4106.6436 10698.143 -1.0591753000000002 -1.130442 -2.9449272
60808 49080.0 -34252.541 3970.7407000000003 10344.101 -1.0241222 -1.1345827 -2.955715
60808 49200.0 -34373.326 3834.3493 9988.786 -0.9889430300000001 -1.1385838000000001 -2.9661392
60808 49320.0 -34489.882 3697.4862000000003 9632.2421 -0.95364217 -1.1424448 -2.9761984000000004
60808 49440.0 -34602.195 3560.1682 9274.513 -0.91822393 -1.1461652 -2.9858914
60808 49560.0 -34710.251000000004 3422.4122 8915.642800000001 -0.88269268 -1.1497447 -2.9952171
60808 49680.0 -34814.037000000004 3284.2352 8555.6757 -0.84705278 -1.1531827000000001 -3.0041742
60808 49800.0 -34913.54 3145.654 8194.6558 -0.8113086100000001 -1.1564788000000001 -3.0127617
60808 49920.0 -35008.747 3006.6859 7832.6277 -0.77546459 -1.1596327000000002 -3.0209786
60808 50040.0 -35099.647 2867.3478999999998 7469.6358 -0.7395251100000001 -1.1626439 -3.0288237
60808 50160.0 -35186.23 2727.6571000000004 7105.7249 -0.7034946 -1.1655121 -3.0362962000000002
60808 50280.0 -35268.483 2587.6307 6740.9397 -0.6673775000000001 -1.1682367999999999 -3.0433951
60808 50400.0 -35346.397 2447.286 6375.3251 -0.63117825 -1.1708179 -3.0501196
60808 50520.0 -35419.962 2306.6402000000003 6008.926 -0.5949013 -1.1732548999999999 -3.0564687
60808 50640.0 -35489.17 2165.7106000000003 5641.7876 -0.55855112 -1.1755476 -3.0624418
60808 50760.0 -35554.012 2024.5146000000002 5273.955 -0.52213219 -1.1776956 -3.0680382
60808 50880.0 -35614.479 1883.0695 4905.473599999999 -0.48564898 -1.1796988 -3.073257
60808 51000.0 -35670.565 1741.3926999999999 4536.3885 -0.44910598 -1.1815568 -3.0780977
60808 51120.0 -35722.263 1599.5016 4166.7453 -0.41250770000000003 -1.1832695000000002 -3.0825596
60808 51240.0 -35769.565 1457.4138 3796.5894 -0.37585863 -1.1848366000000001 -3.0866423
60808 51360.0 -35812.467000000004 1315.1467 3425.9663 -0.33916329 -1.1862579000000002 -3.0903452000000002
60808 51480.0 -35850.963 1172.7178000000001 3054.9217000000003 -0.30242619000000004 -1.1875333000000001 -3.0936678000000004
60808 51600.0 -35885.048 1030.1446 2683.5013 -0.26565185 -1.1886625 -3.0966098000000004
60808 51720.0 -35914.718 887.4446 2311.7506000000003 -0.2288448 -1.1896456000000002 -3.0991708
60808 51840.0 -35939.969 744.6354699999999 1939.7155 -0.19200957 -1.1904822 -3.1013505
60808 51960.0 -35960.799 601.73473 1567.4417 -0.1551507 -1.1911724 -3.1031486
60808 52080.0 -35977.205 458.75995 1194.9751 -0.11827271 -1.1917161 -3.1045648000000003
60808 52200.0 -35989.184 315.72873 822.3614699999999 -0.08138015500000001 -1.1921131 -3.1055991
60808 52320.0 -35996.736 172.65867000000003 449.64663 -0.044477565 -1.1923635 -3.1062512000000004
60808 52440.0 -35999.858 29.567357 76.876469 -0.007569485000000001 -1.1924672 -3.1065211
60808 52560.0 -35998.552 -113.52759 -295.90315000000004 0.029339542000000003 -1.1924241 -3.1064088
60808 52680.0 -35992.817 -256.60857 -668.64636 0.066244974 -1.1922344 -3.1059143
60808 52800.0 -35982.654 -399.65798 -1041.3073000000002 0.10314227 -1.191898 -3.1050376
60808 52920.0 -35968.063 -542.65822 -1413.8401000000001 0.14002689000000001 -1.1914149 -3.1037789
60808 53040.0 -35949.048 -685.5917 -1786.199 0.17689428000000001 -1.1907853 -3.1021383
60808 53160.0 -35925.61 -828.44083 -2158.338 0.21373993 -1.1900092 -3.1001159
60808 53280.0 -35897.751000000004 -971.18804 -2530.2115 0.25055928 -1.1890866000000002 -3.0977122
60808 53400.0 -35865.477 -1113.8158 -2901.7737 0.28734781 -1.1880178000000001 -3.0949272000000003
60808 53520.0 -35828.789000000004 -1256.3065 -3272.9788 0.32410099000000003 -1.1868026999999999 -3.0917615
60808 53640.0 -35787.694 -1398.6426000000001 -3643.7812000000004 0.36081430000000003 -1.1854417000000002 -3.0882153
60808 53760.0 -35742.196 -1540.8066000000001 -4014.1353 0.39748322 -1.1839349 -3.0842892
60808 53880.0 -35692.3 -1682.7811000000002 -4383.9955 0.43410323 -1.1822823 -3.0799835
60808 54000.0 -35638.013 -1824.5486 -4753.3162 0.47066983 -1.1804844 -3.0752989
60808 54120.0 -35579.342000000004 -1966.0916000000002 -5122.0521 0.50717852 -1.1785411 -3.0702359
60808 54240.0 -35516.293 -2107.3927000000003 -5490.157700000001 0.5436248100000001 -1.1764529000000001 -3.0647951
60808 54360.0 -35448.874 -2248.4345 -5857.5878 0.5800042 -1.17422 -3.0589773
60808 54480.0 -35377.095 -2389.1997 -6224.2972 0.61631223 -1.1718425 -3.052783
60808 54600.0 -35300.962 -2529.6709 -6590.2407 0.65254442 -1.1693209999999998 -3.0462131
60808 54720.0 -35220.487 -2669.8309 -6955.3734 0.6886963100000001 -1.1666555 -3.0392684
60808 54840.0 -35135.679000000004 -2809.6625 -7319.6502 0.72476346 -1.1638465000000002 -3.0319498
60808 54960.0 -35046.547 -2949.1484 -7683.026400000001 0.76074143 -1.1608943999999999 -3.0242581
60808 55080.0 -34953.104 -3088.2714 -8045.457200000001 0.7966257900000001 -1.1577994 -3.0161943
60808 55200.0 -34855.361 -3227.0145 -8406.8982 0.83241212 -1.1545619 -3.0077593
60808 55320.0 -34753.33 -3365.3606 -8767.304699999999 0.86809601 -1.1511824 -2.9989543
60808 55440.0 -34647.022 -3503.2926 -9126.6324 0.9036730900000001 -1.1476613 -2.9897803
60808 55560.0 -34536.453 -3640.7937 -9484.8372 0.93913896 -1.143999 -2.9802385
60808 55680.0 -34421.634 -3777.8468 -9841.875 0.9744892599999999 -1.140196 -2.9703299000000003
60808 55800.0 -34302.58 -3914.4351 -10197.702 1.0097197 -1.1362526 -2.9600559
60808 55920.0 -34179.306000000004 -4050.5418 -10552.274 1.0448258000000001 -1.1321695 -2.9494176000000003
60808 56040.0 -34051.827 -4186.1502 -10905.548 1.0798034 -1.1279471 -2.9384164999999998
60808 56160.0 -33920.158 -4321.2436 -11257.479 1.1146479999999999 -1.123586 -2.9270538999999998
60808 56280.0 -33784.317 -4455.8053 -11608.026 1.1493556 -1.1190866000000002 -2.9153311
60808 56400.0 -33644.319 -4589.8189 -11957.144 1.1839217000000002 -1.1144494999999999 -2.9032496
60808 56520.0 -33500.181000000004 -4723.2677 -12304.792 1.2183421 -1.1096753000000001 -2.8908109
60808 56640.0 -33351.923 -4856.1355 -12650.925000000001 1.2526125 -1.1047646 -2.8780165
60808 56760.0 -33199.561 -4988.4057999999995 -12995.501 1.2867289000000002 -1.0997180000000002 -2.864868
60808 56880.0 -33043.114 -5120.062400000001 -13338.479000000001 1.3206868999999999 -1.0945361 -2.851367
60808 57000.0 -32882.602 -5251.0891 -13679.815 1.3544823 -1.0892195 -2.8375152
60808 57120.0 -32718.045000000002 -5381.469700000001 -14019.469000000001 1.3881111000000002 -1.083769 -2.8233143000000003
60808 57240.0 -32549.462 -5511.1883 -14357.397 1.4215691 -1.0781851 -2.8087660000000003
60808 57360.0 -32376.875 -5640.2288 -14693.559000000001 1.4548522000000002 -1.0724685999999999 -2.7938722
60808 57480.0 -32200.305 -5768.5755 -15027.913 1.4879562000000002 -1.0666201000000002 -2.7786345999999997
60808 57600.0 -32019.773 -5896.2124 -15360.417 1.5208770999999999 -1.0606404 -2.7630551
60808 57720.0 -31835.302 -6023.1239000000005 -15691.032000000001 1.5536109 -1.0545303 -2.7471357
60808 57840.0 -31646.914 -6149.2945 -16019.716 1.5861535 -1.0482904000000002 -2.7308784
60808 57960.0 -31454.633 -6274.7085 -16346.43 1.6185009000000001 -1.0419215 -2.714285
60808 58080.0 -31258.482 -6399.3505000000005 -16671.131 1.6506492000000001 -1.0354245000000002 -2.6973577
60808 58200.0 -31058.485 -6523.2053 -16993.782 1.6825943 -1.0288001 -2.6800985
60808 58320.0 -30854.668 -6646.2575 -17314.342 1.7143324 -1.0220491 -2.6625096
60808 58440.0 -30647.054 -6768.492 -17632.771 1.7458595000000001 -1.0151724 -2.6445931000000003
60808 58560.0 -30435.670000000002 -6889.893900000001 -17949.031 1.7771718 -1.0081709 -2.6263513
60808 58680.0 -30220.541 -7010.4481 -18263.083 1.8082654 -1.0010453 -2.6077863000000003
60808 58800.0 -30001.695 -7130.1398 -18574.887 1.8391365000000002 -0.99379653 -2.5889005000000003
60808 58920.0 -29779.158 -7248.9544000000005 -18884.406 1.8697813 -0.9864255399999999 -2.5696962
60808 59040.0 -29552.957000000002 -7366.8771 -19191.602 1.900196 -0.9789332000000001 -2.5501758
60808 59160.0 -29323.12 -7483.8935 -19496.436 1.9303769 -0.97132044 -2.5303416000000003
60808 59280.0 -29089.676 -7599.9892 -19798.871 1.9603203000000002 -0.9635881900000001 -2.5101961000000004
60808 59400.0 -28852.653000000002 -7715.1499 -20098.87 1.9900224000000002 -0.95573741 -2.4897418
60808 59520.0 -28612.08 -7829.3615 -20396.397 2.0194797 -0.9477690599999999 -2.4689812000000004
60808 59640.0 -28367.988 -7942.6098 -20691.414 2.0486885000000004 -0.93968413 -2.4479169
60808 59760.0 -28120.405 -8054.8811 -20983.885000000002 2.0776452 -0.9314836000000001 -2.4265513999999997
60808 59880.0 -27869.363 -8166.1613 -21273.774 2.1063463000000002 -0.92316849 -2.4048874000000002
60808 60000.0 -27614.892 -8276.437 -21561.046000000002 2.1347881 -0.91473982 -2.3829276
60808 60120.0 -27357.024 -8385.6944 -21845.665 2.1629673 -0.9061986399999999 -2.3606746
60808 60240.0 -27095.791 -8493.920199999999 -22127.596 2.1908804 -0.89754598 -2.3381311
60808 60360.0 -26831.224000000002 -8601.101 -22406.805 2.2185239 -0.88878292 -2.3153001
60808 60480.0 -26563.356 -8707.223699999999 -22683.257 2.2458944 -0.87991053 -2.2921842000000003
60808 60600.0 -26292.22 -8812.2752 -22956.918 2.2729885 -0.87092991 -2.2687863000000004
60808 60720.0 -26017.850000000002 -8916.2426 -23227.755 2.299803 -0.86184215 -2.2451094
60808 60840.0 -25740.279000000002 -9019.1131 -23495.733 2.3263345 -0.8526483899999999 -2.2211562
60808 60960.0 -25459.541 -9120.874 -23760.821 2.3525798 -0.84334975 -2.1969298
60808 61080.0 -25175.671000000002 -9221.5129 -24022.986 2.3785356 -0.83394737 -2.1724332
60808 61200.0 -24888.704 -9321.017300000001 -24282.194 2.4041987 -0.82444241 -2.1476693
60808 61320.0 -24598.675 -9419.375 -24538.416 2.4295661 -0.81483605 -2.1226412
60808 61440.0 -24305.62 -9516.573900000001 -24791.618000000002 2.4546345 -0.80512946 -2.097352
60808 61560.0 -24009.575 -9612.6021 -25041.77 2.4794008 -0.79532384 -2.0718048
60808 61680.0 -23710.576 -9707.447699999999 -25288.841 2.5038622 -0.78542039 -2.0460027
60808 61800.0 -23408.661 -9801.0991 -25532.8 2.5280154 -0.77542034 -2.019949
60808 61920.0 -23103.865 -9893.544800000001 -25773.619 2.5518576 -0.76532491 -1.9936467
60808 62040.0 -22796.227 -9984.7733 -26011.266 2.5753859 -0.75513535 -1.9670993
60808 62160.0 -22485.785 -10074.774 -26245.713 2.5985972000000004 -0.74485291 -1.9403098
60808 62280.0 -22172.577 -10163.534 -26476.931 2.6214888999999997 -0.7344788600000001 -1.9132817
60808 62400.0 -21856.641 -10251.045 -26704.891 2.6440580000000002 -0.72401446 -1.8860183
60808 62520.0 -21538.016 -10337.294 -26929.566 2.6663018000000003 -0.71346102 -1.8585228
60808 62640.0 -21216.741 -10422.272 -27150.927 2.6882176 -0.7028198200000001 -1.8307987000000001
60808 62760.0 -20892.857 -10505.968 -27368.948 2.7098026 -0.69209219 -1.8028495
60808 62880.0 -20566.402000000002 -10588.371000000001 -27583.602 2.7310542 -0.68127943 -1.7746785
60808 63000.0 -20237.417 -10669.471 -27794.862 2.7519699 -0.6703828700000001 -1.7462891
60808 63120.0 -19905.943 -10749.259 -28002.703 2.7725469 -0.65940387 -1.717685
60808 63240.0 -19572.02 -10827.725 -28207.098 2.7927828 -0.6483437599999999 -1.6888696
60808 63360.0 -19235.689000000002 -10904.859 -28408.023 2.8126752 -0.63720392 -1.6598465000000002
60808 63480.0 -18896.992000000002 -10980.651 -28605.453 2.8322215 -0.6259857 -1.6306192000000002
60808 63600.0 -18555.97 -11055.092 -28799.364 2.8514193 -0.6146905 -1.6011913
60808 63720.0 -18212.665 -11128.173 -28989.731 2.8702664 -0.6033196900000001 -1.5715664999999999
60808 63840.0 -17867.12 -11199.886 -29176.532 2.8887603 -0.59187468 -1.5417483
60808 63960.0 -17519.377 -11270.22 -29359.743000000002 2.9068988 -0.58035689 -1.5117406000000002
60808 64080.0 -17169.478 -11339.169 -29539.343 2.9246797 -0.5687677099999999 -1.4815469
60808 64200.0 -16817.468 -11406.722 -29715.307 2.9421008000000004 -0.55710858 -1.4511709000000002
60808 64320.0 -16463.389 -11472.872 -29887.616 2.95916 -0.54538094 -1.4206165000000002
60808 64440.0 -16107.284 -11537.611 -30056.248 2.975855 -0.53358623 -1.3898874
60808 64560.0 -15749.198 -11600.93 -30221.183 2.9921840000000004 -0.52172589 -1.3589872
60808 64680.0 -15389.175000000001 -11662.822 -30382.399 3.0081449 -0.50980138 -1.3279200000000002
60808 64800.0 -15027.258 -11723.28 -30539.877 3.0237357 -0.49781418000000005 -1.2966894
60808 64920.0 -14663.493 -11782.295 -30693.598 3.0389545 -0.48576576 -1.2652993
60808 65040.0 -14297.924 -11839.861 -30843.542 3.0537994 -0.4736576 -1.2337536
60808 65160.0 -13930.596 -11895.971 -30989.692 3.0682687 -0.46149119000000005 -1.2020562
60808 65280.0 -13561.555 -11950.617 -31132.03 3.0823605 -0.44926802 -1.1702109
60808 65400.0 -13190.845000000001 -12003.793 -31270.537 3.0960731 -0.4369896 -1.1382217000000001
60808 65520.0 -12818.512 -12055.492 -31405.198 3.1094048 -0.42465744 -1.1060925
60808 65640.0 -12444.603000000001 -12105.709 -31535.994000000002 3.122354 -0.41227305999999997 -1.0738272
60808 65760.0 -12069.163 -12154.436 -31662.911 3.1349191000000003 -0.39983797 -1.0414299
60808 65880.0 -11692.238 -12201.668 -31785.932 3.1470985000000002 -0.38735370999999996 -1.0089045
60808 66000.0 -11313.875 -12247.399 -31905.043 3.1588908 -0.37482182 -0.97625499
60808 66120.0 -10934.12 -12291.623 -32020.229 3.1702945000000002 -0.36224384 -0.94348543
60808 66240.0 -10553.019 -12334.335000000001 -32131.475000000002 3.1813082 -0.3496213 -0.91059983
60808 66360.0 -10170.621000000001 -12375.531 -32238.768 3.1919305000000002 -0.33695577 -0.8776022400000001
60808 66480.0 -9786.9719 -12415.203 -32342.095 3.2021602 -0.32424881 -0.84449671
60808 66600.0 -9402.1186 -12453.349 -32441.443 3.2119959 -0.31150196999999996 -0.81128732
60808 66720.0 -9016.108699999999 -12489.962 -32536.8 3.2214365 -0.29871682 -0.77797815
60808 66840.0 -8628.9897 -12525.039 -32628.154000000002 3.2304808 -0.28589494000000004 -0.7445733
60808 66960.0 -8240.8092 -12558.576000000001 -32715.494000000002 3.2391277 -0.2730379 -0.71107688
60808 67080.0 -7851.6149000000005 -12590.567000000001 -32798.809 3.2473762 -0.26014728000000004 -0.677493
60808 67200.0 -7461.454900000001 -12621.01 -32878.089 3.2552251 -0.24722468 -0.64382581
60808 67320.0 -7070.3769 -12649.9 -32953.324 3.2626736999999997 -0.23427167000000002 -0.61007943
60808 67440.0 -6678.4292000000005 -12677.234 -33024.505 3.2697208 -0.22128985 -0.57625802
60808 67560.0 -6285.66 -12703.008 -33091.623 3.2763658 -0.20828082 -0.5423657399999999
60808 67680.0 -5892.1176 -12727.220000000001 -33154.67 3.2826077000000002 -0.19524618000000002 -0.5084067600000001
60808 67800.0 -5497.8503 -12749.866 -33213.638 3.2884458 -0.18218753000000001 -0.47438526000000003
60808 67920.0 -5102.9068 -12770.944 -33268.520000000004 3.2938794 -0.16910647 -0.44030542000000006
60808 68040.0 -4707.3355 -12790.451000000001 -33319.309 3.2989078 -0.15600463 -0.40617142
60808 68160.0 -4311.1851 -12808.384 -33365.999 3.3035303 -0.14288359 -0.37198748000000004
60808 68280.0 -3914.5044 -12824.742 -33408.584 3.3077465000000004 -0.12974499 -0.33775778
60808 68400.0 -3517.3422 -12839.523000000001 -33447.06 3.3115558000000003 -0.11659043 -0.30348655
60808 68520.0 -3119.7473 -12852.723 -33481.42 3.3149578 -0.10342153999999999 -0.26917800000000003
60808 68640.0 -2721.7687 -12864.343 -33511.661 3.3179519 -0.09023993000000001 -0.23483635000000003
60808 68760.0 -2323.4552000000003 -12874.381 -33537.779 3.3205378999999997 -0.077047224 -0.20046581000000002
60808 68880.0 -1924.8559 -12882.834 -33559.772 3.3227154999999997 -0.063845044 -0.16607063
60808 69000.0 -1526.0198 -12889.703 -33577.635 3.3244843 -0.050635014 -0.13165502
60808 69120.0 -1126.996 -12894.986 -33591.368 3.3258441 -0.037418757999999996 -0.097223225
60808 69240.0 -727.83361 -12898.683 -33600.969 3.3267948 -0.024197902 -0.062779475
60808 69360.0 -328.58165 -12900.794 -33606.435 3.3273363 -0.010974071 -0.028328006
60808 69480.0 70.710731 -12901.317000000001 -33607.767 3.3274685 0.0022511087 0.0061269439
60808 69600.0 469.99442 -12900.254 -33604.965000000004 3.3271914000000002 0.01547601 0.040581138
60808 69720.0 869.2202900000001 -12897.603000000001 -33598.028 3.3265048999999998 0.028699007000000002 0.075030338
60808 69840.0 1268.3392 -12893.366 -33586.958 3.3254093 0.041918474000000004 0.10947031
60808 69960.0 1667.3022 -12887.543 -33571.756 3.3239046 0.055132785 0.14389680999999999
60808 70080.0 2066.06 -12880.134 -33552.423 3.3219911000000004 0.068340315 0.17830561
60808 70200.0 2464.5637 -12871.141 -33528.963 3.3196689000000004 0.08153944 0.21269248999999998
60808 70320.0 2862.7642 -12860.565 -33501.378000000004 3.3169383 0.094728537 0.2470532
60808 70440.0 3260.6125 -12848.407000000001 -33469.672 3.3137997 0.10790598 0.28138352
60808 70560.0 3658.0598 -12834.668 -33433.847 3.3102534 0.12107016000000001 0.31567923999999997
60808 70680.0 4055.0571 -12819.351 -33393.91 3.3063000000000002 0.13421944 0.34993613
60808 70800.0 4451.5555 -12802.456 -33349.864 3.3019398 0.14735221999999998 0.38414997
60808 70920.0 4847.5064 -12783.987000000001 -33301.716 3.2971735 0.16046688 0.41831657
60808 71040.0 5242.860900000001 -12763.945 -33249.471 3.2920016000000003 0.17356181 0.45243172
60808 71160.0 5637.5706 -12742.333 -33193.135 3.2864247 0.18663539 0.48649123
60808 71280.0 6031.586700000001 -12719.153 -33132.715000000004 3.2804435 0.19968601000000002 0.5204909
60808 71400.0 6424.860900000001 -12694.409 -33068.219 3.2740587999999997 0.21271208 0.5544265500000001
60808 71520.0 6817.344700000001 -12668.104 -32999.655 3.2672713 0.22571199 0.5882940099999999
60808 71640.0 7208.9899000000005 -12640.24 -32927.032 3.2600819000000003 0.23868414000000002 0.6220891199999999
60808 71760.0 7599.7483 -12610.821 -32850.357 3.2524915 0.25162694 0.65580772
60808 71880.0 7989.571900000001 -12579.85 -32769.641 3.244501 0.26453879 0.68944565
60808 72000.0 8378.4126 -12547.333 -32684.893 3.2361113 0.27741811 0.72299879
60808 72120.0 8766.2226 -12513.271 -32596.125 3.2273236 0.29026332000000005 0.75646301
60808 72240.0 9152.9544 -12477.671 -32503.346 3.2181388 0.30307283 0.7898341799999999
60808 72360.0 9538.5601 -12440.535 -32406.569 3.2085582 0.31584506 0.82310821
60808 72480.0 9922.9925 -12401.87 -32305.804 3.1985829 0.32857844999999997 0.85628101
60808 72600.0 10306.204 -12361.678 -32201.065000000002 3.1882141 0.34127144 0.8893484899999999
60808 72720.0 10688.148000000001 -12319.966 -32092.365 3.177453 0.35392245000000006 0.92230659
60808 72840.0 11068.777 -12276.739 -31979.716 3.1663011 0.36652994 0.9551512400000001
60808 72960.0 11448.045 -12232.001 -31863.133 3.1547597 0.37909235 0.98787842
60808 73080.0 11825.904 -12185.758 -31742.63 3.1428302 0.39160814 1.0204841
60808 73200.0 12202.309000000001 -12138.017 -31618.222 3.1305141 0.40407577 1.0529643000000002
60808 73320.0 12577.212 -12088.782000000001 -31489.924 3.1178129 0.4164937 1.0853149000000002
60808 73440.0 12950.568000000001 -12038.06 -31357.752 3.1047281 0.42886041999999996 1.1175321
60808 73560.0 13322.332 -11985.858 -31221.722 3.0912614 0.44117439 1.1496118
60808 73680.0 13692.456 -11932.181 -31081.851000000002 3.0774144000000003 0.4534341 1.1815501
60808 73800.0 14060.896 -11877.036 -30938.156 3.0631888 0.46563805 1.2133431000000001
60808 73920.0 14427.606 -11820.43 -30790.654000000002 3.0485864 0.47778474 1.2449868
60808 74040.0 14792.542 -11762.37 -30639.365 3.0336089000000004 0.48987266 1.2764775
60808 74160.0 15155.657000000001 -11702.863 -30484.306 3.0182582000000004 0.50190033 1.3078111
60808 74280.0 15516.909 -11641.916000000001 -30325.497 3.0025363000000005 0.51386628 1.3389839
60808 74400.0 15876.251 -11579.537 -30162.956000000002 2.9864449 0.52576904 1.3699919
60808 74520.0 16233.641 -11515.734 -29996.705 2.9699861000000003 0.53760713 1.4008315
60808 74640.0 16589.033 -11450.514000000001 -29826.764 2.953162 0.5493791 1.4314987000000001
60808 74760.0 16942.385000000002 -11383.886 -29653.153000000002 2.9359746 0.5610835 1.4619899
60808 74880.0 17293.653000000002 -11315.857 -29475.893 2.9184259000000004 0.5727188999999999 1.4923013
60808 75000.0 17642.793 -11246.436 -29295.008 2.9005182 0.58428386 1.5224291
60808 75120.0 17989.763 -11175.632 -29110.518 2.8822537 0.59577696 1.5523696
60808 75240.0 18334.52 -11103.453 -28922.447 2.8636346 0.60719678 1.5821192000000002
60808 75360.0 18677.021 -11029.907000000001 -28730.817 2.8446632 0.61854193 1.6116742
60808 75480.0 19017.225000000002 -10955.006 -28535.653000000002 2.8253418000000003 0.629811 1.641031
60808 75600.0 19355.089 -10878.756 -28336.978 2.8056729000000002 0.64100261 1.6701859
60808 75720.0 19690.573 -10801.168 -28134.816 2.7856587 0.6521153900000001 1.6991353999999999
60808 75840.0 20023.634000000002 -10722.251 -27929.194 2.7653018 0.66314796 1.7278758
60808 75960.0 20354.231 -10642.016 -27720.135000000002 2.7446048000000003 0.67409896 1.7564037000000001
60808 76080.0 20682.325 -10560.471 -27507.665 2.72357 0.68496706 1.7847156
60808 76200.0 21007.875 -10477.627 -27291.812 2.7022002000000005 0.69575091 1.812808
60808 76320.0 21330.84 -10393.494 -27072.600000000002 2.6804978999999998 0.7064491900000001 1.8406773
60808 76440.0 21651.181 -10308.083 -26850.058 2.6584658 0.71706057 1.8683203000000002
60808 76560.0 21968.859 -10221.403 -26624.213 2.6361067 0.72758376 1.8957334000000001
60808 76680.0 22283.834 -10133.466 -26395.092 2.6134232 0.7380174700000001 1.9229133
60808 76800.0 22596.068 -10044.283 -26162.723 2.5904182000000002 0.7483603900000001 1.9498567
60808 76920.0 22905.521 -9953.8634 -25927.136000000002 2.5670945 0.75861128 1.9765602
60808 77040.0 23212.158 -9862.2197 -25688.358 2.5434549000000004 0.7687688500000001 2.0030206
60808 77160.0 23515.938000000002 -9769.3627 -25446.420000000002 2.5195025 0.77883187 2.0292347
60808 77280.0 23816.826 -9675.3039 -25201.352 2.49524 0.78879909 2.055199
60808 77400.0 24114.783 -9580.054800000002 -24953.183 2.4706705 0.7986692900000001 2.0809106
60808 77520.0 24409.775 -9483.627199999999 -24701.944 2.445797 0.80844125 2.1063662
60808 77640.0 24701.763 -9386.0329 -24447.665 2.4206226 0.81811378 2.1315627
60808 77760.0 24990.712 -9287.2839 -24190.379 2.3951504 0.8276856699999999 2.156497
60808 77880.0 25276.587 -9187.3924 -23930.117000000002 2.3693835 0.83715576 2.181166
60808 78000.0 25559.352 -9086.3706 -23666.91 2.3433251 0.84652287 2.2055666
60808 78120.0 25838.973 -8984.231099999999 -23400.791 2.3169783 0.85578586 2.229696
60808 78240.0 26115.416 -8880.9862 -23131.794 2.2903465 0.86494359 2.253551
60808 78360.0 26388.645 -8776.6489 -22859.95 2.2634328 0.87399492 2.2771289
60808 78480.0 26658.629 -8671.231800000001 -22585.294 2.2362406999999997 0.88293875 2.3004265999999998
60808 78600.0 26925.332000000002 -8564.7479 -22307.859 2.2087734 0.89177397 2.3234413
60808 78720.0 27188.723 -8457.2104 -22027.68 2.1810344 0.9004994900000001 2.3461702
60808 78840.0 27448.77 -8348.6325 -21744.79 2.1530269 0.90911425 2.3686104
60808 78960.0 27705.439000000002 -8239.0274 -21459.225000000002 2.1247546 0.91761718 2.3907593
60808 79080.0 27958.7 -8128.4088 -21171.019 2.0962208 0.92600724 2.4126141
60808 79200.0 28208.522 -8016.7903 -20880.209 2.0674291 0.93428338 2.4341720000000002
60808 79320.0 28454.873 -7904.1854 -20586.83 2.038383 0.94244461 2.4554305
60808 79440.0 28697.724000000002 -7790.608200000001 -20290.918 2.0090861 0.9504899 2.4763869
60808 79560.0 28937.044 -7676.0725 -19992.509000000002 1.979542 0.95841827 2.4970387
60808 79680.0 29172.804 -7560.5925 -19691.641 1.9497543000000002 0.96622874 2.5173833
60808 79800.0 29404.975000000002 -7444.182400000001 -19388.350000000002 1.9197267 0.9739203599999999 2.5374181
60808 79920.0 29633.529000000002 -7326.856400000001 -19082.673 1.8894629 0.98149217 2.5571408
60808 80040.0 29858.437 -7208.6291 -18774.649 1.8589666 0.98894325 2.576549
60808 80160.0 30079.672000000002 -7089.5149 -18464.314000000002 1.8282416000000001 0.99627267 2.5956401000000002
60808 80280.0 30297.206000000002 -6969.5286 -18151.708 1.7972916 1.0034795 2.6144119
60808 80400.0 30511.013 -6848.6848 -17836.868 1.7661204000000001 1.010563 2.6328620000000003
60808 80520.0 30721.066 -6726.9984 -17519.834 1.7347319 1.0175221 2.6509882
60808 80640.0 30927.34 -6604.4845000000005 -17200.644 1.7031300000000003 1.024356 2.6687883
60808 80760.0 31129.809 -6481.158 -16879.338 1.6713184 1.0310639000000001 2.6862601
60808 80880.0 31328.448 -6357.0342 -16555.955 1.6393013 1.037645 2.7034013
60808 81000.0 31523.233 -6232.1283 -16230.535 1.6070824000000001 1.0440985 2.7202100000000002
60808 81120.0 31714.14 -6106.4557 -15903.118 1.5746657 1.0504235000000002 2.7366840000000003
60808 81240.0 31901.145 -5980.031900000001 -15573.744 1.5420553000000001 1.0566192 2.7528212
60808 81360.0 32084.226000000002 -5852.8723 -15242.454 1.5092552000000001 1.0626849999999999 2.7686198
60808 81480.0 32263.359 -5724.992700000001 -14909.289 1.4762693 1.0686201000000002 2.7840778
60808 81600.0 32438.523 -5596.4087 -14574.289 1.4431018 1.0744237 2.7991932000000004
60808 81720.0 32609.697 -5467.1363 -14237.496000000001 1.4097567 1.0800951 2.8139643000000003
60808 81840.0 32776.858 -5337.1912 -13898.952000000001 1.3762381000000001 1.0856336 2.8283891
60808 81960.0 32939.987 -5206.589599999999 -13558.697 1.3425501 1.0910386 2.842466
60808 82080.0 33099.063 -5075.3473 -13216.774 1.308697 1.0963094000000002 2.8561931
60808 82200.0 33254.068 -4943.4807 -12873.225 1.2746828000000001 1.1014453000000002 2.8695688
60808 82320.0 33404.981 -4811.0059 -12528.091 1.2405118 1.1064457 2.8825914
60808 82440.0 33551.784 -4677.939200000001 -12181.417 1.2061881 1.11131 2.8952594
60808 82560.0 33694.46 -4544.2970000000005 -11833.243 1.171716 1.1160375 2.9075712
60808 82680.0 33832.991 -4410.0957 -11483.614 1.1370997 1.1206278 2.9195252000000003
60808 82800.0 33967.358 -4275.3517999999995 -11132.572 1.1023435 1.1250802000000002 2.9311201000000002
60808 82920.0 34097.548 -4140.082 -10780.16 1.0674517000000001 1.1293942 2.9423542000000005
60808 83040.0 34223.542 -4004.3028 -10426.421 1.0324285 1.1335692 2.9532264
60808 83160.0 34345.325 -3868.0309 -10071.4 0.9972782 1.1376048 2.9637352000000003
60808 83280.0 34462.883 -3731.2832000000003 -9715.1394 0.96200523 1.1415004 2.9738794
60808 83400.0 34576.202 -3594.0765 -9357.683500000001 0.9266138899999999 1.1452556 2.9836576
60808 83520.0 34685.266 -3456.4275000000002 -8999.0763 0.8911085200000001 1.1488699 2.9930687
60808 83640.0 34790.063 -3318.3532999999998 -8639.3617 0.8554935 1.1523428 3.0021116
60808 83760.0 34890.581 -3179.8709 -8278.584200000001 0.8197732099999999 1.155674 3.0107851
60808 83880.0 34986.805 -3040.9973 -7916.7881 0.78395205 1.158863 3.0190882
60808 84000.0 35078.725 -2901.7495 -7554.017900000001 0.74803443 1.1619095 3.0270198
60808 84120.0 35166.33 -2762.1447000000003 -7190.3183 0.71202476 1.164813 3.0345789
60808 84240.0 35249.608 -2622.2001 -6825.7339 0.6759274799999999 1.1675732 3.0417647000000003
60808 84360.0 35328.549 -2481.9329 -6460.309700000001 0.63974702 1.1701896999999999 3.0485762
60808 84480.0 35403.144 -2341.3603 -6094.090700000001 0.60348785 1.1726623 3.0550126
60808 84600.0 35473.383 -2200.4997000000003 -5727.121700000001 0.5671544199999999 1.1749906 3.0610731
60808 84720.0 35539.258 -2059.3684 -5359.448200000001 0.53075121 1.1771743 3.066757
60808 84840.0 35600.761 -1917.9837 -4991.1152 0.49428269999999996 1.1792133 3.0720635
60808 84960.0 35657.883 -1776.363 -4622.168 0.45775337000000005 1.1811071 3.0769921
60808 85080.0 35710.619 -1634.5238000000002 -4252.6522 0.42116771999999997 1.1828556000000001 3.081542
60808 85200.0 35758.962 -1492.4835 -3882.6131 0.38453025 1.1844586 3.0857128
60808 85320.0 35802.905 -1350.2595000000001 -3512.0962999999997 0.34784548000000004 1.1859159 3.089504
60808 85440.0 35842.443 -1207.8695 -3141.1474 0.31111791 1.1872273 3.092915
60808 85560.0 35877.571 -1065.3308000000002 -2769.8119 0.27435207000000006 1.1883926 3.0959454
60808 85680.0 35908.286 -922.66109 -2398.1357000000003 0.23755247000000002 1.1894118 3.0985949
60808 85800.0 35934.583 -779.87785 -2026.1644 0.20072366 1.1902846 3.1008632
60808 85920.0 35956.459 -636.9986600000001 -1653.9438 0.16387017 1.1910109 3.1027499
60808 86040.0 35973.911 -494.04109000000005 -1281.5197 0.12699652 1.1915907 3.1042548
60808 86160.0 35986.937 -351.02275000000003 -908.9379200000001 0.09010725600000001 1.1920239 3.1053778000000003
60808 86280.0 35995.536 -207.96122 -536.24431 0.053206921000000004 1.1923105 3.1061187
