CIC_OEM_VERS = 2.0
CREATION_DATE = 2025-02-05T13:42:28.579753
ORIGINATOR = ISAE-SUPAERO


META_START
OBJECT_NAME = PLEIADES1B
OBJECT_ID = PLEIADES1B
CENTER_NAME = Earth
REF_FRAME = EME2000
TIME_SYSTEM = UTC
START_TIME = 2025-02-05T00:00:00.000
USEABLE_START_TIME = 2025-02-05T00:00:00.000
USEABLE_STOP_TIME = 2025-02-05T23:55:00.000
STOP_TIME = 2025-02-05T23:55:00.000
INTERPOLATION = lagrange
INTERPOLATION_DEGREE = 5
META_STOP



60711 0.0 -1401.367 5047.5423 4760.8472 2.7110171000000003 -4.3777271 5.450462000000001
60711 420.0 -163.61281 2778.0849 6511.2086 3.0853534000000002 -6.2493148000000005 2.7482019
60711 840.0 1105.9479 -30.571900000000003 6995.070900000001 2.8606095000000002 -6.9046997 -0.48143926
60711 1260.0 2161.1669 -2833.2837000000004 6119.8954 2.0812370000000002 -6.221430000000001 -3.6180183
60711 1680.0 2796.8721 -5085.8984 4054.0662 0.8952068799999999 -4.326950200000001 -6.0577454
60711 2100.0 2887.8294 -6347.8605 1196.8818999999999 -0.46988189 -1.5812956 -7.3217550000000005
60711 2520.0 2414.5255 -6369.3809 -1894.3942 -1.746897 1.4815897 -7.153061800000001
60711 2940.0 1468.4774 -5143.7667 -4613.6705 -2.6831198 4.2576697 -5.5794690000000005
60711 3360.0 234.79135000000002 -2910.5947 -6426.911099999999 -3.0936944 6.199207400000001 -2.9109608
60711 3780.0 -1044.8503 -107.59250999999999 -6978.510200000001 -2.8986522 6.9264929 0.32726636000000003
60711 4200.0 -2120.3104 2716.0082 -6163.9157000000005 -2.1332673 6.2929434 3.5063022000000004
60711 4620.0 -2781.6294 5009.0159 -4142.5028 -0.9510985500000001 4.4265685 5.989297400000001
60711 5040.0 -2898.5841 6321.9298 -1307.8364 0.41455169999999997 1.7002288 7.2973776
60711 5460.0 -2446.5304 6394.4184000000005 1785.9024 1.6997597000000002 -1.3570773999999999 7.1830674
60711 5880.0 -1517.0734 5218.5680999999995 4528.8475 2.6523096 -4.1480171 5.6617753
60711 6300.0 -291.67231 3024.6961 6386.276 3.0861187 -6.125310300000001 3.036963
60711 6720.0 990.55022 241.66217000000003 6996.8648 2.9186532 -6.907809500000001 -0.17745551
60711 7140.0 2079.8934 -2588.3586 6241.8026 2.1826134 -6.345157 -3.3591561000000003
60711 7560.0 2763.6356 -4913.4902999999995 4266.7154 1.0188757000000002 -4.5425917 -5.8905341
60711 7980.0 2909.424 -6282.0969000000005 1459.1124 -0.34531736 -1.8485911000000002 -7.266408900000001
60711 8400.0 2485.2205 -6419.8693 -1634.9425 -1.6418779 1.2044349 -7.2237622
60711 8820.0 1572.8718000000001 -5296.1775 -4405.858 -2.6214109 4.0285668999999995 -5.7725992
60711 9240.0 353.91455 -3141.0075 -6318.2805 -3.0856003000000003 6.060264 -3.184542
60711 9660.0 -934.19088 -372.30828 -6993.380700000001 -2.9463327 6.9045730999999995 0.022201473
60711 10080.0 -2040.0426000000002 2469.0291 -6300.473599999999 -2.2322871 6.4011924 3.2224407000000004
60711 10500.0 -2747.7989 4828.5112 -4375.0165 -1.0818621000000002 4.647711500000001 5.794285299999999
60711 10920.0 -2918.8131000000003 6244.7927 -1592.8673999999999 0.28120585 1.9841252 7.2335779
60711 11340.0 -2519.3271 6440.559 1501.5355 1.5894167000000001 -1.0674161999999998 7.2555822
60711 11760.0 -1627.3506000000002 5377.5097000000005 4302.1586 2.5855912 -3.9059760999999997 5.8589709
60711 12180.0 -418.36987 3266.8062000000004 6262.2222 3.0759146 -5.977669 3.3208131
60711 12600.0 872.0519 520.4816500000001 7001.053 2.9673896 -6.8837752000000005 0.13951664
60711 13020.0 1992.9273 -2326.9876 6375.4205 2.2817066 -6.4512994 -3.0700859
60711 13440.0 2725.7779 -4721.2426 4505.6231 1.1496936 -4.7602044999999995 -5.6871091
60711 13860.0 2926.7955 -6193.974099999999 1755.2548000000002 -0.2091464 -2.1359476 -7.1957911999999995
60711 14280.0 2555.3678999999997 -6455.2826 -1339.6647 -1.5303522 0.9128224 -7.296119399999999
60711 14700.0 1683.616 -5452.6503 -4171.6863 -2.5516856 3.7819228 -5.964729
60711 15120.0 482.57149 -3383.5894 -6185.7355 -3.0727259 5.9070434 -3.4673369
60711 15540.0 -812.8244599999999 -653.7291 -6989.1996 -2.9935301 6.876446700000001 -0.29581138
60711 15960.0 -1949.7381 2203.6375000000003 -6426.179099999999 -2.3305497 6.5044417 2.9324224
60711 16380.0 -2706.2468 4630.9912 -4606.2575 -1.211778 4.8620709 5.5903127
60711 16800.0 -2933.9841 6153.428 -1884.137 0.14563699 2.2665286 7.1564061
60711 17220.0 -2587.8275 6472.1997 1207.4327 1.4752484 -0.77367802 7.3198339
60711 17640.0 -1733.9531000000002 5521.0088 4061.1511 2.5168365 -3.6619605 6.0528062
60711 18060.0 -541.17943 3491.2036000000003 6120.3567 3.0655309 -5.832816 3.5979475
60711 18480.0 757.02984 780.94527 6983.2921 3.0138029000000004 -6.8586252000000005 0.44381373
60711 18900.0 1907.6756 -2081.609 6481.3499 2.3746880999999997 -6.5466983 -2.7941586000000003
60711 19320.0 2686.4292 -4538.3193 4712.8071 1.2720060000000002 -4.9577446 -5.4879847
60711 19740.0 2940.91 -6109.308599999999 2022.3112 -0.080575087 -2.3984697 -7.1110014
60711 20160.0 2620.821 -6486.7346 -1064.3406000000002 -1.4184285 0.63146327 -7.3419885
60711 20580.0 1786.63 -5591.877 -3942.0688 -2.4796864999999997 3.5373433 -6.1400309
60711 21000.0 603.52086 -3605.5503 -6049.5303 -3.0557247000000003 5.7518497 -3.7313409
60711 21420.0 -696.76418 -917.18295 -6973.8509 -3.0334225000000004 6.8372782 -0.59785164
60711 21840.0 -1861.2913999999998 1949.9664 -6535.5895 -2.4200749 6.5896133 2.6501326
60711 22260.0 -2663.011 4436.9412 -4820.246 -1.3341156 5.056490200000001 5.383015
60711 22680.0 -2944.9355 6057.8116 -2161.7305 0.014306403 2.5329746 7.0661436
60711 23100.0 -2651.2334 6494.573200000001 920.3373100000001 1.3611185000000001 -0.48798874000000003 7.365640099999999
60711 23520.0 -1837.7429 5658.1923 3821.9262000000003 2.4418343 -3.4119582999999998 6.2258608
60711 23940.0 -663.2895400000001 3711.1191000000003 5972.7513 3.04758 -5.674577500000001 3.8655029
60711 24360.0 639.91439 1040.4776 6952.34 3.0546417000000003 -6.8255481 0.73524175
60711 24780.0 1818.2613999999999 -1834.2248000000002 6569.0646 2.4622538 -6.6340351 -2.5310439000000002
60711 25200.0 2640.3305 -4349.3167 4895.9988 1.386908 -5.1426946 -5.3033482
60711 25620.0 2944.7268 -6011.6549 2260.7134 0.038335015 -2.6410336 -7.0359392
60711 26040.0 2671.5326 -6494.9166 -819.17975 -1.3172286 0.37740834 -7.3849774
60711 26460.0 1875.0571000000002 -5706.1009 -3738.4049 -2.4117909 3.3144666000000003 -6.285506000000001
60711 26880.0 712.36059 -3803.1438 -5926.5041 -3.0323773000000003 5.594817 -3.9624523
60711 27300.0 -588.93558 -1160.5164 -6959.3752 -3.0619711 6.780846899999999 -0.87600095
60711 27720.0 -1776.055 1707.3078 -6638.9616 -2.4978202 6.650381500000001 2.3765241
60711 28140.0 -2618.6683 4243.8708 -5027.6337 -1.4479751 5.2285822 5.1706532
60711 28560.0 -2952.1778 5955.276 -2436.6117000000004 -0.11302666000000001 2.7844198000000002 6.9636644
60711 28980.0 -2709.9555 6505.1428 630.37855 1.2479127 -0.21058332999999999 7.3986844000000005
60711 29400.0 -1938.006 5783.4315 3573.7678 2.3670512 -3.1693912 6.3835648
60711 29820.0 -786.88194 3930.203 5816.1264 3.0232712999999998 -5.508649 4.1162038
60711 30240.0 518.1888 1308.115 6917.8028 3.0879438 -6.7697227 1.0423726999999998
60711 30660.0 1721.8732 -1569.8269 6662.7746 2.5483966000000002 -6.7066263 -2.2369412000000004
60711 31080.0 2588.3981000000003 -4140.3431 5100.005400000001 1.5089252 -5.3295994 -5.0809731000000005
60711 31500.0 2947.4512999999997 -5899.093400000001 2534.9811 0.17221465 -2.9055046000000004 -6.9293842
60711 31920.0 2728.3162 -6500.6852 -528.6215400000001 -1.1980224000000002 0.08790898 -7.4151989
60711 32340.0 1974.5947 -5828.638900000001 -3488.6007999999997 -2.3307375 3.0572294 -6.4456273
60711 32760.0 835.0672 -4018.0433 -5765.982 -3.0049078 5.4196011 -4.2200782
60711 33180.0 -467.00103 -1425.6193 -6918.9282 -3.0929864 6.7207647 -1.1807668000000002
60711 33600.0 -1678.5321000000001 1443.4972 -6726.2031 -2.5811533 6.7164985 2.0831326
60711 34020.0 -2564.5042000000003 4032.5654 -5225.6991 -1.5677751000000002 5.4085051 4.9449937
60711 34440.0 -2952.0337999999997 5837.762 -2707.1775000000002 -0.24626805999999998 3.0439525 6.849994
60711 34860.0 -2764.0009 6504.64 340.09784 1.1272840000000002 0.078082033 7.4200823
60711 35280.0 -2035.8042 5900.3153 3320.6582000000003 2.2828264 -2.9084258 6.5362472
60711 35700.0 -909.3345600000001 4141.6727 5649.8623 2.9920603000000003 -5.326723200000001 4.3701653
60711 36120.0 395.03064 1572.8103999999998 6871.005099999999 3.1158532 -6.7024049 1.3478328
60711 36540.0 1622.1052 -1303.6677 6744.7007 2.6300543 -6.7671649 -1.9396271999999999
60711 36960.0 2531.6802000000002 -3925.0023 5294.8875 1.6284246 -5.5062624 -4.8500304
60711 37380.0 2944.8831 -5776.7032 2804.5762000000004 0.30623813 -3.1640452 -6.8105856000000005
60711 37800.0 2780.4244 -6495.2803 -237.29017000000002 -1.0760742 -0.20120143 -7.432210100000001
60711 38220.0 2071.0692 -5941.0238 -3232.7586 -2.2449355 2.794916 -6.594399999999999
60711 38640.0 956.95567 -4225.8985999999995 -5595.4417 -2.9717756 5.235148000000001 -4.4703755
60711 39060.0 -343.51516 -1688.0911 -6866.4547999999995 -3.1185581000000004 6.6492488000000005 -1.4834072
60711 39480.0 -1577.3914 1177.4294 -6801.6595 -2.6602281 6.771120600000001 1.7865198
60711 39900.0 -2505.3093 3814.513 -5414.3503 -1.6852041 5.5788546 4.7114371
60711 40320.0 -2946.3489 5710.1923 -2972.3885 -0.37948081 3.2974926 6.7251456
60711 40740.0 -2812.9882000000002 6492.5262 50.149938999999996 1.0043488999999999 0.36547954 7.4289888
60711 41160.0 -2129.9392000000003 6006.1422 3062.751 2.1943644 -2.6435716000000005 6.677385
60711 41580.0 -1030.1807 4344.7084 5474.5527999999995 2.9554397 -5.136379600000001 4.6157792
60711 42000.0 271.12743 1833.3093000000001 6812.6446 3.1381505 -6.623639900000001 1.6498818000000002
60711 42420.0 1519.3702 -1036.6595 6814.6682 2.7069831 -6.8155187999999995 -1.6403579
60711 42840.0 2471.5928 -3704.803 5485.2212 1.7423704 -5.6661244 -4.6115264
60711 43260.0 2939.6549 -5646.7277 3079.9087999999997 0.43868685 -3.4107411 -6.6738362
60711 43680.0 2831.6667 -6481.7931 70.41419 -0.94837461 -0.49509634999999996 -7.4311658
60711 44100.0 2169.4708 -6048.9179 -2954.8097000000002 -2.1523839 2.5216634 -6.735017200000001
60711 44520.0 1083.0475000000001 -4433.3432999999995 -5401.191900000001 -2.9344047 5.0417727999999995 -4.7213234
60711 44940.0 -214.68864000000002 -1952.8058 -6791.1660999999995 -3.1427897 6.574076900000001 -1.7883805
60711 45360.0 -1470.6172 908.2738800000001 -6854.5812000000005 -2.7387576 6.824432799999999 1.4913986
60711 45780.0 -2439.9406000000004 3592.2653 -5578.9575 -1.8003568 5.7444092 4.482776
60711 46200.0 -2933.1725 5575.369900000001 -3211.763 -0.50823657 3.53958 6.6020322
60711 46620.0 -2852.746 6467.8735 -215.25773 0.88536628 0.63872156 7.4294815
60711 47040.0 -2214.0919 6094.8151 2823.6946000000003 2.1057305 -2.3872006999999997 6.7990686
60711 47460.0 -1141.4063999999998 4527.4613 5309.0331 2.9129031 -4.940978100000001 4.8416297
60711 47880.0 153.30112 2078.5886 6756.731400000001 3.1500779000000003 -6.5262644000000005 1.9390816
60711 48300.0 1418.2285 -775.2554200000001 6885.2701 2.7737709 -6.838528800000001 -1.3366324
60711 48720.0 2407.1823 -3478.2262 5670.5848 1.8574733 -5.819622900000001 -4.3520941
60711 49140.0 2927.23 -5503.5572 3348.6268 0.57748465 -3.6642669999999997 -6.521841
60711 49560.0 2876.1687 -6455.0909 371.6335 -0.81729989 -0.78990934 -7.418027
60711 49980.0 2262.2286 -6143.4247000000005 -2678.5702 -2.0534825999999997 2.2401106 -6.863952500000001
60711 50400.0 1206.9316000000001 -4633.0458 -5204.3811 -2.887623 4.8309662 -4.964159899999999
60711 50820.0 -83.881723 -2218.6585 -6712.2031 -3.1571264 6.475061800000001 -2.0973962999999998
60711 51240.0 -1358.3733 628.08773 -6908.8703 -2.8113565 6.8563231 1.1763795000000001
60711 51660.0 -2368.1452999999997 3352.3626000000004 -5755.9767 -1.9171897 5.9011928 4.2230813
60711 52080.0 -2915.8794 5422.599700000001 -3477.1046 -0.64657651 3.7909097000000003 6.448730800000001
60711 52500.0 -2893.4319 6432.2631 -517.0338 0.7525642 0.93546258 7.4129494000000005
60711 52920.0 -2304.6231000000002 6182.875900000001 2544.6808 2.0048628 -2.1039746 6.922906
60711 53340.0 -1264.1626 4722.0774 5107.402599999999 2.8641566 -4.7290412 5.0777744
60711 53760.0 22.799213 2340.009 6670.416200000001 3.1623072000000003 -6.4249719999999995 2.2424155999999997
60711 54180.0 1305.3496 -498.26282000000003 6929.8955000000005 2.8439302 -6.8666298 -1.0269683
60711 54600.0 2333.5904 -3239.4157999999998 5835.8376 1.9712077 -5.9700807000000005 -4.0967533000000005
60711 55020.0 2906.7034 -5348.6508 3600.8284 0.71221919 -3.9066113000000002 -6.3698117000000005
60711 55440.0 2911.7955 -6412.6687 660.3004599999999 -0.68818606 -1.0759773000000001 -7.3982661
60711 55860.0 2347.4232 -6222.4377 -2409.3487000000005 -1.9544628000000002 1.9661782 -6.9761965
60711 56280.0 1323.6281000000001 -4814.7211 -5007.242200000001 -2.8375645 4.620813600000001 -5.1887834
60711 56700.0 41.752422 -2467.9027 -6625.4765 -3.1652668 6.3686016 -2.3899128999999997
60711 57120.0 -1248.291 359.84767 -6949.5601 -2.8760869 6.8738448 0.87201834
60711 57540.0 -2295.1754 3117.4602999999997 -5916.6900000000005 -2.0263311 6.039956500000001 3.9653435
60711 57960.0 -2894.3834 5266.9359 -3727.1178 -0.7792987000000001 4.0251951 6.2885901
60711 58380.0 -2928.053 6386.7624000000005 -808.93137 0.6217537700000001 1.2208606 7.382957500000001
60711 58800.0 -2389.0173 6257.791200000001 2269.2223 1.9025779 -1.8253513000000001 7.0300824
60711 59220.0 -1382.527 4904.3525 4902.3178 2.8100016 -4.510733 5.300688500000001
60711 59640.0 -106.04141 2593.3124 6576.0508 3.1674832000000004 -6.310880600000001 2.5379180000000003
60711 60060.0 1191.1708999999998 -223.25482000000002 6964.889099999999 2.9074188 -6.879098 -0.71671763
60711 60480.0 2256.3481 -2996.2798 5993.5505 2.0806911 -6.1069073 -3.832373
60711 60900.0 2881.4706 -5184.835400000001 3850.5312000000004 0.84629972 -4.1412832 -6.2035435
60711 61320.0 2943.2351000000003 -6359.741900000001 952.65386 -0.5561972500000001 -1.3616904 -7.3636718000000005
60711 61740.0 2429.3014 -6290.5572 -2131.7532 -1.8505470000000002 1.6860948 -7.0787389
60711 62160.0 1439.5165 -4989.3776 -4798.102400000001 -2.7820348 4.4013217000000004 -5.407608199999999
60711 62580.0 168.73823000000002 -2714.172 -6525.2041 -3.1684175 6.2517561 -2.6810243999999996
60711 63000.0 -1134.9418 90.184048 -6977.0025000000005 -2.9367612 6.880980800000001 0.56486203
60711 63420.0 -2217.5086 2876.9632 -6066.1726 -2.1328167 6.169472300000001 3.7007915
60711 63840.0 -2867.6355 5102.656 -3969.5968 -0.91131071 4.252699 6.1176056
60711 64260.0 -2957.4771 6331.438 -1095.4111 0.49052846 1.5011462 7.3397606
60711 64680.0 -2468.9942 6322.0891 1993.297 1.7970977000000001 -1.5454854 7.1228529
60711 65100.0 -1496.1831000000002 5072.6419000000005 4690.087 2.7513551000000005 -4.2847974 5.518172
60711 65520.0 -231.75206 2834.955 6471.5706 3.1675030000000004 -6.1867057999999995 2.8296691000000003
60711 65940.0 1077.7212 45.298976 6989.1612000000005 2.9649086000000002 -6.877170100000001 -0.40470683
60711 66360.0 2177.5237 -2753.2580000000003 6143.2092 2.1856581999999998 -6.2289338 -3.5567178
60711 66780.0 2853.6079 -5016.0345 4098.9312 0.98025522 -4.3674754 -6.0169782
60711 67200.0 2973.7311 -6301.511 1254.124 -0.41807538 -1.6516438 -7.3047849
60711 67620.0 2513.6438 -6357.3868 -1835.7341000000001 -1.7362357 1.389154 -7.1649276
60711 68040.0 1563.0417 -5172.7619 -4566.6903 -2.7151628999999997 4.1578379000000005 -5.6235525
60711 68460.0 307.61606 -2979.3851 -6404.8774 -3.1639181 6.1134773 -2.9845807
60711 68880.0 -1007.7569000000001 -205.38560999999999 -6991.7088 -2.9959457000000005 6.8772146 0.23688346999999998
60711 69300.0 -2126.5663 2608.53 -6211.7784 -2.2430505 6.299857 3.4164588
60711 69720.0 -2831.6981 4915.386 -4219.3757000000005 -1.0493454999999998 4.486379299999999 5.9284295
60711 70140.0 -2983.6584 6261.6139 -1401.8038999999999 0.34866010999999997 1.7974901 7.277709
60711 70560.0 -2549.43 6377.6365000000005 1691.7747 1.6794511 -1.2412223 7.2109651999999995
60711 70980.0 -1616.3332 5245.3868 4452.495900000001 2.6833571000000003 -4.0390928 5.734952900000001
60711 71400.0 -366.07086 3085.4562 6341.6630000000005 3.1640988 -6.0530496000000005 3.1278473
60711 71820.0 955.94621 322.05798 6988.1861 3.0228051000000002 -6.8762706 -0.093574343
60711 72240.0 2090.4564 -2502.723 6265.4785 2.2898446 -6.3516026000000005 -3.2907026
60711 72660.0 2816.2400000000002 -4838.1720000000005 4314.6785 1.1086896 -4.5845137000000005 -5.8442576
60711 73080.0 2991.0826 -6227.1421 1517.6755 -0.28994724000000005 -1.9196361 -7.2526929
60711 73500.0 2580.8224 -6398.066400000001 -1577.115 -1.6308359000000001 1.1185148999999999 -7.2385469
60711 73920.0 1666.5617 -5319.6091 -4363.2738 -2.6504708 3.9313574 -5.808872099999999
60711 74340.0 427.55670000000003 -3204.8376000000003 -6297.7044000000005 -3.1516918 5.9713387 -3.2512633
60711 74760.0 -894.55385 -467.49362 -7005.9004 -3.0402031000000003 6.8484288 -0.06574100000000001
60711 75180.0 -2043.0297 2360.5427999999997 -6350.8887 -2.3382423 6.3959624 3.1341623
60711 75600.0 -2794.2281000000003 4729.414400000001 -4458.1354 -1.1790232 4.6967292 5.730931
60711 76020.0 -3000.0647000000004 6175.1595 -1693.2364 0.2149836 2.073369 7.2148888
60711 76440.0 -2618.8378 6412.401900000001 1403.4157 1.5705235 -0.96333079 7.2847868
60711 76860.0 -1724.1315 5392.3643 4224.1485 2.6189105 -3.8129401 5.9226979
60711 77280.0 -491.41876 3315.3136 6214.9457999999995 3.1531313 -5.9123913 3.3992044000000003
60711 77700.0 838.07167 586.90401 6982.9435 3.0707191 -6.8561182 0.20785226
60711 78120.0 2003.5718000000002 -2255.9391 6382.2037 2.3859051 -6.4537873 -3.0211514000000004
60711 78540.0 2776.5544 -4656.599 4528.6143 1.2335735 -4.7874232 -5.6583265
60711 78960.0 3005.6332 -6145.070900000001 1785.6593 -0.1608175 -2.1826236 -7.1851823
60711 79380.0 2646.1052000000004 -6430.1903 -1308.0466999999999 -1.5222864999999999 0.8465493900000001 -7.300805
60711 79800.0 1769.412 -5458.6544 -4145.6151 -2.582836 3.7018567 -5.9878645
60711 80220.0 547.85806 -3423.5537000000004 -6173.9982 -3.1374321 5.827244800000001 -3.5125395
60711 80640.0 -780.1344 -723.7158000000001 -7000.8825 -3.0821066 6.8169192999999995 -0.36076181
60711 81060.0 -1956.9205 2116.4242000000004 -6467.2203 -2.4291391 6.484572600000001 2.8606776000000003
60711 81480.0 -2753.8461 4545.6061 -4675.3104 -1.3024006 4.8909447 5.5324379
60711 81900.0 -3014.4955 6089.5105 -1970.8056000000001 0.082740663 2.3369909 7.1321953
60711 82320.0 -2686.0269 6443.1655 1119.3344 1.4560053000000002 -0.68226996 7.337559100000001
60711 82740.0 -1831.4061000000002 5534.6561 3989.539 2.5459094 -3.5721843 6.101543899999999
60711 83160.0 -617.82261 3541.3447 6075.8223 3.1366695 -5.7613438 3.6673128000000004
60711 83580.0 716.80501 854.3363800000001 6969.0616 3.1127835 -6.820608 0.51540904
60711 84000.0 1910.6751000000002 -1998.9216000000001 6494.6561 2.4782186999999998 -6.5433335 -2.7423375
60711 84420.0 2732.8540000000003 -4463.9092 4751.9164 1.3575072000000001 -4.9795153 -5.4524574
60711 84840.0 3016.9892000000004 -6050.1078 2071.0876000000003 -0.02698099 -2.4479458 -7.099811300000001
60711 85260.0 2710.6492000000003 -6452.1359 -1015.8937 -1.4075205000000002 0.56541133 -7.354857600000001
60711 85680.0 1873.1905 -5589.8703 -3903.054 -2.5118031999999997 3.4656597000000002 -6.1688659
60711 86100.0 667.60203 -3628.9022000000004 -6020.808400000001 -3.1274566 5.6928826 -3.7765009000000003
