CIC_AEM_VERS = 1.0
CREATION_DATE = 2025-05-14T14:35:31.988Z
ORIGINATOR = CS Group

META_START
OBJECT_NAME = PLEIADES-NEO4
OBJECT_ID = PLEIADES-NEO4
CENTER_NAME = null
REF_FRAME_A = EME2000
REF_FRAME_B = SC_BODY_1
ATTITUDE_DIR = A2B
TIME_SYSTEM = UTC
START_TIME = 2025-05-14T04:04:49.937952
STOP_TIME = 2025-05-14T21:59:60.0
ATTITUDE_TYPE = QUATERNION
QUATERNION_TYPE = LAST
META_STOP

60809 14689.937952 0.19221498997005107 -0.7291957216707246 -0.6347063326157424 0.16874498056356813
60809 15109.937952 0.02365695900729519 -0.7537446034489826 -0.5806276890650454 0.3068890805373303
60809 15529.937952 -0.1461168662312005 -0.7398516521603532 -0.49688685856151593 0.4293865903672787
60809 15949.937952 0.30842834912001327 0.6882103833469856 0.38776831215134827 -0.5299756200088762
60809 16369.937952 0.4550138174620872 0.6014338710859772 0.25883629460504437 -0.6035258877829891
60809 16789.937952 0.578402246454353 0.48391958117506106 0.11665759608814533 -0.6462690504169657
60809 17209.937952 0.6723111334261994 0.3415926058234294 -0.031559601166817455 -0.655984925964103
60809 17629.937952 0.7318559552103158 0.18181303305059726 -0.17813943000827903 -0.6321370304866374
60809 18049.937952 0.7540059709453604 0.012783563182730898 -0.3155743424196851 -0.5759552158783536
60809 18469.937952 0.7376504764041885 -0.15684795949213065 -0.4368536736550697 -0.49033596653508743
60809 18889.937952 -0.6834868159479822 0.3187559621962063 0.535986491869721 0.3794191475437808
60809 19309.937952 -0.5944592677405772 0.4640838710765502 0.6075399739605403 0.24927799671043288
60809 19729.937952 -0.4752597376792882 0.5855331423109098 0.6480031523801167 0.10663505756530975
60809 20149.937952 0.3320434068315308 -0.6770741620086466 -0.6554519057463299 0.041237778474399675
60809 20569.937952 0.17209644258100815 -0.7342013769254423 -0.6296074744052073 0.18688386967537535
60809 20989.937952 0.0034810463857155795 -0.7541066324986051 -0.5718222844355083 0.3230020807373088
60809 21409.937952 -0.16535079287066 -0.7357903175201107 -0.484993376669621 0.44277889349798266
60809 21829.937952 0.3259285069600167 0.6800935688276125 0.3734321379014838 -0.5401775489341102
60809 22249.937952 0.4701385673616551 0.589678805565983 0.2426868164010727 -0.6102063117426092
60809 22669.937952 0.5905804140784454 0.46896974426746424 0.09931875013999013 -0.6491671120283832
60809 23089.937952 0.6809453894667864 0.32403023057190866 -0.049349609578669004 -0.65489113772739
60809 23509.937952 0.7364377536194238 0.1622770141226022 -0.195636247181808 -0.6269386449406736
60809 23929.937952 0.7540802864164808 -0.007852808014893353 -0.33188542645330166 -0.5667039074792317
60809 24349.937952 0.7329726193718668 -0.17745493937387422 -0.45098610695834496 -0.47735983814468036
60809 24769.937952 -0.6742958806950047 0.3377722328738546 0.5468338167573266 0.36360385150294167
60809 25189.937952 -0.5812256565584947 0.48055498663185015 0.6145615851686308 0.23142536381397105
60809 25609.937952 -0.4586597941210208 0.5986241851306421 0.6508429240927411 0.08765709550257805
60809 26029.937952 0.31292460266635536 -0.6861205172976069 -0.6539662485796441 0.06037362427447113
60809 26449.937952 0.15143660227678113 -0.7387438183239226 -0.6238725673543408 0.20520123313898164
60809 26869.937952 -0.017665869075279977 -0.7539170061327899 -0.5621300073777961 0.33956872609094163
60809 27289.937952 0.18590731488564957 0.7308775798228232 0.4718416262020372 -0.45675147877960676
60809 27709.937952 0.34485188554227286 0.670705091481691 0.3574919370453838 -0.550846051311993
60809 28129.937952 0.48646827545986976 0.5762874649778071 0.2247673269882631 -0.6170259503449627
60809 28549.937952 0.6034859476452772 0.45224836966096504 0.0803271515656106 -0.651784988976454
60809 28969.937952 0.6897584006878362 0.3048352505013184 -0.06843712587072834 -0.6531655062347604
60809 29389.937952 0.7407015859499976 0.14158993660607053 -0.21384308392173443 -0.6209545763434626
60809 29809.937952 0.7535751934034288 -0.028972260208088435 -0.34827901596495775 -0.5567645490365746
60809 30229.937952 0.7277229848955774 -0.19792392839923714 -0.46472617575414144 -0.4639773242202851
60809 30649.937952 -0.6645659552145851 0.3565512058635573 0.5572217095374664 0.3474583359010297
60809 31069.937952 -0.5675042621827262 0.4966914660580066 0.6210673015546767 0.21333519843002932
60809 31489.937952 0.441643350972377 -0.6112907160955293 -0.6531280596447591 -0.06854596021631598
60809 31909.937952 0.29348365094721773 -0.694665145484839 -0.6519075332119877 0.07952515587334628
60809 32329.937952 0.13057247531286365 -0.7427245318609257 -0.6175758096968098 0.22340818637635057
60809 32749.937952 -0.03888031675991361 -0.753131336669659 -0.5519220484727969 0.35589824824577754
60809 33169.937952 0.2063840817306779 0.7253714378732691 0.4582511056523491 -0.4703698673323477
60809 33589.937952 0.36354957043911673 0.6607649192269305 0.3412173303808665 -0.5610634231531371
60809 34009.937952 0.5024407109969276 0.5624217294566688 0.20663814426976865 -0.6233264052650246
60809 34429.937952 0.6159263524117196 0.43515808348683094 0.06125967432088838 -0.6538496945651663
60809 34849.937952 0.6980319671380509 0.28538998014703176 -0.08747184299205525 -0.6508860182617483
60809 35269.937952 0.7443839479591328 0.12078036110976904 -0.2318738947595939 -0.6144421366735731
60809 35689.937952 0.7524737444763119 -0.05008507882944076 -0.36438579932071424 -0.5463494650915757
60809 36109.937952 0.7218917003480416 -0.21825870550314785 -0.47808409248951356 -0.4501900831306501
60809 36529.937952 -0.6542952645623262 0.3750738343234696 0.5671484312953379 0.33099846292157226
60809 36949.937952 -0.5533091319342905 0.5124591077101979 0.6270521851517019 0.19503903337400288
60809 37369.937952 0.424244874797974 -0.6234920595396318 -0.6548577225304313 -0.049348770409567706
60809 37789.937952 0.27377390717824845 -0.702669624238199 -0.6492873172688146 0.09863684177410446
60809 38209.937952 0.10956973899649737 -0.7461189411584395 -0.610740158726882 0.24144866216053357
60809 38629.937952 -0.06009430976838484 -0.751744730004242 -0.5412277347059545 0.37194229932796213
60809 39049.937952 0.22672083465977033 0.7192832141007187 0.4442534352177557 -0.48359922078239553
60809 39469.937952 0.38197617240310755 0.6502931356856106 0.32463808837773594 -0.5708092089051269
60809 39889.937952 0.5180263327582034 0.5481038159181063 0.1883222917248532 -0.6290990700872137
60809 40309.937952 0.6278865988799065 0.4177187317110326 0.04213379353308632 -0.6553580880459636
60809 40729.937952 0.7057596657990004 0.26571310256559566 -0.10643793935915087 -0.6480515460372163
60809 41149.937952 0.7474813343888707 0.09986686756919995 -0.24971446181296994 -0.6074050963431307
60809 41569.937952 0.7507786104374097 -0.07116952496699208 -0.3801905502385104 -0.5354638384942383
60809 41989.937952 -0.7154858038159446 0.23843529276308542 0.4910430732397572 0.43601075207623924
60809 42409.937952 -0.6434978519460028 0.39331380495878665 0.5765973350721606 0.31424557046584484
60809 42829.937952 -0.5386635953893814 0.5278311404161106 0.6325032121253692 0.1765658655015259
60809 43249.937952 0.4064976145364702 -0.6352032109176862 -0.6560263275501074 -0.03010029529987715
60809 43669.937952 0.2538373039238809 -0.7101134911193174 -0.6461105925184409 0.1176713860820025
60809 44089.937952 0.0884747121131062 -0.7489150197863864 -0.6033809573277363 0.25928736719926015
60809 44509.937952 -0.081262155867807 -0.7497560170454964 -0.5300688825586056 0.38767171249765003
60809 44929.937952 0.24688022354242603 0.712618387479402 0.429875271719294 -0.4964196206982174
60809 45349.937952 0.4001054190773529 0.6392983445196293 0.3077770036669003 -0.5800746472077726
60809 45769.937952 0.5332101629340277 0.5333397322844523 0.16983343166384404 -0.6343439584325673
60809 46189.937952 0.6393586227811405 0.3999300088619647 0.02295103375842712 -0.6563153125872438
60809 46609.937952 0.7129353844110723 0.24579844505979284 -0.1253428473535854 -0.6446669160722616
60809 47029.937952 0.7499885602360455 0.0788413040157556 -0.26737534669695645 -0.5998430063565307
60809 47449.937952 0.7484841218474816 -0.09223014257589644 -0.39570214077142607 -0.5241039361916152
60809 47869.937952 -0.7085034334374404 0.2584458976951913 0.5036047870403818 0.42143898875388464
60809 48289.937952 -0.6321822990050495 0.41124974574230394 0.5855636282725901 0.29721107768019084
60809 48709.937952 -0.5235954198489072 0.5427744368093985 0.6374146893780291 0.1579438533928992
60809 49129.937952 0.38845329478457424 -0.646388847128097 -0.6566337103047509 -0.010847422312920098
60809 49549.937952 0.2337475907807801 -0.7169717110015124 -0.6423885484649198 0.1365671345122181
60809 49969.937952 0.06737435675119285 -0.7511022971173968 -0.5955291614870954 0.27685926593814725
60809 50389.937952 -0.10229634192692241 -0.747169680621414 -0.5184984747407759 0.4030288556418179
60809 50809.937952 0.2667817235113296 0.7053992968463094 0.4151782468445875 -0.5087891187477492
60809 51229.937952 0.4178703869111213 0.6278157173894859 0.290695774574629 -0.5888359121061922
60809 51649.937952 0.5479408782846308 0.5181713109760753 0.15122839585202294 -0.6390534083110947
60809 52069.937952 0.6503057347400563 0.3818369827551237 0.003761993692587379 -0.6567258312021204
60809 52489.937952 0.7195376713375012 0.2256949728025586 -0.14413873439465777 -0.6407428064558858
60809 52909.937952 0.7518974675261463 0.05775788452240896 -0.2848100690735501 -0.5917748301994464
60809 53329.937952 0.7455919022594678 -0.11320815496977144 -0.4108760480074479 -0.5123060629225753
60809 53749.937952 -0.7009618565032937 0.2782260556984889 0.5157292480871579 0.40652931053661034
60809 54169.937952 -0.6203878793855035 0.4288135273072843 0.5940174854515128 0.2799661852576211
60809 54589.937952 -0.5081660347715526 0.5572269339661693 0.64177317248044 0.13925738849917804
60809 55009.937952 0.370190315152379 -0.6570034671782282 -0.6566858978421233 0.00831902989859495
60809 55429.937952 0.2135913667908279 -0.7232204344843287 -0.6381476089050899 0.15523711033590273
60809 55849.937952 0.046353764601764075 -0.7526809062218732 -0.5872259588696921 0.29408919590123483
60809 56269.937952 -0.1231182561476431 -0.7440129155688979 -0.5065576019988428 0.41795462950781304
60809 56689.937952 0.28636127678938866 0.6976699847601454 0.4002023112884131 -0.520664884123888
60809 57109.937952 0.4352263235513235 0.6158955968646994 0.2734352489800125 -0.5970626647730647
60809 57529.937952 0.5621939625861457 0.5026491254698263 0.13254967752992844 -0.6432047792754794
60809 57949.937952 0.6607237978555497 0.3634863308373356 -0.015387958082305687 -0.6565706062471933
60809 58369.937952 0.7255697747406775 0.20544411610872404 -0.16278239956165677 -0.6362728247631018
60809 58789.937952 0.7532126009994718 0.036653335878327226 -0.30197928266688445 -0.5832116455495336
60809 59209.937952 0.7421163413453702 -0.134066919519904 -0.42567561477583477 -0.5000896599449147
60809 59629.937952 -0.692886715147165 0.2977413026701264 0.5273853894702685 0.39130904363451774
60809 60049.937952 -0.60816630793174 0.4459552516868763 0.6019268170509199 0.2625676337717941
60809 60469.937952 -0.49245992834364793 0.571135374508321 0.6455576879300634 0.12059384111719845
60809 60889.937952 0.3518223423156993 -0.6670056705163854 -0.6561856353049359 0.02729261742559226
60809 61309.937952 0.193497394323227 -0.7288460775624485 -0.6334155447099415 0.17357102676357886
60809 61729.937952 0.0255348864643619 -0.7536726333459741 -0.5785143630447448 0.31088046427771887
60809 62149.937952 -0.14363740944586884 -0.7403261952697389 -0.4943011994032976 0.43237916632693313
60809 62569.937952 0.30557116450740357 0.6894724811852438 0.384997663669729 -0.5320063534194898
60809 62989.937952 0.4521663773792989 0.6035646051783679 0.2560235459108494 -0.6047373632270437
60809 63409.937952 0.5759924221334204 0.4867700241486083 0.1137966579379106 -0.6467905332311236
60809 63829.937952 0.6706379298078043 0.3448450378195945 -0.03452909441165772 -0.6558463300449395
60809 64249.937952 0.7310503948637147 0.18499056828301003 -0.18131904455852466 -0.63124259512197
60809 64669.937952 0.7539471791027578 0.015471230090191702 -0.31892066792745044 -0.5741201091506892
60809 65089.937952 0.7380636947998646 -0.1548463984831784 -0.44011877521889603 -0.487421828599192
60809 65509.937952 -0.6842689258654044 0.31704901882581554 0.5385934146765595 0.3757300765491592
60809 65929.937952 -0.5955129231641466 0.4627141803281506 0.6092972841062554 0.24498319380823247
60809 66349.937952 -0.476466132161974 0.5845402327936817 0.648772180401198 0.1019185904807943
60809 66769.937952 0.333311149005681 -0.6764428105763193 -0.6551341506329111 0.04613075592938562
60809 67189.93795200001 0.17337790129307806 -0.7338946168555186 -0.6281753982143736 0.1916623692118836
60809 67609.93795200001 0.004768380022533619 -0.7540979811538668 -0.5693397394250082 0.3273618158598935
60809 68029.93795200001 -0.16405666744517608 -0.736080323664941 -0.4816166955026968 0.44644879392060316
60809 68449.937952 0.3246420074500343 0.6807091299432815 0.36938921046958323 -0.5429495912138903
60809 68869.937952 0.46891137855722853 0.5906552932859517 0.2382373420247596 -0.6119570347972345
60809 69289.937952 0.5895071149874507 0.4703179483457566 0.09472311041670355 -0.6498537690865506
60809 69709.937952 0.680151407029174 0.32569114827320955 -0.053880808651657425 -0.6545351005956491
60809 70129.937952 0.7360209086095425 0.1641479193057237 -0.1999084505531584 -0.625591954931184
60809 70549.93795200001 0.7540962536262504 -0.00591669373160726 -0.3357298199329501 -0.5644371718888908
60809 70969.93795200001 0.7334142100384933 -0.17561443772300228 -0.45424875057480696 -0.4742586197193185
60809 71389.93795200001 -0.6750953500397171 0.3361674852037068 0.5493623555424858 0.35977589213200306
60809 71809.93795200001 -0.5822854299307495 0.4792675449191666 0.6162013245758642 0.22702913044027484
60809 72229.937952 -0.45987361177905317 0.5976904280529751 0.6514689067272976 0.08288954681188489
60809 72649.937952 0.31420847827478754 -0.6855331748308524 -0.6534968528156972 0.06526225361227836
60809 73069.937952 0.15274113762575775 -0.7384757902990605 -0.6222978725870283 0.2099262008245422
60809 73489.937952 -0.016359337290768907 -0.7539465028648047 -0.5595274370425697 0.3438402101237015
60809 73909.937952 0.18460939606930912 0.7312069281387187 0.4683673251720531 -0.4603127717498613
60809 74329.93795200001 0.34358673973164827 0.6713546834771618 0.353366806358852 -0.5535006245864605
60809 74749.93795200001 0.48529198925144645 0.5772785636229297 0.22024514879947152 -0.6186543619664533
60809 75169.93795200001 0.6024844661297593 0.45358064504649653 0.07566431567322696 -0.6523434508334128
60809 75589.93795200001 0.689041436565851 0.3064489074000322 -0.0730212263819942 -0.6526705649454894
60809 76009.937952 0.7403539556095938 0.14338515484020087 -0.21814662447769456 -0.6194584473664613
60809 76429.937952 0.7536425166624205 -0.027127765766799053 -0.35212230410466 -0.5543436879366987
60809 76849.937952 0.7281954143241585 -0.19617773458696314 -0.4679488265246462 -0.460727284587966
60809 77269.937952 -0.6653781318566173 0.3550329500950034 0.5596706714855891 0.3435000516342126
60809 77689.93795200001 -0.5685484521781693 0.4954954639822514 0.6226007655378271 0.20881855628878634
60809 78109.93795200001 0.44281151806363905 -0.6104443757814532 -0.653621569157015 -0.0636747036089603
60809 78529.93795200001 0.29469504799897994 -0.6941508648821682 -0.6512836072697665 0.08449300781660704
60809 78949.93795200001 0.13178510852910688 -0.7425097372583266 -0.6158297064119739 0.22817920139023315
