CIC_OEM_VERS = 2.0
CREATION_DATE = 2025-01-28T14:09:26.594284
ORIGINATOR = ISAE-SUPAERO


META_START
OBJECT_NAME = PLEIADES-NEO3
OBJECT_ID = PLEIADES-NEO3
CENTER_NAME = Earth
REF_FRAME = EME2000
TIME_SYSTEM = UTC
START_TIME = 2025-01-28T00:00:00.000
USEABLE_START_TIME = 2025-01-28T00:00:00.000
USEABLE_STOP_TIME = 2025-01-28T23:55:00.000
STOP_TIME = 2025-01-28T23:55:00.000
INTERPOLATION = lagrange
INTERPOLATION_DEGREE = 5
META_STOP



60703 0.0 1910.3663000000001 -4391.7127 5096.280900000001 0.7598191900000001 -5.5447333 -5.065894500000001
60703 420.0 2028.442 -6204.6050000000005 2531.4612 -0.21787465 -2.9106033000000004 -6.9568746
60703 840.0 1735.7903999999999 -6761.2651 -547.37635 -1.1518392 0.30639184999999997 -7.4503653000000005
60703 1260.0 1092.2878 -5950.5554 -3513.8729 -1.8555285 3.4656219999999998 -6.4441452
60703 1680.0 228.21892000000003 -3938.2625000000003 -5769.0362000000005 -2.1858559 5.9272637999999995 -4.1384249
60703 2100.0 -681.92987 -1134.7955 -6863.7799 -2.0736865 7.1892783 -0.9918827800000001
60703 2520.0 -1454.8916000000002 1896.9518 -6573.970700000001 -1.5442362 7.0006233 2.3473439
60703 2940.0 -1935.3738 4547.3938 -4958.9715 -0.70468701 5.4047995 5.2111794
60703 3360.0 -2026.806 6283.6956 -2344.4999 0.27679869 2.7217358 7.0252848000000006
60703 3780.0 -1710.6979 6756.4905 742.66678 1.2026208 -0.50852589 7.4232569999999996
60703 4200.0 -1050.7857 5871.3911 3680.2909 1.8859135000000002 -3.633296 6.3260679
60703 4620.0 -179.98742000000001 3807.9173 5877.5694 2.1898999 -6.0244459 3.9587941
60703 5040.0 726.86111 981.25876 6893.915400000001 2.0548195999999996 -7.2064161 0.7981489800000001
60703 5460.0 1487.9543999999999 -2041.938 6524.8282 1.5073733 -6.943986600000001 -2.5270158
60703 5880.0 1950.0233 -4654.533 4841.514700000001 0.6546825700000001 -5.2828423 -5.3532694
60703 6300.0 2018.7226 -6327.871 2179.5694 -0.33363335 -2.5477800000000004 -7.1061857
60703 6720.0 1678.867 -6720.518099999999 -924.62201 -1.2570659000000002 0.71109565 -7.4202936
60703 7140.0 998.7242600000001 -5750.9285 -3840.9008 -1.9257294 3.8257087000000003 -6.2269969000000005
60703 7560.0 116.36695 -3617.0403 -5977.7485 -2.2036327 6.1597812 -3.7744915000000003
60703 7980.0 -789.6698 -751.4019000000001 -6902.9580000000005 -2.0368984 7.2478146 -0.5639428900000001
60703 8400.0 -1536.7682 2265.502 -6434.938 -1.4598845 6.8723943 2.7536628999999997
60703 8820.0 -1974.5763000000002 4826.468400000001 -4668.3348 -0.58923956 5.1139598 5.514283900000001
60703 9240.0 -2014.9635 6416.0368 -1959.6932 0.40022397000000004 2.3257809000000003 7.162576100000001
60703 9660.0 -1649.7926000000002 6714.3235 1144.471 1.3087187 -0.92900365 7.3653384
60703 10080.0 -952.9043 5662.7411 4018.1096000000002 1.9528135 -3.9917416 6.0846483
60703 10500.0 -64.787892 3474.9463 6083.679 2.2040919 -6.2478679 3.5840689
60703 10920.0 836.31198 591.15176 6927.758400000001 2.0137773 -7.2505951 0.36669869
60703 11340.0 1569.8688000000002 -2410.8996 6380.7465999999995 1.4195483999999998 -6.8009441 -2.9283787
60703 11760.0 1988.1977 -4928.589400000001 4549.5293 0.53779038 -4.981675500000001 -5.6441294
60703 12180.0 2005.7154 -6452.335400000001 1799.2188999999998 -0.45609436 -2.1492198 -7.228296500000001
60703 12600.0 1617.6156 -6671.0442 -1315.8379 -1.3604010000000002 1.1265596 -7.3490910000000005
60703 13020.0 901.8195000000001 -5538.2135 -4163.6019 -1.9893236 4.1743971 -5.9776121
60703 13440.0 3.4594335000000003 -3285.2379 -6168.139400000001 -2.2144277000000003 6.372316 -3.3939043000000004
60703 13860.0 -895.82861 -364.00075 -6916.1355 -1.9932919 7.2863962 -0.12385586999999999
60703 14280.0 -1614.4521000000002 2628.4339 -6269.6916 -1.3675057 6.7188724 3.1667244
60703 14700.0 -2008.1014 5092.4205999999995 -4356.6281 -0.46608957 4.7937875000000005 5.8109164
60703 15120.0 -1994.6769 6523.9924 -1558.2247 0.5290902 1.9055508 7.2854433
60703 15540.0 -1578.6172 6638.55 1555.4173 1.4180898 -1.3692368 7.2861833
60703 15960.0 -843.01164 5408.8691 4352.5593 2.0214574 -4.3668192 5.817942
60703 16380.0 62.550589 3089.8026 6271.898 2.2160458 -6.4808282 3.1710244
60703 16800.0 955.58546 148.76852 6925.841 1.9636972000000001 -7.2838893 -0.10958804999999999
60703 17220.0 1656.449 -2822.2216000000003 6183.2932 1.316675 -6.6216735 -3.3656254
60703 17640.0 2024.1633000000002 -5225.5363 4193.9949 0.40422352 -4.6265048 -5.9451408
60703 18060.0 1984.3478 -6576.7226 1358.1853999999998 -0.59070972 -1.6970356 -7.326899099999999
60703 18480.0 1544.6931000000002 -6602.7008 -1752.0542 -1.4667014999999999 1.5743685 -7.2291533
60703 18900.0 793.60278 -5297.900900000001 -4508.9520999999995 -2.0468502 4.5256646 -5.6738957
60703 19320.0 -116.8281 -2928.9821 -6357.3325 -2.2143951000000004 6.5614217 -2.9780717
60703 19740.0 -1003.8643000000001 27.816262 -6926.6807 -1.9375209 7.2782291 0.31305898000000004
60703 20160.0 -1689.5143 2978.9396 -6102.8842 -1.2715249 6.5345442 3.5435743000000004
60703 20580.0 -2035.5741 5331.069 -4049.5452000000005 -0.34788726000000003 4.4739184 6.0675589
60703 21000.0 -1973.4819 6614.4138 -1181.7915 0.64617525 1.5091876 7.3629053
60703 21420.0 -1511.7182 6558.4337000000005 1926.3734 1.5113975000000002 -1.7596334 7.1803281
60703 21840.0 -744.5246999999999 5176.7024 4643.0826 2.0738256 -4.6787 5.5502472
60703 22260.0 172.88262 2749.9749 6419.5158 2.218551 -6.6590134 2.7921970000000003
60703 22680.0 1055.9876000000002 -231.15517000000003 6902.1452 1.9127113 -7.2863702 -0.53316415
60703 23100.0 1725.6598999999999 -3164.5434 5988.0927 1.2214402 -6.4425016 -3.7449604
60703 23520.0 2047.1856 -5459.5055999999995 3862.8997000000004 0.28325646 -4.2980776 -6.201091000000001
60703 23940.0 1955.4775 -6652.4897 955.9660200000001 -0.71240068 -1.2854419000000001 -7.403023
60703 24360.0 1469.1849 -6503.2707 -2144.5301 -1.5632121 1.982616 -7.1072801
60703 24780.0 687.02558 -5044.6485 -4812.4351 -2.0973562 4.842988500000001 -5.3798064000000005
60703 25200.0 -233.11603 -2573.2957 -6512.1245 -2.2094895 6.7237347000000005 -2.5769307
60703 25620.0 -1106.6345000000001 413.28929999999997 -6904.8911 -1.8793571 7.2560035 0.73829536
60703 26040.0 -1758.6935 3317.0512000000003 -5912.36 -1.1725154 6.3355381 3.9085492
60703 26460.0 -2058.0069 5555.3053 -3731.1911 -0.22780592 4.139231 6.3015786
60703 26880.0 -1942.978 6674.8568 -797.3128800000001 0.76633065 1.1003535 7.4297835999999995
60703 27300.0 -1435.6906000000001 6446.827200000001 2297.8376000000003 1.6079622999999998 -2.1682338 7.0547903
60703 27720.0 -638.1086 4915.3242 4927.1618 2.12465 -4.9989591 5.249877400000001
60703 28140.0 288.47284 2390.4811 6558.393 2.2116934 -6.8167786 2.3845354000000003
60703 28560.0 1156.7758000000001 -618.22698 6859.418000000001 1.8525703000000002 -7.2604936 -0.96489072
60703 28980.0 1791.6814 -3501.8665 5773.571 1.1187580000000001 -6.235130900000001 -4.1171963
60703 29400.0 2064.5492 -5677.9193 3518.1591000000003 0.1581875 -3.9486374 -6.437875200000001
60703 29820.0 1920.0335 -6706.151 549.64697 -0.83436414 -0.8639845 -7.4539959
60703 30240.0 1387.6767 -6379.9275 -2530.4026000000003 -1.6567258999999999 2.3891197 -6.9606551
60703 30660.0 575.76411 -4768.7368 -5099.8908 -2.1430932 5.1504053999999995 -5.0661395
60703 31080.0 -351.77121999999997 -2200.5061 -6643.749 -2.1984384 6.8698686 -2.1615865
60703 31500.0 -1208.9981 807.99026 -6855.405 -1.8142373 7.2126890999999995 1.1705328
60703 31920.0 -1824.5355 3654.8652 -5693.1320000000005 -1.0667270000000002 6.1127653 4.2708770000000005
60703 32340.0 -2074.5157 5769.290900000001 -3387.5212 -0.10266777 3.7824092 6.5217578000000005
60703 32760.0 -1907.2920000000001 6723.2605 -399.31309999999996 0.88570768 0.6814404500000001 7.4640461
60703 33180.0 -1355.3377 6320.9754 2669.4749 1.6976836000000002 -2.564984 6.8972921
60703 33600.0 -529.5411 4641.528200000001 5197.406599999999 2.167049 -5.294859000000001 4.9328744
60703 34020.0 403.25965 2024.2869 6672.5706 2.198478 -6.9537351 1.9708893
60703 34440.0 1254.7207 -1002.0527 6796.835 1.7858584000000002 -7.2080105 -1.3898668
60703 34860.0 1852.6602 -3825.6838 5544.7635 1.0124069 -6.006420100000001 -4.4699009
60703 35280.0 2076.1766000000002 -5876.1105 3169.3324 0.033575656 -3.5893891 -6.6467696
60703 35700.0 1879.9066 -6738.482900000001 151.39571 -0.95193657 -0.44710493 -7.476380000000001
60703 36120.0 1303.9143000000001 -6239.8972 -2897.429 -1.7433548 2.7787295 -6.792425199999999
60703 36540.0 465.27285 -4484.7338 -5361.760700000001 -2.1814953 5.4342806 -4.742382
60703 36960.0 -466.77577 -1829.8313 -6748.06 -2.1812172999999997 6.9919042000000005 -1.7478577
60703 37380.0 -1305.5178 1191.1515 -6781.3513 -1.7449146000000002 7.1491273 1.5918217
60703 37800.0 -1883.2267 3973.8671000000004 -5455.3597 -0.95892849 5.875839 4.6159422999999995
60703 38220.0 -2083.5037 5960.0036 -3033.4401000000003 0.022214347 3.4186133 6.7208456
60703 38640.0 -1864.6842 6747.0808 -0.23382184 1.002394 0.26391921 7.4757078
60703 39060.0 -1269.6988999999999 6173.0452000000005 3032.899 1.7823497 -2.9511397 6.7187832
60703 39480.0 -418.23051000000004 4352.0387 5451.7174 2.202544 -5.5712078 4.600842800000001
60703 39900.0 517.72884 1652.0109 6766.6011 2.1777858 -7.0649374 1.5528164
60703 40320.0 1349.1002 -1381.1559 6712.1437000000005 1.7127649 -7.131477299999999 -1.8117877000000002
60703 40740.0 1909.1139 -4136.5204 5304.1601 0.89987388 -5.750316300000001 -4.8088046
60703 41160.0 2082.0748 -6053.2687000000005 2818.0472000000004 -0.09273798800000001 -3.2152506 -6.8325636
60703 41580.0 1833.9938000000002 -6745.9843 -239.57592000000002 -1.068396 -0.026345541 -7.4766551
60703 42000.0 1215.13 -6074.856 -3248.6953 -1.8277355 3.1664871 -6.6057599
60703 42420.0 350.35328999999996 -4173.3526 -5596.849 -2.2185572000000002 5.7184805 -4.4041608
60703 42840.0 -586.27009 -1426.7442 -6814.985900000001 -2.1606862000000002 7.1169991 -1.3034841
60703 43260.0 -1403.8948 1604.8399 -6655.1647 -1.6664219 7.072850900000001 2.0509972
60703 43680.0 -1938.5910000000001 4313.1364 -5150.3667000000005 -0.8359636400000001 5.602470500000001 4.9920709
60703 44100.0 -2082.1977 6151.2703 -2603.8295000000003 0.16397529 2.9999962 6.925797800000001
60703 44520.0 -1805.5034 6747.7600999999995 469.74537 1.1308642 -0.20794387 7.458111
60703 44940.0 -1164.6757 5983.4030999999995 3448.3338 1.8681741 -3.3679175 6.4833573
60703 45360.0 -289.37205 4015.0255 5731.915900000001 2.228163 -5.8424629999999995 4.2059329
60703 45780.0 643.9881899999999 1241.403 6863.0962 2.1406873 -7.139742900000001 1.0895940000000002
60703 46200.0 1448.4243999999999 -1780.8233 6616.631200000001 1.6246626000000002 -7.006681800000001 -2.2435775
60703 46620.0 1962.6279 -4446.0813 5041.129599999999 0.78172918 -5.4676995 -5.1319052
60703 47040.0 2082.5471000000002 -6218.0919 2450.2608999999998 -0.22141583 -2.8227279 -6.994154900000001
60703 47460.0 1782.6833000000001 -6736.328 -635.19708 -1.1825628 0.39893939 -7.4463611
60703 47880.0 1122.7558999999999 -5893.9288 -3592.0051000000003 -1.9059760000000001 3.543721 -6.390904900000001
60703 48300.0 235.99249 -3860.8567000000003 -5821.3764 -2.2440572000000003 5.9707725 -4.0425171
60703 48720.0 -698.39828 -1048.8057 -6873.2420999999995 -2.1290875000000002 7.1904679 -0.87974523
60703 49140.0 -1491.9494 1974.5393000000001 -6535.906900000001 -1.5851636000000002 6.9605551 2.4588266
60703 49560.0 -1984.7692 4599.937900000001 -4877.6287999999995 -0.72117005 5.3266773999999995 5.3027738
60703 49980.0 -2077.0748 6297.0517 -2232.4963 0.28928437 2.6157208 7.0764525
60703 50400.0 -1750.0046000000002 6722.717000000001 864.67346 1.2412915 -0.62309408 7.4178028000000005
60703 50820.0 -1070.0033 5792.4835 3786.9344 1.9412681 -3.7296342 6.260344600000001
60703 51240.0 -174.58243 3696.5433 5945.9012999999995 2.2493287 -6.078036600000001 3.8459053
60703 51660.0 755.86752 859.2064399999999 6909.4664 2.1059186 -7.2024818999999995 0.6650006100000001
60703 52080.0 1534.9766000000002 -2150.2245000000003 6485.871400000001 1.5408503 -6.8839547 -2.6481304
60703 52500.0 2006.4431000000002 -4728.5302 4759.134400000001 0.66547561 -5.183288800000001 -5.4350955999999995
60703 52920.0 2074.7217 -6356.599099999999 2073.4694 -0.34681931 -2.4333137000000002 -7.1339576
60703 53340.0 1724.7336 -6702.844 -1030.6829 -1.2916143 0.8141619600000001 -7.3937004
60703 53760.0 1026.4642 -5695.5797 -3926.145 -1.9763454999999999 3.8999818 -6.156596400000001
60703 54180.0 120.91938 -3538.2608999999998 -6026.8692 -2.2616511999999998 6.1961094 -3.6749985
60703 54600.0 -809.0150600000001 -667.38159 -6909.0775 -2.0906952999999997 7.2404755 -0.45363950999999997
60703 55020.0 -1575.8885 2337.944 -6395.343400000001 -1.4985043 6.8256369999999995 2.858513
60703 55440.0 -2025.0593000000001 4871.918 -4589.0632000000005 -0.60348683 5.0335878 5.5958544
60703 55860.0 -2065.5016 6422.5500999999995 -1854.1603 0.41431229 2.2232485000000004 7.2034177
60703 56280.0 -1688.863 6676.251200000001 1256.2423999999999 1.3482135000000002 -1.0353663 7.352723699999999
60703 56700.0 -971.73404 5583.7667 4112.5938 2.0084673 -4.078089100000001 6.0166661999999995
60703 57120.0 -58.954138 3367.6377 6140.0097000000005 2.2635657 -6.2927945 3.4739026
60703 57540.0 865.7000400000001 476.11083 6933.1583 2.0645546 -7.2414772 0.23920561
60703 57960.0 1617.0007 -2510.7709 6334.215400000001 1.451996 -6.7392978999999995 -3.0431823
60703 58380.0 2044.0928999999999 -4994.058099999999 4462.1489 0.5465741000000001 -4.8830213 -5.720178
60703 58800.0 2060.1011000000003 -6473.084400000001 1690.1897 -0.47212238 -2.0367003 -7.2511143
60703 59220.0 1660.6381000000001 -6646.293000000001 -1422.8438999999998 -1.3976388 1.2268607 -7.3176245
60703 59640.0 925.82065 -5477.2627 -4247.7338 -2.0413437 4.2442272999999995 -5.902443000000001
60703 60060.0 4.0743917000000005 -3202.3934 -6212.8955000000005 -2.2725184 6.4020618 -3.2949135000000003
60703 60480.0 -918.4967800000001 -281.88762 -6922.3012 -2.0454123 7.267015000000001 -0.024883277
60703 60900.0 -1655.9835 2695.3995 -6233.3376 -1.406241 6.667833 3.2498168
60703 61320.0 -2059.6440000000002 5129.3318 -4284.6653 -0.48274581 4.7230917 5.8707874
60703 61740.0 -2047.6128 6528.047500000001 -1469.0669 0.5391273599999999 1.8228434 7.3060805
60703 62160.0 -1622.1843000000001 6608.8637 1644.0023 1.4517345000000001 -1.4440286000000002 7.2625881
60703 62580.0 -869.82034 5357.7275 4424.8899 2.0699687 -4.4129363999999995 5.752550599999999
60703 63000.0 57.640112 3028.7263 6313.9233 2.2709468000000004 -6.4869379 3.0902001
60703 63420.0 973.61473 92.374938 6933.914900000001 2.0165298000000003 -7.257238999999999 -0.18782258
60703 63840.0 1694.5565000000001 -2862.4271000000003 6161.2948 1.3578221000000001 -6.5731934 -3.4292542
60703 64260.0 2075.4793 -5242.7082 4149.4828 0.42460638 -4.566745 -5.9880635
60703 64680.0 2038.2259 -6566.5701 1299.609 -0.5974891800000001 -1.633065 -7.346691600000001
60703 65100.0 1589.8685 -6565.7618 -1812.7222 -1.5010081 1.6374412 -7.218438600000001
60703 65520.0 820.1647800000001 -5237.8824 -4557.7489000000005 -2.1011452 4.5767834999999994 -5.6277608
60703 65940.0 -115.15386000000001 -2852.3321 -6380.0565 -2.2764135000000003 6.5880994 -2.901131
60703 66360.0 -1027.2689 108.34677 -6912.7186 -1.9928924 7.2693772 0.40708831
60703 66780.0 -1732.5434 3047.3796 -6049.6353 -1.3079958999999999 6.4862972 3.6325003000000002
60703 67200.0 -2088.7053 5372.349700000001 -3964.462 -0.35875287 4.3947688 6.1266907
60703 67620.0 -2023.5692 6613.7020999999995 -1077.64 0.66365202 1.4148432 7.383590600000001
60703 68040.0 -1550.1788000000001 6520.8781 2027.3035 1.551686 -1.8486624 7.1471292
60703 68460.0 -764.38927 5114.215200000001 4723.0116 2.125615 -4.7331522 5.4695432
60703 68880.0 175.04148999999998 2679.9386 6467.4282 2.2714220000000003 -6.6598817 2.6962289
60703 69300.0 1079.4477 -291.64727000000005 6912.137 1.9618819 -7.2492824 -0.61451667
60703 69720.0 1767.5408 -3204.6942999999997 5968.251 1.2586261 -6.3854936 -3.8043626
60703 70140.0 2100.7159 -5474.082200000001 3823.2294 0.30032506000000003 -4.2353366 -6.236237600000001
60703 70560.0 2010.3712 -6639.5379 906.0801 -0.7216178200000001 -1.2247782999999999 -7.4161726
60703 70980.0 1514.3636000000001 -6465.3730000000005 -2194.5672000000004 -1.5998172 2.0403099 -7.0941673000000005
60703 71400.0 712.18681 -4984.166700000001 -4850.514099999999 -2.1542639 4.8913363 -5.335145000000001
60703 71820.0 -233.65186 -2497.5211 -6525.3601 -2.2728908000000003 6.749253800000001 -2.5010961000000003
60703 72240.0 -1132.5053 492.82790000000006 -6881.6983 -1.9341427000000002 7.2465695 0.83268102
60703 72660.0 -1803.4669 3384.0374 -5849.585400000001 -1.2061676000000001 6.2853278 3.9979826
60703 73080.0 -2111.3037000000004 5593.826900000001 -3636.694 -0.23440813 4.0567324 6.3590214
60703 73500.0 -1993.5647 6676.0549 -688.92578 0.7855268 1.0081281 7.4366373
60703 73920.0 -1473.7896 6412.028200000001 2398.2119 1.6466697 -2.2420687 7.0114456
60703 74340.0 -656.74035 4855.219599999999 5001.419900000001 2.1753392 -5.036272 5.1734442
60703 74760.0 292.07751 2323.7117000000003 6597.3546 2.2656351 -6.8119471 2.2971873
60703 75180.0 1182.3583999999998 -674.00819 6866.535900000001 1.901483 -7.2193727 -1.0371344
60703 75600.0 1835.4922 -3536.4534 5755.1092 1.1553396 -6.178282500000001 -4.1657986000000005
60703 76020.0 2119.7316 -5687.981 3484.425 0.17473750000000002 -3.8912824 -6.4624727
60703 76440.0 1976.57 -6691.9295999999995 510.81505 -0.84286006 -0.81675845 -7.4592619000000004
60703 76860.0 1434.8655 -6347.2039 -2567.2865 -1.6923812 2.4301998 -6.9457392
60703 77280.0 603.31684 -4720.3101 -5125.2791 -2.1994274999999996 5.1829672 -5.0276273
60703 77700.0 -350.05902000000003 -2141.2017 -6647.4250999999995 -2.2624685 6.8861791000000006 -2.0984985000000003
60703 78120.0 -1233.0298 868.75273 -6828.673900000001 -1.8702491 7.2016086 1.2497908
60703 78540.0 -1868.0171 3703.9647000000004 -5632.9506 -1.1016586 6.0682123 4.3468116
60703 78960.0 -2126.9646000000002 5793.4731 -3300.4274 -0.11003438 3.7106913 6.570141400000001
60703 79380.0 -1957.1479 6715.05 -300.94572 0.90490728 0.60220492 7.4675
60703 79800.0 -1391.9629 6279.7496 2758.7495 1.7376718000000002 -2.6271747999999997 6.8581551
60703 80220.0 -545.0529399999999 4575.4312 5262.4825 2.2204140000000003 -5.3281765 4.8621788
60703 80640.0 410.92723 1952.5435 6704.43 2.2537545 -6.9468464 1.887294
60703 81060.0 1284.3192 -1062.9345 6795.0784 1.8342273 -7.1670793 -1.4624889
60703 81480.0 1899.7284 -3864.8779 5517.323 1.0461087 -5.9473287 -4.5182115000000005
60703 81900.0 2133.1812999999997 -5889.677900000001 3127.5388 0.046279375000000005 -3.5289467 -6.6670837
60703 82320.0 1937.0536000000002 -6728.3787999999995 106.36614999999999 -0.96436642 -0.39587458 -7.472179000000001
60703 82740.0 1350.0115 -6208.849099999999 -2935.5055 -1.7798813 2.8113992 -6.7730201
60703 83160.0 491.31403000000006 -4441.0932999999995 -5387.3729 -2.2371432 5.4545262 -4.7037562
60703 83580.0 -465.97787 -1781.3348 -6753.7185 -2.2435211 6.993883 -1.6926769
60703 84000.0 -1329.8751000000002 1235.8606000000002 -6761.990400000001 -1.8001616 7.1286724999999995 1.6536212000000001
60703 84420.0 -1927.1755 4005.2476 -5411.1934 -0.99537965 5.8335384 4.669511000000001
60703 84840.0 -2137.5059 5970.2735999999995 -2971.2191000000003 0.011384682 3.3625834 6.7510917
60703 85260.0 -1916.9488000000001 6731.318700000001 68.379977 1.0185069 0.20842592 7.4760224
60703 85680.0 -1310.1951000000001 6136.4934 3094.7276 1.8212187 -2.9924208 6.6870348
60703 86100.0 -439.02645 4303.2474 5494.9849 2.255944 -5.5870434 4.5465659
