CIC_OEM_VERS = 2.0
CREATION_DATE = 2025-05-14T14:35:30.707440
ORIGINATOR = ISAE-SUPAERO


META_START
OBJECT_NAME = PLEIADES1A
OBJECT_ID = PLEIADES1A
CENTER_NAME = Earth
REF_FRAME = EME2000
TIME_SYSTEM = UTC
START_TIME = 2025-05-14T04:48:21.502
USEABLE_START_TIME = 2025-05-14T04:48:21.502
USEABLE_STOP_TIME = 2025-05-14T21:57:21.502
STOP_TIME = 2025-05-14T21:57:21.502
INTERPOLATION = lagrange
INTERPOLATION_DEGREE = 5
META_STOP



60809 17301.502 -5791.2648 -2861.1336 2888.1251 2.1942559000000004 2.3917927 6.767609900000001
60809 17721.502 -4331.1732999999995 -1608.5145 5352.9087 4.6290366 3.4677311 4.7850586999999996
60809 18141.502 -2027.7303000000002 -42.582584000000004 6773.2714000000005 6.1553019 3.8642611000000002 1.8679135000000002
60809 18561.502 670.46713 1531.5621 6871.093400000001 6.4805074000000005 3.5076152 -1.4093953
60809 18981.502 3238.1128 2807.5681 5628.0127999999995 5.5439080999999995 2.4679227 -4.4121466
60809 19401.502 5174.821400000001 3536.5816 3285.7906000000003 3.5252086 0.94567765 -6.55651
60809 19821.502 6101.9602 3575.6573 301.00408000000004 0.8162182 -0.76285556 -7.420375600000001
60809 20241.502 5837.9128 2916.7672000000002 -2742.3744 -2.0518771 -2.3224844 -6.8326887
60809 20661.502 4435.323 1688.9307 -5250.0839000000005 -4.5155989 -3.4271076 -4.9111552000000005
60809 21081.502 2169.2336 132.22266000000002 -6733.2995 -6.0964711 -3.8630946 -2.035352
60809 21501.502 -518.5927800000001 -1450.2341000000001 -6904.1988 -6.4911728 -3.5478591 1.2351652
60809 21921.502 -3105.4339 -2750.6361 -5729.1017 -5.6230193 -2.5417352 4.268725900000001
60809 22341.502 -5086.9822 -3515.0117999999998 -3434.9881 -3.6555434 -1.037097 6.474982
60809 22761.502 -6074.629 -3592.6846 -468.34523 -0.9687441700000001 0.67381061 7.4169128
60809 23181.502 -5873.8112 -2967.4743 2590.1495 1.9091297999999999 2.2538741 6.9044768
60809 23601.502 -4523.897 -1761.7404 5140.5864 4.4106800999999995 3.3917748000000003 5.040241600000001
60809 24021.502 -2289.895 -211.55001000000001 6684.763599999999 6.0473499 3.8661126 2.1940765
60809 24441.502 390.04392 1379.7761 6923.3231 6.502815200000001 3.5861541000000003 -1.0764106999999998
60809 24861.502 2994.0082 2702.3912 5810.1623 5.6916434 2.6076518 -4.1366003000000005
60809 25281.502 5014.46 3498.3571 3561.9757000000004 3.7696839 1.1195211 -6.391642300000001
60809 25701.502 6056.5221 3611.7451 617.1215699999999 1.1099231999999999 -0.58870365 -7.3982738
60809 26121.502 5915.8608 3019.8111000000004 -2448.5357999999997 -1.7651261999999999 -2.1813936 -6.9582484000000004
60809 26541.502 4619.2836 1837.624 -5035.714 -4.2943644 -3.3481369 -5.1601079
60809 26961.502 2424.9888 298.47338 -6640.7118 -5.981152600000001 -3.8597112000000005 -2.357069
60809 27381.502 -240.79143 -1298.777 -6951.5958 -6.5032816 -3.6206314 0.90083983
60809 27801.502 -2859.7166 -2643.692 -5908.490900000001 -5.7615708 -2.6776934999999997 3.9847285
60809 28221.502 -4922.1331 -3474.2344 -3713.0915 -3.8960628 -1.2111621000000001 6.296987199999999
60809 28641.502 -6026.5927 -3628.3405000000002 -791.51585 -1.2657616 0.494771 7.3797762
60809 29061.502 -5951.5749000000005 -3072.514 2284.2465 1.6120861 2.1049542999999997 7.0214376000000005
60809 29481.502 -4715.7626 -1917.4668000000001 4912.9677 4.1738946 3.3034218 5.2887125
60809 29901.502 -2560.6186000000002 -388.5663 6581.6314 5.9181812 3.8563033 2.5262132000000004
60809 30321.502 93.003996 1216.0274 6965.9843 6.5090123 3.6581992 -0.7261418000000001
60809 30741.502 2728.4591 2583.9435 5991.3128 5.8329292 2.7476949 -3.8387411000000005
60809 31161.502 4832.291 3448.3893 3846.3248 4.0175082 1.2993341 -6.2065297
60809 31581.502 5992.3703 3639.4297 948.6955600000001 1.4138787 -0.40544885 -7.3626074
60809 32001.502 5980.9676 3118.9662000000003 -2134.8777 -1.4673352 -2.0317962 -7.0764116999999995
60809 32421.502 4797.005099999999 1987.1951000000001 -4797.8090999999995 -4.0603142 -3.2612479 -5.4100547
60809 32841.502 2678.9242000000004 468.24751000000003 -6525.3017 -5.8568639000000005 -3.8515520000000003 -2.6830902
60809 33261.502 38.472778 -1142.1728 -6978.09 -6.5082437 -3.6901253 0.56189874
60809 33681.502 -2609.4852 -2530.2907999999998 -6069.0343 -5.8924518 -2.8105982 3.695093
60809 34101.502 -4749.3548 -3425.7969 -3975.4716000000003 -4.1284279999999995 -1.3828744 6.1092117
60809 34521.502 -5963.6066 -3653.6503 -1105.2116 -1.5574927 0.3160926 7.3316809
60809 34941.502 -6014.853099999999 -3168.9628 1981.1856 1.3173197 1.9535333000000001 7.1209418
60809 35361.502 -4893.343400000001 -2066.3492 4680.5781 3.9323006 3.2086935 5.5202949
60809 35781.502 -2819.8205000000003 -561.72101 6466.9686 5.7779301 3.8376042000000004 2.8460113000000002
60809 36201.502 -198.27774 1052.1112 6993.4721 6.499404 3.7203562000000003 -0.380427
60809 36621.502 2461.6938999999998 2461.4055 6157.339599999999 5.9574896 2.8793067000000003 -3.5362429000000004
60809 37041.502 4641.3883 3390.7974 4118.7815 4.2542314 1.4757067 -6.0086211
60809 37461.502 5915.669 3658.69 1274.4479 1.7121495 -0.22174649 -7.3105198
60809 37881.502 6031.9723 3210.4126 -1819.9124 -1.1675465 -1.8773879 -7.178702599999999
60809 38301.502 4967.9388 2133.8678999999997 -4557.5602 -3.8152945000000003 -3.1637538 -5.6393277
60809 38721.502 2926.2001 637.20699 -6396.9544000000005 -5.7214255000000005 -3.8349091 -2.9994106
60809 39141.502 314.48796999999996 -982.97645 -6983.5007000000005 -6.5062922 -3.7534078 0.23654678999999998
60809 39561.502 -2359.2477999999996 -2412.401 -6207.7423 -6.009793800000001 -2.9340566 3.4177595000000003
60809 39981.502 -4570.0706 -3368.6068 -4211.4713 -4.3426645 -1.5432741 5.9309375
60809 40401.502 -5887.088 -3665.9959 -1389.4253999999999 -1.8244344000000001 0.15076735 7.2833516000000005
60809 40821.502 -6052.5487 -3246.2596000000003 1705.2292 1.0489431999999999 1.814327 7.2073144000000005
60809 41241.502 -5036.2888 -2192.6972 4466.0785000000005 3.7103725 3.1197757000000004 5.7221869
60809 41661.502 -3038.9463 -711.8491 6355.425700000001 5.6421509 3.814753 3.1271934999999997
60809 42081.502 -451.62035 907.2640799999999 7008.1050000000005 6.4751316 3.7682042 -0.06983716400000001
60809 42501.502 2223.2611 2350.4949 6298.6915 6.052348200000001 2.9908851 -3.2530964
60809 42921.502 4466.4735 3337.4518 4363.7837 4.45235 1.6305907 -5.809434
60809 43341.502 5840.2293 3674.7331000000004 1577.2024 1.9790449 -0.052039253 -7.238529000000001
60809 43761.502 6073.742700000001 3294.6765 -1517.4964 -0.88628629 -1.7281314 -7.252738000000001
60809 44181.502 5119.9495 2270.5886 -4314.7389 -3.5800908000000002 -3.0674123 -5.8454326000000005
60809 44601.502 3165.3968 802.67072 -6266.5509 -5.572337900000001 -3.8064083 -3.2944406
60809 45021.502 592.7634499999999 -821.9996500000001 -6991.6998 -6.475018 -3.8017233999999998 -0.10109644000000001
60809 45441.502 -2095.4185 -2286.1799 -6348.8721 -6.1139843 -3.0550972 3.1118177
60809 45861.502 -4374.4397 -3303.9813 -4463.265200000001 -4.5579856 -1.7107615 5.718756099999999
60809 46281.502 -5798.2289 -3675.8593 -1702.8373000000001 -2.1090584 -0.030509891 7.2071537
60809 46701.502 -6088.0661 -3328.8466000000003 1391.5819 0.7512627000000001 1.6551332 7.2824194
60809 47121.502 -5189.1052 -2331.8250000000003 4213.5127 3.458337 3.0140046000000003 5.9334545
60809 47541.502 -3279.1015 -880.34388 6213.1440999999995 5.484822100000001 3.7827895 3.4323523000000002
60809 47961.502 -732.3466500000001 742.1298800000001 7003.4748 6.442345400000001 3.8158633 0.26970445000000004
60809 48381.502 1956.4223000000002 2220.7293 6432.4079 6.1501873 3.1089018 -2.9446369
60809 48801.502 4265.3155 3268.2690000000002 4609.8426 4.6622041 1.7963493000000001 -5.5918003
60809 49221.502 5744.1337 3679.7958 1887.8174 2.2605459000000003 0.12942034000000002 -7.1543592
60809 49641.502 6101.508 3373.039 -1203.0599 -0.5879683800000001 -1.5665098000000002 -7.3192417
60809 50061.502 5266.1898 2406.9364 -4058.1322999999998 -3.3236594 -2.9575263 -6.0497056
60809 50481.502 3401.5119 970.3282800000001 -6118.0338 -5.4078884 -3.7696574999999997 -3.5963118
60809 50901.502 872.66354 -655.7631700000001 -6980.361 -6.434465400000001 -3.8451805 -0.44177269
60809 51321.502 -1826.4343000000001 -2153.8873 -6477.1943 -6.2053001000000005 -3.1703741 2.7985924
60809 51741.502 -4168.8921 -3231.5112999999997 -4706.4647 -4.7638836 -1.8756921 5.4941759
60809 52161.502 -5696.5441 -3677.5682 -2013.5316 -2.389471 -0.21289635 7.1158358
60809 52581.502 -6110.2341 -3404.4936000000002 1074.2441999999999 0.45182785999999997 1.4913579 7.3426474
60809 53001.502 -5330.4307 -2466.4687999999996 3951.5793 3.198955 2.9010791 6.1329699
60809 53421.502 -3511.7525 -1047.632 6057.594700000001 5.3159671 3.7425225 3.7310159
60809 53841.502 -1010.9422 574.73063 6984.1787 6.3958829999999995 3.8555452 0.60922921
60809 54261.502 1685.9543999999999 2085.6807 6552.8916 6.2347295 3.2207738 -2.6293713
60809 54681.502 4055.5164 3191.8547000000003 4846.8238 4.8619551 1.9591706 -5.3614701
60809 55101.502 5636.1403 3677.1592 2195.6035 2.5377237 0.31201074 -7.0541547
60809 55521.502 6117.0008 3445.0502 -884.54121 -0.28731463 -1.3998765000000002 -7.3697988
60809 55941.502 5402.4756 2539.705 -3791.419 -3.0587244 -2.8396878 -6.2418085
60809 56361.502 3632.212 1138.0498 -5955.5683 -5.2307487 -3.7238569000000004 -3.8923734
60809 56781.502 1152.8379 -485.79962 -6954.1377 -6.3798535 -3.8804818 -0.7839248700000001
60809 57201.502 -1551.5033 -2014.932 -6592.7091 -6.283954 -3.2799293 2.4773173
60809 57621.502 -3952.7811 -3150.6637 -4941.3464 -4.9608473 -2.0383001 5.2567428000000005
60809 58041.502 -5581.6054 -3670.6942000000004 -2321.8909 -2.6661707000000003 -0.39661068 7.0093440000000005
60809 58461.502 -6118.8099 -3472.85 752.8591 0.15024897 1.3228388 7.3881544
60809 58881.502 -5460.1422 -2596.3025000000002 3680.0884 2.9322249 2.7810714 6.3208651
60809 59301.502 -3736.6123 -1213.2779 5888.5832 5.13587 3.6941007 4.0231123
60809 59721.502 -1286.9877 405.53303999999997 6949.919400000001 6.3360448 3.8872226999999997 0.9483365
60809 60141.502 1412.3641000000002 1945.7462 6659.627 6.3060586 3.3261797000000004 -2.307906
60809 60561.502 3837.5422000000003 3108.3952999999997 5073.95 5.0513037999999995 2.118386 -5.119036
60809 60981.502 5516.3835 3666.5892000000003 2499.3301 2.8095481 0.49477843000000005 -6.9384306
60809 61401.502 6119.639700000001 3509.9732000000004 -563.3052700000001 0.014273739 -1.2291265 -7.404409
60809 61821.502 5527.636 2667.7879 -3515.7849 -2.7866051 -2.7147193 -6.4208495
60809 62241.502 3855.8609 1304.4615000000001 -5779.790599999999 -5.0417398 -3.6693862 -4.1809525
60809 62661.502 1431.518 -313.48503000000005 -6912.9403 -6.3111325 -3.9073037 -1.1256039
60809 63081.502 -1272.0571000000002 -1870.3171000000002 -6694.409900000001 -6.3493186999999995 -3.3830146 2.1495002
60809 63501.502 -3727.1879 -3062.0472999999997 -5166.2205 -5.1478084 -2.1975949 5.0073828
60809 63921.502 -5453.970200000001 -3655.4156000000003 -2626.0014 -2.9377884 -0.58061767 6.8878444000000005
60809 64341.502 -6113.7778 -3533.6535 429.24832000000004 -0.15214634000000002 1.1506373 7.4183022
60809 64761.502 -5578.1092 -2720.8832 3400.5124 2.6591065 2.6546216 6.4954232
60809 65181.502 -3953.4483 -1376.7821000000001 5706.9328 4.9447722999999995 3.6375308 4.3069932
60809 65601.502 -1560.2127 234.97883 6900.8895 6.2628140000000005 3.9106489000000004 1.285657
60809 66021.502 1135.8945 1801.2307 6752.2481 6.3640550000000005 3.424711 -1.9815966
60809 66441.502 3611.5184 3017.9757999999997 5290.242200000001 5.2297241 2.2733276 -4.8660528
60809 66861.502 5384.9947 3648.0451000000003 2797.4976 3.0746993000000002 0.67664332 -6.8081309
60809 67281.502 6108.3868 3566.8423 -241.60644000000002 0.31459338000000003 -1.0560546 -7.4240017
60809 67701.502 5639.5292 2789.4337 -3233.5631000000003 -2.5102770000000003 -2.5844650000000002 -6.586119
60809 68121.502 4069.0799 1467.1408000000001 -5592.3241 -4.8435825999999995 -3.6074899 -4.4593636
60809 68541.502 1704.4453 -141.52964000000003 -6856.9079 -6.2296513000000004 -3.925752 -1.4627117
60809 68961.502 -992.61648 -1722.6212 -6780.8403 -6.4004623 -3.4783122 1.8192359
60809 69381.502 -3495.9246000000003 -2967.5594 -5378.3371 -5.3219541 -2.3513732 4.7485219
60809 69801.502 -5316.1207 -3632.6945 -2922.5761 -3.2010504 -0.76285221 6.7514474
60809 70221.502 -6096.3416 -3587.1777 106.36101 -0.45263921 0.9759074799999999 7.4315123000000005
60809 70641.502 -5684.3824 -2840.1108 3114.6747 2.3808355999999997 2.5218754 6.6549776000000005
60809 71061.502 -4162.4816 -1538.3581000000001 5513.834400000001 4.7427323 3.5723296 4.5807577
60809 71481.502 -1830.9418 62.634231 6837.6703 6.1757801 3.9253421 1.6201469
60809 71901.502 856.0681 1651.5627 6831.0067 6.408456500000001 3.5162150000000003 -1.6510894
60809 72321.502 3376.9012000000002 2920.0199 5495.6464000000005 5.3971124 2.4240515 -4.6034339
60809 72741.502 5241.2497 3620.8839 3089.6177000000002 3.3329343 0.85746666 -6.6647742
60809 73161.502 6083.2033 3615.5184 79.920657 0.61310721 -0.88070309 -7.4289487
60809 73581.502 5737.8696 2904.4704 -2945.4941000000003 -2.2304101999999997 -2.449084 -6.7377499
60809 74001.502 4271.2987 1625.8363000000002 -5393.893099999999 -4.6369428 -3.5383667 -4.727376100000001
60809 74421.502 1970.8012 29.741811000000002 -6786.5828 -6.135891 -3.9359703 -1.7946709
60809 74841.502 -714.12211 -1572.1969 -6852.2462000000005 -6.4374701 -3.5657936 1.4873938
60809 75261.502 -3259.6899 -2867.4408 -5577.8585 -5.482853 -2.4993935 4.4809126
60809 75681.502 -5168.5172999999995 -3602.6418 -3211.476 -3.4552937000000004 -0.9429617100000001 6.6006955
60809 76101.502 -6066.6624 -3633.3638 -215.51982999999998 -0.75051811 0.79907923 7.4279406
60809 76521.502 -5778.721500000001 -2953.6798 2822.9089 2.0982242 2.3832829 6.7993855000000005
60809 76941.502 -4362.5568 -1697.2318 5309.274 4.5308801999999995 3.4990818 4.8441879
60809 77361.502 -2097.5959 -110.54606 6759.976000000001 6.0757468 3.9315298 1.9507755
60809 77781.502 574.6494200000001 1497.6837 6895.107 6.4393002 3.6004038 -1.3176522
60809 78201.502 3135.3097000000002 2815.2643 5688.9169 5.5528042 2.5699316 -4.3319524000000005
60809 78621.502 5086.356900000001 3585.5464 3374.2746 3.5832931 1.0366875 -6.508375
60809 79041.502 6044.561900000001 3656.0705000000003 400.05796000000004 0.90934313 -0.70319739 -7.4190002999999995
