CIC_AEM_VERS = 1.0
CREATION_DATE = 2025-01-28T14:09:26.257Z
ORIGINATOR = CS Group

META_START
OBJECT_NAME = PLEIADES1A
OBJECT_ID = PLEIADES1A
CENTER_NAME = null
REF_FRAME_A = EME2000
REF_FRAME_B = SC_BODY_1
ATTITUDE_DIR = A2B
TIME_SYSTEM = UTC
START_TIME = 2025-01-28T03:22:33.267648
STOP_TIME = 2025-01-29T00:00:00.0
ATTITUDE_TYPE = QUATERNION
QUATERNION_TYPE = LAST
META_STOP

60703 12153.267648000001 -0.5328340399985554 -0.5359509495647211 -0.5689211544070729 -0.3243041559209735
60703 12573.267648000001 -0.6381248139541749 -0.4049518824617454 -0.6265086928769429 -0.19051916558777723
60703 12993.267648000001 -0.7119584569911404 -0.2536566241902005 -0.653116433699229 -0.04703611968717627
60703 13413.267648000001 -0.7504790923273479 -0.08956522436030681 -0.6472735232649796 0.09897569724406023
60703 13833.267648000001 -0.7516617691327108 0.0789041067035337 -0.6092446587267402 0.23999931787932005
60703 14253.267648000001 -0.7155098163908824 0.2433640696729158 -0.5409731343092901 0.36900907874482536
60703 14673.267648000001 0.6438780908005436 -0.39568707246269336 0.44588043246809306 -0.47962838199486957
60703 15093.267648000001 0.5404193584658108 -0.5282899022095298 0.32876179645765996 -0.5663677051251945
60703 15513.267648000001 0.410397309612028 -0.6346251540586115 0.19551561665371087 -0.6249788842383492
60703 15933.267648000001 0.2602781743675559 -0.7095558578624805 0.05273854318159527 -0.6526901275368078
60703 16353.267648000001 0.09746637286188013 -0.7494871724480984 -0.09253661935348147 -0.6482331822542967
60703 16773.267648 -0.07010653894430166 -0.7525274760033964 -0.23322555347811982 -0.6118768767178847
60703 17193.267648 -0.23429916677285836 -0.7185243596307891 -0.3624713966869185 -0.5453816385344699
60703 17613.267648 -0.3870998771113294 -0.6490727597918251 -0.4739391622608328 -0.4519290963327297
60703 18033.267648 -0.5209285369907767 -0.5475158864789619 -0.5620715778027083 -0.33605855862956296
60703 18453.267648 -0.6291155706677798 -0.41878778290299284 -0.6224521553129152 -0.20342985518565326
60703 18873.267648 -0.7062062920685581 -0.2692230950122099 -0.6520117560771954 -0.06059924167806719
60703 19293.267648 -0.7482921531774628 -0.10623112470511559 -0.6492256161067534 0.08532233604238154
60703 19713.267648 -0.7532289274188468 0.06209974431777705 -0.6141929868982983 0.22706118008164058
60703 20133.267648 -0.7207699729563675 0.22729599003772266 -0.5486769871984858 0.3574643236968431
60703 20553.267648 0.652582013133662 -0.38115477454225616 0.4559676712723728 -0.47005450400193804
60703 20973.267648 0.5521425522499207 -0.5160240982857995 0.3407356172530289 -0.5592467890998288
60703 21393.267648 0.42455025598390794 -0.625243899259411 0.20877966550303134 -0.6206755979215938
60703 21813.267648 0.2761481669943816 -0.7035296712379168 0.06662686587535517 -0.6514207951064653
60703 22233.267648 0.1142632265211119 -0.7471110435312021 -0.07871647675414808 -0.6500559360440584
60703 22653.267648 -0.05321381243153575 -0.7539126060041565 -0.22016050095246478 -0.6166955703545167
60703 23073.267648 -0.2181445284046287 -0.7235958522249256 -0.35080582494422957 -0.552953235414356
60703 23493.267648 -0.37247766653033304 -0.6575754349376909 -0.4642457738052019 -0.46187746947283975
60703 23913.267648 -0.5085540253195892 -0.5590301199639669 -0.5548221155663217 -0.3478944500603978
60703 24333.267648 -0.6195974330741841 -0.43274649450948627 -0.6180019022339894 -0.2165713306345135
60703 24753.267648 -0.7000129690071859 -0.28494142114142895 -0.6505800763355053 -0.07440291670986836
60703 25173.267648 -0.745731841066922 -0.12294184757595418 -0.6508857817540487 0.07153336594884128
60703 25593.267648 -0.7544368133593341 0.04520212641983636 -0.6188748627298849 0.21395272070344037
60703 26013.267648 -0.7256959160631854 0.2110654373678619 -0.5561534572718687 0.34570240167299243
60703 26433.267648 0.6609819550863252 -0.36640940235234926 0.46586617164961913 -0.46023441313159197
60703 26853.267648 0.5635894536868084 -0.5035056128105975 0.35255625741752267 -0.5518633081814546
60703 27273.267648 0.4384558475751149 -0.6155771682987536 0.2219201299841234 -0.6160946968642932
60703 27693.267648 0.2918013226343717 -0.6971867625499037 0.08041944116448856 -0.64985792271604
60703 28113.267648 0.13089065888440388 -0.7443834626536571 -0.06494956442936409 -0.6515692212075352
60703 28533.267648 -0.036418634684237915 -0.7549179140117587 -0.2070862066724303 -0.6211987839314356
60703 28953.267648 -0.20199019169050664 -0.7282793275271539 -0.339053316741405 -0.5602249833451571
60703 29373.267648 -0.35773864569809366 -0.6657177723126207 -0.454378855151933 -0.4715747713693283
60703 29793.267648 -0.49595209699317333 -0.5702484098585543 -0.5473272795911824 -0.3595568349471052
60703 30213.267648 -0.6097634466153913 -0.44650652332597146 -0.6132594290129894 -0.22963740227962628
60703 30633.267648 -0.6934502180729692 -0.30057609954528813 -0.6488415391687766 -0.0882352564782649
60703 31053.267648 -0.7427868261141654 -0.13967979412344314 -0.652255218368589 0.05762305246879543
60703 31473.267648 -0.7552737644146151 0.0281952036373629 -0.6232980144209017 0.20066428804793685
60703 31893.267648 -0.7302788789375156 0.19465920342946455 -0.5634100934666139 0.3337208715047849
60703 32313.267648 0.6690698682086538 -0.35144222861292584 0.47558074688112484 -0.45017421583074496
60703 32733.267648 0.5747544988404553 -0.49073103626858033 0.36422269920698647 -0.5442261859629686
60703 33153.267648 0.45210527022819685 -0.6056284266350926 0.23492712384822906 -0.6112481328918642
60703 33573.267648 0.30722368211469325 -0.6905339533425748 0.09409818939624989 -0.6480138881083584
60703 33993.267648 0.14732907230881934 -0.7413110558216618 -0.05126177339531515 -0.6527819647918922
60703 34413.267648 -0.019745129698143942 -0.7555460142732494 -0.1940330941938111 -0.6253890857111162
60703 34833.267648 -0.18586042106985456 -0.7325710146227427 -0.32724454163969374 -0.567191874396459
60703 35253.267648 -0.34291053512447245 -0.6734854104571562 -0.4443703477320042 -0.48100390940047605
60703 35673.267648 -0.4831539563412018 -0.5811403016289343 -0.5396186894888889 -0.3710119597112328
60703 36093.267648 -0.5996484678611546 -0.46000769981019873 -0.6082555868067692 -0.24256910814333482
60703 36513.267648 -0.6865445757756403 -0.3160398133695784 -0.6468141782845945 -0.10201372754876178
60703 36933.267648 -0.7394642357078275 -0.1563435084678046 -0.6533305857369577 0.04368635038109555
60703 37353.267648 -0.7557246805191576 0.011169578766004796 -0.6274407763987282 0.1872792563968802
60703 37773.267648 -0.7344861747112879 0.17816190557877049 -0.57040877866269 0.32159325207948497
60703 38193.267648 -0.676804606914486 0.336320769584535 -0.48506544706068533 0.43992655759025456
60703 38613.267648 0.5856021574721979 -0.4777398058933714 0.3756976849474461 -0.536363720393168
60703 39033.267648 0.46549519876667916 -0.5953995797591409 0.2477995899235136 -0.6061426594305557
60703 39453.267648 0.3224898061845534 -0.6835385699746133 0.10773499596697114 -0.645885840461073
60703 39873.267648 0.16372652909670607 -0.7378653007324399 -0.03752114155537015 -0.6537129229113903
60703 40293.267648 -0.0030045124190933472 -0.7558027273039949 -0.1808452727923691 -0.6293236032548122
60703 40713.267648 -0.16957463093961092 -0.736517426295001 -0.31523987859781044 -0.5739428057281668
60703 41133.267648 -0.32786257224315407 -0.680942396877432 -0.4341323940135603 -0.4902577386691366
60703 41553.267648 -0.47010109085257895 -0.5917512514609506 -0.531665754427746 -0.3823178603497223
60703 41973.267648 -0.589255443784994 -0.4732494031975181 -0.6029944937508921 -0.2553637892283245
60703 42393.267648 -0.6793344213229163 -0.3312583377791387 -0.6445112828627098 -0.11566271620675599
60703 42813.267648 -0.7358002365672575 -0.17278217672767354 -0.6541044407045576 0.029861545897576506
60703 43233.267648 -0.7557913531597199 -0.005672198314072313 -0.6312540295536274 0.17397013199855124
60703 43653.267648 -0.7382773849259698 0.16176370336138793 -0.5770674057211808 0.30947086524567446
60703 44073.267648 -0.6841262747557613 0.32117646274816536 -0.494236053971629 0.42959008708294705
60703 44493.267648 0.5960828008398754 -0.46459846735557 0.38692064288881367 -0.5283237405041077
60703 44913.267648 0.4786094284500952 -0.5849076092437664 0.2605141811364745 -0.6007898676527483
60703 45333.267648 0.3376090379216593 -0.6761964943966982 0.12133249845433283 -0.6434725039176555
60703 45753.267648 0.18011099744201686 -0.734037251969214 -0.023707689105841222 -0.6543602118093577
60703 46173.267648 0.013834786919271091 -0.7556837293287774 -0.16750114553791398 -0.6330040016794019
60703 46593.267648 -0.15311587353485728 -0.740117327397337 -0.30303120375534676 -0.5804773557241194
60703 47013.267648 -0.3126028234988326 -0.6880827027417422 -0.42367181450285013 -0.4993234047428975
60703 47433.267648 -0.4568076828894236 -0.6020690728025034 -0.5234802029904174 -0.39345654080856374
60703 47853.267648 -0.5785883140350854 -0.4862233193631796 -0.5974867795498188 -0.2680149153175536
60703 48273.267648 -0.6718143172645259 -0.34623660694219693 -0.6419457308411932 -0.1291952545038706
60703 48693.267648 -0.7317878982053285 -0.18902467315716176 -0.6545963414726318 0.01611752799598953
60703 49113.267648 -0.7554753712506694 -0.022385610989044586 -0.6347713941409677 0.16068952994717023
60703 49533.267648 -0.7416699641790552 0.14539025102891373 -0.583437196496052 0.2973018279210804
60703 49953.267648 -0.691067862248216 0.3059354286965584 -0.503154881761523 0.41912276029283074
60703 50373.267648 0.6062411206858599 -0.45124609719897146 0.3979554378214772 -0.520077045119822
60703 50793.267648 0.4914903674686729 -0.5741133294425586 0.27312220823898814 -0.5951767493850442
60703 51213.267648 0.3525851166603716 -0.6684993062790445 0.13489811439399624 -0.6407768033777225
60703 51633.267648 0.1964366037355898 -0.7298296025547699 -0.009860340538613913 -0.6547245112503701
60703 52053.267648 0.03069340737172569 -0.7551810747840646 -0.15406759890698576 -0.6364138857684787
60703 52473.267648 -0.1365692928815608 -0.7433443701420187 -0.29068701490043924 -0.5867614804912363
60703 52893.267648 -0.29719564784332 -0.6948718652652272 -0.41303522006655047 -0.5081631084114525
60703 53313.267648 -0.44330915990482006 -0.6120666447189522 -0.5150838142022713 -0.40440088466001967
60703 53733.267648 -0.5676607672619792 -0.4989185875816546 -0.5917385369133444 -0.28051203219955195
60703 54153.267648 -0.6639830852589935 -0.36099751894923826 -0.639113046987764 -0.1426245665110277
60703 54573.267648 -0.7274235990631712 -0.2051326743315726 -0.6548050722895312 0.0024105500329712664
60703 54993.267648 -0.754786116594973 -0.0390654709278604 -0.6380087756974406 0.14736556351372393
60703 55413.267648 -0.7446970232053306 0.12893664004799513 -0.5895553973234823 0.28500196485112855
60703 55833.267648 -0.6976817445567481 0.29051334996576317 -0.5118700653462371 0.4084497680331835
60703 56253.267648 0.6161334996281325 -0.43762734663330544 0.40885091168651033 -0.5115689084842747
60703 56673.267648 0.5041771017158099 -0.5629875769090519 0.2856656476017931 -0.5892754671049597
60703 57093.267648 0.36743523286302204 -0.6604363508342046 0.1484611439512622 -0.637788730603151
60703 57513.267648 0.212703365301894 -0.7252410726381866 0.00403441725529608 -0.6548025568255454
60703 57933.267648 0.04755841606924464 -0.7542948604831045 -0.14054236839667142 -0.6395508605226116
60703 58353.267648 -0.11995188869666498 -0.7461960315517191 -0.2782086119245361 -0.592792539718232
60703 58773.267648 -0.28165329747590667 -0.7013066380441298 -0.40222080794440535 -0.5167773612618283
60703 59193.267648 -0.4296106125742583 -0.6217473130160893 -0.5064664747321999 -0.41515865677254216
60703 59613.267648 -0.5564746270574262 -0.5113485803386364 -0.5857349182768865 -0.29287066144994495
60703 60033.267648 -0.6558411818239609 -0.3755659669451333 -0.6359981396825293 -0.15597729006710928
60703 60453.267648 -0.7227093691672951 -0.22114198175090827 -0.6547210969810057 -0.011299415607901864
60703 60873.267648 -0.7537319042899404 -0.05574988698000295 -0.6409654430055614 0.13395322851600655
60703 61293.267648 -0.7473702595676199 0.11238897208363269 -0.5954225650595507 0.27254060814072806
60703 61713.267648 -0.7039719364407216 0.2749151418111751 -0.5203783123699094 0.39755702675451093
60703 62133.267648 0.6257478055689643 -0.4237566581762254 0.41959691252381875 -0.502800566305789
60703 62553.267648 0.5166507788963719 -0.5515530976756216 0.2981197411977181 -0.5830829898208351
60703 62973.267648 0.3821418231027927 -0.6520288494463284 0.16199303750875083 -0.634495281561699
60703 63393.267648 0.2288996689876557 -0.7202871338989347 0.01795857414956301 -0.6545753401187019
60703 63813.267648 0.06443009887981474 -0.7530377508041571 -0.12692650820313567 -0.6423959602437679
60703 64233.267648 -0.10324824729465736 -0.7486880685070277 -0.2655810485385981 -0.5985588376784159
60703 64653.267648 -0.2659462056516575 -0.7074104594757004 -0.39120559861386117 -0.5251678180706005
60703 65073.267648 -0.4156732275215693 -0.631149994969139 -0.49759785397819556 -0.4257485496024052
60703 65493.267648 -0.5450003769680303 -0.5235645050906734 -0.5794464234714007 -0.30511742074169595
60703 65913.267648 -0.6473706998398628 -0.38999143911713524 -0.6325818044074389 -0.1692870790604549
60703 66333.267648 -0.7176379069797219 -0.23709835026370468 -0.6543338297752264 -0.025048871824470503
60703 66753.267648 -0.7523150837302459 -0.07247448322171357 -0.643636355027413 0.12042303168715131
60703 67173.267648 -0.7496986254611556 0.09570755728294314 -0.6010408289745822 0.25988835365620566
60703 67593.267648 -0.7099554210326301 0.25909940190909403 -0.5286891662320448 0.3864176051703598
60703 68013.267648 0.6351112362251743 -0.40960531024235314 0.43020312967357804 -0.4937433287254167
60703 68433.267648 0.5289347316257026 -0.5397939217983305 0.31049430179087745 -0.5765794483200207
60703 68853.267648 0.39670433221341844 -0.6432799503072272 0.17548721199994785 -0.6308889099994726
60703 69273.267648 0.24500182479401528 -0.7149782384616652 0.031888990819914476 -0.6540361737995417
60703 69693.267648 0.08127082071509469 -0.7514164334311235 -0.11325158114025602 -0.6449360252297718
60703 70113.267648 -0.08649584854255081 -0.7508189909202141 -0.2528319270747443 -0.604040832816894
60703 70533.267648 -0.2500980732225261 -0.713178406783381 -0.3800020039723205 -0.5333160328035518
60703 70953.267648 -0.4014566346883515 -0.6402958718445694 -0.4884533208772596 -0.43619619471916876
60703 71373.267648 -0.5331382719764306 -0.5356454714289742 -0.5728311380437956 -0.31735153880053474
60703 71793.267648 -0.6384468560422982 -0.4044414966060046 -0.6288264295288774 -0.1827293336023636
60703 72213.267648 -0.712110124411689 -0.25322940424414253 -0.6536428598639112 -0.039051905016948094
60703 72633.267648 -0.7504868133685461 -0.08949645504680208 -0.6460697493684464 0.10655424179718839
60703 73053.267648 -0.7516894681219722 0.07863586255105645 -0.606502924332614 0.24684721471255347
60703 73473.267648 -0.7156885780869852 0.2428434384416915 -0.5369233766336718 0.3748735936631733
60703 73893.267648 0.6443061256188263 -0.3950011097860651 0.4407978823503347 -0.4842942975849446
60703 74313.267648 0.5411173995088125 -0.5275909162427437 0.3229051671664361 -0.5697122414554371
60703 74733.267648 0.41107054063950055 -0.6342043023377324 0.18890204895599214 -0.6269943615495173
60703 75153.267648 0.26052949010740334 -0.7094763503524241 0.045385478633182305 -0.6532287894790139
60703 75573.267648 0.09682250073012105 -0.7495818307521274 -0.10060801653458507 -0.6470166221725926
60703 75993.267648 -0.07165204382044219 -0.7523925496140513 -0.24155345017460808 -0.6086241587468935
60703 76413.267648 -0.23634279681807274 -0.7178660497930067 -0.3703007652614891 -0.540081253325415
60703 76833.267648 -0.389104316132554 -0.647888013264566 -0.48050883128995187 -0.4449159656468574
60703 77253.267648 -0.5226043469180908 -0.5459385384340294 -0.5669147532216112 -0.3277857095947154
60703 77673.267648 -0.6303448441594715 -0.41696738760511554 -0.6253175493880809 -0.1943747348361454
60703 78093.267648 -0.7070559826889888 -0.26703428634755094 -0.652811900439589 -0.0510014696162238
60703 78513.267648 -0.7486551665287606 -0.1037667802029685 -0.647862776078979 0.09498273699647393
60703 78933.267648 -0.7530210557688535 0.06476252339192481 -0.6106684379492272 0.23632427726605362
60703 79353.267648 -0.7199702431922681 0.22986943536944401 -0.5431778547904489 0.36573311261881297
60703 79773.267648 0.651178617213942 -0.38357940908769517 0.44870787293422504 -0.4769638248065742
60703 80193.267648 0.5500648926240388 -0.5182631263517707 0.33193816205286725 -0.5644900374139101
60703 80613.267648 0.42172067943963254 -0.6271778817616263 0.19873147525568596 -0.6239434060110525
60703 81033.267648 0.27251071262575977 -0.7049661367673805 0.055685755514356804 -0.6524260526283963
60703 81453.267648 0.1099820981256914 -0.7477707462509238 -0.08997285082385496 -0.6485736159125159
60703 81873.267648 -0.0578227250349643 -0.7535894706015542 -0.2310453164942362 -0.6126805888830479
60703 82293.267648 -0.2226615481715872 -0.7222355047440592 -0.360605262503966 -0.5465908481738163
60703 82713.267648 -0.3764747853950995 -0.6553144850905464 -0.47232209489071914 -0.4535873678468884
60703 83133.267648 -0.5117408931283843 -0.5561378960082667 -0.5607374012586317 -0.3382387703285629
60703 83553.267648 -0.6218336819120049 -0.4295573173129562 -0.6215241941400982 -0.20618210223284972
60703 83973.267648 -0.7013193207894508 -0.2817549892670868 -0.6516782556028917 -0.06388104167043018
60703 84393.267648 -0.7462356967769154 -0.11993980452910782 -0.6496718001385067 0.08169014781589806
60703 84813.267648 -0.7542802475921512 0.047960890172554976 -0.6155248700458262 0.22336113238710076
60703 85233.267648 -0.7249495696273593 0.21365888504117664 -0.5508338071468301 0.35409055232270253
60703 85653.267648 0.6596833745685262 -0.3687660072883134 0.45882736152336373 -0.4672332709728898
60703 86073.267648 0.561664048456162 -0.5056700664258477 0.3439918045116657 -0.5572260932705152
