CIC_AEM_VERS = 1.0
CREATION_DATE = 2025-03-13T18:00:38.623Z
ORIGINATOR = CS Group

META_START
OBJECT_NAME = RED2
OBJECT_ID = RED2
CENTER_NAME = null
REF_FRAME_A = EME2000
REF_FRAME_B = SC_BODY_1
ATTITUDE_DIR = A2B
TIME_SYSTEM = UTC
START_TIME = 2025-03-12T19:57:57.946752
STOP_TIME = 2025-03-13T23:59:60.0
ATTITUDE_TYPE = QUATERNION
QUATERNION_TYPE = LAST
META_STOP

60746 71877.946752 -0.7381902229599705 -0.15186112947663 -0.1338136313310066 -0.6435116969802496
60746 72297.946752 -0.7533896315731096 0.02020642116233501 -0.2768211854083435 -0.5961256536092572
60746 72717.946752 -0.7289241508035319 0.19160983435982346 -0.405575276723363 -0.517169168321854
60746 73137.946752 -0.6659666041888292 0.35293567190495734 -0.5129516167960899 -0.4108595044884233
60746 73557.946752 -0.5680341965786013 0.4953876411977498 -0.5931205149970806 -0.28308354094759774
60746 73977.946752 0.4406882262076163 -0.6114176928163869 0.6419522753084201 0.14092398099476666
60746 74397.946752 0.2910101801608736 -0.6952072923953232 0.6572192412647684 -0.007922408375099818
60746 74817.946752 0.12703989901878648 -0.7428638410592766 0.6385763431171008 -0.1556741202485023
60746 75237.946752 -0.04276763144877314 -0.7524490355289939 0.5873886438658039 -0.2948999146985984
60746 75657.946752 -0.20998486313087975 -0.7238476674007633 0.5064940075116046 -0.4188254194878989
60746 76077.946752 -0.3664909664517843 -0.6586051216878751 0.39996284725570136 -0.5214915013793116
60746 76497.946752 -0.50466769959008 -0.5598038684996671 0.2729246528893075 -0.5978647636786394
60746 76917.946752 -0.6175698720806864 -0.4320206375058151 0.13147161280153274 -0.6439571700778536
60746 77337.946752 -0.6991766342647614 -0.2813351530976362 -0.0174319797018211 -0.6570378161212678
60746 77757.946752 -0.7447817269972109 -0.11527197149079295 -0.16613391871311692 -0.6359340160525313
60746 78177.946752 -0.7514713828656469 0.057463831890800794 -0.3066675885845287 -0.581329217285841
60746 78597.946752 -0.7185398213284747 0.22749127714813241 -0.43129252436882787 -0.4959183424822268
60746 79017.946752 -0.6476830610599877 0.385464526398664 -0.5331231341476054 -0.3843220981687784
60746 79437.946752 -0.5428943518116414 0.5228107410580636 -0.6066765043150316 -0.25274151007982376
60746 79857.946752 0.41011052148129545 -0.6323283362892748 0.6482362594256685 0.1084434749618216
60746 80277.946752 0.2566676580924083 -0.7086043769824356 0.6559997215439025 -0.04081562868577724
60746 80697.946752 0.09073432447021737 -0.7481742892821215 0.630016788465007 -0.1873001907963907
60746 81117.946752 -0.07921448964607168 -0.749500514578315 0.5720030921662941 -0.3237074386373466
60746 81537.946752 -0.24479920512341966 -0.7128381807592888 0.48508071344355264 -0.44343181963840095
60746 81957.946752 -0.3979930387311063 -0.6400678885256436 0.3735617272550168 -0.5407090485003492
60746 82377.946752 -0.5313027526398718 -0.5345919320338385 0.24279218772919506 -0.6107215444204457
60746 82797.946752 -0.6379540850796594 -0.40130753658641277 0.09906719508398262 -0.6497326659998801
60746 83217.946752 -0.7121647616416137 -0.24662050417889578 -0.05047227949349578 -0.6553260472445921
60746 83637.946752 -0.7495752442322866 -0.07834091648767717 -0.19806623236979407 -0.6267131892922101
60746 84057.946752 -0.7477166177175525 0.09462290503015085 -0.33574215237286836 -0.5650164356483025
60746 84477.946752 -0.7063940309164752 0.2628331255204602 -0.4558943866099618 -0.47337778726113294
60746 84897.946752 -0.6278214236036517 0.4170505644274324 -0.5519059609662507 -0.3568037233899946
60746 85317.946752 -0.5164535153280643 0.5489525563744128 -0.6186601521574339 -0.22178023691894375
60746 85737.946752 0.3785743237464007 -0.6517037723508494 0.6528623703820557 0.07572582018539725
60746 86157.946752 0.2217437684281165 -0.7203051124615719 0.6531292480338775 -0.07356922921793978
60747 177.946752 0.05423401439394649 -0.7517139964190812 0.6198955282034672 -0.21843597090157835
60747 597.946752 -0.11547595069426986 -0.7447913147686868 0.5552046634169076 -0.3517086634936706
60747 1017.946752 -0.27906408890353723 -0.7001490919926686 0.4624578704277162 -0.46695524554901613
60747 1437.946752 -0.42860227709191706 -0.6199992470621686 0.3462028776261417 -0.5586095140949054
60747 1857.946752 -0.5567296896394639 -0.5080647160735422 0.21200285017567605 -0.622074825461091
60747 2277.946752 -0.6568544432963499 -0.36956815749875466 0.06635108249079548 -0.6538800739716095
60747 2697.946752 -0.7234571471302594 -0.21123923026239966 -0.08344324078822896 -0.6519393909183987
60747 3117.946752 -0.7525455602318804 -0.0411604961949799 -0.22953387343648732 -0.6158694620400584
60747 3537.946752 -0.7421188525267111 0.13158564870781977 -0.3639736491150581 -0.5472367024683636
60747 3957.946752 -0.6925041373291784 0.2975400924234141 -0.479324414865405 -0.4496176358825059
60747 4377.946752 -0.6064225306354962 0.44760825738661586 -0.5692650727652728 -0.3283836767966802
60747 4797.946752 -0.4887677242868988 0.5737450186638238 -0.6290604577035137 -0.19027796984333334
60747 5217.946752 0.3461434462666471 -0.6694949478645476 0.6558396869545878 0.04284313720777126
60747 5637.946752 0.18630632814760392 -0.7302788931575176 0.6486304696975015 -0.10611882057762832
60747 6057.946752 0.017609649655159904 -0.7534712053819176 0.6082423511781941 -0.24902265987770072
60747 6477.946752 -0.15147824546158578 -0.7383218429354398 0.5370362455916331 -0.3788499284903436
60747 6897.946752 -0.31270132035447956 -0.6857963743545574 0.43867991150978625 -0.4893476804976958
60747 7317.946752 -0.4582386010688359 -0.5984331090210384 0.31795550240508236 -0.575151716513323
60747 7737.946752 -0.5808706949448972 -0.48027781605452136 0.18063950791451797 -0.6318954212055443
60747 8157.946752 -0.6742033846602427 -0.33688053940553603 0.03341802256938839 -0.6563874877311875
60747 8577.946752 -0.733003372781549 -0.17528731573340914 -0.11624712650331734 -0.6468902673665538
60747 8997.946752 -0.753671275039954 -0.0038378113345369693 -0.26044280644705997 -0.6034355184721807
60747 9417.946752 -0.7346897327538012 0.16824348507434606 -0.3912799302418535 -0.528038959269216
60747 9837.946752 -0.6769101506753492 0.33151267248803795 -0.5015181744080422 -0.42470167957160176
60747 10257.946752 -0.5835491392530796 0.47705328255970614 -0.5851558176564993 -0.29913748801972806
60747 10677.946752 -0.4599147097466833 0.5971247822312709 -0.6378531669004761 -0.1583154814884339
60747 11097.946752 0.3129041925286922 -0.6856619553292886 0.6571613709006695 0.009878355527948616
60747 11517.946752 0.15044511511886516 -0.7385056439030451 0.6425149036061308 -0.1383845363623567
60747 11937.946752 -0.019049138624788388 -0.7534444542850831 0.5950840556259606 -0.278986650871445
60747 12357.946752 -0.1871342989337118 -0.7301092023853557 0.5175363197159993 -0.4050647658456939
60747 12777.946752 -0.3456300270122564 -0.6698119384482681 0.41379902683822506 -0.5105508955309139
60747 13197.946752 -0.48682849278627555 -0.5754168333124866 0.2888837101841199 -0.5902878014514028
60747 13617.946752 -0.6036617766715106 -0.45129463445092904 0.14877615019693954 -0.6401494118049122
60747 14037.946752 -0.6899484365236734 -0.3033250221372761 3.4955099206969914E-4 -0.6572404154478507
60747 14457.946752 -0.7407695278247349 -0.13885881857851654 -0.14879854249575142 -0.6401856987628184
60747 14877.946752 -0.752941327036998 0.033525965789113765 -0.29071133381674474 -0.5894423534563501
60747 15297.946752 -0.7254424323411254 0.20449705763243584 -0.4175901323909285 -0.507476809429155
60747 15717.946752 -0.6596467488470686 0.36466286788615543 -0.5224224279051228 -0.39870034655396713
60747 16137.946752 -0.5592541930018989 0.5053127478700364 -0.5995466175615998 -0.2691423932052928
60747 16557.946752 0.4299594265330846 -0.6190358477680569 0.6450279660111842 0.1259699717269902
60747 16977.946752 0.27892801698436187 -0.7001653689471143 0.6568364625407023 -0.023097163144842503
60747 17397.946752 0.11423467223766624 -0.7449637424569124 0.6348045563001274 -0.17030160710910006
60747 17817.946752 -0.05566626200423991 -0.7516294523867778 0.5804515726835449 -0.3082700201907854
60747 18237.946752 -0.2223658170144923 -0.7201656482477928 0.49674522155268175 -0.4303011356851045
60747 18657.946752 -0.37777011070972144 -0.6522259339933615 0.38786823567151635 -0.5305179603349136
60747 19077.946752 -0.5142923472133577 -0.5510020452966722 0.2590549532370794 -0.6039790218873448
60747 19497.946752 -0.6250293766131211 -0.4211910534213356 0.11649472583977459 -0.6468116833669246
60747 19917.946752 -0.7040341682455116 -0.26900062571299954 -0.03275832743007703 -0.6564308381641202
60747 20337.946752 -0.746724535171047 -0.10207146768695498 -0.18099425923506257 -0.6318425137498788
60747 20757.946752 -0.7503513969917555 0.07080564876051743 -0.3202403346944004 -0.5739385587072381
60747 21177.946752 -0.7144019953877225 0.24022404812950268 -0.4428193211912543 -0.4856266513135698
60747 21597.946752 -0.6407702652390229 0.3968778030351982 -0.5419748509350223 -0.37170517563981664
60747 22017.946752 -0.5336203098901892 0.5322902451884317 -0.612399236875109 -0.2385029023402477
60747 22437.946752 0.3990079973387032 -0.6394017722924759 0.6505709851175506 0.09335622621002872
60747 22857.946752 0.24434058375989917 -0.7129555576166398 0.654874318822567 -0.05596140221703651
60747 23277.946752 0.07781494675929725 -0.74963549942757 0.625531809312097 -0.20174589858919031
60747 23697.946752 -0.09209628937931048 -0.7480354672522512 0.5644092656859185 -0.3367542041655169
60747 24117.946752 -0.2570320469311574 -0.7085274037012572 0.4747571016308497 -0.45445477168339865
60747 24537.946752 -0.4089935908489017 -0.6331018474373125 0.36099994538116764 -0.5491678548957296
60747 24957.946752 -0.5405230488960494 -0.5252737711458269 0.2285901663258719 -0.6161727313160416
60747 25377.946752 -0.6448947162455969 -0.39006502528919024 0.08391825352709983 -0.6518571988784169
60747 25797.946752 -0.7164120299713259 -0.23400957250365279 -0.0657898581863221 -0.6539610216586653
60747 26217.946752 -0.7508481814316903 -0.0650270531797652 -0.21272979167396078 -0.6218878729560761
60747 26637.946752 -0.7459148074813109 0.10790150288838984 -0.3489389897114669 -0.5569649424458296
60747 27057.946752 -0.7016151089005284 0.2753290300280387 -0.4668921976701901 -0.4625384740116429
60747 27477.946752 -0.620351460762998 0.42807471956392945 -0.5601143454521135 -0.34378484495135636
60747 27897.946752 -0.5067383005084264 0.5579224541584107 -0.6236692109871602 -0.20730543941329913
60747 28317.946752 0.36716568903170455 -0.6581869802995907 0.6544536453630255 0.06057789888257165
60747 28737.946752 0.2092536456652436 -0.7240217339056455 0.6512714059472907 -0.0886058485852186
60747 29157.946752 0.04129452859343564 -0.7525251578187313 0.6147276748871643 -0.23261671153629598
60747 29577.946752 -0.12823929154053676 -0.7426893894658635 0.5470055635005427 -0.3643515724948334
60747 29997.946752 -0.29104627399140454 -0.6952411713030864 0.45162949595188817 -0.4774542684981214
60747 30417.946752 -0.4392286851501628 -0.6125002344591972 0.33326015893178057 -0.5664444292227191
60747 30837.946752 -0.5654636244093143 -0.49830417405716665 0.19756449584815272 -0.6268270172602265
60747 31257.946752 -0.6632150392345132 -0.35800108164889366 0.051130329566068305 -0.6552608081289851
60747 31677.946752 -0.7270582678229554 -0.19844669805572873 -0.0986558995198094 -0.6498247430738531
60747 32097.946752 -0.7531458327583022 -0.027827758805100238 -0.24391264054752995 -0.6103307252791885
60747 32517.946752 -0.7396610188046265 0.14471483526536702 -0.3767194643675441 -0.5385551400568471
60747 32937.946752 -0.6871291887114449 0.3097275590300772 -0.48973286011102385 -0.4382739359413219
60747 33357.946752 -0.5984537991425843 0.4581888963689272 -0.5767843985245603 -0.315017052164947
60747 33777.946752 -0.4786758706461067 0.5821731763425265 -0.6333225813017305 -0.17563118066493272
60747 34197.946752 0.3344952248092242 -0.6753737789579541 0.6566702731343701 0.027701185128271168
60747 34617.946752 0.1737184650312149 -0.7333597568954926 0.6460407596117292 -0.12098222511461079
60747 35037.946752 0.004711486287177786 -0.753648438920078 0.6024012003800486 -0.2628775878445547
60747 35457.946752 -0.16406869311094485 -0.7356132670272936 0.5282497587196386 -0.3910329624557779
60747 35877.946752 -0.3243885725944153 -0.6803305415406725 0.42737480854982196 -0.4992726521993129
60747 36297.946752 -0.46845737163627427 -0.5904474034775878 0.3046671819232471 -0.5823207560658948
60747 36717.946752 -0.5890961507500483 -0.4701256243149584 0.16600513385198115 -0.6359165967866641
60747 37137.946752 -0.6799724276700211 -0.3250421416557787 0.018168259495104457 -0.6570045799713128
60747 37557.946752 -0.7359594559997005 -0.16236507392696223 -0.1313120106099967 -0.6440174048602081
60747 37977.946752 -0.7536111598090385 0.009468940067415142 -0.274498703418135 -0.5971859181252003
60747 38397.946752 -0.7315953441760392 0.18119070035500603 -0.4035446449629223 -0.51873876084842
60747 38817.946752 -0.6709600572714184 0.3433755070034238 -0.5113169096753489 -0.41286908411326667
60747 39237.946752 -0.5750991229520838 0.4871892597923681 -0.591973515619958 -0.28543822576392247
60747 39657.946752 0.4494569687310304 -0.605019790132616 0.6413620530125663 0.1435068073733953
60747 40077.946752 0.30101976559576643 -0.6909488924220218 0.6572283689502083 -0.005253553892359652
60747 40497.946752 0.13775723229115946 -0.7409687531337014 0.6391852810636669 -0.15307001111428858
60747 40917.946752 -0.03191070561215636 -0.7530043803977918 0.5885620123874641 -0.29250789313023773
60747 41337.946752 -0.19955449759463803 -0.7268091102263402 0.5081591459685013 -0.41677428201642985
60747 41757.946752 -0.3570204175911248 -0.6638052198134186 0.40202117078751737 -0.5198827077429599
60747 42177.946752 -0.49663344939214493 -0.5669668520080746 0.2752627587452017 -0.5967698210507086
60747 42597.946752 -0.6113717256740401 -0.4407800852005409 0.13396877542665908 -0.643420466528406
60747 43017.946752 -0.6951260665823623 -0.2912494717518535 -0.014896195210733553 -0.65707807765154
60747 43437.946752 -0.7430890437504314 -0.12584186570076206 -0.16367772127237823 -0.636547014331308
60747 43857.946752 -0.7522329387195392 0.04677670188953814 -0.30440794573930646 -0.5824889257629529
60747 44277.946752 -0.7217281649654949 0.21723886190733468 -0.42934198908251575 -0.4975753100621196
60747 44697.946752 -0.653143304601452 0.3761836848733989 -0.5315860154938362 -0.38640130307848736
60747 45117.946752 -0.5503470928236484 0.5149940353342208 -0.6056423462737581 -0.25514029354602374
60747 45537.946752 0.41916362299692267 -0.6263920555951938 0.6477702540370242 0.11103399402043755
60747 45957.946752 0.2668378181489379 -0.7048613741866057 0.656132898167755 -0.038179077087676636
60747 46377.946752 0.10147783163550216 -0.7468126454180165 0.6307404887589784 -0.1847689318321284
60747 46797.946752 -0.06846257533256822 -0.7505792105373509 0.5732648849120322 -0.3214204352787079
60747 47217.946752 -0.2345934224919796 -0.7162838189035483 0.48680119754520673 -0.4415065242654981
60747 47637.946752 -0.3888488830486409 -0.6456895966945702 0.3756416923822777 -0.5392353936977858
60747 48057.946752 -0.5236771339418741 -0.5420961319825455 0.2451222610318161 -0.6097615273388748
60747 48477.946752 -0.632225349966118 -0.410315968177949 0.1015318302398799 -0.6493251886124181
60747 48897.946752 -0.7086244561365265 -0.25668240107585005 -0.047988598729840015 -0.6554865517576199
60747 49317.946752 -0.748411852944595 -0.08894929551965174 -0.19568002846087346 -0.6274368873919889
60747 49737.946752 -0.7490027237934181 0.08401183897343198 -0.3335704624754852 -0.5662752663027351
60747 50157.946752 -0.7100776551757394 0.25277158906165365 -0.4540502800023311 -0.4751153445355929
60747 50577.946752 -0.6337197364951697 0.40807040083872975 -0.5504918782382249 -0.3589380664258982
60747 50997.946752 -0.5242600058818282 0.5415315800689461 -0.6177619429789438 -0.22419896482298035
60747 51417.946752 0.3878734532187557 -0.6462355960699963 0.6525363026007323 0.07829503463426007
60747 51837.946752 0.23203729604602333 -0.7170738893841807 0.6533938125308822 -0.07099476145077377
60747 52257.946752 0.0649741834888148 -0.75087824623827 0.6207286117529531 -0.21600047536372066
60747 52677.946752 -0.10484896591124128 -0.7463774642621656 0.5565501237559795 -0.349541606874099
60747 53097.946752 -0.2690913768327509 -0.7040600322229881 0.46423279717370813 -0.46516363998994414
60747 53517.946752 -0.4197836063098586 -0.6260252739205319 0.3483082737889244 -0.5572750009612779
60747 53937.946752 -0.5495057688427887 -0.5158967691078523 0.21433203339690152 -0.6212533405081412
60747 54357.946752 -0.6515873993280502 -0.37881452043809066 0.06879196918679084 -0.6536062156356617
60747 54777.946752 -0.7204182278045813 -0.2214377789376115 -0.0810060280476194 -0.652227652377628
60747 55197.946752 -0.7519026964697634 -0.05179461401228145 -0.22721696519085327 -0.6167107131632108
60747 55617.946752 -0.7439198671797833 0.12106534893947071 -0.361894124216306 -0.5485973526723313
60747 56037.946752 -0.6966680342014474 0.28768618416089786 -0.4775936428241796 -0.45143617699378386
60747 56457.946752 -0.6127385035445837 0.43894355062596063 -0.5679818948382306 -0.3305701934140344
60747 56877.946752 -0.49690489963846035 0.5667285466280348 -0.6283041664237442 -0.19271260884210717
60747 57297.946752 0.35566612165527167 -0.6644989875995956 0.6556540662982523 0.04539218801046242
60747 57717.946752 0.19670490335214688 -0.7275588920714443 0.6490242665665551 -0.10359894291323689
60747 58137.946752 0.02833438378392279 -0.753154873578222 0.6091866332453425 -0.24667092446448222
60747 58557.946752 -0.14098210984308018 -0.7404078621347042 0.5384708741781827 -0.37678821644936605
60747 58977.946752 -0.3029644058588626 -0.6901648206894296 0.44051951737327333 -0.48767575691081083
60747 59397.946752 -0.4497468141928745 -0.6048557417023401 0.3200997108316413 -0.5739455636021344
60747 59817.946752 -0.5740500792317227 -0.4884291036527677 0.18298287250749007 -0.6312058187373708
60747 60237.946752 -0.6693986434969718 -0.3463546008891321 0.0358485598451997 -0.6562460112521593
60747 60657.946752 -0.7304666235461572 -0.18560970024297274 -0.11384464706709413 -0.6473074597090313
60747 61077.946752 -0.7535462041032391 -0.014482769983992673 -0.25818577133382 -0.6043992679809852
60747 61497.946752 -0.7369974670324615 0.15782893155347463 -0.38928450955685606 -0.5295114092930412
60747 61917.946752 -0.6815429831196189 0.3218772892040827 -0.49989359929028077 -0.426615239113244
60747 62337.946752 -0.5902731176342627 0.46870672572962785 -0.583998511823328 -0.3013924186874602
60747 62757.946752 -0.468377418706542 0.5905087344074743 -0.6372352279992378 -0.16078959055560432
60747 63177.946752 0.3226539108300197 -0.681125999298726 0.6571203821914521 0.01243503976533224
60747 63597.946752 0.16096137695358154 -0.7362811965030827 0.6430517103162182 -0.135889413364627
60747 64017.946752 -0.008320255355252605 -0.753633601154407 0.5961625740374659 -0.276689995986278
60747 64437.946752 -0.17674562908945263 -0.7326876942364162 0.5190874766474555 -0.40308549576991093
60747 64857.946752 -0.33610623842462634 -0.6746367267634966 0.41573122026942255 -0.5089847108579786
60747 65277.946752 -0.47864545114906865 -0.5822374592339176 0.29109366652791874 -0.5892050156494508
60747 65697.946752 -0.5972312703887417 -0.4597665189782908 0.15115641491314155 -0.6395946340667977
60747 66117.946752 -0.6856010659295132 -0.313024640489918 0.002788948774231806 -0.6572358591915138
60747 66537.946752 -0.7387354334033508 -0.14929877764073765 -0.14641564061041168 -0.6407357447606523
60747 66957.946752 -0.7533386186781039 0.02287906730979985 -0.288501822324371 -0.5905287227584421
60747 67377.946752 -0.7282647579059418 0.1941968098764123 -0.41566799661708365 -0.5090561442654089
60747 67797.946752 -0.6647600470595603 0.35525141215796063 -0.5208932890849134 -0.4007002562757439
60747 68217.946752 -0.5663988462918447 0.4972892009991298 -0.5985007996996179 -0.2714637917804735
60747 68637.946752 0.43876347690704914 -0.6128249620966693 0.6445326754947007 0.1284904953033344
60747 69057.946752 0.28892581859369004 -0.6960954324615294 0.656926266473634 -0.02051586393926942
60747 69477.946752 0.12489602124296166 -0.743243681018332 0.6354773405151893 -0.1678045416421722
60747 69897.946752 -0.044900649651106794 -0.7523396764535827 0.5816666291835 -0.3059948943837655
60747 70317.946752 -0.2120516657559911 -0.7232606537966411 0.49842577239402275 -0.42836884472751596
60747 70737.946752 -0.36843211264790166 -0.6575379257646382 0.38991543284336216 -0.5290251504243576
60747 71157.946752 -0.506401215215341 -0.5582543908180173 0.2613572162251851 -0.6029944028661063
60747 71577.946752 -0.6189852843584763 -0.43001307200134886 0.11893638741126884 -0.6463745906246436
60747 71997.946752 -0.700147253193304 -0.2789451479535237 -0.030295907667409833 -0.6565558515904539
60747 72417.946752 -0.7451979355789082 -0.11263395364263494 -0.17862905941819404 -0.6325229548618241
60747 72837.946752 -0.7512740137587475 0.06016534139074867 -0.318086377199387 -0.5751421951016333
60747 73257.946752 -0.7177382405804743 0.2300553446116176 -0.44098407877268214 -0.48729805939802784
60747 73677.946752 -0.6463546850781299 0.3877136329409976 -0.5405543340889496 -0.373771015204359
60747 74097.946752 -0.5411667855825856 0.5246158735580425 -0.6114736764688035 -0.24086643265276453
60747 74517.946752 0.4081247408808976 -0.6336240841923568 0.6501986803998056 0.09589781967619981
60747 74937.946752 0.25454914853854904 -0.7093777826772597 0.6550866011383465 -0.05338012206058721
60747 75357.946752 0.08857863862767594 -0.7484396771128617 0.626325495606801 -0.19926928527738047
60747 75777.946752 -0.08133978515260733 -0.7492813826278542 0.5657368208802533 -0.33451920497771587
60747 76197.946752 -0.2468396241802672 -0.712143750353548 0.4765407779610116 -0.4525818883994827
60747 76617.946752 -0.3998863263312104 -0.6388965737917968 0.36313752646676495 -0.5477528921713071
60747 77037.946752 -0.532963234546505 -0.5329466906327891 0.23096384074831613 -0.6152834467398516
60747 77457.946752 -0.6392691971300556 -0.39922150958552166 0.08640529512893379 -0.6515298955985314
60747 77877.946752 -0.7130127564842769 -0.24417999717259176 -0.06331325824674806 -0.6542020860572573
60747 78297.946752 -0.7498544124493757 -0.07568975408061364 -0.21038374053081405 -0.6226781696652621
60747 78717.946752 -0.7473787922238607 0.09729653347518608 -0.3468369360463784 -0.5582673779665758
60747 79137.946752 -0.7054653843813996 0.26532972974053654 -0.46513690867570423 -0.46429126864827813
60747 79557.946752 -0.6263922519621391 0.41920105174732375 -0.5587943698357091 -0.34590761358439404
60747 79977.946752 -0.5146571873563552 0.5506407186912067 -0.6228556817303305 -0.20969877958138453
60747 80397.946752 0.37655169806248223 -0.6528771050643617 0.6541989980516931 0.063118739825827
60747 80817.946752 0.21961685041745535 -0.7209602312142549 0.6515977107200416 -0.08605351477194939
60747 81237.946752 0.05209274478047462 -0.7518704133358458 0.6156206181481123 -0.23019227181284072
60747 81657.946752 -0.11756989692172298 -0.7444690174685841 0.5484179829883438 -0.36218906292456315
60747 82077.946752 -0.28105804849303445 -0.699356642833326 0.4534804624345399 -0.4756701900396351
60747 82497.946752 -0.43043264178500046 -0.6187349941156098 0.33544281003216797 -0.5651308424961997
60747 82917.946752 -0.5583072948711394 -0.5063351859979622 0.19995758791806295 -0.6260468089113383
60747 83337.946752 -0.6580654075250735 -0.3674134612754012 0.05360861645479843 -0.655044566525279
60747 83757.946752 -0.7241808315745305 -0.20875550132775408 -0.0962174491668543 -0.6501734124994986
60747 84177.946752 -0.7526917252857062 -0.0385019503328446 -0.2416324717318989 -0.6112172405223264
60747 84597.946752 -0.7416527816666751 0.1342260527564156 -0.37470635181777856 -0.5399348739569674
60747 85017.946752 -0.6914637281814395 0.29996673377228655 -0.488083715694169 -0.4400819897627989
60747 85437.946752 -0.6049083964279458 0.4496616189604212 -0.5755814950345864 -0.31716904473579155
60747 85857.946752 -0.4869172752912152 0.5753225103526338 -0.6326321761576311 -0.17802276762982383
60747 86277.946752 0.3440956538716276 -0.6705561644683656 0.6565363533281157 0.030209734172129816
