CIC_OEM_VERS = 2.0
CREATION_DATE = 2025-06-13T14:26:01.384745
ORIGINATOR = ISAE-SUPAERO


META_START
OBJECT_NAME = RED2
OBJECT_ID = RED2
CENTER_NAME = Earth
REF_FRAME = EME2000
TIME_SYSTEM = UTC
START_TIME = 2025-06-13T14:25:35.000
USEABLE_START_TIME = 2025-06-13T14:25:35.000
USEABLE_STOP_TIME = 2025-06-13T23:59:35.000
STOP_TIME = 2025-06-13T23:59:35.000
INTERPOLATION = lagrange
INTERPOLATION_DEGREE = 5
META_STOP


60839 51935.0 19095.763 -1566.1912 5735.7642000000005 0.34959709 -3.8587845000000005 -2.2175621000000003
60839 52055.0 19130.897 -2028.6308999999999 5467.6418 0.23531514 -3.84803 -2.2510623
60839 52175.0 19152.362 -2489.622 5195.6107999999995 0.12085679 -3.834503 -2.2829424
60839 52295.0 19159.992000000002 -2948.814 4919.8262 0.006305217500000001 -3.8182424000000004 -2.313197
60839 52415.0 19153.875 -3405.8903999999998 4640.510200000001 -0.10825203000000001 -3.7992421 -2.3417916
60839 52535.0 19134.015 -3860.5231000000003 4357.8634 -0.22273233 -3.7775157 -2.3687055999999997
60839 52655.0 19100.426 -4312.3858 4072.0888 -0.33705353000000005 -3.7530787 -2.3939196000000003
60839 52775.0 19053.132 -4761.1543 3783.3914 -0.4511336 -3.7259487 -2.4174156
60839 52895.0 18992.167 -5206.5065 3491.9785 -0.56489068 -3.6961451000000003 -2.4391765999999997
60839 53015.0 18917.574 -5648.1230000000005 3198.0591 -0.67824315 -3.6636892 -2.4591869
60839 53135.0 18829.408 -6085.6867999999995 2901.8442000000005 -0.79110965 -3.6286043 -2.4774322000000004
60839 53255.0 18727.731 -6518.883900000001 2603.5465 -0.9034092 -3.5909155 -2.4938993999999997
60839 53375.0 18612.615 -6947.4034 2303.38 -1.0150612 -3.5506498000000004 -2.5085767000000003
60839 53495.0 18484.145 -7370.937900000001 2001.5601000000001 -1.1259855 -3.5078362000000003 -2.5214534
60839 53615.0 18342.411 -7789.183400000001 1698.3035 -1.2361026 -3.4625052000000003 -2.5325203000000003
60839 53735.0 18187.516 -8201.8398 1393.8279 -1.3453333 -3.4146895 -2.5417695
60839 53855.0 18019.57 -8608.6109 1088.3518000000001 -1.4535993 -3.3644232 -2.5491942
60839 53975.0 17838.694 -9009.204800000001 782.0945 -1.5608229 -3.3117425 -2.5547892
60839 54095.0 17645.017 -9403.334 475.27577 -1.666927 -3.256685 -2.5585504
60839 54215.0 17438.679 -9790.715699999999 168.11588 -1.7718357000000002 -3.1992903999999998 -2.560475
60839 54335.0 17219.827 -10171.072 -139.16470999999999 -1.8754734000000002 -3.1395997 -2.5605617
60839 54455.0 16988.619 -10544.129 -446.34540999999996 -1.9777660000000001 -3.0776558 -2.5588104
60839 54575.0 16745.22 -10909.621000000001 -753.20573 -2.0786398 -3.0135031 -2.5552223
60839 54695.0 16489.805 -11267.284 -1059.5254 -2.1780226 -2.9471876000000004 -2.5498000000000003
60839 54815.0 16222.557 -11616.861 -1365.0845 -2.2758429000000002 -2.8787569 -2.5425473000000003
60839 54935.0 15943.668 -11958.103000000001 -1669.6637 -2.3720304999999997 -2.8082601 -2.5334695000000003
60839 55055.0 15653.338 -12290.763 -1973.0445 -2.4665165000000004 -2.7357478 -2.5225731000000002
60839 55175.0 15351.775 -12614.604 -2275.0088 -2.5592328 -2.6612719 -2.5098656999999998
60839 55295.0 15039.196 -12929.392 -2575.3402 -2.6501131 -2.584886 -2.4953567
60839 55415.0 14715.824 -13234.902 -2873.8228 -2.7390920999999997 -2.5066449 -2.4790563000000003
60839 55535.0 14381.892 -13530.915 -3170.2425000000003 -2.8261057999999997 -2.4266046 -2.4609762
60839 55655.0 14037.64 -13817.217 -3464.3864 -2.9110918000000003 -2.3448226 -2.4411294
60839 55775.0 13683.314 -14093.605 -3756.0434 -2.9939891 -2.2613577 -2.4195302
60839 55895.0 13319.168 -14359.878 -4045.0042000000003 -3.0747381999999996 -2.1762696 -2.3961941
60839 56015.0 12945.465 -14615.847 -4331.0612 -3.1532810000000002 -2.0896194 -2.3711377000000002
60839 56135.0 12562.471 -14861.327000000001 -4614.009099999999 -3.2295613 -2.0014694 -2.3443791000000003
60839 56255.0 12170.463 -15096.142 -4893.6449 -3.3035243000000003 -1.9118828 -2.3159373999999997
60839 56375.0 11769.72 -15320.124 -5169.7676 -3.3751167 -1.8209238 -2.2858331
60839 56495.0 11360.532000000001 -15533.112000000001 -5442.1792000000005 -3.4442874000000003 -1.7286578 -2.2540877999999998
60839 56615.0 10943.19 -15734.952000000001 -5710.683900000001 -3.5109865 -1.6351509000000002 -2.2207242000000003
60839 56735.0 10517.996000000001 -15925.501 -5975.0892 -3.5751662000000004 -1.5404703 -2.1857662999999996
60839 56855.0 10085.253 -16104.621000000001 -6235.2051 -3.6367804 -1.4446839 -2.1492392000000002
60839 56975.0 9645.2728 -16272.184000000001 -6490.844900000001 -3.6957849 -1.3478604 -2.111169
60839 57095.0 9198.3707 -16428.069 -6741.825 -3.7521373 -1.2500694 -2.0715832
60839 57215.0 8744.8675 -16572.164 -6987.9653 -3.8057972 -1.1513809000000002 -2.0305102
60839 57335.0 8285.0887 -16704.367000000002 -7229.0891 -3.8567261 -1.0518659000000001 -1.9879793000000001
60839 57455.0 7819.3640000000005 -16824.582000000002 -7465.0233 -3.9048873 -0.95159568 -1.9440211
60839 57575.0 7348.0278 -16932.723 -7695.598400000001 -3.9502462 -0.85064227 -1.8986673
60839 57695.0 6871.4183 -17028.712 -7920.6489 -3.9927705000000002 -0.7490781 -1.8519502
60839 57815.0 6389.8775000000005 -17112.48 -8140.0132 -4.0324294 -0.64697604 -1.8039036000000002
60839 57935.0 5903.751 -17183.967 -8353.5339 -4.0691945 -0.54440937 -1.7545617
60839 58055.0 5413.3876 -17243.123 -8561.0577 -4.1030394 -0.44145168 -1.7039601
60839 58175.0 4919.1393 -17289.903000000002 -8762.4354 -4.1339398 -0.33817685999999997 -1.6521351
60839 58295.0 4421.3607999999995 -17324.275 -8957.5227 -4.1618736 -0.23465902 -1.5991239000000002
60839 58415.0 3920.4091000000003 -17346.214 -9146.179199999999 -4.1868206 -0.13097244 -1.5449645
60839 58535.0 3416.6440000000002 -17355.705 -9328.2698 -4.2087629 -0.027191510000000002 -1.4896957
60839 58655.0 2910.4269 -17352.74 -9503.663400000001 -4.2276848000000005 0.076609285 -1.4333573
60839 58775.0 2402.121 -17337.321 -9672.2343 -4.2435727 0.18035547 -1.3759897
60839 58895.0 1892.0912 -17309.459 -9833.8614 -4.2564151 0.28397259 -1.3176341
60839 59015.0 1380.7036 -17269.176 -9988.428699999999 -4.2662028 0.3873863 -1.2583322000000001
60839 59135.0 868.3250400000001 -17216.498 -10135.825 -4.2729288 0.49052239 -1.1981268
60839 59255.0 355.32333 -17151.464 -10275.945 -4.2765882 0.59330686 -1.1370609999999999
60839 59375.0 -157.93336 -17074.121 -10408.687 -4.2771783999999995 0.69566595 -1.0751785999999999
60839 59495.0 -671.07669 -16984.524 -10533.957 -4.274698900000001 0.79752622 -1.012524
60839 59615.0 -1183.7384 -16882.738 -10651.664 -4.2691514 0.89881457 -0.94914224
60839 59735.0 -1695.5505 -16768.835 -10761.724 -4.26054 0.99945831 -0.88507876
60839 59855.0 -2206.1456000000003 -16642.897 -10864.057 -4.2488707 1.0993852 -0.82037955
60839 59975.0 -2715.1575000000003 -16505.014 -10958.591 -4.234152 1.1985236 -0.75509102
60839 60095.0 -3222.2206 -16355.285 -11045.257 -4.2163943 1.2968024 -0.68926005
60839 60215.0 -3726.971 -16193.818000000001 -11123.994 -4.1956104 1.3941509 -0.62293387
60839 60335.0 -4229.0466 -16020.729000000001 -11194.744 -4.1718151 1.4904994 -0.55616009
60839 60455.0 -4728.0869 -15836.141 -11257.456 -4.145025400000001 1.5857787 -0.48898663
60839 60575.0 -5223.733700000001 -15640.188 -11312.086 -4.1152607 1.6799204 -0.42146169
60839 60695.0 -5715.6313 -15433.009 -11358.595 -4.0825421 1.772857 -0.35363374
60839 60815.0 -6203.4266 -15214.753 -11396.948 -4.0468931 1.8645217 -0.28555146000000003
60839 60935.0 -6686.7694 -14985.577000000001 -11427.119 -4.0083394 1.9548488 -0.21726372000000002
60839 61055.0 -7165.312900000001 -14745.645 -11449.085000000001 -3.9669083 2.0437735 -0.14881952999999998
60839 61175.0 -7638.7135 -14495.130000000001 -11462.831 -3.9226298 2.1312319000000004 -0.080268006
60839 61295.0 -8106.6315 -14234.211000000001 -11468.347 -3.8755355000000002 2.2171612 -0.011658363
60839 61415.0 -8568.730800000001 -13963.075 -11465.629 -3.8256592 2.3014997 0.056960155
60839 61535.0 -9024.679800000002 -13681.917 -11454.678 -3.7730365000000003 2.384187 0.12553829
60839 61655.0 -9474.1512 -13390.938 -11435.503 -3.7177053 2.4651636 0.19402682
60839 61775.0 -9916.822300000002 -13090.348 -11408.118 -3.6597052 2.5443714 0.26237657000000003
60839 61895.0 -10352.375 -12780.362000000001 -11372.54 -3.5990778 2.6217536 0.33053849
60839 62015.0 -10780.498 -12461.203 -11328.798 -3.5358665 2.6972545 0.39846363
60839 62135.0 -11200.882 -12133.099 -11276.921 -3.4701167 2.7708201 0.46610322000000004
60839 62255.0 -11613.226 -11796.285 -11216.946 -3.4018755 2.8423973 0.5334087200000001
60839 62375.0 -12017.234 -11451.005000000001 -11148.918 -3.3311918 2.9119349000000003 0.60033178
60839 62495.0 -12412.616 -11097.505000000001 -11072.884 -3.2581163 2.9793829 0.66682436
60839 62615.0 -12799.089 -10736.038 -10988.899 -3.1827015000000003 3.0446928 0.7328387000000001
60839 62735.0 -13176.373 -10366.866 -10897.024 -3.1050014000000004 3.1078177 0.79832742
60839 62855.0 -13544.2 -9990.251400000001 -10797.323 -3.0250717 3.1687124 0.86324347
60839 62975.0 -13902.304 -9606.465800000002 -10689.87 -2.9429699 3.2273329 0.92754023
60839 63095.0 -14250.428 -9215.7842 -10574.74 -2.8587547 3.2836373 0.99117153
60839 63215.0 -14588.323 -8818.4871 -10452.017 -2.7724865 3.3375850000000002 1.0540917
60839 63335.0 -14915.745 -8414.8596 -10321.789 -2.6842274 3.3891374 1.1162554
60839 63455.0 -15232.460000000001 -8005.191400000001 -10184.148000000001 -2.5940406 3.4382572000000002 1.1776182
60839 63575.0 -15538.24 -7589.7766 -10039.194 -2.5019907 3.4849093 1.2381359
60839 63695.0 -15832.866 -7168.9132 -9887.031 -2.4081439000000002 3.5290601 1.2977649
60839 63815.0 -16116.126 -6742.9035 -9727.767800000001 -2.3125676 3.5706778 1.3564626000000002
60839 63935.0 -16387.816 -6312.0531 -9561.518900000001 -2.2153302 3.6097325000000002 1.4141867
60839 64055.0 -16647.741 -5876.6713 -9388.4036 -2.1165016000000003 3.6461962 1.4708957
60839 64175.0 -16895.715 -5437.0707 -9208.5461 -2.0161527 3.6800426 1.5265489
60839 64295.0 -17131.56 -4993.5668 -9022.0757 -1.9143556000000002 3.7112473 1.5811062999999999
60839 64415.0 -17355.106 -4546.477900000001 -8829.126 -1.8111831999999999 3.739788 1.6345287000000002
60839 64535.0 -17566.192 -4096.1251 -8629.8357 -1.7067098 3.765644 1.6867777000000002
60839 64655.0 -17764.667 -3642.8315000000002 -8424.347800000001 -1.6010102 3.7887967 1.7378158000000001
60839 64775.0 -17950.388 -3186.9226000000003 -8212.809799999999 -1.4941604 3.8092296 1.7876062
60839 64895.0 -18123.222 -2728.7257999999997 -7995.3736 -1.3862370000000002 3.8269278 1.8361132
60839 65015.0 -18283.045000000002 -2268.5699 -7772.1954000000005 -1.2773177 3.8418787 1.8833018
60839 65135.0 -18429.742000000002 -1806.7852 -7543.4353 -1.1674805 3.8540714 1.9291383000000002
60839 65255.0 -18563.207000000002 -1343.7033999999999 -7309.2576 -1.0568044 3.8634971 1.9735896000000002
60839 65375.0 -18683.345 -879.65686 -7069.8305 -0.9453688 3.8701491000000003 2.0166238
60839 65495.0 -18790.068 -414.97876 -6825.3258 -0.8332538100000001 3.8740225 2.0582099
60839 65615.0 -18883.302 49.997285000000005 -6575.9192 -0.72053991 3.8751146 2.0983180000000003
60839 65735.0 -18962.977 514.93744 -6321.7898 -0.6073080700000001 3.8734243999999998 2.1369194000000005
60839 65855.0 -19029.038 979.5078900000001 -6063.12 -0.49363961 3.8689532 2.1739862
60839 65975.0 -19081.437 1443.3751000000002 -5800.0956 -0.3796162 3.8617041 2.2094918
60839 66095.0 -19120.135000000002 1906.2060000000001 -5532.905400000001 -0.26531972000000004 3.8516824 2.2434106000000003
60839 66215.0 -19145.106 2367.6682 -5261.7415 -0.15083231 3.8388953000000003 2.2757184
60839 66335.0 -19156.33 2827.4306 -4986.798400000001 -0.036236184000000005 3.8233518 2.3063917000000003
60839 66455.0 -19153.801 3285.1629 -4708.273700000001 0.078386312 3.8050631 2.3354087
60839 66575.0 -19137.52 3740.5364 -4426.3674 0.19295283000000002 3.7840423999999997 2.3627484
60839 66695.0 -19107.498 4193.2244 -4141.2819 0.30738107000000003 3.7603048 2.3883912
60839 66815.0 -19063.757 4642.9016 -3853.2221 0.42158882000000003 3.7338672 2.4123186999999997
60839 66935.0 -19006.329 5089.2452 -3562.3948 0.53549401 3.7047487 2.4345135
60839 67055.0 -18935.254 5531.9349 -3269.0088 0.64901481 3.6729703000000002 2.4549599
60839 67175.0 -18850.584 5970.652599999999 -2973.2749 0.76206966 3.6385546 2.473643
60839 67295.0 -18752.379 6405.0835 -2675.4055 0.87457732 3.6015265 2.4905495
60839 67415.0 -18640.711 6834.9155 -2375.6146000000003 0.98645697 3.5619125 2.5056672
60839 67535.0 -18515.658 7259.840200000001 -2074.1174 1.0976282000000002 3.5197412 2.5189852
60839 67655.0 -18377.311 7679.5523 -1771.1305 1.2080111999999998 3.4750428 2.530494
60839 67775.0 -18225.77 8093.7507000000005 -1466.8716000000002 1.3175265999999999 3.4278494 2.5401853
60839 67895.0 -18061.143 8502.1378 -1161.559 1.4260957 3.3781951 2.5480522000000003
60839 68015.0 -17883.548 8904.4205 -855.41224 1.5336405 3.3261154000000004 2.5540889000000004
60839 68135.0 -17693.113 9300.3099 -548.65107 1.6400838000000002 3.2716478 2.5582913
60839 68255.0 -17489.975000000002 9689.522 -241.49582999999998 1.7453490999999999 3.2148315 2.5606562
60839 68375.0 -17274.28 10071.777 65.832864 1.8493608 3.1557073 2.5611821
60839 68495.0 -17046.182 10446.801 373.11429 1.9520441000000002 3.0943177 2.5598684
60839 68615.0 -16805.845 10814.325 680.12775 2.0533254000000003 3.0307068 2.5567163
60839 68735.0 -16553.442 11174.084 986.65275 2.1531317 2.9649204 2.551728
60839 68855.0 -16289.155 11525.82 1292.4691 2.2513916 2.8970058 2.5449070000000003
60839 68975.0 -16013.173 11869.282000000001 1597.3573000000001 2.3480342999999997 2.8270118 2.5362584000000004
60839 69095.0 -15725.695 12204.222 1901.0983 2.4429905 2.7549886999999997 2.5257883000000003
60839 69215.0 -15426.926 12530.4 2203.474 2.5361920000000002 2.6809882 2.5135044
60839 69335.0 -15117.081 12847.582 2504.2671 2.6275718 2.6050637 2.4994153999999997
60839 69455.0 -14796.384 13155.541000000001 2803.2619 2.7170644000000004 2.5272696000000003 2.4835316
60839 69575.0 -14465.064 13454.054 3100.2434 2.8046055 2.4476618 2.4658644
60839 69695.0 -14123.359 13742.909 3394.9985 2.8901323000000003 2.3662977 2.4464265000000003
60839 69815.0 -13771.515 14021.898000000001 3687.3155 2.9735833 2.2832357 2.4252319000000004
60839 69935.0 -13409.785 14290.82 3976.9845 3.0548986 2.1985354000000004 2.4022959
60839 70055.0 -13038.427 14549.483 4263.7975 3.13402 2.1122578 2.377635
60839 70175.0 -12657.710000000001 14797.701000000001 4547.5486 3.2108906000000004 2.0244648 2.3512669
60839 70295.0 -12267.906 15035.297 4828.034 3.2854553 1.9352196 2.3232108
60839 70415.0 -11869.295 15262.099 5105.0525 3.3576605 1.8445863 2.2934866
60839 70535.0 -11462.164 15477.945 5378.405 3.4274545 1.7526300000000001 2.2621159
60839 70655.0 -11046.804 15682.68 5647.8953 3.4947872 1.6594168 2.2291212000000002
60839 70775.0 -10623.515 15876.157000000001 5913.33 3.5596104 1.5650136000000001 2.1945263
60839 70895.0 -10192.6 16058.238000000001 6174.518599999999 3.6218775 1.4694883 2.1583561
60839 71015.0 -9754.3686 16228.792 6431.2735 3.6815439000000003 1.3729095 2.1206365000000003
60839 71135.0 -9309.135300000002 16387.697 6683.4105 3.7385668 1.2753465000000002 2.0813948
60839 71255.0 -8857.2199 16534.839 6930.7485 3.7929054 1.1768695 2.0406591
60839 71375.0 -8398.9469 16670.112 7173.1101 3.8445207 1.0775492 1.9984587
60839 71495.0 -7934.6454 16793.420000000002 7410.3212 3.8933758 0.97745686 1.9548240000000001
60839 71615.0 -7464.6485999999995 16904.673 7642.211700000001 3.9394357 0.87666441 1.9097864
60839 71735.0 -6989.293900000001 17003.794 7868.6152 3.9826673 0.77524422 1.8633783000000002
60839 71855.0 -6508.9228 17090.71 8089.369000000001 4.0230398 0.67326909 1.8156329
60839 71975.0 -6023.879900000001 17165.359 8304.314900000001 4.0605242 0.5708122499999999 1.7665847000000001
60839 72095.0 -5534.513599999999 17227.689000000002 8513.2987 4.0950937 0.46794726000000003 1.7162689
60839 72215.0 -5041.175 17277.653000000002 8716.170199999999 4.126723699999999 0.36474794000000005 1.6647217
60839 72335.0 -4544.218400000001 17315.218 8912.784099999999 4.155391400000001 0.26128838000000004 1.61198
60839 72455.0 -4044.0004 17340.355 9102.9992 4.1810764 0.15764282000000002 1.5580819
60839 72575.0 -3540.8801000000003 17353.047 9286.679 4.2037603 0.053885666 1.503066
60839 72695.0 -3035.2186 17353.286 9463.6919 4.2234271 -0.049908642 1.4469718
60839 72815.0 -2527.3788 17341.071 9633.9107 4.2400625000000005 -0.15366562 1.3898396
60839 72935.0 -2017.7253 17316.411 9797.2135 4.253654900000001 -0.25731082 1.3317106
60839 73055.0 -1506.6238 17279.324 9953.4831 4.264194499999999 -0.36076989 1.2726263
60839 73175.0 -994.4410600000001 17229.836 10102.607 4.271673799999999 -0.4639686 1.2126293000000001
60839 73295.0 -481.54470000000003 17167.985 10244.479 4.2760876 -0.56683292 1.1517627
60839 73415.0 31.697217000000002 17093.813000000002 10378.997 4.2774328 -0.66928906 1.0900701
60839 73535.0 544.91639 17007.374 10506.065 4.2757084999999995 -0.77126355 1.0275958
60839 73655.0 1057.7445 16908.732 10625.591 4.270916100000001 -0.87268324 0.96438478
60839 73775.0 1569.8137 16797.956000000002 10737.49 4.263059 -0.9734754000000001 0.90048228
60839 73895.0 2080.7563 16675.126 10841.681 4.2521429 -1.0735677000000001 0.8359342000000001
60839 74015.0 2590.2059 16540.33 10938.09 4.2381758000000005 -1.1728885 0.77078689
60839 74135.0 3097.7969 16393.666 11026.648000000001 4.2211678 -1.2713665 0.7050871
60839 74255.0 3603.165 16235.239 11107.29 4.2011311 -1.3689310000000001 0.63888197
60839 74375.0 4105.9478 16065.162 11179.961 4.1780802 -1.4655121999999998 0.5722190100000001
60839 74495.0 4605.7844000000005 15883.558 11244.607 4.1520316 -1.5610408 0.50514606
60839 74615.0 5102.3162 15690.557 11301.181 4.1230042000000005 -1.6554483 0.43771125
60839 74735.0 5595.1871 15486.298 11349.645 4.0910187 -1.748667 0.36996294
60839 74855.0 6084.0433 15270.927 11389.962 4.0560982 -1.8406302 0.30194976
60839 74975.0 6568.5342 15044.6 11422.104 4.0182678 -1.9312718 0.23372049000000003
60839 75095.0 7048.3123 14807.477 11446.048 3.9775547 -2.0205269 0.16532407000000002
60839 75215.0 7523.033200000001 14559.731 11461.777 3.9339881 -2.1083316 0.09680957
60839 75335.0 7992.3565 14301.538 11469.28 3.8875992000000004 -2.1946228999999997 0.028226135
60839 75455.0 8455.9455 14033.085000000001 11468.551 3.8384215 -2.279339 -0.040377041
60839 75575.0 8913.4675 13754.562 11459.59 3.7864901 -2.3624191000000003 -0.10895075
60839 75695.0 9364.5944 13466.172 11442.406 3.7318424 -2.4438036000000003 -0.17744582
60839 75815.0 9809.0026 13168.12 11417.009 3.6745176 -2.5234344 -0.24581311
60839 75935.0 10246.373 12860.62 11383.418 3.6145569 -2.6012542 -0.31400359
60839 76055.0 10676.393 12543.893 11341.657000000001 3.5520031 -2.6772073 -0.38196836
60839 76175.0 11098.752 12218.167 11291.756 3.4869013 -2.7512393000000004 -0.44965867
60839 76295.0 11513.149 11883.675000000001 11233.752 3.4192981000000002 -2.8232971 -0.51702598
60839 76415.0 11919.285 11540.657000000001 11167.685 3.3492420000000003 -2.893329 -0.58402197
60839 76535.0 12316.871000000001 11189.359 11093.603000000001 3.2767832 -2.9612849000000003 -0.6505986
60839 76655.0 12705.619 10830.034 11011.56 3.2019738 -3.0271161 -0.71670811
60839 76775.0 13085.253 10462.938 10921.614 3.1248674000000003 -3.0907753 -0.7823031
60839 76895.0 13455.498 10088.336 10823.829 3.0455192 -3.1522170000000003 -0.8473365199999999
60839 77015.0 13816.09 9706.496500000001 10718.277 2.9639862 -3.211397 -0.9117617299999999
60839 77135.0 14166.77 9317.693 10605.033 2.8803267999999997 -3.268273 -0.9755325100000001
60839 77255.0 14507.286 8922.2047 10484.177 2.794601 -3.3228042 -1.0386031
60839 77375.0 14837.394 8520.315400000001 10355.798 2.7068703000000003 -3.3749515000000003 -1.1009284000000001
60839 77495.0 15156.857 8112.3132000000005 10219.986 2.6171976 -3.4246774 -1.1624635
60839 77615.0 15465.446 7698.4911 10076.84 2.5256472 -3.4719463999999998 -1.2231644
60839 77735.0 15762.94 7279.1457 9926.4619 2.4322847000000003 -3.5167246 -1.2829876
60839 77855.0 16049.124 6854.5781 9768.9598 2.3371771 -3.5589797 -1.34189
60839 77975.0 16323.795 6425.0927 9604.446800000002 2.2403925 -3.5986816 -1.3998295
60839 78095.0 16586.754 5990.9978 9433.0409 2.1420005 -3.6358018000000003 -1.4567645
60839 78215.0 16837.814000000002 5552.6046 9254.8652 2.0420714 -3.6703135000000002 -1.5126541
60839 78335.0 17076.793 5110.227900000001 9070.047400000001 1.940677 -3.7021921000000004 -1.5674583
60839 78455.0 17303.52 4664.1848 8878.7201 1.8378900000000002 -3.7314146000000004 -1.6211377
60839 78575.0 17517.834 4214.795400000001 8681.0208 1.7337841 -3.7579602 -1.6736539000000001
60839 78695.0 17719.579 3762.3822000000005 8477.0913 1.6284339 -3.7818096000000003 -1.7249690000000002
60839 78815.0 17908.611 3307.2697000000003 8267.0778 1.5219149 -3.8029459 -1.7750464
60839 78935.0 18084.795000000002 2849.7843 8051.1311 1.4143037 -3.8213539 -1.82385
60839 79055.0 18248.003 2390.2544 7829.4061 1.3056772 -3.8370202 -1.8713448000000001
60839 79175.0 18398.12 1929.0096 7602.062 1.1961135999999999 -3.8499337000000002 -1.9174968
60839 79295.0 18535.036 1466.3808000000001 7369.2619 1.0856912 -3.8600851 -1.9622728999999999
60839 79415.0 18658.654 1002.6999000000001 7131.1729000000005 0.97448933 -3.867467 -2.0056408
60839 79535.0 18768.886 538.2996800000001 6887.965700000001 0.8625877500000001 -3.8720742 -2.0475695000000003
60839 79655.0 18865.651 73.513242 6639.8150000000005 0.7500667 -3.8739033 -2.0880288
60839 79775.0 18948.88 -391.32592 6386.898700000001 0.63700689 -3.8729529000000005 -2.1269897
60839 79895.0 19018.514 -855.8843 6129.3985 0.52348942 -3.8692237 -2.1644243000000003
60839 80015.0 19074.503 -1319.8286 5867.499 0.40959572 -3.8627184000000003 -2.2003056
60839 80135.0 19116.805 -1782.8259 5601.3883 0.29540750000000005 -3.8534416 -2.2346079
60839 80255.0 19145.392 -2244.544 5331.2573 0.18100669 -3.8414 -2.2673065
60839 80375.0 19160.24 -2704.6516 5057.299400000001 0.066474322 -3.8266021 -2.2983784000000003
60839 80495.0 19161.344 -3162.8187000000003 4779.7123 -0.048105321000000006 -3.8090583000000002 -2.3278003
60839 80615.0 19148.697 -3618.7164 4498.6944 -0.16265123 -3.7887815000000002 -2.3555517
60839 80735.0 19122.312 -4072.0176 4214.4475 -0.27708112 -3.7657860999999997 -2.3816126
60839 80855.0 19082.206000000002 -4522.397 3927.1757000000002 -0.39131288000000003 -3.7400886 -2.4059643
60839 80975.0 19028.408 -4969.5315 3637.0852000000004 -0.50526455 -3.7117073 -2.4285892
60839 81095.0 18960.957000000002 -5413.1002 3344.3841 -0.61885436 -3.6806626000000002 -2.4494711000000002
60839 81215.0 18879.901 -5852.7848 3049.2824 -0.7320008 -3.6469768 -2.4685949999999997
60839 81335.0 18785.298 -6288.2699 2751.9921 -0.84462268 -3.6106738999999997 -2.4859470999999997
60839 81455.0 18677.215 -6719.2429 2452.7265 -0.95663918 -3.5717800000000004 -2.5015149
60839 81575.0 18555.732 -7145.3946 2151.7004 -1.0679699 -3.530323 -2.5152873000000002
60839 81695.0 18420.933 -7566.4191 1849.1298000000002 -1.178535 -3.4863326000000003 -2.5272544
60839 81815.0 18272.917 -7982.014400000001 1545.2319 -1.2882550000000001 -3.4398404 -2.5374075
60839 81935.0 18111.789 -8391.882099999999 1240.2248 -1.3970512000000002 -3.3908796000000003 -2.5457393
60839 82055.0 17937.665 -8795.7281 934.3275500000001 -1.5048456000000001 -3.3394854 -2.5522439
60839 82175.0 17750.669 -9193.2627 627.75959 -1.6115608 -3.2856947 -2.5569165
60839 82295.0 17550.936 -9584.2005 320.74101 -1.7171202 -3.2295459 -2.5597537000000004
60839 82415.0 17338.61 -9968.261 13.492189 -1.8214480000000002 -3.1710795 -2.5607536
60839 82535.0 17113.841 -10345.169 -293.76633000000004 -1.9244693 -3.1103373000000003 -2.5599154
60839 82655.0 16876.792 -10714.653 -600.81399 -2.0261101000000004 -3.0473628 -2.5572396
60839 82775.0 16627.633 -11076.448 -907.4304000000001 -2.1262976 -2.9822014 -2.5527281
60839 82895.0 16366.542 -11430.295 -1213.3953999999999 -2.2249598 -2.9148996 -2.5463843
60839 83015.0 16093.706 -11775.94 -1518.4895000000001 -2.3220259000000003 -2.8455059 -2.5382125
60839 83135.0 15809.322 -12113.135 -1822.4936000000002 -2.4174262 -2.7740699 -2.5282187
60839 83255.0 15513.594000000001 -12441.638 -2125.1893999999998 -2.5110921 -2.7006429 -2.5164101000000003
60839 83375.0 15206.732 -12761.212 -2426.3597000000004 -2.6029566 -2.6252777000000003 -2.5027950000000003
60839 83495.0 14888.959 -13071.629 -2725.7882999999997 -2.6929536 -2.5480282 -2.4873833
60839 83615.0 14560.501 -13372.665 -3023.2603 -2.7810184 -2.4689499 -2.4701859
60839 83735.0 14221.594000000001 -13664.106 -3318.562 -2.8670880000000003 -2.3880996 -2.4512153
60839 83855.0 13872.482 -13945.741 -3611.4816 -2.9511005 -2.3055352 -2.430485
60839 83975.0 13513.415 -14217.368 -3901.8086000000003 -3.0329956000000005 -2.2213161 -2.4080099
60839 84095.0 13144.65 -14478.793 -4189.3348 -3.1127143999999998 -2.1355025999999997 -2.3838060999999997
60839 84215.0 12766.452000000001 -14729.827000000001 -4473.853700000001 -3.1901999 -2.0481561999999998 -2.3578911
60839 84335.0 12379.094000000001 -14970.292 -4755.160900000001 -3.2653962 -1.9593398 -2.3302831999999998
60839 84455.0 11982.851 -15200.013 -5033.054700000001 -3.3382495 -1.869117 -2.3010025
60839 84575.0 11578.009 -15418.826000000001 -5307.3355 -3.4087075000000002 -1.7775525 -2.2700699
60839 84695.0 11164.859 -15626.574 -5577.8063 -3.4767195 -1.6847121 -2.2375075000000004
60839 84815.0 10743.697 -15823.109 -5844.273 -3.5422368000000004 -1.5906624 -2.2033388
60839 84935.0 10314.824 -16008.288 -6106.5443 -3.6052122 -1.4954709000000002 -2.1675883
60839 85055.0 9878.5492 -16181.979000000001 -6364.432 -3.6656006000000003 -1.3992059 -2.1302816
60839 85175.0 9435.1851 -16344.057 -6617.7507000000005 -3.7233587000000004 -1.3019364 -2.0914455
60839 85295.0 8985.0499 -16494.406 -6866.3188 -3.7784449 -1.2037323 -2.0511079
60839 85415.0 8528.4668 -16632.918 -7109.9577 -3.8308197 -1.1046641 -2.0092977000000003
60839 85535.0 8065.7632 -16759.494 -7348.4925 -3.8804455 -1.0048028 -1.9660449000000002
60839 85655.0 7597.2712 -16874.042 -7581.752 -3.9272866 -0.9042200400000001 -1.9213806
60839 85775.0 7123.3270999999995 -16976.48 -7809.568700000001 -3.9713095 -0.80298809 -1.8753368000000001
60839 85895.0 6644.2709 -17066.736 -8031.779 -4.0124826 -0.70117955 -1.8279466
60839 86015.0 6160.4465 -17144.743 -8248.2234 -4.0507761 -0.59886748 -1.779244
60839 86135.0 5672.201 -17210.447 -8458.7465 -4.0861628 -0.4961253 -1.7292638
60839 86255.0 5179.8847000000005 -17263.799 -8663.197 -4.118617 -0.39302674000000004 -1.6780420999999999
60839 86375.0 4683.8511 -17304.762 -8861.4284 -4.148115600000001 -0.28964577 -1.6256156000000002

