CIC_AEM_VERS = 1.0
CREATION_DATE = 2025-05-14T14:35:31.207Z
ORIGINATOR = CS Group

META_START
OBJECT_NAME = Sat
OBJECT_ID = Sat
CENTER_NAME = null
REF_FRAME_A = EME2000
REF_FRAME_B = SC_BODY_1
ATTITUDE_DIR = A2B
TIME_SYSTEM = UTC
START_TIME = 2025-05-14T04:07:24.132576
STOP_TIME = 2025-05-14T21:59:60.0
ATTITUDE_TYPE = QUATERNION
QUATERNION_TYPE = LAST
META_STOP

60809 14844.132576 -0.6911800981027586 -0.2972035187989753 -0.2615256077523771 -0.6046027595784839
60809 15264.132576 -0.7411533465221146 -0.12947997665206062 -0.39413180446870055 -0.5278131992395587
60809 15684.132576 -0.7510434120335714 0.04521464895303128 -0.5053950218278475 -0.42245153647803774
60809 16104.132576 -0.7203550073847058 0.21731971556226876 -0.5892652664450213 -0.294325075936783
60809 16524.132576 -0.6508214131898743 0.37757822355999243 -0.6412857528943291 -0.15039533357644078
60809 16944.132576 -0.546215152067039 0.5174409421746963 -0.6587118647257628 0.001599463426473322
60809 17364.132576 0.4121421304081421 -0.6294428797209012 0.6406048605886578 -0.1535120128898171
60809 17784.132576 0.25571911256895813 -0.7075724805200722 0.5878753314500907 -0.2972398273281402
60809 18204.132576 0.08535262981269257 -0.747522623282145 0.5032885573404214 -0.4250005697827183
60809 18624.132576 -0.08963671883384834 -0.7470471863750037 0.3914368278404403 -0.5297763393887138
60809 19044.132576 -0.25977869803526504 -0.7061517522196638 0.2583803443056739 -0.6058913504587128
60809 19464.132576 -0.4158766914292876 -0.6270311800089459 0.11132435970223846 -0.6492190414330934
60809 19884.132576 -0.5494908069378552 -0.5139498952684204 -0.041770604276767244 -0.6573968168942699
60809 20304.132576 -0.6533721536572272 -0.37303866618160425 -0.1925935304374122 -0.6299640580163441
60809 20724.132576 -0.7218851065411803 -0.2119684768749313 -0.33294985603760613 -0.5684150342222556
60809 21144.132576 -0.7513495862802166 -0.03943375277176382 -0.4552796635447345 -0.4760663885441566
60809 21564.132576 -0.7401164817634646 0.13545631636196223 -0.553077407554254 -0.35774929913667847
60809 21984.132576 -0.6885782276590969 0.3033049107595071 -0.6209597757165399 -0.21971598131471623
60809 22404.132576 -0.5996207548750709 0.45449382826134876 -0.6549886166579779 -0.06985858890546169
60809 22824.132576 -0.47821609299287116 0.5808434988682682 -0.6534076362333823 0.08359820056081123
60809 23244.132576 0.33111498191659916 -0.6755787004459435 0.6164431590466948 -0.23228026157784426
60809 23664.132576 0.16607083439341683 -0.7338084733991682 0.5460890500377165 -0.3684187179831678
60809 24084.132576 -0.007962058449239058 -0.7523487825169276 0.4461480355420139 -0.4846234058034647
60809 24504.132576 -0.18156067375085186 -0.7301790159800043 0.32203495150305794 -0.5746023114990336
60809 24924.132576 -0.3453297145644576 -0.6684876466623344 0.18048229184060754 -0.633480699651257
60809 25344.132576 -0.4904169499755216 -0.5706051588445257 0.029158744533163534 -0.6580659051295471
60809 25764.132576 -0.6089810633176443 -0.44181920646377676 -0.12374478225612787 -0.6470124281531332
60809 26184.132576 -0.6945805857264034 -0.28914948880002084 -0.26990340303769816 -0.6009180776839076
60809 26604.132576 -0.7426016610851596 -0.12089689529405566 -0.4014034781760652 -0.5223044719031007
60809 27024.132576 -0.7504803233074278 0.053808632644261965 -0.5111482302316754 -0.41546528388345494
60809 27444.132576 -0.717829874444794 0.2255332751747378 -0.5932450621749216 -0.28620850677190024
60809 27864.132576 -0.6464292294113789 0.3850548292461278 -0.6433006573030609 -0.1415142895622061
60809 28284.132576 -0.5401068360473739 0.5238200410356171 -0.6586195744211547 0.010836348722549013
60809 28704.132576 0.40455913479139066 -0.6343487172476764 0.638341473630405 -0.16264616326993905
60809 29124.132576 0.24709958043660102 -0.7106349938871953 0.5835160967361295 -0.30569374815464173
60809 29544.132576 0.07623134856867121 -0.7485167164876209 0.4970740133860364 -0.4322371245627692
60809 29964.132576 -0.09877290285243596 -0.7459039615838623 0.38369142427281316 -0.5353989957920198
60809 30384.132576 -0.26843599000184293 -0.7029157121382061 0.24951451472949013 -0.6095852096633219
60809 30804.132576 -0.4235764473753909 -0.6218643279703817 0.10181674932281215 -0.6507696215897942
60809 31224.132576 -0.5558020030495707 -0.5071267473507062 -0.05139872019220237 -0.6567075202022448
60809 31644.132576 -0.6579354042109694 -0.36494553334655044 -0.20179633239989003 -0.6270677808706991
60809 32064.132576 -0.724455672507551 -0.20306074962949244 -0.3412160867144737 -0.5634730629753308
60809 32484.132576 -0.7517937446282354 -0.03020546185873761 -0.46216036054609855 -0.4693629690885892
60809 32904.132576 -0.7384030047010774 0.1445916145964307 -0.5582475012680802 -0.34959118261873057
60809 33324.132576 -0.684831880903977 0.3117083189966073 -0.6240719920834064 -0.21065936357750484
60809 33744.132576 -0.5940065664662478 0.46183183907685876 -0.6559201951364841 -0.06030131857581724
60809 34164.132576 -0.4709956186844467 0.5867338100783623 -0.652092527104858 0.09317671052888438
60809 34584.132576 0.32263628900076374 -0.6796901614289433 0.6129145500667676 -0.2413770158755059
60809 35004.132576 0.15709989901358412 -0.7358038168426996 0.5406674941381321 -0.3762858296986877
60809 35424.132576 -0.016638528659950018 -0.7522306067329638 0.4393859353914395 -0.4907262713961613
60809 35844.132576 -0.18928950926910462 -0.7282377661623068 0.3145877140271791 -0.5786828214132061
60809 36264.132576 -0.3517404087265608 -0.6651619058876437 0.17292102642097593 -0.6355601013643838
60809 36684.132576 -0.49541488262468986 -0.566298150429717 0.02186408487141432 -0.6583254975212355
60809 37104.132576 -0.6126308082289642 -0.4367772026711024 -0.1305827124106623 -0.6456448894361412
60809 37524.132576 -0.6969508703496876 -0.28343958157824384 -0.2762066284532213 -0.5980228978158506
60809 37944.132576 -0.7436358012551753 -0.11448838494584591 -0.40708057575501067 -0.5178644703462815
60809 38364.132576 -0.7499592367424283 0.06086524357499133 -0.5159654669574222 -0.4094340023211074
60809 38784.132576 -0.7154660265471796 0.23297893382950396 -0.5968136813172411 -0.2786442374086008
60809 39204.132576 -0.6420159162208136 0.3923997960355229 -0.645160857280254 -0.13268546123760916
60809 39624.132576 -0.5337508111951428 0.5303165041749661 -0.6583782895945055 0.020310212672044973
60809 40044.132576 0.3964020949409302 -0.6394967537131214 0.6357909496153824 -0.17227637535074655
60809 40464.132576 0.2374364628274283 -0.7139406641510213 0.5785712201343172 -0.3149095067219875
60809 40884.132576 0.06564388753245447 -0.7495402387343731 0.48988101758122865 -0.44033725615853286
60809 41304.132576 -0.10948111095521149 -0.7444288855288529 0.37469335084548133 -0.5417050983390022
60809 41724.132576 -0.27836541160454914 -0.6990645657438389 0.23942750337900665 -0.6135926182487071
60809 42144.132576 -0.43205206365946025 -0.6160280375558674 0.0913850886335096 -0.6522953601000961
60809 42564.132576 -0.5623747005097179 -0.49985393062585753 -0.06147467567753772 -0.6558213236201055
60809 42984.132576 -0.6624145308841031 -0.35678666128684167 -0.21098346508630447 -0.6240162217935992
60809 43404.132576 -0.726821129335271 -0.19448857293859564 -0.3491417628904118 -0.5585743194543455
60809 43824.132576 -0.7521052942407251 -0.021617206200335116 -0.4685565966347647 -0.46295252296667644
60809 44244.132576 -0.7368147970164288 0.15254664942670665 -0.5627672808236425 -0.3422374355337063
60809 44664.132576 -0.6816543018973793 0.3186257938176693 -0.6266293703793167 -0.20288087242733782
60809 45084.132576 -0.5894865460057883 0.46760465249550887 -0.6565875872423768 -0.05238550679294999
60809 45504.132576 -0.46547939177371617 0.5911327259492042 -0.6509469985159103 0.10079206947454566
60809 45924.132576 0.31623192943297884 -0.6827051850040498 0.6100320271429066 -0.24853958042049926
60809 46344.132576 0.14978058499941493 -0.737340416828128 0.5360052958015763 -0.38287492597664347
60809 46764.132576 -0.024787188388787938 -0.7520166916133694 0.4328882789895775 -0.496451637866271
60809 47184.132576 -0.19798230911951387 -0.7259331065519856 0.3062913371926421 -0.5831035472780387
60809 47604.132576 -0.3603998751184608 -0.6605198822202777 0.1631200542901457 -0.6381357716776958
60809 48024.132576 -0.5032491646916385 -0.5593578889302336 0.011173960426181878 -0.6585849777645059
60809 48444.132576 -0.6188249013298867 -0.42796868256200155 -0.14130181717145432 -0.6433757414639176
60809 48864.132576 -0.7009134870197936 -0.2735092727250334 -0.28605195312926857 -0.5933693972207429
60809 49284.132576 -0.7451481502170602 -0.10421885741548097 -0.415371156244454 -0.5112332799684021
60809 49704.132576 -0.7491049368083033 0.07061274053776499 -0.5221767618914208 -0.40148108780335445
60809 50124.132576 -0.7126118351605876 0.24156038225078846 -0.6007455442396167 -0.270069889458561
60809 50544.132576 -0.6376522318402843 0.39944421599389424 -0.6468747005858304 -0.12408493575015278
60809 50964.132576 -0.528239741673714 0.5358000867494288 -0.6580742279640938 0.02862434008417661
60809 51384.132576 0.39023395206591155 -0.6432759112881559 0.633697636004371 -0.17983567703290784
60809 51804.132576 0.23107654690677987 -0.7160216618335793 0.5750149283377535 -0.32136341024367787
60809 52224.132576 0.05938291978673935 -0.7500570178269017 0.4851725190242958 -0.44552863615017596
60809 52644.132576 -0.11553165950372148 -0.7435077789921948 0.3690292345769917 -0.5455877951878411
60809 53064.132576 -0.2841928457756878 -0.6967086162845516 0.23288130378859712 -0.6161151099839255
60809 53484.132576 -0.43747594456476535 -0.612178772830345 0.08411691825809438 -0.6532811738339475
60809 53904.132576 -0.5670892334323384 -0.49448723001771094 -0.06920106743649132 -0.6550598392056901
60809 54324.132576 -0.6659958612539401 -0.3500450712547142 -0.21872803774102745 -0.6213501479752493
60809 54744.132576 -0.7288533603816495 -0.1867153006777879 -0.3563573838305145 -0.5540032405524827
60809 55164.132576 -0.7522954919506061 -0.013210100452248448 -0.47475111204914155 -0.4566052645830319
60809 55584.132576 -0.7349370564864114 0.161318374909706 -0.567578530590934 -0.3342132800051743
60809 56004.132576 -0.6776173775912481 0.3271039237989475 -0.6295652887597722 -0.19361110456406413
60809 56424.132576 -0.5834486311082241 0.4751009970116336 -0.6573142875673724 -0.04248134715718084
60809 56844.132576 -0.45774535805374433 0.5971255236568638 -0.6493441614055654 0.11073597530282825
60809 57264.132576 0.30734532373126977 -0.6867347278405669 0.6061855347417913 -0.25782428711832406
60809 57684.132576 0.14015659749877504 -0.7392126983501943 0.5300931171143981 -0.39105242866312967
60809 58104.132576 -0.0346985312223046 -0.7516085398831596 0.4251640409460416 -0.5031065026335404
60809 58524.132576 -0.20761509607992137 -0.7232200500003925 0.29716452872847876 -0.5878281841003676
60809 58944.132576 -0.3692295944480648 -0.6556043568960502 0.15306450996858673 -0.6406431843005204
60809 59364.132576 -0.5107574779928641 -0.5524847927454563 7.488309746448872E-4 -0.6587008362766443
60809 59784.132576 -0.6245610060456432 -0.41952181432245894 -0.15149480905099383 -0.6410727882740377
60809 60204.132576 -0.7045405594526006 -0.2639836461493598 -0.29542177101252 -0.5887794254759012
60809 60624.132576 -0.7464508835764188 -0.0943581657501668 -0.42326147976394946 -0.504734915289481
60809 61044.132576 -0.7481251175748422 0.08026348626851261 -0.5282267374881169 -0.39350107373209664
60809 61464.132576 -0.709496301550113 0.25054117059645675 -0.6047250902238902 -0.26105877724484977
60809 61884.132576 -0.6325989005819135 0.40738358717733564 -0.6486535825666719 -0.11448045118928483
60809 62304.132576 -0.5214764856200146 0.5423696125307778 -0.6575888589277401 0.03839753849825733
60809 62724.132576 0.3821022106517131 -0.6481239302789117 0.6309606524797161 -0.18926681335422008
60809 63144.132576 0.2218741611621379 -0.7189099790072698 0.570097791975858 -0.3300436429877356
60809 63564.132576 0.049621276837966875 -0.7507532030488663 0.4782921791358102 -0.4529281933975358
60809 63984.132576 -0.12526791873094487 -0.7419173047682434 0.36056232570028757 -0.5512363111296665
60809 64404.132576 -0.29331117257110934 -0.6929044800082983 0.22332654626509724 -0.6196589314798053
60809 64824.132576 -0.44541032617854753 -0.6064114977024867 0.07406368472242915 -0.6545145585799322
60809 65244.132576 -0.5733803179386283 -0.48715364077753004 -0.07913899684374259 -0.6539521086871429
60809 65664.132576 -0.670343593122483 -0.3416087427625969 -0.2280000051660449 -0.6180282612244203
60809 66084.132576 -0.7311014513617894 -0.17763822466617604 -0.364509671213708 -0.5486966635089088
60809 66504.132576 -0.7523873083975695 -0.0037929158362488523 -0.48149669674470624 -0.44951071508436397
60809 66924.132576 -0.7328855962404772 0.17034008761661198 -0.572429165622473 -0.325864707691343
60809 67344.132576 -0.6734432544376344 0.33558271135985945 -0.6324002926134153 -0.18419635390332662
60809 67764.132576 -0.5774537993097333 0.48234793364200707 -0.6578887062295092 -0.03271132509854577
60809 68184.132576 -0.4503441752410041 0.6027139222540371 -0.6476613926563832 0.12025295094112415
60809 68604.132576 0.2991813044068797 -0.690325479642185 0.602469798537796 -0.26640461914165947
60809 69024.132576 0.1322181742265067 -0.7406737759845632 0.5249360234768348 -0.3979483424130651
60809 69444.132576 -0.04162358402188841 -0.7512570229291645 0.41931842735146774 -0.507988601482625
60809 69864.132576 -0.21317008464889395 -0.7216006028648682 0.29125333344317983 -0.5907813307088149
60809 70284.132576 -0.37341686380618827 -0.653225519030323 0.14746041361270873 -0.641959261581204
60809 70704.132576 -0.5138683438056662 -0.5495882623807808 -0.004512568402848033 -0.6586893834077677
60809 71124.132576 -0.6269046655027298 -0.41600590361983486 -0.1565891439773826 -0.639851129961326
60809 71544.132576 -0.7061837554411328 -0.2595502074913959 -0.3004872255288702 -0.5862129481990259
60809 71964.132576 -0.747140674989607 -0.08871481164464204 -0.4282356684856116 -0.5005244311795495
60809 72384.132576 -0.7473632749432287 0.0870560772967444 -0.5326897931804698 -0.38744155548054404
60809 72804.132576 -0.7068245868320318 0.2579758193416391 -0.6080315943582956 -0.25326875122455733
60809 73224.132576 -0.6278820525057668 0.41461110171725724 -0.650176371433291 -0.1055104189347521
60809 73644.132576 -0.5150174587110641 0.5485058817905898 -0.6569794737344595 0.047710438643106146
60809 74064.132576 0.37453573367616794 -0.6525312441393337 0.6282526229376801 -0.19805201688837476
60809 74484.132576 0.21414283241231383 -0.7212634305502652 0.5657275007747872 -0.337452672154789
60809 74904.132576 0.0424734287595272 -0.7512042553637109 0.472886597445052 -0.4585481877945906
60809 75324.132576 -0.13136881210571652 -0.7408722567660079 0.35472511295044157 -0.5549960617902364
60809 75744.132576 -0.29823701922017726 -0.6908088330420726 0.21747346352846125 -0.6217259277355645
60809 76164.132576 -0.44931350778576773 -0.6035360522066419 0.06833256543659014 -0.6551276714571936
60809 76584.132576 -0.5764791144328895 -0.48349763359540254 -0.084805430918708 -0.6532303635142886
60809 77004.132576 -0.6726861158032788 -0.33699780808124796 -0.23365505056599956 -0.6158986802217817
60809 77424.132576 -0.7324860192154317 -0.17190504638333187 -0.3700451733236982 -0.5449582152621509
60809 77844.132576 -0.7524091252174682 0.0026976707489065957 -0.4863682372018297 -0.4442062231702744
60809 78264.132576 -0.7312937485177511 0.1771178379342225 -0.5761419735589519 -0.31921646443747004
60809 78684.132576 -0.6703464818394984 0.34175979990553196 -0.6344582822776528 -0.17691388160126953
60809 79104.132576 -0.5730339912854264 0.48761348241186186 -0.6582027399900063 -0.02518510812600984
