CIC_OEM_VERS = 2.0
CREATION_DATE = 2025-03-13T18:00:38.119052
ORIGINATOR = ISAE-SUPAERO


META_START
OBJECT_NAME = Sat
OBJECT_ID = Sat
CENTER_NAME = Earth
REF_FRAME = EME2000
TIME_SYSTEM = UTC
START_TIME = 2025-03-13T04:12:43.381
USEABLE_START_TIME = 2025-03-13T04:12:43.381
USEABLE_STOP_TIME = 2025-03-13T23:55:43.381
STOP_TIME = 2025-03-13T23:55:43.381
INTERPOLATION = lagrange
INTERPOLATION_DEGREE = 5
META_STOP



60747 15163.381 6617.1823 -1908.8653000000002 14.708182 -0.29912791 -0.9597048 7.5362949
60747 15583.381 5795.4136 -2095.4919 3065.5648 -3.5435830000000004 0.087068825 6.728773400000001
60747 16003.381 3746.3961000000004 -1838.3452 5465.4499000000005 -6.037612 1.1153289 4.4925983
60747 16423.381 904.0676100000001 -1191.9146 6704.829 -7.253281 1.9074870000000002 1.3019571
60747 16843.381 -2129.6622 -292.94282000000004 6519.304700000001 -6.9320738 2.2961821000000002 -2.1708257
60747 17263.381 -4710.924 668.28873 4944.4845000000005 -5.133958300000001 2.1973299 -5.1920906
60747 17683.381 -6287.228700000001 1486.7261 2313.5189 -2.2340643 1.6290126 -7.110502
60747 18103.381 -6519.594 1987.3814 -813.4133 1.1476751 0.71164968 -7.5077678
60747 18523.381 -5358.6043 2063.3221000000003 -3766.2716 4.2786781000000005 -0.35605737 -6.2975851
60747 18943.381 -3056.3509 1699.8709 -5915.2253 6.486638200000001 -1.3435068000000001 -3.7498931
60747 19363.381 -105.16103 975.67533 -6806.150900000001 7.3128205 -2.0424312000000002 -0.41815272
60747 19783.381 2868.5206000000003 45.244550000000004 -6255.1433 6.593179600000001 -2.3084906999999997 2.9939623
60747 20203.381 5236.8355 -894.75208 -4380.472900000001 4.4814049 -2.0871782 5.772602200000001
60747 20623.381 6498.7889000000005 -1645.7054 -1578.0468 1.4186939 -1.4241519 7.331705200000001
60747 21043.381 6385.482900000001 -2048.3484 1558.9601000000002 -1.9487938999999999 -0.4585825 7.3366079
60747 21463.381 4919.7277 -2017.1388000000002 4364.9033 -4.9049226 0.60446829 5.7832628
60747 21883.381 2411.9031 -1558.6852 6243.7884 -6.821709 1.539285 3.0018515000000003
60747 22303.381 -606.8323800000001 -770.0556700000001 6796.277900000001 -7.2938172 2.1484503 -0.41948245
60747 22723.381 -3496.3605000000002 181.80660999999998 5902.8158 -6.2175129 2.3025856 -3.7592098000000003
60747 23143.381 -5641.7398 1094.8216000000002 3750.6196 -3.8123512 1.9664458 -6.3062807
60747 23563.381 -6582.8184 1774.1371000000001 795.55231 -0.58668524 1.2093633 -7.5090894
60747 23983.381 -6116.9543 2074.2652 -2330.0669 2.7637298 0.19411821 -7.103342
60747 24403.381 -4345.7928 1931.7832 -4957.2258 5.5152634 -0.85926352 -5.1824554
60747 24823.381 -1650.262 1378.6079 -6528.5418 7.0857898 -1.7260526999999999 -2.1675842
60747 25243.381 1394.651 533.65563 -6714.616400000001 7.152838 -2.2249082 1.2959957
60747 25663.381 4145.2485 -424.02856 -5479.1111 5.7098418 -2.2535249 4.481283
60747 26083.381 6020.5803 -1292.1736 -3083.6967999999997 3.0588581 -1.8059786999999998 6.720235
60747 26503.381 6622.8045999999995 -1887.0699 -34.610782 -0.2437173 -0.97554269 7.5367677
60747 26923.381 5822.7552000000005 -2082.4131 3021.6583 -3.4974469 0.062160581 6.7535968
60747 27343.381 3789.4311000000002 -1836.7259 5436.1991 -6.0102913 1.0866345 4.5362997
60747 27763.381 953.59713 -1202.0971000000002 6696.3588 -7.2501923 1.8809838 1.3554969000000001
60747 28183.381 -2084.136 -312.79341 6533.5079000000005 -6.9538754 2.2774892 -2.1182741000000003
60747 28603.381 -4679.2439 642.98569 4978.9416 -5.1761881 2.1905305 -5.1514203
60747 29023.381 -6276.3060000000005 1461.3986000000002 2361.1184 -2.288696 1.6357495 -7.0905496
60747 29443.381 -6532.1923 1967.5502 -762.78414 1.0924445 0.73060804 -7.5136649
60747 29863.381 -5392.304400000001 2053.3221000000003 -3723.4707000000003 4.2353754 -0.32910033 -6.3282438
60747 30283.381 -3104.1636000000003 1701.9062 -5889.4254 6.4647353999999995 -1.3144768999999998 -3.7982628
60747 30703.381 -156.74198 989.22988 -6802.5537 7.3170705 -2.0175985 -0.47351296000000004
60747 31123.381 2824.0851000000002 67.409407 -6274.1146 6.6222283 -2.2930298 2.9438307
60747 31543.381 5208.701099999999 -868.64319 -4417.4946 4.5285004 -2.0841661 5.738277500000001
60747 31963.381 6492.4492 -1621.0821 -1624.8892 1.4734689 -1.4341036 7.3200012
60747 32383.381 6401.6921 -2030.2984 1512.378 -1.8979926 -0.47939869 7.3494544
60747 32803.381 4954.5883 -2009.3716000000002 4328.3906 -4.868371 0.57717928 5.817457500000001
60747 33223.381 2457.8076 -1562.7644 6224.915599999999 -6.8065255 1.5111437 3.0502035000000003
60747 33643.381 -559.63165 -785.1108399999999 6799.0254 -7.3029261 2.1252594 -0.36662063
60747 34063.381 -3457.8847 158.96325000000002 5926.798400000001 -6.2494321 2.2893932 -3.7125645
60747 34483.381 -5620.486900000001 1069.172 3790.6276000000003 -3.8619569 1.9664196 -6.2752474000000005
60747 34903.381 -6584.144 1751.2801000000002 843.92753 -0.64284059 1.2225077000000002 -7.501009
60747 35323.381 -6141.2788 2059.2966 -2283.623 2.7122945 0.21788543000000002 -7.1205824
60747 35743.381 -4388.8412 1928.2060000000001 -4922.8965 5.4794792 -0.82979216 -5.2224133
60747 36163.381 -1703.5609 1387.5013000000001 -6514.4518 7.074091999999999 -1.6973437 -2.2222552
60747 36583.381 1342.2168000000001 553.30976 -6724.5362000000005 7.1686804 -2.203342 1.2385263
60747 37003.381 4104.8294 -397.68961 -5511.4427000000005 5.7501565 -2.2438473 4.4341384
60747 37423.381 6000.7341 -1264.6802 -3131.6725 3.1145637 -1.8102306000000001 6.694352299999999
60747 37843.381 6627.3417 -1864.1407 -87.847682 -0.18568198000000002 -0.9925258 7.5378218
60747 38263.381 5849.8126 -2068.6313 2974.4335 -3.4501749 0.0364077 6.780379
60747 38683.381 3832.3015 -1834.6452 5404.482599999999 -5.9835023000000005 1.0576662 4.5818351
60747 39103.381 1002.5303 -1211.8262 6685.9409000000005 -7.2483895 1.8546624999999999 1.4095526
60747 39523.381 -2039.6583 -332.08532 6545.6864000000005 -6.9764201 2.2590364 -2.066484
60747 39943.381 -4648.3432 618.25447 5010.3103 -5.219313100000001 2.1838603 -5.111195800000001
60747 40363.381 -6266.104 1436.6352 2405.0812 -2.3429159 1.6422322999999999 -7.0704388
60747 40783.381 -6545.3764 1948.1453000000001 -715.33253 1.0370085 0.7492843299999999 -7.5175593
60747 41203.381 -5427.1427 2043.7589 -3682.8787 4.1895181 -0.30172948000000005 -6.3565743
60747 41623.381 -3154.0447999999997 1704.5745 -5865.2034 6.4389461 -1.2843084 -3.8462782000000004
60747 42043.381 -212.04015 1004.0181 -6801.0848 7.3178085 -1.991182 -0.53179234
60747 42463.381 2774.9900000000002 91.413382 -6296.9985 6.6506363 -2.2764261 2.8884758
60747 42883.381 5176.4539 -840.44911 -4460.640200000001 4.578756 -2.0811876000000002 5.6991953
60747 43303.381 6483.8991 -1594.6423 -1679.2428 1.5336956 -1.4452054 7.306773100000001
60747 43723.381 6418.0209 -2011.0258000000001 1458.426 -1.842203 -0.50172751 7.3645992
60747 44143.381 4991.144 -2000.9565 4286.0202 -4.8296503 0.5488014 5.856165600000001
60747 44563.381 2505.6419 -1566.487 6202.0887 -6.7922365000000005 1.4827246 3.1026655
60747 44983.381 -511.2447 -799.78225 6799.1355 -7.314336900000001 2.102375 -0.31171692
60747 45403.381 -3418.9829 136.58693 5948.5088 -6.2842025 2.2764242 -3.6641118
60747 45823.381 -5604.6728 1043.9585 3839.248 -3.9094205000000004 1.9637277 -6.2327248
60747 46243.381 -6592.1412 1728.3047 905.8463399999999 -0.7069860800000001 1.2358426 -7.4820389
60747 46663.381 -6177.3281 2045.0102 -2220.7177 2.6469971 0.24476673 -7.1355525
60747 47083.381 -4443.759 1925.2738000000002 -4872.8373 5.437046400000001 -0.79725128 -5.2736561
60747 47503.381 -1769.8692 1398.0044 -6490.0164 7.0648849 -1.6677388000000002 -2.2891848
60747 47923.381 1279.3651000000002 574.4317199999999 -6728.1809 7.1933254 -2.1831712000000003 1.1747609
60747 48343.381 4057.8461 -370.705 -5538.4213 5.7989118 -2.2363597 4.3886221999999995
60747 48763.381 5976.7807999999995 -1237.2681000000002 -3172.5633 3.1732834 -1.8155541000000002 6.6741099
60747 49183.381 6627.805 -1841.3302 -131.94579000000002 -0.12989155 -1.008717 7.542388
60747 49603.381 5867.960099999999 -2053.3885 2936.6937000000003 -3.406321 0.011947969000000001 6.8092095
60747 50023.381 3863.8851 -1830.1465 5381.816900000001 -5.9578945999999995 1.0299978 4.623746000000001
60747 50443.381 1041.16 -1219.0049 6682.790400000001 -7.2406633000000005 1.8274265 1.4602299
60747 50863.381 -2002.0772 -349.74614 6565.1399 -6.9896492 2.237252 -2.0103554999999997
60747 51283.381 -4621.2521 593.51622 5053.644700000001 -5.2571286 2.1734278 -5.057860300000001
60747 51703.381 -6260.2882 1410.9173 2467.2462 -2.4040187 1.6478088 -7.034849599999999
60747 52123.381 -6568.2842 1928.2767 -644.7321 0.9644174400000001 0.7710062900000001 -7.5146503000000004
60747 52543.381 -5479.4623 2035.4902 -3618.7374 4.1264916000000005 -0.26935057 -6.392604400000001
60747 52963.381 -3226.2532 1710.2792 -5822.5803 6.4071984 -1.2505504 -3.9129355
60747 53383.381 -289.1713 1022.5891 -6789.0689 7.3263678 -1.964922 -0.60682312
60747 53803.381 2709.1799 118.41508 -6314.2458 6.6938961 -2.2630475000000003 2.8273403
60747 54223.381 5133.298900000001 -810.7668100000001 -4497.9584 4.6405203 -2.0817031999999998 5.6659372
60747 54643.381 6466.7559 -1567.68 -1723.4560000000001 1.5956921 -1.4575088 7.3041469
60747 55063.381 6424.7186 -1991.1085 1418.2486999999999 -1.7923391 -0.52224764 7.384498300000001
60747 55483.381 5013.460400000001 -1990.1306000000002 4256.3504 -4.7960606 0.5227658000000001 5.8936728
60747 55903.381 2530.0755 -1563.7948000000001 6183.5492 -6.7884148 1.4592518 3.1445693
60747 56323.381 -489.07086 -806.27458 6797.630400000001 -7.3244976 2.0816385 -0.27345508
60747 56743.381 -3403.726 122.48769 5962.804099999999 -6.303693 2.2609657000000003 -3.6294757
60747 57163.381 -5595.2561 1025.1958 3857.756 -3.9432781 1.9598528 -6.212754
60747 57583.381 -6597.8634 1710.0296 930.7074 -0.74489525 1.2423 -7.4725089
60747 58003.381 -6199.2541 2031.6822 -2194.6776 2.6071769 0.2621716 -7.140808600000001
60747 58423.381 -4486.7829 1922.7909 -4854.113200000001 5.398325300000001 -0.7706267299999999 -5.2951254
60747 58843.381 -1826.2682 1407.6864 -6485.4473 7.042443400000001 -1.6378203000000002 -2.3342826
60747 59263.381 1219.3763999999999 595.8155300000001 -6745.8017 7.2002747000000005 -2.1588688 1.1170702000000001
60747 59683.381 4007.6219 -341.63658000000004 -5579.4839 5.8375681 -2.2249569 4.3384580999999995
60747 60103.381 5947.7823 -1206.7257 -3229.6275 3.231245 -1.8194396 6.6502175
60747 60523.381 6623.7805 -1815.195 -192.38067999999998 -0.072806724 -1.0251017 7.5515056000000005
60747 60943.381 5887.9153 -2036.7423000000001 2885.9156000000003 -3.3681707000000003 -0.010562603 6.8398468999999995
60747 61363.381 3896.0916 -1823.8549 5347.0034000000005 -5.943896800000001 1.0057164 4.6664314000000005
60747 61783.381 1073.8018 -1222.3025 6665.8483 -7.2503456 1.8062957 1.5007443
60747 62203.381 -1977.1534 -360.7106 6563.1129 -7.013422800000001 2.2217336 -1.9805587
60747 62623.381 -4607.6612000000005 577.44997 5061.8194 -5.2860769 2.1648343 -5.038721499999999
60747 63043.381 -6258.8819 1392.8556 2481.835 -2.4345630000000003 1.6477675 -7.0239142
60747 63463.381 -6579.9889 1912.2487 -627.1459100000001 0.9324463500000001 0.78093332 -7.5118552
60747 63883.381 -5504.785900000001 2025.8451000000002 -3602.797 4.0941711000000005 -0.24933692 -6.4023983
60747 64303.381 -3264.3207 1710.7141000000001 -5814.390200000001 6.3811043000000005 -1.2236505 -3.9402744
60747 64723.381 -334.9723 1034.6461 -6796.0244 7.317541500000001 -1.9377813000000002 -0.6506445
60747 65143.381 2664.9363 140.54683 -6341.3723 6.7110042000000005 -2.2434724999999998 2.777759
60747 65563.381 5101.7993 -783.09427 -4544.1962 4.682752000000001 -2.0755079000000003 5.6276662
60747 65983.381 6456.4475 -1540.5482 -1780.8968 1.650598 -1.4659053 7.291600000000001
60747 66403.381 6436.8599 -1970.0203999999999 1361.9394 -1.7433968 -0.54173559 7.4018681
60747 66823.381 5044.1413 -1979.2231000000002 4213.371 -4.7679502000000005 0.49867435 5.9289166
60747 67243.381 2575.7008 -1566.3686 6164.0336 -6.772497500000001 1.4313246 3.1915601000000002
60747 67663.381 -441.33184000000006 -820.04411 6799.1875 -7.333066700000001 2.0578514 -0.22120038
60747 68083.381 -3364.5227999999997 100.55175 5985.3557 -6.3350334 2.2465765 -3.5835390000000005
60747 68503.381 -5572.925200000001 999.78286 3896.5418 -3.9908501000000003 1.9579957 -6.1827857
60747 68923.381 -6597.2069 1686.5946999999999 977.53259 -0.7986976499999999 1.2534174 -7.4648799
60747 69343.381 -6220.536599999999 2015.2879 -2149.7631 2.5585109000000004 0.28392564 -7.1573652
60747 69763.381 -4525.5775 1916.9673 -4820.6882000000005 5.3652455 -0.743013 -5.332287099999999
60747 70183.381 -1874.3951000000002 1413.6658 -6470.6413 7.0318706 -1.6102417 -2.3841957000000003
60747 70603.381 1172.0226 612.3400300000001 -6752.8284 7.2144867999999995 -2.137128 1.0648834
60747 71023.381 3971.0362999999998 -318.04174 -5606.9552 5.8737414 -2.2136487000000002 4.295067
60747 71443.381 5929.7328 -1181.0479 -3271.7801 3.2818069999999997 -1.8210443 6.6250236000000005
60747 71863.381 6628.106400000001 -1792.8978000000002 -240.23558 -0.018742522 -1.0393172 7.5500568999999995
60747 72283.381 5913.6246 -2022.5695 2842.5863 -3.3222733 -0.034321427 6.8624406
60747 72703.381 3937.5840000000003 -1820.7896 5317.4143 -5.9159941 0.97754205 4.7080722999999995
60747 73123.381 1122.3548 -1231.0398 6656.365900000001 -7.2458944 1.7795108 1.5527928
60747 73543.381 -1931.7561 -379.43603 6575.8098 -7.0337088 2.202109 -1.9287307
60747 73963.381 -4575.348400000001 552.7835 5094.250599999999 -5.3270267 2.1567016 -4.9982704
60747 74383.381 -6246.6864000000005 1367.5520000000001 2527.2779 -2.4876986000000003 1.652934 -7.0035683
60747 74803.381 -6590.7105 1891.7787 -578.27426 0.87846352 0.7983596900000001 -7.5162031
60747 75223.381 -5536.286700000001 2014.6296000000002 -3560.8926 4.0510437 -0.22353285 -6.4306054999999995
60747 75643.381 -3309.9632 1711.1275 -5788.3425 6.358108100000001 -1.195094 -3.9861693000000002
60747 76063.381 -385.10537 1046.5613 -6791.267400000001 7.3195212000000005 -1.9125464 -0.70426319
60747 76483.381 2620.8739 161.41842000000003 -6358.7476 6.7373888 -2.2268132 2.727888
60747 76903.381 5073.0266 -757.68034 -4579.8367 4.7278497 -2.0709322 5.5921346000000005
60747 77323.381 6448.8689 -1515.9646 -1827.0375000000001 1.7047394 -1.4743846 7.2779202
60747 77743.381 6451.8853 -1951.4638 1315.2073 -1.6918547000000002 -0.56143951 7.4127417
60747 78163.381 5078.3373 -1970.6064 4175.9998 -4.729808200000001 0.47189704 5.9617928000000004
60747 78583.381 2621.6697999999997 -1569.4978999999998 6143.9126 -6.7555774 1.4031715 3.2394868999999997
60747 79003.381 -392.78770000000003 -834.3980300000001 6800.557 -7.340724000000001 2.0345668 -0.17070248000000002
60747 79423.381 -3324.188 78.28944800000001 6006.996099999999 -6.3657284 2.2329433 -3.5397482
60747 79843.381 -5549.0434000000005 974.34033 3933.2772999999997 -4.0367584 1.956682 -6.156110300000001
60747 80263.381 -6593.8115 1663.1883 1020.8447 -0.8483638499999999 1.2641637000000001 -7.460638299999999
60747 80683.381 -6236.773400000001 1998.4889 -2109.3777999999998 2.5164776000000004 0.30395921 -7.1746586
60747 81103.381 -4556.460599999999 1909.8259 -4791.2219000000005 5.3387642 -0.7179366 -5.3656828
60747 81523.381 -1912.3948 1417.2685000000001 -6457.321 7.0247421999999995 -1.5849714 -2.4264061000000003
60747 81943.381 1135.1875 625.7434000000001 -6757.722 7.2269475000000005 -2.1164953 1.0216144
60747 82363.381 3943.1823 -297.69825000000003 -5628.9517000000005 5.9034449 -2.2018305999999996 4.258087400000001
60747 82783.381 5917.0740000000005 -1158.0810000000001 -3306.7959 3.3241826999999997 -1.820927 6.6013634
60747 83203.381 6634.5470000000005 -1772.4586000000002 -281.39084 0.028693124 -1.051468 7.5455775
60747 83623.381 5939.3378 -2009.4461000000001 2804.1103 -3.2796597000000003 -0.056395224 6.87974
60747 84043.381 3978.3931000000002 -1818.2172 5290.4641 -5.888287500000001 0.95035303 4.7446819
60747 84463.381 1170.2977 -1239.8646 6647.4562000000005 -7.2406661 1.7534885999999998 1.6008251
60747 84883.381 -1885.4423000000002 -397.62811 6582.966200000001 -7.0571171999999995 2.1847882 -1.8841635
60747 85303.381 -4542.6630000000005 529.49981 5117.2105 -5.3667068 2.1501084 -4.9694681
60747 85723.381 -6231.9415 1343.811 2558.111 -2.5314605 1.6571765 -6.9949086
60747 86143.381 -6593.330400000001 1871.805 -547.66704 0.84074721 0.81171873 -7.5252508
