CIC_AEM_VERS = 1.0
CREATION_DATE = 2025-01-11T09:56:37.025Z
ORIGINATOR = CS Group

META_START
OBJECT_NAME = PLEIADES1B
OBJECT_ID = PLEIADES1B
CENTER_NAME = null
REF_FRAME_A = EME2000
REF_FRAME_B = SC_BODY_1
ATTITUDE_DIR = A2B
TIME_SYSTEM = UTC
START_TIME = 2025-01-10T19:34:05.357856
STOP_TIME = 2025-01-11T23:59:60.0
ATTITUDE_TYPE = QUATERNION
QUATERNION_TYPE = LAST
META_STOP

60685 70445.357856 -0.5430156965746772 -0.5255922014118296 -0.4564533452380676 -0.4696138144364605
60685 70895.357856 -0.6518976299069231 -0.3823146454297854 -0.5545329890055973 -0.3483649754440763
60685 71345.357856 -0.7238319721749034 -0.21736077718269686 -0.6211589027514076 -0.2073238677349794
60685 71795.357856 -0.7547203744001616 -0.0400631761087386 -0.6525518322981135 -0.054481231169411615
60685 72245.357856 -0.7427800673024106 0.1395615043434402 -0.6469139027326871 0.10150251511556531
60685 72695.357856 -0.688643007370309 0.31134125211499986 -0.6045230643510311 0.2517723134085234
60685 73145.357856 -0.5954288299198692 0.4653958527741836 -0.5278101135093378 0.38766956651007045
60685 73595.357856 0.4685052359047009 -0.5929843581614481 0.4211811219258175 -0.5014766768644834
60685 74045.357856 0.31490536089435955 -0.6870198609441329 0.29053441920014955 -0.5868799499116741
60685 74495.357856 0.14311159726695571 -0.7421061874914516 0.14308460473654666 -0.6390025611075352
60685 74945.357856 -0.036986679446723535 -0.7548831725361527 -0.01266893882954355 -0.6546929657130828
60685 75395.357856 -0.21517956927172235 -0.7244928870734284 -0.16787663402989386 -0.63294963882985
60685 75845.357856 -0.3809626755564521 -0.6527002597563969 -0.31336562076180874 -0.5750233025463992
60685 76295.357856 -0.5247851298788568 -0.5438095344143595 -0.4407347396876184 -0.48438068393625716
60685 76745.357856 -0.6385194597755678 -0.40427354024719847 -0.5427826153465668 -0.36639164376586786
60685 77195.357856 -0.7159108108231553 -0.24219196156547534 -0.6138987112253207 -0.2279103706624381
60685 77645.357856 -0.7528366576138029 -0.06674773084772902 -0.6502951918149239 -0.07679759685008429
60685 78095.357856 -0.7473942361315393 0.11232835873265609 -0.6500894824105145 0.078535727417591
60685 78545.357856 -0.6998957122591534 0.2851793495124415 -0.6133025113093673 0.22951853997996888
60685 78995.357856 -0.612848023430374 0.44222252928939276 -0.541853304327592 0.3677655929469827
60685 79445.357856 0.4909374729396045 -0.5745568432195058 0.439561111441543 -0.4854388333060988
60685 79895.357856 0.34087306319533917 -0.6745154088393012 0.31203348910493844 -0.5757339834534478
60685 80345.357856 0.17112443372682426 -0.7361551457607041 0.16646462569692352 -0.6333100014552855
60685 80795.357856 -0.008558994958716573 -0.7557478955002183 0.011223660662649456 -0.6547105402340927
60685 81245.357856 -0.18779922463823348 -0.7320794243665841 -0.14470070439995028 -0.6386335990147458
60685 81695.357856 -0.3561923092281003 -0.6665537327381775 -0.2922317751908592 -0.5860322088318651
60685 82145.357856 -0.5040495808954757 -0.5630910924352681 -0.4228635676547655 -0.5000488423838567
60685 82595.357856 -0.6229798495647103 -0.4278337042731553 -0.5291747558749815 -0.3857829782000431
60685 83045.357856 -0.7063983158082785 -0.2686719420477897 -0.6052808197572357 -0.24990385393888073
60685 83495.357856 -0.7498392821248088 -0.09465481045334447 -0.6471098817253531 -0.1001514793400095
60685 83945.357856 -0.7510504369654524 0.08452805323974955 -0.6524883628899361 0.05511066723159984
60685 84395.357856 -0.7100047449221264 0.25900496662585004 -0.6211547376226104 0.2073076973491206
60685 84845.357856 -0.6288778884781181 0.4191222820065886 -0.5547496543530445 0.34799703318285774
60685 85295.357856 0.5120276768188021 -0.5558463444258113 0.4568141682455905 -0.4692369500051036
60685 85745.357856 0.36585940230416725 -0.6612927227893715 0.3326969423343606 -0.5640492683204404
60685 86195.357856 0.1985950280116528 -0.7292204657374585 0.1893712006157105 -0.626846133892568
60686 245.357856 0.01981247691433119 -0.75553659350791 0.03504703512359769 -0.653868203048617
60686 695.357856 -0.15999110704389918 -0.7386592445601895 -0.1211883682267803 -0.6435050469881087
60686 1145.357856 -0.3305550750258639 -0.6796376963002977 -0.27039051182471935 -0.5964184062027563
60686 1595.357856 -0.482147428930805 -0.581956696863439 -0.4040296119183971 -0.5153836749881386
60686 2045.357856 -0.6061554674101522 -0.4513476718631451 -0.5145056661536231 -0.4051478099759582
60686 2495.357856 -0.6956370865774185 -0.2953978634432814 -0.5956369545128937 -0.27211351394194055
60686 2945.357856 -0.745710809026217 -0.12297001506879232 -0.6430042299542169 -0.12385202847119794
60686 3395.357856 -0.7536898103768092 0.056274206763184245 -0.6540675709144705 0.03131287379637591
60686 3845.357856 -0.7191563433841114 0.23238293887149608 -0.6282372499053915 0.18474382621119248
60686 4295.357856 -0.6439612679812065 0.39555188909267136 -0.5668798526828428 0.32787165323878514
60686 4745.3578560000005 0.5321929517325122 -0.5365610811770914 0.4733099122559909 -0.45260423689193713
60686 5195.3578560000005 0.39002976498302705 -0.6473175259324163 0.35268080729207174 -0.5517907676065564
60686 5645.3578560000005 0.22550512527599428 -0.7213394755617124 0.21179835127229582 -0.6196436539406733
60686 6095.3578560000005 0.04801982337224565 -0.7542597944581388 0.058715473304548696 -0.6521799998634483
60686 6545.3578560000005 -0.13232293675066822 -0.7441082180983034 -0.0978287001890989 -0.6474744362425114
60686 6995.3578560000005 -0.3050953792583933 -0.6914369344738767 -0.2487548328149279 -0.6057662984615128
60686 7445.357856 -0.46039621754800064 -0.5993067085920492 -0.38539465643696325 -0.5294693104363025
60686 7895.357856 -0.5893179799073666 -0.4731124308127033 -0.49990514708466294 -0.42304112127151106
60686 8345.357856 -0.6845487026521033 -0.32024106410312164 -0.5857975328925253 -0.29271143642921305
60686 8795.357856 -0.7408474940065455 -0.14947876944268845 -0.6383503742065829 -0.1459790665144724
60686 9245.357856 -0.7552115620393203 0.0294736414666181 -0.6547589537709038 0.008804173877122644
60686 9695.357856 -0.7269738916973963 0.20663738517889718 -0.6342286744980591 0.1629844786512058
60686 10145.357856 -0.6577403406684206 0.37218730246153475 -0.5779264071275952 0.3079859154058594
60686 10595.357856 -0.5513071254769696 0.5168908668032324 -0.48892084114510975 0.4357071221677266
60686 11045.357856 0.413546852477994 -0.6325369220196871 0.37210259447283056 -0.5389023123665296
60686 11495.357856 0.2521386464219392 -0.7124533074772554 0.23396974072721682 -0.6116326904844694
60686 11945.357856 0.07619070795492637 -0.7519266182766309 0.08232201430810902 -0.6496340683097311
60686 12395.357856 -0.10426260144890402 -0.7485499033753408 -0.07417045773122069 -0.650615935322688
60686 12845.357856 -0.2788582091733186 -0.7024246877505408 -0.2264948817062636 -0.6144409864064007
60686 13295.357856 -0.43747518569700405 -0.6162289605264252 -0.36580340569045483 -0.5431990413220166
60686 13745.357856 -0.5710552397796893 -0.4949824221665914 -0.4841314273271664 -0.44102729613983777
60686 14195.357856 -0.6720022367507146 -0.3457647958149363 -0.5747496652673459 -0.3138829750913002
60686 14645.357856 -0.7347076700636866 -0.17716360900945335 -0.6326338925962112 -0.1690918482094868
60686 15095.357856 -0.755778569737464 0.0012128825481256033 -0.6546560299480991 -0.014925310519757368
60686 15545.357856 -0.7341703413176781 0.17938526145292424 -0.6397058388779315 0.13996884513502222
60686 15995.357856 -0.6711366574701898 0.34744577861943055 -0.5886546442395496 0.28695422585229186
60686 16445.357856 -0.5701552734300043 0.49601739872917094 -0.5043032308723311 0.41781330240866205
60686 16895.357856 0.436820452779184 -0.6166850816897441 0.39130594376793004 -0.5251352782159966
60686 17345.357856 0.27856620413424926 -0.7025326181389437 0.25594565872139563 -0.602777413434468
60686 17795.357856 0.10430848946176896 -0.748537921201598 0.10585626417010446 -0.6462237777158492
60686 18245.357856 -0.07604763968570195 -0.7519383685142524 -0.05041425067782045 -0.652888849485846
60686 18695.357856 -0.25217100027142464 -0.7124411506659085 -0.20389049807925816 -0.6223070449970316
60686 19145.357856 -0.4136464442770974 -0.6324693735623481 -0.3454723344232638 -0.5563523854453271
60686 19595.357856 -0.5516043330053356 -0.516562882684046 -0.4673703038024263 -0.4587596834580333
60686 20045.357856 -0.6581899193703143 -0.3713641438543283 -0.5626493244714214 -0.33511257865155375
60686 20495.357856 -0.7274061372308094 -0.20505387893229535 -0.6259597593571005 -0.19237358945388872
60686 20945.357856 -0.7553015626294004 -0.026695711825993368 -0.6537106680888795 -0.03833080858109241
60686 21395.357856 -0.740065761719312 0.1532449764621128 -0.6441318418282258 0.11795260006849595
60686 21845.357856 -0.6827016508596614 0.3241318183154049 -0.5978739560595876 0.267214806728034
60686 22295.357856 -0.5866651940809869 0.4763773018123167 -0.5177249857645765 0.40106041376207135
60686 22745.357856 0.4574113814347138 -0.6015727786621804 0.40822699901213544 -0.5120895794528494
60686 23195.357856 0.3021218877051871 -0.6927282414427537 0.27545783611132224 -0.5941152489222543
60686 23645.357856 0.1297329786064347 -0.7445526264234741 0.1270598113904361 -0.642391271015754
60686 24095.357856 -0.04991851685463746 -0.7541273882867237 -0.028482759685774277 -0.6542084960557765
60686 24545.357856 -0.22669822851043403 -0.7209579502873098 -0.1823698889890455 -0.6289425813998247
60686 24995.357856 -0.3906503780553732 -0.6469334404449086 -0.3259081335660473 -0.5680257865931823
60686 25445.357856 -0.5325042801808129 -0.5362356050992265 -0.45097144399065103 -0.47488453766991395
60686 25895.357856 -0.6442099965680195 -0.39512260596463344 -0.5504637124389202 -0.3547693727839414
60686 26345.357856 -0.7194007642511046 -0.23158726094817778 -0.6187301699237797 -0.2144827680433512
60686 26795.357856 -0.7537824820067686 -0.05488887087310385 -0.6518881041842474 -0.06197645760334482
60686 27245.357856 -0.7453698199852632 0.12497606659639504 -0.6480360082899533 0.09409647279708863
60686 27695.357856 -0.6946000864920379 0.2978100656367456 -0.6073555072320908 0.24486562128142966
60686 28145.357856 -0.6043479694602593 0.4537509850053762 -0.5321368539033507 0.381711860090509
60686 28595.357856 0.4797175908994693 -0.5839474479864751 0.42661883019900393 -0.49686294356827004
60686 29045.357856 0.3278730040927525 -0.680921880994097 0.29685775183760915 -0.5837123952295129
60686 29495.357856 0.15748972718700244 -0.7391837266195734 0.15027180025341613 -0.6373560937026966
60686 29945.357856 -0.0217083875099943 -0.7554738358147239 -0.004759903336371517 -0.6548017811760531
60686 30395.357856 -0.19961574907732055 -0.7289328860901447 -0.1594706321694422 -0.635121655883399
60686 30845.357856 -0.3662134712773763 -0.6610868262137003 -0.3051181742850948 -0.5794435273455054
60686 31295.357856 -0.5120961160453467 -0.5557702842980311 -0.4334673041536163 -0.49090024979862534
60686 31745.357856 -0.6289853568669189 -0.4189426902066838 -0.537236367265953 -0.3744883561023804
60686 32195.357856 -0.7102338304592708 -0.258347948652927 -0.610536065517109 -0.2367909546432566
60686 32645.357856 -0.7512046912577419 -0.08307474511346238 -0.6492003366664085 -0.08560970405810185
60686 33095.357856 -0.7495385054805632 0.0969652749799619 -0.6510158380733312 0.0704850539313284
60686 33545.357856 -0.705284375989693 0.2715726631710656 -0.6158402003401301 0.2226276830226484
60686 33995.357856 -0.6209805225552902 0.43072398097228604 -0.5456805728133719 0.3620673352795233
60686 34445.357856 0.5014780924127785 -0.5653760804137901 0.4445601899983526 -0.48086988676211473
60686 34895.357856 0.35352517501532643 -0.6679644866467014 0.3181806408638647 -0.5723674300557745
60686 35345.357856 0.1852706246539963 -0.732715953969517 0.17349950579840326 -0.6314269933464741
60686 35795.357856 0.006450000113757891 -0.7557632878517763 0.018898888234869834 -0.6545403595329257
60686 36245.357856 -0.1727049539078812 -0.7357826133356166 -0.1367530693392631 -0.6403870258171834
60686 36695.357856 -0.34196352754423676 -0.6739607944395216 -0.2845396029550556 -0.5898092977718562
60686 37145.357856 -0.4917043968667969 -0.5738995288235342 -0.41604072008797827 -0.5057432512121753
60686 37595.357856 -0.6134565735748304 -0.441375151153322 -0.5238171384246498 -0.39303258614881054
60686 38045.357856 -0.7003883920975211 -0.2839623629445347 -0.6018289626759802 -0.25811504475787306
60686 38495.357856 -0.7476515398300818 -0.110602944553768 -0.6457372843731841 -0.10866242780321636
60686 38945.357856 -0.7526378780176217 0.068980043225591 -0.6531281233713035 0.046921558703932296
60686 39395.357856 -0.7150482055065538 0.24474317070877655 -0.6235717844536692 0.19991266549805822
60686 39845.357856 -0.6369160067207451 0.4068059270521911 -0.5586521811585448 0.3416938374991676
60686 40295.357856 0.5225935057974492 -0.5459228072955089 0.4619666234824885 -0.4641671627346238
60686 40745.357856 0.3784899953019566 -0.6541415282316435 0.3389205598471767 -0.5603365404932746
60686 41195.357856 0.2127970571761216 -0.7251991087810976 0.19650464991550073 -0.6246515729923929
60686 41645.357856 0.03498614321289543 -0.7549828390622414 0.04286918839496692 -0.6534057814183781
60686 42095.357856 -0.14480314280092116 -0.7417848000780459 -0.11320114460366837 -0.6449595809572634
60686 42545.357856 -0.31631645271370173 -0.6863796822225655 -0.2627812589279715 -0.5998106730718459
60686 42995.357856 -0.4697819355729716 -0.5919821335075418 -0.39732933165332807 -0.5205684285712021
60686 43445.357856 -0.5964882593741824 -0.46404847481280603 -0.5091983783679952 -0.41179822840812547
60686 43895.357856 -0.6892879948071159 -0.30993094781247904 -0.5920867006089797 -0.27974668320610363
60686 44345.357856 -0.7430119569397222 -0.13837622185811552 -0.6413914233889199 -0.13191775874389813
60686 44795.357856 -0.7546831373301368 0.04098841860942305 -0.6543904503267495 0.023376276234561635
60686 45245.357856 -0.7236249699334508 0.21810178704290267 -0.6303385207243939 0.17740310783209962
60686 45695.357856 -0.6515210832124226 0.3829876234936608 -0.5705261322333878 0.3214664691988891
60686 46145.357856 -0.542465590866846 0.5261797341462244 -0.47833353027415104 0.447284030471422
60686 46595.357856 0.40263321020080606 -0.6395581736372244 0.35896444164175384 -0.5477192439690571
60686 47045.357856 0.2399016652230672 -0.7166839780366712 0.21913910746451332 -0.6170812898057986
60686 47495.357856 0.06349898281776202 -0.7531185980143384 0.06679816125209082 -0.6513971616144536
60686 47945.357856 -0.11656117316332862 -0.7467455806029849 -0.089389689488153 -0.6486863758195567
60686 48395.357856 -0.2900450770097651 -0.6978915804473763 -0.2405275189657908 -0.6090711845615616
60686 48845.357856 -0.44701733965784723 -0.609355318165996 -0.37794138798648824 -0.5348101546482504
60686 49295.357856 -0.5785533008976714 -0.4862154833314014 -0.4938062977120971 -0.4301463961596004
60686 49745.357856 -0.6771866162052593 -0.3355221613024231 -0.5815524278321306 -0.3010646770877915
60686 50195.357856 -0.7374058427495843 -0.16561397232850286 -0.636293475978449 -0.15471020546690584
60686 50645.357856 -0.7556639142034642 0.01359513848609857 -0.6548183607646004 3.679481007414192E-4
60686 51095.357856 -0.7309840116073055 0.19197354099061684 -0.6361336732897401 0.1553785185954506
60686 51545.357856 -0.6648086261712597 0.3594109552601567 -0.5813303974064833 0.3015099083918872
60686 51995.357856 -0.5609378465456248 0.5064250860480143 -0.4935406544285431 0.43046484985450767
60686 52445.357856 0.42529300432881373 -0.6247040720040393 0.3777547817051619 -0.5349504722770411
60686 52895.357856 0.26535494501694357 -0.7076406386819314 0.240356328436051 -0.6091472030811799
60686 53345.357856 0.0899899561347859 -0.7504029592526733 0.08896731376218528 -0.6487542089432877
60686 53795.357856 -0.09055029818370386 -0.7503364374925865 -0.06754503940106743 -0.6513321285811751
60686 54245.357856 -0.2659141922373487 -0.7074327051474917 -0.22018511564109686 -0.616722891503613
60686 54695.357856 -0.42599614779223804 -0.6242256610667272 -0.3601376179971321 -0.5469648089551401
60686 55145.357856 -0.5616606245604034 -0.5056185732692594 -0.4794053917455065 -0.446158796337037
60686 55595.357856 -0.665267729170408 -0.35854217071617484 -0.5712688434559493 -0.32018474173371203
60686 56045.357856 -0.7311189282597307 -0.19141292564493792 -0.63068314361565 -0.1762525942942956
60686 56495.357856 -0.755651824335072 -0.013669003807549075 -0.6544439712554775 -0.02250704781499282
60686 56945.357856 -0.7375767705177819 0.16480665469423583 -0.6413018868527103 0.1324808064596815
60686 57395.357856 -0.6778703012928274 0.3341117669715586 -0.5919581076948032 0.2800835242043026
60686 57845.357856 -0.5797439182596801 0.4847731943429973 -0.5090466250709278 0.41202363135055514
60686 58295.357856 0.4485919634047672 -0.6081739749740581 0.3971101081754489 -0.5207621611808917
60686 58745.357856 0.2917527680854748 -0.6971552469473349 0.2623984306571458 -0.600001622961914
60686 59195.357856 0.11814205572429111 -0.7464748177277556 0.11257274287549103 -0.6450931550784282
60686 59645.357856 -0.062298608610550754 -0.7531987536645414 -0.043768728167614096 -0.6533718843644563
60686 60095.357856 -0.23912935870622457 -0.7169229857627482 -0.19755675331736325 -0.6243475886943736
60686 60545.357856 -0.40222561693580616 -0.6397944510007421 -0.33996431041650843 -0.5597337592036924
60686 60995.357856 -0.5423004544785559 -0.5263205719089955 -0.4628741724939288 -0.4632972837129531
60686 61445.357856 -0.6514172551936944 -0.3831153260164846 -0.5593192008140574 -0.3406467939199195
60686 61895.357856 -0.7235069347993843 -0.2184078236355413 -0.6239418484457315 -0.19882733119495835
60686 62345.357856 -0.7546294925262163 -0.041556615353921265 -0.6532222462207308 -0.04591376451887494
60686 62795.357856 -0.7431430926979903 0.13755521646200294 -0.6456169317102607 0.10952480855215507
60686 63245.357856 -0.6896996528097034 0.30896499280288897 -0.6015566419934872 0.2588138879774515
60686 63695.357856 -0.5972092298138293 0.4630875822403024 -0.5234263745075555 0.3935935180740154
60686 64145.357856 0.47078643636625395 -0.5911562221160307 0.4155274099275182 -0.5061930698715595
60686 64595.357856 0.3174859841557632 -0.6858137992706358 0.2838681579530206 -0.590153328801068
60686 65045.357856 0.14598414868867074 -0.741529792317605 0.13590214848792043 -0.640587856170737
60686 65495.357856 -0.03393760771602315 -0.7550094061537306 -0.019913803954422594 -0.6545322572753534
60686 65945.357856 -0.21193277779258712 -0.7254321038722328 -0.17459687396301443 -0.6311487082859056
60686 66395.357856 -0.3779397653589748 -0.6544376772098851 -0.3193819820000828 -0.5717237182260608
60686 66845.357856 -0.5224447129509316 -0.5460382798214877 -0.44595840075576004 -0.4795986068313528
60686 67295.357856 -0.6370657303985177 -0.4065368008160779 -0.5469841580386661 -0.3601158363481999
60686 67745.357856 -0.7152530143696878 -0.24409283481073904 -0.616697525403145 -0.22026342317954148
60686 68195.357856 -0.7527107464953847 -0.06802786070930908 -0.6512787258783285 -0.06807909734989673
60686 68645.357856 -0.7474887437885356 0.11161666168223217 -0.6489262878419307 0.08773238679098336
60686 69095.357856 -0.7000461785875819 0.284777385296515 -0.6099146911767954 0.23841404773066116
60686 69545.357856 -0.6131257362088604 0.4418169641874631 -0.536493446928593 0.37556541794632
60686 69995.357856 0.4915963197942799 -0.5739791477499299 0.4327589904516933 -0.4915288928396939
60686 70445.357856 0.34221464357574594 -0.673823144572127 0.3044688045031946 -0.579784662306318
60686 70895.357856 0.17331109781533655 -0.7356311679606523 0.15877677843336202 -0.6352951933780174
60686 71345.357856 -0.005642351925234426 -0.7557625423473545 0.003866659719832375 -0.6548100429834794
60686 71795.357856 -0.1845085929381904 -0.7329026335605946 -0.15146588551583867 -0.6370780127871442
60686 72245.357856 -0.3530049214299725 -0.6682335980026288 -0.298269298973484 -0.582998121126086
60686 72695.357856 -0.5014266861194516 -0.5654143620800584 -0.42807198720749595 -0.4956130056496611
60686 73145.357856 -0.6211724016547596 -0.43043880287348185 -0.5333517971667107 -0.38000413795423565
60686 73595.357856 -0.7054278978222941 -0.27118995175647004 -0.6081263264456733 -0.2429194560426004
60686 74045.357856 -0.7495615363339176 -0.09678171220237057 -0.6482958853274351 -0.09221306035172956
60686 74495.357856 -0.751228759729948 0.08286943068085481 -0.6517309143839237 0.06352025857574561
60686 74945.357856 -0.7104673918405069 0.25771447020823685 -0.6183531748004463 0.21554277577976094
60686 75395.357856 -0.6296065041513266 0.41801652288592756 -0.5500628846197377 0.3553711573672198
60686 75845.357856 0.5131418694165908 -0.5548104134123032 0.45064158321612213 -0.4751767991993953
60686 76295.357856 0.36754733360360964 -0.6603514187448418 0.3256006333641366 -0.5681805952999667
60686 76745.357856 0.2009688083237881 -0.7285668290648708 0.1819351193882272 -0.6290481110379932
60686 77195.357856 0.022793240381998016 -0.7554490104228863 0.027752674972916863 -0.6542224773544685
60686 77645.357856 -0.1568540211307555 -0.7393278592214088 -0.12816459919145487 -0.6421564981749348
60686 78095.357856 -0.3274451498050506 -0.6811371261802787 -0.2766551356152951 -0.5935434484060134
60686 78545.357856 -0.4791633334221627 -0.5844128464314924 -0.40915359332310974 -0.5113291130968288
60686 78995.357856 -0.6037395178473924 -0.45457498394734763 -0.5184340571571532 -0.4001078691281143
60686 79445.357856 -0.6941814124914367 -0.29881135118208807 -0.598374574706712 -0.2660297188298523
60686 79895.357856 -0.7452424762706042 -0.12581345702475133 -0.6443556676404825 -0.1165778674239982
60686 80345.357856 -0.7538278248783283 0.054477796724654574 -0.6536088424196932 0.03963913740262708
60686 80795.357856 -0.7193743417178674 0.2317255788887593 -0.6255443978545921 0.19364405201139026
60686 81245.357856 -0.6439092394719088 0.39564612916828257 -0.5618063474893888 0.3364798058093454
60686 81695.357856 0.5318893625567831 -0.5368705425933011 0.46614634857263076 -0.459968812211129
60686 82145.357856 0.3898722048725071 -0.6474230399476939 0.3441538512603095 -0.5571366061168782
60686 82595.357856 0.2260237328013829 -0.7211877286810964 0.2028457203006804 -0.6226195836672893
60686 83045.357856 0.04962559210969387 -0.7541650648091952 0.050236952817682215 -0.6528771739008025
60686 83495.357856 -0.12950243699306155 -0.7446131289451492 -0.10515348584335815 -0.646315055859264
60686 83945.357856 -0.3014293700183568 -0.6930524905984873 -0.25468372604771566 -0.603286648163228
60686 84395.357856 -0.4565546005277767 -0.602248000004612 -0.3899884656985145 -0.5260838714972031
60686 84845.357856 -0.5860388018696574 -0.4771775013602185 -0.503354351741698 -0.41892069832068446
60686 85295.357856 -0.6824022891130829 -0.32480349487309923 -0.5882425325174224 -0.2877508096755495
60686 85745.357856 -0.7399769877196479 -0.1537640836374164 -0.6396775583719759 -0.14001173359318475
60686 86195.357856 -0.7553409021317082 0.026144899440264397 -0.6546192164381694 0.015819205732039907
