CIC_OEM_VERS = 2.0
CREATION_DATE = 2025-01-11T09:56:36.482622
ORIGINATOR = ISAE-SUPAERO


META_START
OBJECT_NAME = PLEIADES1A
OBJECT_ID = PLEIADES1A
CENTER_NAME = Earth
REF_FRAME = EME2000
TIME_SYSTEM = UTC
START_TIME = 2025-01-11T00:00:00.000
USEABLE_START_TIME = 2025-01-11T00:00:00.000
USEABLE_STOP_TIME = 2025-01-12T00:00:00.000
STOP_TIME = 2025-01-12T00:00:00.000
INTERPOLATION = lagrange
INTERPOLATION_DEGREE = 5
META_STOP



60686 0.0 986.2849100000001 3026.0348 6338.534900000001 0.29167375 -6.7727898 3.1825551
60686 450.0 1003.6316 -243.0796 7014.968400000001 -0.21600417 -7.4826856 -0.23285655
60686 900.0 799.0363199999999 -3458.3041000000003 6136.2524 -0.6763130599999999 -6.537263200000001 -3.5998836
60686 1350.0 417.39662 -5906.3603 3894.3387000000002 -0.98792968 -4.1388527999999996 -6.1759488000000005
60686 1800.0 -56.610202 -7045.1005000000005 788.1487500000001 -1.0800383999999998 -0.8141541099999999 -7.3774065
60686 2250.0 -518.15523 -6613.6803 -2495.1597 -0.93233449 2.6956132 -6.9374826
60686 2700.0 -864.39162 -4710.4585 -5221.8323 -0.57743725 5.6023731 -4.9514621
60686 3150.0 -1018.5788000000001 -1760.3976000000002 -6785.4416 -0.095100264 7.260326699999999 -1.8674911
60686 3600.0 -946.85589 1580.2998 -6840.1823 0.40781281 7.3064948 1.6285871
60686 4050.0 -665.15129 4570.437599999999 -5374.0149 0.82060573 5.7312639 4.7647387
60686 4500.0 -235.75995 6545.4931 -2711.5027000000005 1.051682 2.8795729000000003 6.844275
60686 4950.0 246.03751000000003 7064.8381 555.42598 1.0490281 -0.6151962999999999 7.399361700000001
60686 5400.0 672.84245 6009.9830999999995 3697.2066 0.8134293300000001 -3.9733926999999998 6.3074840000000005
60686 5850.0 949.7153900000001 3613.2659 6013.6999000000005 0.39705246 -6.4514203 3.8109378
60686 6300.0 1015.7258 412.51313 6992.1541 -0.10837128 -7.4883947 0.45841758
60686 6750.0 855.85345 -2876.8828 6411.3196 -0.58864284 -6.8563216 -2.9901199000000003
60686 7200.0 505.6804 -5527.0100999999995 4401.313400000001 -0.9382336400000001 -4.6983122 -5.7739142
60686 7650.0 42.977418 -6946.9976 1409.2662 -1.0791953 -1.4929773 -7.2710572
60686 8100.0 -429.30478999999997 -6820.9449 -1897.4285 -0.98000636 2.0415702000000002 -7.1456207
60686 8550.0 -806.25159 -5179.982900000001 -4781.8495 -0.6637272000000001 5.1133228 -5.4315341
60686 9000.0 -1004.7086 -2391.6392 -6605.0695000000005 -0.20193185 7.0446645 -2.5200656
60686 9450.0 -981.3886600000001 924.87517 -6966.4844 0.30358773000000006 7.4181004999999995 0.94378856
60686 9900.0 -741.52246 4037.164 -5786.6724 0.74259381 6.1533705 4.2021366
60686 10350.0 -337.69143 6256.249 -3323.9797000000003 1.0184916 3.5211231 6.5374115
60686 10800.0 141.00578000000002 7086.397 -122.25698 1.0689384 0.09729609600000001 7.4237051
60686 11250.0 588.3404499999999 6339.419900000001 3106.7628 0.8814265299999999 -3.3546348 6.65412
60686 11700.0 904.64337 4180.3704 5642.0675 0.49768522000000004 -6.0585372 4.399480400000001
60686 12150.0 1019.618 1090.8963 6918.6134 0.0037080648 -7.4117639 1.1667479
60686 12600.0 907.9446800000001 -2240.5145 6653.3240000000005 -0.49072224999999997 -7.116888100000001 -2.3236700999999997
60686 13050.0 594.44232 -5074.4023 4905.3031 -0.8762992500000001 -5.239148600000001 -5.2983861
60686 13500.0 148.70887 -6779.1903 2063.0963 -1.0671608000000001 -2.1937354 -7.093469
60686 13950.0 -330.10325 -6975.1861 -1239.5925 -1.0205028 1.3384347 -7.3057067
60686 14400.0 -735.5435 -5621.2846 -4266.1930999999995 -0.74756033 4.5648107 -5.891922
60686 14850.0 -978.0674100000001 -3021.2935 -6345.5662999999995 -0.31026367 6.7711084 -3.1765859
60686 15300.0 -1004.5834000000001 246.23507 -7019.8466 0.19454022 7.477848 0.23569220999999999
60686 15750.0 -809.43685 3459.3669 -6141.1077000000005 0.6565954500000001 6.533677 3.5971230999999997
60686 16200.0 -435.40564 5907.4716 -3901.5784 0.9745883300000001 4.1400729 6.1695819
60686 16650.0 35.173319000000006 7044.3268 -794.43228 1.0772636 0.81804883 7.3775792000000004
60686 17100.0 497.88486 6614.2513 2489.6546000000003 0.94015184 -2.6938533000000002 6.940356700000001
60686 17550.0 849.67558 4710.651 5217.7095 0.59368083 -5.6055801 4.9534723000000005
60686 18000.0 1012.3331 1758.2919 6781.3625999999995 0.1156492 -7.2666063 1.8647125000000002
60686 18450.0 949.9544300000001 -1584.4643 6833.6407 -0.38761439000000003 -7.3113090000000005 -1.6362256
60686 18900.0 676.47856 -4575.6283 5363.5958 -0.80488764 -5.7307578999999995 -4.7737959000000005
60686 19350.0 252.56465 -6549.1708 2697.7416000000003 -1.0434682 -2.8739123 -6.8493827000000005
60686 19800.0 -227.55510999999998 -7065.5397 -569.94793 -1.0499089 0.62195009 -7.3973211
60686 20250.0 -657.10875 -6011.4889 -3710.6861000000004 -0.82332264 3.9726651000000004 -6.298081
60686 20700.0 -941.0788000000001 -3624.3777000000005 -6027.334 -0.41521933 6.4341099999999996 -3.8048710000000003
60686 21150.0 -1017.1088000000001 -436.20649 -7008.7753 0.083533511 7.468551000000001 -0.47566109
60686 21600.0 -868.6994599999999 2848.2241000000004 -6439.5983 0.5637524700000001 6.8541041 2.9583398
60686 22050.0 -528.3874300000001 5503.0326 -4444.0788 0.92043087 4.7213004000000005 5.7445458
60686 22500.0 -70.90089400000001 6937.218900000001 -1460.4686000000002 1.0740991 1.5317817 7.2625563
60686 22950.0 402.25888000000003 6828.4501 1848.1333000000002 0.9888844299999999 -2.0068876 7.1623987
60686 23400.0 785.79864 5198.4580000000005 4743.9310000000005 0.6833525899999999 -5.0997466000000005 5.462655300000001
60686 23850.0 994.3820400000001 2410.7893 6580.8315999999995 0.22619593000000002 -7.0540958 2.5466155
60686 24300.0 981.82938 -914.47671 6950.6853 -0.28106686000000003 -7.4378955 -0.93589392
60686 24750.0 750.99707 -4034.9157999999998 5771.2154 -0.72555598 -6.1682766 -4.207520400000001
60686 25200.0 353.16662 -6258.228099999999 3305.3113 -1.0091075 -3.5253069999999997 -6.544145
60686 25650.0 -123.27699000000001 -7088.920400000001 102.02678 -1.0682341 -0.096860963 -7.4217698
60686 26100.0 -572.3383 -6342.826099999999 -3124.1412 -0.889925 3.3479954 -6.6451754
60686 26550.0 -894.4606600000001 -4188.6701 -5655.7966 -0.51495633 6.0414099 -4.3949261
60686 27000.0 -1018.7541 -1108.0315 -6933.4035 -0.027241150999999998 7.3918756000000005 -1.1773025000000001
60686 27450.0 -918.14422 2217.3114 -6676.4525 0.46601308999999996 7.1092806 2.2980210000000003
60686 27900.0 -614.76647 5052.6822999999995 -4941.1533 0.85711621 5.2539082 5.2701283000000005
60686 28350.0 -175.23627 6769.0272 -2108.7449 1.0593305 2.2263067000000003 7.0796097
60686 28800.0 303.1325 6980.910400000001 1192.7299 1.0264742000000002 -1.3038870999999999 7.3150651
60686 29250.0 714.04544 5639.071400000001 4228.0278 0.76512848 -4.546699800000001 5.9183675000000004
60686 29700.0 966.0778 3042.243 6320.1151 0.33383255 -6.7754053 3.2033829000000003
60686 30150.0 1003.3985 -230.85911 7003.9731 -0.17120455 -7.496144800000001 -0.22237602
60686 30600.0 817.7837099999999 -3452.4876000000004 6127.7970000000005 -0.6382654700000001 -6.5514665999999995 -3.5986867000000005
60686 31050.0 450.35568 -5906.5961 3885.9733 -0.9639048 -4.148303100000001 -6.1764922
60686 31500.0 -17.324964 -7046.0066 777.04935 -1.0752245 -0.8195902700000001 -7.3780339
60686 31950.0 -481.19749 -6617.1828 -2505.4994 -0.94729409 2.6883606 -6.9333069
60686 32400.0 -838.22902 -4718.2316 -5230.4051 -0.6095380699999999 5.5903947 -4.947859800000001
60686 32850.0 -1009.6314000000001 -1774.1279 -6794.1462 -0.13810631 7.2470408 -1.8721412000000002
60686 33300.0 -958.0261 1561.9947 -6853.3996 0.36312544 7.3010599 1.6136609000000002
60686 33750.0 -694.84809 4552.9705 -5395.1856 0.78468992 5.7410277 4.7461286000000005
60686 34200.0 -277.88876 6535.8603 -2739.8321 1.0335701 2.9031952000000003 6.8329439
60686 34650.0 200.68258 7067.521900000001 524.69966 1.0533162 -0.58748857 7.402216800000001
60686 35100.0 634.6279000000001 6026.5712 3672.3284 0.83872048 -3.951339 6.3210433
60686 35550.0 927.3779499999999 3644.6199 6000.842900000001 0.43777456000000003 -6.4339052 3.8315042
60686 36000.0 1014.0212 452.56748 6992.309200000001 -0.059959817000000006 -7.484328400000001 0.4915618
60686 36450.0 875.45276 -2840.0605 6426.9357 -0.5443454799999999 -6.8721739 -2.9573856999999997
60686 36900.0 542.34892 -5501.3661 4429.896900000001 -0.9082268400000001 -4.7312144 -5.7509543
60686 37350.0 88.559053 -6938.5162 1444.6749 -1.0703653 -1.5345695000000001 -7.2644615
60686 37800.0 -384.9739 -6831.072700000001 -1863.1098000000002 -0.9942548000000001 2.0023847 -7.1568351
60686 38250.0 -772.97442 -5205.6711 -4755.9468 -0.6974365800000001 5.0867521 -5.4556632
60686 38700.0 -989.6001 -2425.4708 -6591.7913 -0.24739832 7.0355549 -2.5507027
60686 39150.0 -987.49138 891.01123 -6966.9682 0.2565478 7.4266897 0.91443138
60686 39600.0 -767.21075 4010.5102 -5798.957200000001 0.7041769000000001 6.1760137 4.179750200000001
60686 40050.0 -377.11757 6241.7733 -3344.0758 0.99697276 3.5524287 6.525352700000001
60686 40500.0 96.583656 7087.0882 -145.71448999999998 1.0689179 0.13190506 7.4227718000000005
60686 40950.0 548.8653800000001 6355.328 3085.561 0.90305669 -3.3227183 6.6651112999999995
60686 41400.0 879.00396 4208.907700000001 5628.371 0.5364496799999999 -6.035442 4.421692200000001
60686 41850.0 1013.7688 1126.892 6916.9627 0.051227451 -7.4033079 1.1971778
60686 42300.0 923.44452 -2205.4552000000003 6665.9335 -0.44508256 -7.1270395 -2.2917375000000004
60686 42750.0 628.07173 -5048.048400000001 4931.0665 -0.84292652 -5.2670164999999995 -5.2731685
60686 43200.0 193.08078 -6768.2675 2097.2589 -1.0537518000000001 -2.2328706 -7.0825017
60686 43650.0 -284.87262 -6982.482400000001 -1204.4508999999998 -1.0301651 1.2985090000000001 -7.3124754
60686 44100.0 -699.48583 -5644.9597 -4237.666 -0.77775491 4.535353 -5.9133756
60686 44550.0 -958.97595 -3054.6135 -6328.896900000001 -0.35398136 6.7586535 -3.2064331000000004
60686 45000.0 -1006.3670000000001 211.51274 -7016.8596 0.14725344999999998 7.483779900000001 0.20609894
60686 45450.0 -831.33221 3430.8179 -6150.0762 0.61613681 6.5542752 3.5743752
60686 45900.0 -472.29395 5890.3241 -3918.5459 0.94960749 4.1693050000000005 6.1569949
60686 46350.0 -8.891856200000001 7047.423900000001 -818.73339 1.0720127 0.8596067500000001 7.3674501
60686 46800.0 456.58037 6632.701400000001 2464.7651 0.9578507100000001 -2.6489721 6.9486692
60686 47250.0 820.217 4742.6155 5196.6812 0.6307124300000001 -5.5732202 4.9815606
60686 47700.0 1002.2656999999999 1800.9477 6775.415900000001 0.1633775 -7.2516115 1.9037699000000001
60686 48150.0 961.84984 -1540.5251 6846.5202 -0.33952584 -7.3184569 -1.5932261
60686 48600.0 708.05875 -4540.2303 5394.900000000001 -0.76713855 -5.7612162 -4.736408099999999
60686 49050.0 297.10354 -6531.838900000001 2742.5834 -1.0247915 -2.9222675 -6.8282716
60686 49500.0 -179.85459 -7071.8665 -520.76697 -1.0548378 0.56768566 -7.3997874
60686 49950.0 -616.84581 -6040.0615 -3668.1377 -0.85065337 3.9295519 -6.3233455
60686 50400.0 -917.0366300000001 -3668.1445 -5999.9318 -0.45847793000000003 6.4121092 -3.8449196000000003
60686 50850.0 -1014.2508 -484.12948 -7000.3805 0.034498617 7.4719995 -0.51790531
60686 51300.0 -887.1181 2806.9121 -6448.5506 0.51998799 6.8787684 2.9249094
60686 51750.0 -563.50723 5475.9261 -4464.8959 0.89127076 4.758341000000001 5.7256349
60686 52200.0 -115.14928 6933.3795 -1490.2603000000001 1.0644129 1.5774707000000001 7.250889
60686 52650.0 358.69733 6846.518599999999 1816.2322 1.0019812 -1.9546852 7.16749
60686 53100.0 752.91556 5237.9178 4718.884 0.71706993 -5.0533593 5.4887121
60686 53550.0 980.1097 2467.8849 6572.1941 0.2737485 -7.0245986 2.5930785000000003
60686 54000.0 990.22294 -848.8878199999999 6966.2299 -0.22962058 -7.4382779 -0.8748227900000001
60686 54450.0 781.07587 -3977.5627000000004 5813.7119 -0.6824708399999999 -6.2039407 -4.1513127
60686 54900.0 398.73766 -6223.5738 3368.5323 -0.98486563 -3.5881402 -6.5114789
60686 55350.0 -71.86991 -7088.077700000001 175.35734 -1.0683994 -0.17495948000000003 -7.4204833
60686 55800.0 -526.63913 -6374.652 -3058.0525000000002 -0.91498179 3.2802349 -6.6801231
60686 56250.0 -862.99111 -4237.558 -5601.2746 -0.55891269 6.0157533 -4.4571789
60686 56700.0 -1008.9788000000001 -1159.9578000000001 -6906.3850999999995 -0.07753310399999999 7.403394100000001 -1.2324932
60686 57150.0 -930.48033 2175.544 -6671.097900000001 0.42088436 7.140606 2.2658061
60686 57600.0 -644.71525 5026.7635 -4946.2005 0.8253556400000001 5.2910024 5.2564762
60686 58050.0 -215.409 6758.9886 -2117.3626 1.0464579 2.2613358 7.0770165
60686 58500.0 261.86234 6985.9887 1184.3111000000001 1.0344569 -1.2708508 7.3176213
60686 58950.0 680.8729599999999 5659.5216 4221.9775 0.7928488 -4.5119404 5.9287045
60686 59400.0 949.00969 3077.7938 6321.8514000000005 0.37667729000000005 -6.743737100000001 3.2293503
60686 59850.0 1007.4792 -184.18404 7021.4463 -0.12157456999999999 -7.4809081 -0.17785245
60686 60300.0 843.65198 -3405.5166000000004 6167.732900000001 -0.59294902 -6.5665223 -3.5455804
60686 60750.0 493.45715 -5874.1196 3947.9534 -0.93431688 -4.196807700000001 -6.1350056
60686 61200.0 33.867326999999996 -7040.0255 850.6956700000001 -1.0694837 -0.88699636 -7.3683029
60686 61650.0 -433.17837000000003 -6641.0092 -2435.6928 -0.9668705200000001 2.6273866 -6.9599048
60686 62100.0 -803.7932900000001 -4763.7186 -5178.5008 -0.64904451 5.5575764 -4.998385000000001
60686 62550.0 -995.57527 -1826.4596999999999 -6766.2744 -0.18722238 7.2489899 -1.9246787
60686 63000.0 -966.13565 1517.07 -6846.8501 0.31587025 7.3278409 1.575475
60686 63450.0 -721.95036 4522.826099999999 -5401.7797 0.74901381 5.7780465 4.7262931
60686 63900.0 -317.16093 6522.5872 -2752.1452000000004 1.0159678 2.9407441 6.8262459
60686 64350.0 158.24778 7070.4875999999995 511.66114000000005 1.0568474 -0.5513938399999999 7.4034369
60686 64800.0 598.47999 6045.836 3661.3982 0.8629473400000001 -3.9143672 6.3312607
60686 65250.0 906.0565 3679.5807999999997 5997.5171 0.47853809 -6.4005538 3.8566786000000004
60686 65700.0 1013.339 499.68054 7004.3288 -0.010554072 -7.465849400000001 0.53459871
60686 66150.0 896.94289 -2790.5717999999997 6461.0222 -0.49710292 -6.882192 -2.9042064
60686 66600.0 582.39304 -5464.026400000001 4486.7129 -0.87472759 -4.7746621 -5.706074
60686 67050.0 138.75724 -6926.5117 1515.4239 -1.0594453000000001 -1.5998074 -7.2477108
60686 67500.0 -335.61293 -6849.139099999999 -1792.8493999999998 -1.0088654000000001 1.9379814 -7.1760966
60686 67950.0 -735.27848 -5247.3335 -4701.0245 -0.7337104000000001 5.0459399000000005 -5.5031479
60686 68400.0 -971.35837 -2477.9458 -6560.6597 -0.29570965 7.0286508 -2.6052629
60686 68850.0 -991.6027 842.17986 -6958.8580999999995 0.20759772 7.447793 0.8702033699999999
60686 69300.0 -791.52924 3974.9511 -5807.0368 0.66493697 6.2122096 4.1529007
60686 69750.0 -415.45347 6223.8888 -3360.7623 0.97490553 3.5929159 6.5133992
60686 70200.0 53.105909000000004 7087.4017 -164.52462 1.0680533 0.17223844 7.4217415
60686 70650.0 509.89287 6373.724 3068.6262 0.92366988 -3.2823249999999997 6.674893
60686 71100.0 853.52323 4243.9231 5619.043 0.5749810700000001 -5.999667400000001 4.447014
60686 71550.0 1008.3016 1175.0416 6922.8882 0.10015308 -7.3821451 1.2396797
60686 72000.0 940.39737 -2153.4876 6693.8594 -0.3962898 -7.1328306 -2.2384362
60686 72450.0 664.75623 -5006.1163 4982.4391 -0.80586461 -5.305734900000001 -5.2254209000000005
60686 72900.0 241.9314 -6750.1952 2165.1397 -1.0378931 -2.296295 -7.0592135
60686 73350.0 -234.54842000000002 -6995.0701 -1133.6136000000001 -1.0397549 1.2304331 -7.3241445999999994
60686 73800.0 -658.8739300000001 -5683.990900000001 -4179.6088 -0.81036552 4.486078000000001 -5.956165299999999
60686 74250.0 -936.69684 -3108.8287 -6293.834400000001 -0.40106163 6.7417721 -3.2622637
60686 74700.0 -1006.44 157.03531 -7006.3591 0.096939841 7.4983148 0.15544953
60686 75150.0 -852.69176 3388.2385 -6159.0847 0.57356752 6.5891485 3.5396877
60686 75600.0 -509.44655 5865.837 -3939.4966000000004 0.92325639 4.2129549 6.1391316
60686 76050.0 -52.792446000000005 7037.6681 -840.7376700000001 1.0678047 0.89613279 7.3710994
60686 76500.0 415.6609 6642.6347000000005 2445.8952999999997 0.9746502100000001 -2.6177866 6.957868
60686 76950.0 791.80821 4771.5469 5187.982 0.66527656 -5.5417648 4.9966162
60686 77400.0 992.4611600000001 1842.4247 6777.2505 0.2098896 -7.2302647 1.9345476000000001
60686 77850.0 973.7922 -1494.0134 6864.9889 -0.29129319 -7.3190501 -1.5518576000000002
60686 78300.0 739.93296 -4500.1477 5431.893900000001 -0.7286527 -5.7890457 -4.698276
60686 78750.0 342.23038 -6509.3335 2792.9861 -1.0056441 -2.9705837 -6.8090161
60686 79200.0 -131.34946 -7073.5343 -466.82476 -1.0596106 0.51479307 -7.4063997
60686 79650.0 -575.7491600000001 -6063.575900000001 -3622.7614 -0.87803144 3.8888519 -6.3532086
60686 80100.0 -892.112 -3704.8646000000003 -5970.9268 -0.50145502 6.3951345 -3.8853083
60686 80550.0 -1010.3223 -523.0712100000001 -6989.4202000000005 -0.014057749 7.4784658 -0.5559600100000001
60686 81000.0 -904.2991700000001 2774.8822999999998 -6452.6367 0.47641374000000003 6.9015412 2.8968232
60686 81450.0 -597.4546899999999 5456.3926 -4479.1607 0.86162594 4.789814000000001 5.708464
60686 81900.0 -157.74214 6924.1140000000005 -1506.9732 1.0556210000000001 1.6090811 7.2503411
60686 82350.0 317.09679 6850.514 1801.6299 1.0147004 -1.929471 7.1745805
60686 82800.0 721.50274 5251.884599999999 4709.2566 0.7482944499999999 -5.0353316 5.500236200000001
60686 83250.0 965.7567700000001 2488.3049 6568.8822 0.3169656 -7.0143588 2.6095571
60686 83700.0 996.28804 -826.12318 6971.1965 -0.18377029 -7.4385797 -0.85488887
60686 84150.0 806.46462 -3957.7509 5827.7991 -0.64409188 -6.216877900000001 -4.1316195
60686 84600.0 438.01528 -6212.415599999999 3390.3172999999997 -0.9626476300000001 -3.6131724 -6.4973763
60686 85050.0 -27.553438 -7090.0825 199.2791 -1.0675234 -0.20383457000000002 -7.4173967
60686 85500.0 -487.15086 -6392.0746 -3037.1473 -0.93565869 3.2484465 -6.6882215
60686 85950.0 -838.48569 -4275.0767000000005 -5596.8178 -0.5965837199999999 5.978209 -4.4741328000000005
60687 0.0 -1004.2263 -1211.8797 -6914.5032 -0.12628112 7.3788649 -1.2723602
