CIC_AEM_VERS = 1.0
CREATION_DATE = 2025-01-11T09:56:36.703Z
ORIGINATOR = CS Group

META_START
OBJECT_NAME = PLEIADES-NEO3
OBJECT_ID = PLEIADES-NEO3
CENTER_NAME = null
REF_FRAME_A = EME2000
REF_FRAME_B = SC_BODY_1
ATTITUDE_DIR = A2B
TIME_SYSTEM = UTC
START_TIME = 2025-01-10T13:14:39.91344
STOP_TIME = 2025-01-11T23:59:60.0
ATTITUDE_TYPE = QUATERNION
QUATERNION_TYPE = LAST
META_STOP

60685 47679.91344 -0.5438503810709224 -0.522402228030246 -0.45596129688890596 -0.4726753334979882
60685 48129.91344 -0.6533904684693571 -0.3765335324905064 -0.5561133160056336 -0.3493442061704088
60685 48579.91344 -0.7247120669965934 -0.20863479581346342 -0.6237140056755982 -0.20553535231073836
60685 49029.91344 -0.7536241136259612 -0.028514774949823848 -0.6548065931040314 -0.0496581171465106
60685 49479.91344 -0.7384059424744001 0.15332371732843797 -0.6475556267978435 0.10917972350914926
60685 49929.91344 -0.6799019375216963 0.326256122946198 -0.6023430290077937 0.26167379119826845
60685 50379.91344 -0.5815242398340221 0.4801062019790139 -0.5217881012884299 0.3988292500062707
60685 50829.91344 0.44902110550131996 -0.6058501960961697 0.41057705438189873 -0.5125934735437904
60685 51279.91344 0.29020378398615737 -0.6960554403440997 0.2752600534592545 -0.5962553904973151
60685 51729.91344 0.11417050289261142 -0.7454626882387778 0.12359621111564432 -0.6449608153298307
60685 52179.91344 -0.06880219719794654 -0.7510151295155053 -0.03554836435627886 -0.6557277229850336
60685 52629.91344 -0.24775458584318513 -0.7122824774583392 -0.19262197362694122 -0.627828091738132
60685 53079.91344 -0.41212088235458744 -0.631539654797947 -0.33833189631460875 -0.562890371814199
60685 53529.91344 -0.5521129533203504 -0.5136493727772325 -0.4639872513075973 -0.46481333806750474
60685 53979.91344 -0.6594723960246918 -0.36575673488592236 -0.5621697808383577 -0.33953395600321645
60685 54429.91344 -0.72802095516599 -0.19673925606092504 -0.6272307458844801 -0.19457837850334805
60685 54879.91344 -0.7539703692547627 -0.016558803784828553 -0.6555696061276438 -0.03850947707640668
60685 55329.91344 -0.7360088062386508 0.16438580565816374 -0.6457207100687847 0.11963740479271943
60685 55779.91344 -0.6752501799649893 0.3357475051753588 -0.5983183303253642 0.2707877080342467
60685 56229.91344 -0.5751519657334909 0.48770693707864726 -0.5160409093772537 0.40625600264779216
60685 56679.91344 0.44139697878595796 -0.611415861061073 0.403541888882947 -0.5181633872422465
60685 57129.91344 0.28163306001349864 -0.6995554688399365 0.2672380455787697 -0.5999073199410131
60685 57579.91344 0.10512446044504983 -0.7467800311162935 0.11503030818673322 -0.6465573919928145
60685 58029.91344 -0.07777422855901518 -0.7501257279367716 -0.044137087480482076 -0.6552209392015176
60685 58479.91344 -0.25606003251235027 -0.7093244866297554 -0.20066655267303823 -0.6253198917798207
60685 58929.91344 -0.41895026118526324 -0.6270164517977114 -0.3450652641386553 -0.5588031955104837
60685 59379.91344 -0.5573376082310619 -0.5079612140575539 -0.46925035715942953 -0.4595152856763344
60685 59829.91344 -0.6631130726111891 -0.35909798509493496 -0.5659433030168397 -0.333223450260175
60685 60279.91344 -0.7300100300396091 -0.18920422211847138 -0.6294282744932416 -0.18736906266129882
60685 60729.91344 -0.7541015641516333 -0.008234451908607604 -0.6559967996558963 -0.03051595626957757
60685 61179.91344 -0.7339779258395289 0.17319852676692865 -0.6441005215317821 0.1281139838915133
60685 61629.91344 -0.6708331660551856 0.3444759743982491 -0.5944437955151323 0.2792055521588283
60685 62079.91344 -0.5683927138173445 0.49555922122712537 -0.5099460688283257 0.41389103399645655
60685 62529.91344 0.43270751601411567 -0.6175908050182676 0.39558423882159244 -0.524269885781859
60685 62979.91344 0.2715941917138794 -0.7035112042766017 0.2579382935717087 -0.6039672318875298
60685 63429.91344 0.09421501234847875 -0.7482318869401611 0.10483829868910684 -0.6482912200100475
60685 63879.91344 -0.08894142611783515 -0.7488793510514558 -0.05464811112222071 -0.6544331319849642
60685 64329.91344 -0.26649901605890347 -0.7054630513883251 -0.2105891722814835 -0.622054947800682
60685 64779.91344 -0.4282284916559742 -0.6207114677732506 -0.3539735681401902 -0.5532091338426437
60685 65229.91344 -0.5647050789500444 -0.49976114504582125 -0.4764300301585541 -0.45206348898537796
60685 65679.91344 -0.6680590396187251 -0.34982650977085417 -0.5708957942523624 -0.3246483093290545
60685 66129.91344 -0.732425965380725 -0.17965957596807375 -0.6320174269457683 -0.17840575673429207
60685 66579.91344 -0.7541531286646675 9.200145063491991E-4 -0.6563362670736236 -0.021792581821861834
60685 67029.91344 -0.7319600652018486 0.181563837427335 -0.6424337662541661 0.13619064529127223
60685 67479.91344 -0.6669973067083389 0.3518596126643675 -0.5909938749642702 0.2864186543754089
60685 67929.91344 -0.5628663864207991 0.501838960917438 -0.5048388478797644 0.420091449584885
60685 68379.91344 0.4255190742555821 -0.6225776128169753 0.3888659604165185 -0.529257875041201
60685 68829.91344 0.2630226254043162 -0.706772312345202 0.24987532400309576 -0.6073337793026047
60685 69279.91344 0.0850315095054399 -0.7493416063235614 0.0961310495173921 -0.6496272937172018
60685 69729.91344 -0.09787548893164671 -0.7477733431018762 -0.06320736449310027 -0.6536514706527259
60685 70179.91344 -0.27487768237660626 -0.7022489849512578 -0.21868674210800954 -0.6192452920227804
60685 70629.91344 -0.43556752912812075 -0.6155923890892443 -0.3611392739829015 -0.5485484143188483
60685 71079.91344 -0.5705888275640608 -0.49304438077856816 -0.4822558104765714 -0.44583064240060266
60685 71529.91344 -0.6721579483629158 -0.34190249922615434 -0.5750539984373038 -0.31720541035224314
60685 71979.91344 -0.7345089251046124 -0.1709780420352455 -0.6342736536521419 -0.17017661521555605
60685 72429.91344 -0.7540954544141117 0.009872532903821887 -0.6565571363300666 -0.013240296828225657
60685 72879.91344 -0.7297482246053201 0.1902804689911778 -0.6405920943049659 0.14457745508846984
60685 73329.91344 -0.662737359760658 0.35983097966022937 -0.5871764140603474 0.294150840259659
60685 73779.91344 -0.5567984232459791 0.5085753717791732 -0.49925834866947777 0.42669392821353047
60685 74229.91344 0.417998634714491 -0.6276639145700034 0.38184943497727136 -0.5343277652630636
60685 74679.91344 0.2545031830234845 -0.7098971648425082 0.24184382021650974 -0.6105618001501307
60685 75129.91344 0.07602626647085108 -0.7503201947640359 0.08756922615997287 -0.6508235112267424
60685 75579.91344 -0.10683188787956152 -0.7465565033787327 -0.07179097022143517 -0.6527529330379712
60685 76029.91344 -0.2832477342274861 -0.698924133015909 -0.22677674998975364 -0.6163181670266096
60685 76479.91344 -0.44286728974481926 -0.6103725334656869 -0.3682641720797511 -0.5437788462483372
60685 76929.91344 -0.5764065308495864 -0.4862458924197615 -0.488010758190835 -0.4395064768451781
60685 77379.91344 -0.6761708183780555 -0.33391998239082754 -0.5791194178340883 -0.3096952851135561
60685 77829.91344 -0.7364927881987184 -0.16226550879477827 -0.6364225218863895 -0.16190939201484747
60685 78279.91344 -0.7539334075459235 0.01882730621725788 -0.6566643158853446 -0.004682496089303211
60685 78729.91344 -0.7274345740626912 0.19896916059311617 -0.6386386876353866 0.1529406428862284
60685 79179.91344 -0.6583842369637443 0.36774859124611387 -0.5832558754973958 0.301833983924828
60685 79629.91344 -0.5506497750340172 0.5152354924446958 -0.49358951225719006 0.4332281223212168
60685 80079.91344 0.41041644040874453 -0.6326571878248346 0.3747623510847407 -0.5393110497154912
60685 80529.91344 0.24594136372721237 -0.7129172938406013 0.23376287906696605 -0.6136910412588047
60685 80979.91344 0.06699903082469887 -0.7511877037659392 0.07897824222150462 -0.651913031649934
60685 81429.91344 -0.11578039428704129 -0.745227385048932 -0.08037468399825094 -0.6517445473834433
60685 81879.91344 -0.291591700293958 -0.695490208069666 -0.23484508241656293 -0.613282510808558
60685 82329.91344 -0.450122999250414 -0.6050481460187241 -0.3753490050287258 -0.5389055120974939
60685 82779.91344 -0.5821601902528623 -0.4793498634640233 -0.4937086193407932 -0.43308777455659186
60685 83229.91344 -0.6801002299678377 -0.32585259800981026 -0.5831099442784798 -0.3021035492202952
60685 83679.91344 -0.7383751590024294 -0.15348862416005415 -0.6384796733232092 -0.1535808372638941
60685 84129.91344 -0.7536567205576876 0.027817164521216343 -0.6566677084215349 0.0039081495162163905
60685 84579.91344 -0.7250029196477591 0.20765511575009166 -0.6365777217825807 0.16130382368419022
60685 85029.91344 -0.6539225409139398 0.3756252275382241 -0.579234599160272 0.3094806586156124
60685 85479.91344 -0.5444124981695733 0.5218245168904843 -0.4878353228713512 0.43969410181145424
60685 85929.91344 0.4027712266764237 -0.6375549450890763 0.3676152431815736 -0.544204064606822
60685 86379.91344 0.23734554796097662 -0.7158266328695951 0.22565183865816596 -0.6167175773787144
60686 429.91344 0.05792106155117383 -0.7519428328395827 0.07034522444934219 -0.6529002038345064
60686 879.91344 -0.12482301177199831 -0.7437654566144971 -0.08903637028578304 -0.6506186948171172
60686 1329.91344 -0.300075749203132 -0.6918705327168629 -0.24303126525009547 -0.6100864814181683
60686 1779.91344 -0.45753223507952884 -0.5994633409585222 -0.38256472567112765 -0.533809130103778
60686 2229.91344 -0.5880320435872352 -0.4721263124943915 -0.49950766654576095 -0.4263884987040305
60686 2679.91344 -0.6840689581402409 -0.3174309501163203 -0.5871353367093798 -0.29420970209076847
60686 3129.91344 -0.7402034703648257 -0.14438922510898816 -0.6404928613871024 -0.14498092510553462
60686 3579.91344 -0.753253492413049 0.03703683906058656 -0.6565640529559145 0.012692245114559624
60686 4029.91344 -0.7224187641755483 0.21644719489990052 -0.6343862040761568 0.16975242285423384
60686 4479.91344 -0.6493338694080926 0.3834880305149374 -0.5751044734203217 0.31710771221025713
60686 4929.91344 -0.5380960539239849 0.5283250805798301 -0.482016292608828 0.44607795242691917
60686 5379.91344 0.39508823882854305 -0.6423348695335631 0.3604420724763441 -0.5489924510497558
60686 5829.91344 0.2287246287471509 -0.7186191616290711 0.2175236663816929 -0.6196410245520183
60686 6279.91344 0.0488931370580023 -0.752574999904834 0.061759395483074145 -0.6537783322628793
60686 6729.91344 -0.1337309205490717 -0.7422051944352985 -0.0975753781462048 -0.6494047550041374
60686 7179.91344 -0.3083350770190985 -0.6882177874147777 -0.2510151154590285 -0.6068584424531185
60686 7629.91344 -0.46466435380783644 -0.5939420341133969 -0.3895254848574703 -0.5287625129111737
60686 8079.91344 -0.5936266898634444 -0.4650667519296721 -0.5050428732003169 -0.4198237315361334
60686 8529.91344 -0.6878075510103994 -0.3092440356908944 -0.5909314473646076 -0.2865116466712231
60686 8979.91344 -0.7418718357220344 -0.13555131614836402 -0.6423336628649646 -0.13659972768400006
60686 9429.91344 -0.7527563003567719 0.0460154107129465 -0.6563444728933754 0.0212712752890257
60686 9879.91344 -0.7197824872694969 0.22504705384055612 -0.6321169570360924 0.17803130962067662
60686 10329.91344 -0.644706136943345 0.39120573721895907 -0.570913524338757 0.32460717164237013
60686 10779.91344 0.5317457399591788 -0.5347037679647996 0.47614542928299175 -0.4523537097586651
60686 11229.91344 0.38739111100635554 -0.6469960469100409 0.3532341933853732 -0.5536694384011335
60686 11679.91344 0.22013764011130282 -0.721288646563345 0.20940137806132803 -0.622441298927908
60686 12129.91344 0.03990860418795251 -0.7530971496394067 0.05319267494887092 -0.6545399344948742
60686 12579.91344 -0.14257277399235926 -0.7405482425152032 -0.10606959230622692 -0.6480822063687277
60686 13029.91344 -0.3165146299840694 -0.6844836874439587 -0.2589367804890809 -0.6035331924087673
60686 13479.91344 -0.4717021879928728 -0.588354151550638 -0.39641303349263646 -0.5236345529785361
60686 13929.91344 -0.5991146889117327 -0.45795665326577767 -0.5104963281943371 -0.4131958278587837
60686 14379.91344 -0.6914333242409185 -0.30102842314601613 -0.5946353961201861 -0.2787661964233919
60686 14829.91344 -0.7434262003857328 -0.12670799262018148 -0.6440737446548942 -0.1281857271010245
60686 15279.91344 -0.7521467576724613 0.05497895952958753 -0.6560187884276439 0.0298649989414685
60686 15729.91344 -0.7170387298786458 0.2336128802539163 -0.6297392611800664 0.1863033680905198
60686 16179.91344 -0.639981868399103 0.39887326712107285 -0.5666150255748363 0.3320703806264302
60686 16629.91344 0.5253162442799086 -0.5410136881929272 0.47017699343190766 -0.4585636570105283
60686 17079.91344 0.37964065739554903 -0.6515704233681779 0.34594970070330894 -0.5582542066365282
60686 17529.91344 0.2115281775756681 -0.7238578740391087 0.20123615483698687 -0.6251316807437635
60686 17979.91344 0.030938330307341885 -0.7535152890420981 0.04462393767781941 -0.655184121513734
60686 18429.91344 -0.1515599439629932 -0.7387560465362892 -0.11469902965189357 -0.6466167486919285
60686 18879.91344 -0.32494617641191215 -0.6805145984244756 -0.2670830224200257 -0.5999804354322207
60686 19329.91344 -0.47928982047295365 -0.5821833603935669 -0.40378092415227773 -0.5179814361177345
60686 19779.91344 -0.6053957835370858 -0.4496142972508706 -0.5166474286808623 -0.40548534304038286
60686 20229.91344 -0.6958071474336236 -0.29076421773637756 -0.5990152558919387 -0.26923838224360025
60686 20679.91344 -0.7453155690468327 -0.11504339134342872 -0.646147345267338 -0.11731721463012229
60686 21129.91344 -0.7511514514873733 0.06715161046480106 -0.6554080788568354 0.04126025096370695
60686 21579.91344 -0.7131388070965712 0.24523901075872662 -0.6264032308258245 0.197255828369986
60686 22029.91344 -0.6335807275229647 0.40895634713906986 -0.5608927033994098 0.3416570548363389
60686 22479.91344 0.5171050496720168 -0.548870240527689 0.4626726740137 -0.4661306934624563
60686 22929.91344 0.37043294088863393 -0.6568552692887758 0.33739985028283026 -0.5634553509740513
60686 23379.91344 0.20202493558227866 -0.7265722768418721 0.19229567725531066 -0.627933933178257
60686 23829.91344 0.021625371629676336 -0.7538429045891848 0.03576434675844774 -0.6557241264459933
60686 24279.91344 -0.16025381148025158 -0.7369205168953834 -0.12305602500933036 -0.6450768034843571
60686 24729.91344 -0.3327913566767958 -0.6767143700094997 -0.27468695973686513 -0.5965355383331169
60686 25179.91344 -0.4858704414846359 -0.5767058861345601 -0.4102234845254984 -0.512890756139195
60686 25629.91344 -0.6104273260233793 -0.44276840099215875 -0.5216368421442127 -0.3990358726287745
60686 26079.91344 -0.6990599318102859 -0.28287559960563774 -0.6023177904807964 -0.26174393241387817
60686 26529.91344 -0.7466028787512174 -0.10642126526635896 -0.6475788551861336 -0.10908841393713166
60686 26979.91344 -0.7502916744383475 0.07621879674262294 -0.6547976866101554 0.04993083117269392
60686 27429.91344 -0.7099558014463169 0.254323028242352 -0.6235915293832129 0.20595184335145705
60686 27879.91344 -0.6280260909772192 0.41744861939070776 -0.5558374125503716 0.34980658946048115
60686 28329.91344 0.5093806804014779 -0.5560574213174012 0.45555819313381374 -0.4730731437105941
60686 28779.91344 0.361060979736169 -0.6620640903952248 0.3286970361323152 -0.5685634243942647
60686 29229.91344 0.19171213241081933 -0.7293707232820148 0.18265051184643263 -0.6307960025458336
60686 29679.91344 0.011182842964646845 -0.7540777368991852 0.025923360544461312 -0.6561780932904673
60686 30129.91344 -0.17006857875961867 -0.7347238605961683 -0.13238509230520995 -0.6432198026527842
60686 30579.91344 -0.34151379238315027 -0.6723614272844972 -0.2830494784220569 -0.5926056306491138
60686 31029.91344 -0.4930722455222958 -0.570571486830347 -0.4171967853190983 -0.507222615260024
60686 31479.91344 -0.6155891986026303 -0.43557936086047644 -0.5267222120992674 -0.39228085632287063
60686 31929.91344 -0.7021270723691065 -0.2752011949747539 -0.6054305576314395 -0.25443214501501027
60686 32379.91344 -0.7476543644875789 -0.09883001432409218 -0.6487607701759482 -0.10175972981530874
60686 32829.91344 -0.7495426692964393 0.08333065851452486 -0.6542217645779758 0.05688295885398321
60686 33279.91344 -0.7076294990012494 0.2607452217739177 -0.6214520151053843 0.2122965246695491
60686 33729.91344 -0.6242360245760459 0.42310573592150874 -0.5522463853523631 0.3554361429526576
60686 34179.91344 0.5042149593838463 -0.5607541153316629 0.45061093009268355 -0.4777780724909392
60686 34629.91344 0.3545351979357315 -0.6655886909312133 0.3224346065541845 -0.5721297164327281
60686 35079.91344 0.18402066495882788 -0.7313557479121366 0.17527128111016535 -0.6328784582224232
60686 35529.91344 0.002725410643161396 -0.7541611836117903 0.01781069504529366 -0.6564421226674085
60686 35979.91344 -0.17869441674561168 -0.7326781494400018 -0.14066868334118354 -0.6414540952275369
60686 36429.91344 -0.34956911681205 -0.6682135085325124 -0.29081683079569737 -0.5888274029899256
60686 36879.91344 -0.49987859807405854 -0.564626068655121 -0.42380986905780155 -0.501701090961327
60686 37329.91344 -0.6208443704484329 -0.42806912351712123 -0.5318816216407392 -0.38524152649291343
60686 37779.91344 -0.7054736028240192 -0.2665273749302225 -0.6087933777201082 -0.24625348195598054
60686 38229.91344 -0.7488315235365088 -0.08953481588990071 -0.6500733535173466 -0.09294891687514902
60686 38679.91344 -0.7484562735669389 0.09262808515306778 -0.6533842622220198 0.06574382313004276
60686 39129.91344 -0.7043743101504786 0.26942789905690595 -0.6185387562447136 0.22062467095286928
60686 39579.91344 -0.6190940917799626 0.43060238458195554 -0.5475055392856276 0.362686884746376
60686 40029.91344 0.49754617668105916 -0.5666855480109916 0.4443725007665707 -0.4835787136630464
60686 40479.91344 0.34681478632501367 -0.6696492695306788 0.3151373848811213 -0.5761751369624094
60686 40929.91344 0.17572396427867087 -0.7333978443648281 0.16736445072983402 -0.6350101029834979
60686 41379.91344 -0.005700823641306355 -0.7541476822596668 0.009725675139261113 -0.6566080910217822
60686 41829.91344 -0.18682257689980794 -0.7306501351511315 -0.14851173805309828 -0.639681145903642
60686 42279.91344 -0.3570179588858726 -0.6642653179672563 -0.29804373816925717 -0.5852005592247161
60686 42729.91344 -0.5062414554485722 -0.5589293578945027 -0.43002648755119577 -0.4963816895024751
60686 43179.91344 -0.625737988545231 -0.42088847357872344 -0.5367124020611511 -0.378476762792235
60686 43629.91344 -0.708614764927698 -0.2580729891017691 -0.6119622305513075 -0.23825548388486195
60686 44079.91344 -0.7499220575158229 -0.07992102860784507 -0.6513045880517145 -0.08385624854645798
60686 44529.91344 -0.7470918950895337 0.1030698454656165 -0.652314143878701 0.07560796877988785
60686 44979.91344 -0.700308647779583 0.27982625399420363 -0.61494062610086 0.23046277745307528
60686 45429.91344 -0.6125075124941415 0.43992013235239974 -0.5415307080802122 0.3715498842624366
60686 45879.91344 0.48893001973307876 -0.5741352406525561 0.43645732669523296 -0.4907353290916535
60686 46329.91344 0.3366452470228613 -0.6748199683929255 0.305717588117711 -0.5812269300631014
60686 46779.91344 0.16459899109108636 -0.7359755894570952 0.15699375671289287 -0.637651993024605
60686 47229.91344 -0.017002128940339773 -0.753976959566634 -8.738265512011538E-4 -0.6566802178239488
60686 47679.91344 -0.19756217533561435 -0.7278177577188035 -0.15864910352263156 -0.6372448198120549
60686 48129.91344 -0.3665462967932566 -0.6590525545435363 -0.3071070267989444 -0.580498765500411
60686 48579.91344 -0.5140949908265251 -0.5517100754875188 -0.43756790470463724 -0.48975163275381206
60686 49029.91344 -0.6315557054559652 -0.4120999277690344 -0.542377391126092 -0.3703212200698591
60686 49479.91344 -0.712121075254756 -0.2482131618306235 -0.6154785398938191 -0.22904140979793905
60686 49929.91344 -0.750957107809253 -0.06943281654143356 -0.652507530395626 -0.07400289855733234
60686 50379.91344 -0.7456191735187807 0.11316456712032127 -0.6511463882732091 0.0851716494403853
60686 50829.91344 -0.6965497923307598 0.2890225725414737 -0.6115903380992862 0.23925216343658143
60686 51279.91344 -0.6067135051024232 0.447854034561755 -0.5362220996066753 0.3791982942294167
60686 51729.91344 0.48145564289021253 -0.5804044927933212 0.4295101946533646 -0.4968421090883187
60686 52179.91344 0.3281793192451272 -0.6789691746451676 0.29775705799411484 -0.5853545324981725
60686 52629.91344 0.15580554589985632 -0.7378792400391064 0.1486383452717374 -0.6396604578219902
60686 53079.91344 -0.02568347678577512 -0.7537219882125762 -0.009194430998994871 -0.6566269762533978
60686 53529.91344 -0.20578945439964633 -0.7255239508962886 -0.1665896949665501 -0.6352271803573014
60686 53979.91344 -0.3740257630691133 -0.6548259432672008 -0.31436507013017445 -0.5766127949212008
60686 54429.91344 -0.5204337559592249 -0.5457219192463386 -0.4437619998211972 -0.48416069649131815
60686 54879.91344 -0.6363972903805496 -0.4045629195114137 -0.5471634674109028 -0.36323473523821187
60686 55329.91344 -0.7150298897886834 -0.23967259940741723 -0.6184394603721174 -0.2209568637918251
60686 55779.91344 -0.7516994728287034 -0.060740843853430614 -0.6534081518410093 -0.06569809392013566
60686 56229.91344 -0.744258453664306 0.12171855219458867 -0.6500313173604139 0.09339825828972541
60686 56679.91344 -0.693172937050123 0.29699816922355804 -0.6085312901019064 0.2469676816631488
60686 57129.91344 -0.6014874121128648 0.4548333705073476 -0.5313691780749128 0.385987428208078
60686 57579.91344 0.47463290165708416 -0.5859855976869565 0.42310585008530643 -0.5023205426733285
60686 58029.91344 0.32004674285398194 -0.6828289941112246 0.2900800401314696 -0.5892098246863637
60686 58479.91344 0.14644624090029784 -0.7397824703781294 0.13979266662397175 -0.6416645583212175
60686 58929.91344 -0.035408921768838066 -0.7533153873363028 -0.018422282653633396 -0.6564470694300906
60686 59379.91344 -0.21505398002615925 -0.7228181515563447 -0.17543321431416226 -0.632857719215764
60686 59829.91344 -0.382091479006497 -0.6501392126764058 -0.3221292703296492 -0.5723266890579352
60686 60279.91344 -0.526850189533432 -0.5395182894984776 -0.4500079809668599 -0.4783740274631913
60686 60729.91344 -0.6409049675664805 -0.397372867213156 -0.5516253211146555 -0.3564339098017433
60686 61179.91344 -0.7175620950334247 -0.2319713109766911 -0.6210263249219798 -0.21358898475552793
60686 61629.91344 -0.7522879435576683 -0.05291223239478137 -0.6541274154030073 -0.05814180990437546
60686 62079.91344 -0.7429599890003381 0.12938358738188452 -0.6489234354261009 0.10084005660251631
60686 62529.91344 -0.6900217827086648 0.3042395958705967 -0.6056266251856824 0.25401692573183593
60686 62979.91344 -0.5965304659169962 0.4613097861910354 -0.5267220469619504 0.39231182704762496
60686 63429.91344 0.46798875671940343 -0.5913020499400435 0.4168369287492312 -0.5075385543501475
60686 63879.91344 0.3120295766387628 -0.6865289536256266 0.28248620827997223 -0.5928887596066743
60686 64329.91344 0.1376342239041317 -0.7414720481501381 0.1314115814118761 -0.6434337716448963
60686 64779.91344 -0.04504841408059589 -0.752798790069861 -0.027577196262314294 -0.6561281279631949
60686 65229.91344 -0.22504564807694127 -0.7197667959162576 -0.18490767802682279 -0.6301582074247726
60686 65679.91344 -0.39164095688117156 -0.6444280665945369 -0.3311895037572889 -0.5671360863844128
60686 66129.91344 -0.5351205662217339 -0.5313181872739976 -0.45787802254462906 -0.4708446452377093
60686 66579.91344 -0.6470944104743813 -0.3872264669999614 -0.5575646145793731 -0.3470535805268341
60686 67029.91344 -0.7211236348565921 -0.22068128706508341 -0.6245274737523558 -0.20309088438188244
60686 67479.91344 -0.753014234969548 -0.04145159003371208 -0.6549832792018854 -0.047415520484842974
60686 67929.91344 -0.7410163723642076 0.14012154807828936 -0.6472616581425007 0.11096410929194257
60686 68379.91344 -0.6858244324812252 0.31360221069704847 -0.6018072801733267 0.26291918680102544
60686 68829.91344 -0.5905397969307655 0.46896688679570975 -0.5211582037535548 0.3996585217288358
60686 69279.91344 0.460619553599113 -0.5970744378735954 0.4099124280562832 -0.513131117556796
60686 69729.91344 0.3035648413686329 -0.6903271103835706 0.27448268794075437 -0.5966205844379865
60686 70179.91344 0.12856585623274475 -0.7431103495789304 0.12279622024807856 -0.6451193046658938
60686 70629.91344 -0.05407058074408576 -0.7522154358909512 -0.03619562091691544 -0.6556967190186501
60686 71079.91344 -0.23350998861751393 -0.717075229217713 -0.19303743811181656 -0.6277043478783936
60686 71529.91344 -0.39921911081977607 -0.639771250960083 -0.3384989245749992 -0.5627924360390844
60686 71979.91344 -0.5413801361770053 -0.5249516903253721 -0.4639481760300451 -0.46484982621906634
60686 72429.91344 -0.6516652849071833 -0.3795014460991269 -0.5620387310941409 -0.3397403031811195
60686 72879.91344 -0.72372312898368 -0.2120308156273567 -0.6271312083724543 -0.19486973413994996
60686 73329.91344 -0.7534660510674293 -0.0323815410284864 -0.6555436670997146 -0.03876656052493089
60686 73779.91344 -0.7392746157924375 0.14906888265093096 -0.6457291317048063 0.11952154256829163
60686 74229.91344 -0.681984819980151 0.32188040853470584 -0.5982654911540031 0.2708654832429398
60686 74679.91344 -0.5848390517071502 0.4760695613246691 -0.5158228229450803 0.4065069147104226
60686 75129.91344 0.45341426917219013 -0.6025757437228 0.4031163324002821 -0.5184739107612922
60686 75579.91344 0.29530271579084033 -0.693913598528898 0.26664400917944386 -0.600150977831364
60686 76029.91344 0.11974072576456743 -0.7445943738451435 0.11438478844575861 -0.6466509856203365
60686 76479.91344 -0.06295215788242021 -0.7515339726593397 -0.044695355149720194 -0.6551610786553624
60686 76929.91344 -0.24197717752207007 -0.714271042020454 -0.20116962075137765 -0.6251357514782004
60686 77379.91344 -0.4066991110926703 -0.6350516569452636 -0.3457175357865352 -0.5583767648256801
60686 77829.91344 -0.5474936423416696 -0.5185851056599987 -0.4698804833522397 -0.4588382407207639
60686 78279.91344 -0.6560931633123896 -0.37181375396019617 -0.5663720362921554 -0.33244399517369244
60686 78729.91344 -0.7262210113981821 -0.2033455372054225 -0.6296280012985196 -0.18660711423542004
60686 79179.91344 -0.7538140459151372 -0.02315194832329742 -0.6559953645039854 -0.029974209233441403
60686 79629.91344 -0.7373638610145216 0.15828095231560746 -0.6440324157496501 0.1283118235685693
60686 80079.91344 -0.6778750403073576 0.33046043257346097 -0.5944729790696848 0.2790756338121863
60686 80529.91344 -0.578789486649041 0.48341454245217685 -0.5101707222098116 0.4135685487198117
60686 80979.91344 0.4458387346439588 -0.6082108815339442 0.3959838651451864 -0.5239314123236504
60686 81429.91344 0.2867608499142431 -0.6974946220773683 0.25855135744325713 -0.6036726453085803
60686 81879.91344 0.11082228975486877 -0.7459804581374607 0.10588389873109066 -0.6480896358992452
60686 82329.91344 -0.07170561151488654 -0.7507545674142481 -0.05308890819772106 -0.6545284200172635
60686 82779.91344 -0.250129133443344 -0.7114618304451177 -0.20902607166382278 -0.6225476542300636
60686 83229.91344 -0.4138008754300132 -0.6304524135514301 -0.3525999817092516 -0.554050397201524
60686 83679.91344 -0.5530725135942043 -0.5126369678079938 -0.47533662716304176 -0.4531768140808596
60686 84129.91344 -0.6600162317949009 -0.3648112667709815 -0.5702527656276647 -0.32573470293816004
60686 84579.91344 -0.7283504463612611 -0.19558956782198447 -0.6317879251316134 -0.17914900474870651
60686 85029.91344 -0.7540215271291795 -0.014953961248792828 -0.6563080637359647 -0.022082598214399497
60686 85479.91344 -0.735537636237492 0.16655663997399317 -0.6423943101807235 0.13628213971819256
60686 85929.91344 -0.6739697237879494 0.33835133015878244 -0.5908465317419719 0.2866767600023774
60686 86379.91344 -0.5729455995917816 0.49032765387243565 -0.504688327326931 0.4202401980014661
