CIC_OEM_VERS = 2.0
CREATION_DATE = 2025-01-11T09:56:36.848408
ORIGINATOR = ISAE-SUPAERO


META_START
OBJECT_NAME = PLEIADES1B
OBJECT_ID = PLEIADES1B
CENTER_NAME = Earth
REF_FRAME = EME2000
TIME_SYSTEM = UTC
START_TIME = 2025-01-11T00:00:00.000
USEABLE_START_TIME = 2025-01-11T00:00:00.000
USEABLE_STOP_TIME = 2025-01-12T00:00:00.000
STOP_TIME = 2025-01-12T00:00:00.000
INTERPOLATION = lagrange
INTERPOLATION_DEGREE = 5
META_STOP



60686 0.0 -1011.4459 -2334.4961000000003 -6581.1168 -0.16262184 7.0949930000000005 -2.4817226
60686 450.0 -968.37229 999.68856 -6915.2175 0.35047646 7.4408652 1.0257227
60686 900.0 -708.0792 4108.6810000000005 -5693.8644 0.7851498100000001 6.1151162999999995 4.304121
60686 1350.0 -288.54108 6294.9546 -3188.8972000000003 1.0437622 3.4152523 6.6154256
60686 1800.0 195.84705 7066.5035 34.672726000000004 1.0678191 -0.050923493 7.4361329
60686 2250.0 636.31952 6252.308599999999 3250.7947000000004 0.85259498 -3.4961493999999997 6.5846283
60686 2700.0 934.5988600000001 4040.1628 5738.974099999999 0.4481653 -6.146243999999999 4.2646706000000005
60686 3150.0 1024.9046 928.6426 6947.1399 -0.054121074 -7.4201112 1.0048343
60686 3600.0 887.8416 -2389.0509 6610.4051 -0.54352004 -7.0464745 -2.4730642
60686 4050.0 553.84626 -5176.6065 4803.6556 -0.9129956600000001 -5.1070943 -5.4060242
60686 4500.0 96.67039100000001 -6812.3127 1925.7664 -1.0803235 -2.0219574000000002 -7.141681
60686 4950.0 -382.00754 -6926.4134 -1382.7136 -1.0065555000000002 1.5263948 -7.2818655
60686 5400.0 -775.08922 -5489.24 -4380.5257 -0.70701283 4.7395647 -5.7860493
60686 5850.0 -994.3602099999999 -2821.3 -6393.5416 -0.24887808000000003 6.891198900000001 -2.9889949000000002
60686 6300.0 -990.6453 479.14665 -6968.9778 0.26502039000000005 7.4977100000000005 0.48004036000000005
60686 6750.0 -764.9926800000001 3673.5892000000003 -5979.221500000001 0.71948614 6.4202861 3.8413917000000004
60686 7200.0 -367.58432 6041.5959 -3643.243 1.0129965 3.9025964 6.3416963
60686 7650.0 112.34652000000001 7053.514700000001 -487.37161 1.0791960999999999 0.50939451 7.415064
60686 8100.0 567.14017 6483.9357 2778.3404 0.90360425 -2.9904361 6.8216749000000005
60686 8550.0 895.23983 4465.0262999999995 5422.0391 0.5271076299999999 -5.8096556 4.7052805
60686 9000.0 1024.078 1451.9591 6856.0958 0.034918526 -7.3272073 1.5488948
60686 9450.0 925.6221800000001 -1883.5145 6764.7531 -0.46421256 -7.2167358 -1.9471699000000002
60686 9900.0 621.75008 -4800.759400000001 5168.2656 -0.86094467 -5.5023114 -5.0151646
60686 10350.0 179.54912 -6649.1983 2418.6916 -1.0670971999999999 -2.5540227 -6.973220400000001
60686 10800.0 -302.64573 -7011.4517000000005 -872.1439399999999 -1.0351405 0.97670853 -7.3735418
60686 11250.0 -716.96098 -5802.2452 -3966.8583 -0.77099515 4.2953283 -6.116693100000001
60686 11700.0 -970.42187 -3291.3035 -6169.308 -0.33395954 6.6507312 -3.4842095
60686 12150.0 -1006.2456 -42.242242 -6984.4575 0.17765576 7.513817200000001 -0.070207212
60686 12600.0 -817.0584399999999 3215.573 -6233.4931 0.64992111 6.686627400000001 3.3637367
60686 13050.0 -444.81019000000003 5753.6759 -4082.4093 0.97610827 4.3548222 6.039791
60686 13500.0 27.615862 6995.0513 -1009.3728000000001 1.0839484 1.0528908 7.360730800000001
60686 13950.0 493.88151 6665.2390000000005 2291.2951000000003 0.9486403800000001 -2.4910291000000004 7.0271353
60686 14400.0 849.24162 4838.2716 5076.133 0.6005565800000001 -5.4726157 5.112619800000001
60686 14850.0 1013.4993000000001 1923.9069 6715.5211 0.11846323 -7.2277176 2.0535594
60686 15300.0 950.9983199999999 -1423.1508000000001 6848.9491 -0.39141341999999996 -7.3566399 -1.4764469999999998
60686 15750.0 675.15103 -4449.4669 5441.7051 -0.81206282 -5.835573500000001 -4.6647342
60686 16200.0 247.73363 -6477.111 2809.6288 -1.051253 -3.0030335 -6.809304600000001
60686 16650.0 -235.29641 -7049.9148 -455.075 -1.0544226 0.50556716 -7.4217794
60686 17100.0 -665.5283900000001 -6040.2505 -3617.6616000000004 -0.82129197 3.8941280000000003 -6.365200700000001
60686 17550.0 -946.8867 -3678.2762000000002 -5969.0742 -0.40561635 6.4005731 -3.8871448
60686 18000.0 -1017.1905 -496.17152000000004 -6986.5564 0.09883916000000001 7.473179 -0.55057355
60686 18450.0 -861.35921 2796.4091000000003 -6446.7667 0.58061547 6.8832335 2.9040167
60686 18900.0 -514.05231 5467.1275000000005 -4470.0860999999995 0.93382812 4.760553600000001 5.715243
60686 19350.0 -52.237529 6919.5513 -1494.9986000000001 1.0796284 1.5696538 7.2554606
60686 19800.0 421.17528999999996 6825.9205999999995 1814.4841000000001 0.98432291 -1.9789877 7.1724725
60686 20250.0 800.34338 5205.1021 4716.9417 0.6687087 -5.087220599999999 5.480506500000001
60686 20700.0 1000.4448000000001 2419.6494 6561.3604000000005 0.20368515 -7.0562536 2.5602004000000003
60686 21150.0 976.77657 -907.0221300000001 6934.4053 -0.30693452000000004 -7.446784 -0.93433988
60686 21600.0 734.72442 -4031.6736 5753.2958 -0.74959991 -6.1658251 -4.2250229
60686 22050.0 328.9446 -6253.3094 3286.1704 -1.0235231 -3.5025175 -6.5612535
60686 22500.0 -150.97528 -7074.3895999999995 78.032803 -1.0688753 -0.058152469000000005 -7.4282026
60686 22950.0 -596.96223 -6303.8449 -3147.8175 -0.87624956 3.3994093 -6.637246
60686 23400.0 -909.61696 -4123.3581 -5669.071400000001 -0.48695293 6.096163 -4.3532570999999995
60686 23850.0 -1018.9163000000001 -1022.3093000000001 -6919.481 0.010252195 7.4230539 -1.0991032
60686 24300.0 -900.81536 2306.9768 -6621.6018 0.5046309600000001 7.092213200000001 2.3976298000000003
60686 24750.0 -581.6915 5121.2426 -4842.1454 0.88678941 5.1771204 5.3607768
60686 25200.0 -132.57104 6790.7496 -1977.7255 1.0712418000000001 2.1003148 7.1267803
60686 25650.0 346.21171000000004 6940.2137 1330.4239 1.0160157 -1.4491917 7.2944285
60686 26100.0 747.4503900000001 5534.0975 4339.9142 0.73387683 -4.6717018 5.828214200000001
60686 26550.0 981.8222900000001 2892.4697 6377.9947 0.2881075 -6.844304500000001 3.0579876
60686 27000.0 997.17733 -394.61984 6989.6909000000005 -0.22108612 -7.4871112 -0.39059364
60686 27450.0 790.26511 -3593.714 6039.5185 -0.68112819 -6.4605907 -3.7525102
60686 27900.0 407.00263 -5990.5994 3738.3098 -0.9899443800000001 -3.9885921 -6.2807815
60686 28350.0 -67.25691400000001 -7049.639 599.5729100000001 -1.0774471 -0.6171945600000001 -7.402558600000001
60686 28800.0 -526.36047 -6527.639 -2673.344 -0.92405594 2.8923169 -6.8652335
60686 29250.0 -867.67774 -4544.710599999999 -5346.4855 -0.5640648 5.7518625000000005 -4.788749200000001
60686 29700.0 -1015.0634 -1545.8151 -6821.6576 -0.078614803 7.3223296 -1.6430539000000002
60686 30150.0 -935.8169300000001 1798.2585000000001 -6769.8633 0.42413499000000005 7.2571861 1.8690516000000001
60686 30600.0 -647.5486800000001 4740.4589000000005 -5201.9677 0.8327527800000001 5.5694327999999995 4.9670510000000005
60686 31050.0 -214.38660000000002 6621.3912 -2467.0221 1.0557301000000001 2.6301671 6.9561476
60686 31500.0 266.84141 7017.689200000001 822.40599 1.0421658 -0.90254094 7.3832747
60686 31950.0 688.16537 5839.2013 3926.5777000000003 0.7951665000000001 -4.2306482 6.1519933
60686 32400.0 954.46608 3346.524 6143.733 0.37137765 -6.612770900000001 3.5487602000000003
60686 32850.0 1008.0848000000001 106.62607000000001 6988.5903 -0.13631683 -7.5082816999999995 0.14287336
60686 33300.0 836.3070799999999 -3157.1606 6266.9748 -0.6124990299999999 -6.7209982 -3.2881118000000003
60686 33750.0 477.54596000000004 -5715.2148 4140.7696000000005 -0.95159501 -4.431540200000001 -5.9810577
60686 34200.0 12.01996 -6995.8028 1086.5893 -1.0779608 -1.1516643999999998 -7.3335604000000005
60686 34650.0 -456.21746 -6713.3956 -2211.0692999999997 -0.96353918 2.3817059 -7.0432609
60686 35100.0 -822.7545799999999 -4933.4980000000005 -5014.6991 -0.63469796 5.376812 -5.1806452
60686 35550.0 -1006.2382 -2055.7803 -6699.8289 -0.16544111 7.170135500000001 -2.1672081
60686 36000.0 -966.1166 1278.7613999999999 -6892.3376 0.34047892 7.3692207 1.3285851
60686 36450.0 -711.07177 4328.4318 -5547.548400000001 0.77180373 5.9265945 4.536493999999999
60686 36900.0 -297.21078000000006 6411.2366 -2960.5379 1.0323596 3.1508686 6.740865
60686 37350.0 183.19169 7055.8055 291.28128000000004 1.0619157000000001 -0.34273292 7.434725800000001
60686 37800.0 622.3977 6113.793000000001 3477.3222 0.85266046 -3.763696 6.4531013999999995
60686 38250.0 921.68934 3797.1324 5879.6581 0.4522174 -6.3344223 4.0199759
60686 38700.0 1013.7531 627.96596 6956.482400000001 -0.049688378 -7.4837172 0.6827151800000001
60686 39150.0 878.68879 -2684.6607000000004 6471.1917 -0.54062 -6.9468918 -2.8100709000000004
60686 39600.0 546.99284 -5393.134599999999 4533.7388 -0.90879374 -4.8528845 -5.6604474
60686 40050.0 92.240008 -6890.213400000001 1574.0520000000001 -1.0742224 -1.6718483000000002 -7.2455413
60686 40500.0 -383.28394000000003 -6840.7874 -1740.3033 -0.9987843900000001 1.8871069 -7.2023682
60686 40950.0 -772.7037700000001 -5255.4042 -4662.6374000000005 -0.69966932 5.0194392 -5.5416612
60686 41400.0 -988.32803 -2487.1284 -6533.7651 -0.24387311 7.0309693 -2.6371944
60686 41850.0 -982.9451700000001 836.38805 -6939.9892 0.26723859 7.4590747 0.86548586
60686 42300.0 -757.46576 3973.7009 -5788.4223 0.71813911 6.2072308000000005 4.1726441
60686 42750.0 -361.74382 6215.898400000001 -3332.2734 1.0080463 3.5648664 6.5419697
60686 43200.0 115.41998 7060.3028 -124.17768 1.0720364 0.11524503 7.4423065
60686 43650.0 566.63017 6315.848400000001 3111.9907000000003 0.8949308600000001 -3.3594295 6.6642973
60686 44100.0 890.51354 4152.4349 5646.9250999999995 0.51778046 -6.070459 4.391203000000001
60686 44550.0 1015.1566 1058.6112 6915.3732 0.026156089 -7.4156812 1.1420255
60686 45000.0 913.33525 -2271.573 6637.2653 -0.46994421999999997 -7.1039806 -2.3534501
60686 45450.0 608.05975 -5095.848 4876.917 -0.86108407 -5.2099295 -5.3214897
60686 45900.0 167.31464000000003 -6784.6598 2027.2147 -1.0605715 -2.1525459000000002 -7.102769400000001
60686 46350.0 -310.71845 -6960.1413 -1275.7056000000002 -1.0235897 1.387636 -7.2968023
60686 46800.0 -719.42043 -5582.6179 -4293.3139 -0.7583327900000001 4.6175195 -5.859049
60686 47250.0 -967.70452 -2960.2526000000003 -6351.1581 -0.3241996 6.8157337 -3.1127801
60686 47700.0 -1000.2662 321.94159 -6989.6107 0.18234096 7.4945379 0.33002311
60686 48150.0 -809.58137 3531.8834 -6064.1212000000005 0.64923298 6.5000288 3.7063598000000004
60686 48600.0 -437.78941 5950.3437 -3778.4109 0.97194355 4.0473402 6.2596762
60686 49050.0 32.268653 7033.889400000001 -642.37397 1.0771922 0.67527126 7.4107199
60686 49500.0 495.0615 6535.174400000001 2638.5941000000003 0.94025929 -2.8483294999999997 6.8911525000000005
60686 49950.0 846.6071700000001 4568.465099999999 5325.166200000001 0.59298498 -5.7233292 4.8248683
60686 50400.0 1008.7377 1578.3879 6817.5985 0.11443688 -7.3097386 1.6850123000000001
60686 50850.0 945.91374 -1763.8257 6785.8589 -0.38817693000000003 -7.262381599999999 -1.822241
60686 51300.0 672.48835 -4713.3988 5239.3297 -0.80399294 -5.5979359 -4.9205594
60686 51750.0 249.3234 -6613.0801 2522.9475 -1.0410606 -2.6838474999999997 -6.922700300000001
60686 52200.0 -229.42438 -7037.7653 -757.49261 -1.0461837 0.83287562 -7.3786325
60686 52650.0 -656.9629 -5891.405400000001 -3868.3749 -0.81780936 4.1645063 -6.1835526000000005
60686 53100.0 -937.90254 -3430.3878 -6113.8244 -0.40708370000000005 6.565071 -3.6060718
60686 53550.0 -1009.6223000000001 -204.2035 -6992.0297 0.09446708200000001 7.5008393 -0.22213521
60686 54000.0 -855.9372900000001 3067.2633 -6305.321400000001 0.5757691300000001 6.7619258 3.2173337
60686 54450.0 -511.389 5651.8861 -4208.751200000001 0.92876393 4.5066564 5.9393528
60686 54900.0 -51.838277000000005 6969.122200000001 -1163.6496000000002 1.0746958 1.2342423 7.3356916000000005
60686 55350.0 419.32529 6720.4544000000005 2143.5786000000003 0.97926103 -2.3178763 7.0808206
60686 55800.0 796.49279 4963.5105 4969.5022 0.66419606 -5.3433074 5.2327253
60686 56250.0 994.9148700000001 2092.7506000000003 6677.434700000001 0.20174215 -7.166802 2.2184038
60686 56700.0 971.2901899999999 -1245.0198 6891.2606 -0.30463016 -7.3853386 -1.2854844
60686 57150.0 731.0234399999999 -4305.049900000001 5563.9309 -0.74295034 -5.955972399999999 -4.5015482
60686 57600.0 327.60803999999996 -6403.9147 2991.5062000000003 -1.015949 -3.1940196999999997 -6.713748400000001
60686 58050.0 -149.04687 -7071.0758 -251.38164000000003 -1.0620531000000002 0.28619752 -7.4232133000000005
60686 58500.0 -592.13152 -6150.4633 -3437.0201 -0.8715461299999999 3.7016511999999997 -6.4747529
60686 58950.0 -902.5545000000001 -3853.3952000000004 -5850.5733 -0.48500496 6.296750200000001 -4.0675529
60686 59400.0 -1011.5189 -692.5306800000001 -6955.3583 0.010152462999999999 7.4728825 -0.7461871999999999
60686 59850.0 -894.0009200000001 2621.2986 -6498.7354000000005 0.50221001 6.974919 2.7368988
60686 60300.0 -576.46732 5348.7543 -4584.594599999999 0.88220265 4.9154831 5.6082427
60686 60750.0 -129.8409 6878.442400000001 -1641.2996 1.0648981000000002 1.7530479 7.2227252
60686 61200.0 345.88692 6867.3973 1670.7371 1.0090237 -1.8006081 7.2152234
60686 61650.0 744.2606999999999 5320.3697999999995 4608.2688 0.72782965 -4.9442652 5.5913024
60686 62100.0 976.61885 2585.8722000000002 6515.2645 0.28545871 -6.9772204 2.7241158999999997
60686 62550.0 991.68411 -724.1967900000001 6968.865400000001 -0.21974432 -7.455140800000001 -0.74627126
60686 63000.0 786.15661 -3873.0112000000004 5868.218 -0.67655452 -6.2734771 -4.0536598
60686 63450.0 405.39112 -6157.9555 3456.1181 -0.98370907 -3.6870873000000004 -6.4636575999999994
60686 63900.0 -65.91395600000001 -7065.5204 269.9142 -1.0713749000000001 -0.26692804000000003 -7.4291533
60686 64350.0 -522.47001 -6388.566400000001 -2977.2572000000005 -0.91892903 3.2184199 -6.7258286
60686 64800.0 -861.84532 -4278.5151 -5555.0158 -0.5605913299999999 5.9796804 -4.5113634000000005
60686 65250.0 -1008.2293000000001 -1210.462 -6885.6861 -0.077453853 7.3973058 -1.2888203
60686 65700.0 -929.06333 2128.6072000000004 -6672.143900000001 0.42257553999999997 7.16045 2.2195720999999997
60686 66150.0 -642.1457800000001 4991.7306 -4962.9327 0.8283737800000001 5.3215631000000005 5.2322641
60686 66600.0 -211.49720000000002 6737.4935000000005 -2140.1454 1.049115 2.2888091 7.0736104
60686 67050.0 266.55313 6974.1786 1163.2948999999999 1.0349399000000001 -1.2566739 7.326918
60686 67500.0 684.98375 5650.4401 4205.7565 0.78932013 -4.5156541 5.9369623
60686 67950.0 950.50761 3064.3424 6306.919900000001 0.36853934 -6.758508300000001 3.2247607
60686 68400.0 1004.379 -204.3713 6999.9937 -0.13361172999999998 -7.4932724 -0.20273196999999998
60686 68850.0 834.68997 -3427.4861 6130.9274000000005 -0.60639884 -6.5593256 -3.5873106
60686 69300.0 478.87044000000003 -5885.7372000000005 3891.2304 -0.9450880899999999 -4.1577271 -6.1781988000000005
60686 69750.0 16.048998 -7026.797500000001 779.67274 -1.0731212 -0.81798074 -7.389556499999999
60686 70200.0 -450.45719 -6592.5491 -2507.6554 -0.96055336 2.7114152 -6.9404617
60686 70650.0 -815.93799 -4679.1115 -5231.1587 -0.63270983 5.6295209999999996 -4.9316438
60686 71100.0 -998.5987700000001 -1716.6153000000002 -6779.612400000001 -0.16389704 7.282614 -1.8203169000000001
60686 71550.0 -957.99378 1629.4147 -6808.4153 0.34085337 7.3052854 1.6942455
60686 72000.0 -703.31802 4611.3463 -5311.974 0.76951708 5.6950162 4.829893200000001
60686 72450.0 -291.3722 6561.9703 -2624.6957 1.0264791 2.8085683 6.885513700000001
60686 72900.0 185.80633 7043.844900000001 651.58075 1.0537982 -0.70779979 7.396817100000001
60686 73350.0 621.4134300000001 5949.296200000001 3781.6609 0.84538797 -4.0632628 6.249121000000001
60686 73800.0 918.2507800000001 3525.4583 6065.0807 0.44895323000000004 -6.503399900000001 3.7068615
60686 74250.0 1010.461 315.72288000000003 6993.3862 -0.046866095 -7.4909848000000006 0.34073183
60686 74700.0 877.6029100000001 -2964.2572999999998 6359.9903 -0.5325334500000001 -6.809488900000001 -3.103131
60686 75150.0 548.94761 -5582.3928 4304.0796 -0.90050481 -4.6048197 -5.860970099999999
60686 75600.0 98.16797700000001 -6958.2443 1288.2398 -1.0664942000000002 -1.3659828 -7.301000200000001
60686 76050.0 -374.7571 -6773.1266 -2018.1268 -0.9951534400000001 2.1743132000000003 -7.1119909
60686 76500.0 -763.9028900000001 -5072.9894 -4872.1553 -0.7016470100000001 5.2308338 -5.3311764
60686 76950.0 -982.6268100000001 -2241.4877 -6636.3365 -0.25210839 7.113747500000001 -2.3610459
60686 77400.0 -982.3839399999999 1089.6388000000002 -6917.8805999999995 0.25317972 7.4099618000000005 1.1336618
60686 77850.0 -763.19344 4177.7459 -5653.6096 0.7026375 6.05336 4.3793791
60686 78300.0 -373.70234000000005 6333.8816 -3124.5269 0.99584272 3.3390352 6.6496148
60686 78750.0 98.89965 7074.407200000001 101.79649 1.0663016 -0.12166479 7.428488000000001
60686 79200.0 549.5948199999999 6226.8141 3307.1957 0.89937381 -3.5578437 6.549517600000001
60686 79650.0 876.89867 3981.1648 5768.1483 0.5310372800000001 -6.2053613 4.2007808
60686 80100.0 1007.8319 843.51647 6934.0683 0.04291317 -7.460954200000001 0.9027075099999999
60686 80550.0 913.34758 -2480.7056000000002 6544.9552 -0.45578786000000004 -7.034476300000001 -2.6054266
60686 81000.0 614.40477 -5248.095200000001 4686.8927 -0.85109044 -5.0277733 -5.519846800000001
60686 81450.0 176.93817 -6836.1058 1769.7564 -1.056281 -1.8929771000000002 -7.1985746
60686 81900.0 -300.33499 -6887.0123 -1546.4468000000002 -1.0242708 1.6708522000000001 -7.2568013
60686 82350.0 -710.17944 -5390.1777999999995 -4514.6133 -0.7623836300000001 4.8531523 -5.6817472
60686 82800.0 -960.87723 -2684.0096000000003 -6468.576099999999 -0.33084574 6.9394117 -2.8378852
60686 83250.0 -997.02697 621.15299 -6974.421700000001 0.17302245 7.4707034000000005 0.63108404
60686 83700.0 -811.06602 3788.106 -5922.4989000000005 0.63776071 6.3374332 3.9549752
60686 84150.0 -444.45315000000005 6111.1843 -3548.0143 0.96074384 3.7905582 6.3978108
60686 84600.0 21.273172 7071.1517 -380.246 1.0697465 0.39397346 7.4125095000000005
60686 85050.0 482.22553000000005 6452.2145 2872.5303 0.939926 -3.0923143 6.7683209
60686 85500.0 835.51124 4392.6812 5482.3967 0.60039594 -5.886521800000001 4.6100536000000005
60686 85950.0 1002.3793000000001 1353.0744 6866.034000000001 0.12712436 -7.3658452 1.422138
60687 0.0 945.58199 -1988.2819 6713.8432 -0.37489878 -7.2018696 -2.0867354999999996
