CIC_OEM_VERS = 2.0
CREATION_DATE = 2025-01-11T09:56:36.540655
ORIGINATOR = ISAE-SUPAERO


META_START
OBJECT_NAME = PLEIADES-NEO3
OBJECT_ID = PLEIADES-NEO3
CENTER_NAME = Earth
REF_FRAME = EME2000
TIME_SYSTEM = UTC
START_TIME = 2025-01-11T00:00:00.000
USEABLE_START_TIME = 2025-01-11T00:00:00.000
USEABLE_STOP_TIME = 2025-01-12T00:00:00.000
STOP_TIME = 2025-01-12T00:00:00.000
INTERPOLATION = lagrange
INTERPOLATION_DEGREE = 5
META_STOP



60686 0.0 -893.99532 -4198.3736 -5512.4578 -0.44304476 6.0371164 -4.5209003
60686 450.0 -981.5246500000001 -1101.1068 -6823.456099999999 0.05878178 7.4597777 -1.2120658000000002
60686 900.0 -842.53135 2252.7521 -6555.9653 0.54729157 7.1502897999999995 2.3814602000000002
60686 1350.0 -508.34651 5084.5848 -4765.5553 0.90874182 5.1868246000000005 5.4191218
60686 1800.0 -56.454624 6738.977900000001 -1868.7193 1.0599672 2.0208384 7.2005133
60686 2250.0 408.52513 6833.2057 1462.1089 0.96581805 -1.6089005 7.3099179
60686 2700.0 779.16797 5349.265 4454.652400000001 0.64936693 -4.8549739 5.7296919
60686 3150.0 970.62249 2634.3736000000004 6420.4933 0.18521658 -6.9729563 2.837872
60686 3600.0 939.66319 -684.35366 6911.603 -0.31999036999999997 -7.4887771 -0.69704396
60686 4050.0 693.68353 -3846.4345000000003 5817.1136 -0.75204294 -6.290005 -4.0732289999999995
60686 4500.0 288.70782 -6126.3657 3385.7563999999998 -1.0127575 -3.6425565000000004 -6.5221757
60686 4950.0 -182.64525 -6995.8757000000005 173.59207 -1.0409909 -0.14456759 -7.4732579
60686 5400.0 -611.77557 -6249.7363 -3078.5084 -0.82854936 3.3962203 -6.6942839
60686 5850.0 -899.35284 -4057.8407 -5616.4899000000005 -0.42432909 6.1531441000000004 -4.3621901
60686 6300.0 -978.8961400000001 -927.25016 -6851.8657 0.077738759 7.4858424999999995 -1.0199244
60686 6750.0 -832.59645 2415.9574 -6501.8387 0.56208968 7.0836268 2.5614756
60686 7200.0 -494.40183 5200.8643 -4648.9704 0.91581807 5.0420064 5.5443649
60686 7650.0 -41.714064 6788.6428 -1718.256 1.0575412 1.8411265 7.2385021
60686 8100.0 420.67168 6799.8357000000005 1612.4955 0.95684351 -1.7825602 7.2691478
60686 8550.0 785.31036 5236.0725 4566.5343 0.6359351400000001 -4.9995753999999994 5.6236574
60686 9000.0 968.73139 2464.3019 6464.1765000000005 0.16691186 -7.0652801 2.6680198
60686 9450.0 928.76038 -877.2213800000001 6867.7848 -0.34044234 -7.4906007 -0.90584164
60686 9900.0 674.23537 -4015.9002000000005 5680.7031 -0.76848228 -6.1839532 -4.265916
60686 10350.0 263.94079 -6226.5362000000005 3177.5537999999997 -1.0190945 -3.4471933 -6.6393255
60686 10800.0 -207.33987 -6997.964900000001 -62.077059999999996 -1.0341643 0.085657263 -7.4740993
60686 11250.0 -630.73377 -6153.618 -3287.4727000000003 -0.81079468 3.5910888 -6.5793812
60686 11700.0 -908.9922 -3892.281 -5754.6987 -0.40194618000000004 6.259571 -4.171927800000001
60686 12150.0 -978.74972 -737.81508 -6898.4263 0.097813811 7.4857259 -0.81271535
60686 12600.0 -824.3681899999999 2585.6601 -6458.097900000001 0.57502368 6.9964613 2.7321425
60686 13050.0 -480.98247 5315.8538 -4533.0785000000005 0.92146004 4.898643600000001 5.6573118000000004
60686 13500.0 -26.894971 6821.9674 -1561.8614 1.0568423 1.6619726000000001 7.2867977
60686 13950.0 433.30309000000005 6751.7246 1770.5051 0.94807034 -1.9692282 7.230502
60686 14400.0 793.17173 5118.2537 4691.784 0.61972369 -5.1471042 5.495584200000001
60686 14850.0 969.46813 2299.9111000000003 6524.3596 0.14839897999999999 -7.1308316000000005 2.4882362
60686 15300.0 921.24759 -1051.9786000000001 6842.2396 -0.3576819 -7.4661066 -1.0988858000000001
60686 15750.0 660.29382 -4159.0653 5575.6245 -0.7802848 -6.071710100000001 -4.4266095
60686 16200.0 246.41684 -6303.8397 3014.4235 -1.0228711 -3.2719448000000004 -6.7313974
60686 16650.0 -224.49009 -6989.1867 -246.49389000000002 -1.0286907 0.28550039 -7.474347
60686 17100.0 -643.4837600000001 -6058.0273 -3450.5004 -0.7970159099999999 3.7690751000000002 -6.4852341
60686 17550.0 -914.2100300000001 -3729.7841000000003 -5857.581400000001 -0.38290447 6.372351 -4.00396
60686 18000.0 -975.05317 -544.92199 -6916.3297 0.11755775 7.5051315999999995 -0.61078892
60686 18450.0 -812.55604 2764.8803 -6386.6205 0.59058082 6.9175838999999995 2.9192359000000003
60686 18900.0 -463.85914 5440.737700000001 -4389.392900000001 0.92902338 4.741073 5.7846098
60686 19350.0 -8.5491931 6865.621 -1380.5353 1.0547126 1.4646628000000002 7.324383300000001
60686 19800.0 448.63864 6706.586 1946.9875 0.93716003 -2.1587329 7.172435800000001
60686 20250.0 802.12824 4997.761 4823.3172 0.6028947600000001 -5.286332000000001 5.3582612
60686 20700.0 970.2398000000001 2133.8179 6582.046 0.12956345 -7.1910132 2.3038892
60686 21150.0 914.0961500000001 -1222.9813000000001 6815.3662 -0.37363593 -7.435241 -1.2832512
60686 21600.0 647.0754900000001 -4299.4018 5472.7141 -0.79120375 -5.9527546000000005 -4.5796803
60686 22050.0 230.23094 -6377.0149 2859.0815000000002 -1.0256796 -3.0970706 -6.8127371000000005
60686 22500.0 -240.03703000000002 -6978.0136 -418.98826 -1.0231087 0.47871979 -7.4678548000000005
60686 22950.0 -654.81925 -5963.7918 -3600.2439 -0.78385419 3.9393911 -6.3902706
60686 23400.0 -918.19375 -3568.8299 -5947.1838 -0.36467445 6.4832148 -3.8397636000000004
60686 23850.0 -970.3320500000001 -353.52834 -6922.2171 0.13724377999999998 7.5260495 -0.41014
60686 24300.0 -799.55772 2943.1820000000002 -6302.8139 0.6068467399999999 6.8389522 3.1087069
60686 24750.0 -445.16936 5563.811900000001 -4232.0927 0.9374279400000001 4.579282 5.914358
60686 25200.0 11.602893 6904.3506 -1185.3917 1.0527961000000001 1.2605044 7.3600567
60686 25650.0 465.66297 6653.8792 2134.8694 0.92562635 -2.3523299000000004 7.1062117
60686 26100.0 812.4041100000001 4869.4229000000005 4961.8365 0.58518702 -5.422118 5.210630500000001
60686 26550.0 972.02277 1963.1896000000002 6642.934700000001 0.11033414000000001 -7.2404552 2.1139933
60686 27000.0 907.8571400000001 -1395.0111000000002 6790.6585000000005 -0.39000832 -7.391509 -1.4710174
60686 27450.0 634.45174 -4431.429400000001 5369.312400000001 -0.8013788 -5.8372861 -4.7227562
60686 27900.0 215.69205 -6447.3294000000005 2713.8689 -1.0272806 -2.9297545 -6.8790364
60686 28350.0 -253.53888 -6969.5443 -575.36621 -1.0171797 0.6554930900000001 -7.4517688
60686 28800.0 -664.1965200000001 -5880.4462 -3731.4334 -0.77194627 4.0894924 -6.2976861
60686 29250.0 -921.43409 -3432.9154 -6023.3496 -0.34900892 6.5738608 -3.6888327
60686 29700.0 -966.25685 -193.66173 -6923.2044000000005 0.15358113 7.5395612000000005 -0.23254571000000002
60686 30150.0 -788.5729699999999 3090.2059 -6224.5783 0.62063596 6.7685152 3.2766102000000004
60686 30600.0 -429.19298 5661.8488 -4087.8731000000002 0.94526461 4.4350541 6.033244
60686 31050.0 29.243936 6926.284900000001 -1005.188 1.0520825 1.0731493 7.3970083
60686 31500.0 480.95928000000004 6590.4931 2310.5232 0.91575658 -2.5375846 7.046956000000001
60686 31950.0 821.46339 4729.7316 5090.6965 0.56860209 -5.5589475 5.0693921
60686 32400.0 972.8317900000001 1780.2127 6695.6507 0.09109561 -7.2916869 1.924292
60686 32850.0 900.37292 -1579.0307 6756.1298 -0.40679875 -7.3452073 -1.660609
60686 33300.0 620.78039 -4574.8939 5258.4292000000005 -0.81153173 -5.7078708 -4.8655851000000006
60686 33750.0 198.1527 -6516.5788 2546.0912000000003 -1.0298907 -2.7497878 -6.9520936
60686 34200.0 -270.22971 -6953.0111 -755.68064 -1.0106866 0.84799671 -7.431727
60686 34650.0 -676.1451500000001 -5783.1866 -3882.0747 -0.75800701 4.2487143 -6.1901244
60686 35100.0 -926.0580500000001 -3278.2290000000003 -6110.6151 -0.33109312 6.6636402 -3.5204608
60686 35550.0 -962.71465 -18.219654 -6928.353099999999 0.17128424 7.5405123000000005 -0.042953412999999996
60686 36000.0 -777.85383 3245.9458 -6147.7002 0.63424482 6.6818367 3.4446827
60686 36450.0 -413.84823 5762.2389 -3947.395 0.95185906 4.2805989 6.1425928999999995
60686 36900.0 45.713385 6947.8588 -833.3298100000001 1.0502746 0.88508602 7.4234004
60686 37350.0 494.7108 6527.617 2473.7416000000003 0.90582465 -2.7166203 6.9835499
60686 37800.0 828.89093 4593.6762 5204.9301 0.55271388 -5.6917103 4.9307492
60686 38250.0 972.2399200000001 1597.4928 6735.4298 0.07151708200000001 -7.346429199999999 1.7321583
60686 38700.0 891.1055 -1764.5234 6706.258 -0.42496551 -7.302073 -1.8587855
60686 39150.0 604.54509 -4719.786599999999 5127.205599999999 -0.82363455 -5.5737976 -5.0212487
60686 39600.0 178.50787 -6586.000599999999 2362.2227000000003 -1.0326081 -2.5566003 -7.0252685
60686 40050.0 -288.76329 -6931.3323 -949.7450200000001 -1.0031756 1.0519951 -7.4033856
60686 40500.0 -689.38616 -5675.6945000000005 -4042.1576 -0.74229104 4.4154394 -6.0686693
60686 40950.0 -931.1639100000001 -3112.3531000000003 -6200.8288 -0.31134846 6.7525927 -3.3376127
60686 41400.0 -958.89733 166.59524 -6930.4862 0.1904615 7.534680900000001 0.15813715
60686 41850.0 -766.3105 3407.1486 -6063.6228 0.6488274 6.5849252 3.6198813000000003
60686 42300.0 -397.30925 5862.223400000001 -3797.0066 0.95888483 4.1167527 6.2542901
60686 42750.0 62.782767 6970.8733 -657.15327 1.0472683999999999 0.69221769 7.4397123
60686 43200.0 508.58719 6463.128 2637.3424 0.89521345 -2.8928382000000004 6.9125828
60686 43650.0 836.56817 4458.3726 5319.075900000001 0.53672063 -5.814676 4.7878625
60686 44100.0 971.2152 1423.0168 6768.3393 0.053175381 -7.3943392 1.5470730000000001
60686 44550.0 881.56991 -1940.6194 6650.4434 -0.44340047 -7.2560798 -2.0589147
60686 45000.0 589.1938100000001 -4855.9928 4998.8967999999995 -0.8356731 -5.4299446 -5.1764232
60686 45450.0 159.76679000000001 -6643.466200000001 2181.7965 -1.0357085 -2.3566983 -7.099939099999999
60686 45900.0 -306.65270000000004 -6893.5928 -1141.7703999999999 -0.99632812 1.2673803000000001 -7.3790249999999995
60686 46350.0 -702.09792 -5547.8094 -4200.5346 -0.726493 4.5953216 -5.946172400000001
60686 46800.0 -934.55301 -2914.9241 -6281.5211 -0.28990125 6.8606776 -3.1436619
60686 47250.0 -951.99871 389.03794 -6913.6698 0.21365815000000002 7.5351909 0.3877535
60686 47700.0 -749.8349300000001 3603.7596000000003 -5946.963900000001 0.66713249 6.471445 3.8237262000000003
60686 48150.0 -374.80409000000003 5987.5949 -3605.6466 0.9668990300000001 3.9147155 6.3771033
60686 48600.0 86.67017100000001 6990.2408 -430.38755 1.0437084 0.45371128 7.456483400000001
60686 49050.0 528.14414 6380.795 2844.389 0.8799378600000001 -3.1081813 6.8118809
60686 49500.0 848.06204 4301.9501 5463.041700000001 0.51420151 -5.9474481 4.598594
60686 49950.0 973.20957 1235.0961000000002 6823.9401 0.0312272 -7.4157953 1.3317678000000002
60686 50400.0 875.08855 -2115.0879 6615.3017 -0.45889441000000003 -7.1822652 -2.2417431000000003
60686 50850.0 575.9655200000001 -4978.959400000001 4883.005099999999 -0.84468223 -5.295224 -5.3077245
60686 51300.0 143.97798 -6693.3391 2020.9829 -1.0370873999999999 -2.1780320000000004 -7.1579579
60686 51750.0 -321.22081000000003 -6859.7784 -1309.1027 -0.98958242 1.4538392 -7.3490601
60686 52200.0 -711.9743000000001 -5435.988 -4334.9744 -0.71279453 4.7483132999999995 -5.832820300000001
60686 52650.0 -937.63995 -2752.1818 -6352.974700000001 -0.2715546 6.9407446 -2.9666558
60686 53100.0 -945.8847099999999 570.44338 -6894.1863 0.23321096 7.5296222 0.59217542
60686 53550.0 -736.4942900000001 3759.7505 -5844.8195000000005 0.68297434 6.3646206 4.0078177
60686 54000.0 -356.82182 6080.84 -3440.7794 0.9745054400000001 3.7260445 6.4926879
60686 54450.0 105.81876 6989.8128 -234.74237 1.0414239 0.23058135 7.4773347999999995
60686 54900.0 543.9515799999999 6280.1358 3026.0406000000003 0.86734408 -3.3225047 6.727816300000001
60686 55350.0 856.22104 4116.7762999999995 5585.0969000000005 0.49300572 -6.1016905 4.4196372
60686 55800.0 969.85988 996.9696600000001 6845.417 0.0044736787 -7.474775 1.0858461
60686 56250.0 859.66065 -2352.1928 6521.5613 -0.48499057 -7.1110940000000005 -2.5005237000000005
60686 56700.0 551.08729 -5157.1179 4688.443200000001 -0.8617483 -5.0982186 -5.503971
60686 57150.0 114.66393 -6765.4998 1764.698 -1.0398481 -1.9079946 -7.2349844999999995
60686 57600.0 -348.33671999999996 -6806.9629 -1568.9475 -0.97726237 1.7270713000000002 -7.2876443
60686 58050.0 -730.85045 -5273.21 -4539.5481 -0.68837406 4.9580443 -5.6478766
60686 58500.0 -944.3872600000001 -2520.4865 -6457.9075 -0.24216220000000002 7.0341553 -2.7109167000000003
60686 58950.0 -940.54949 812.47974 -6886.0738 0.25878197000000003 7.4881907000000005 0.8446521800000001
60686 59400.0 -720.46546 3958.6441 -5727.0757 0.7002427800000001 6.220225800000001 4.205616
60686 59850.0 -334.58346 6193.6097 -3246.8356000000003 0.98118223 3.5168801 6.6013280000000005
60686 60300.0 128.42836 7000.294900000001 -16.148761 1.0361224 -0.0030632834999999997 7.4739901
60686 60750.0 561.76526 6190.8825 3218.2439 0.85191375 -3.5231195 6.6172794999999995
60686 61200.0 865.5127600000001 3953.0593 5708.3730000000005 0.47165481 -6.2261698 4.232486799999999
60686 61650.0 969.94027 804.58957 6880.4325 -0.016572316 -7.4919232000000004 0.874592
60686 62100.0 851.1726500000001 -2529.0387 6464.9693 -0.50098601 -7.0330313 -2.6852472
60686 62550.0 536.33614 -5279.5868 4556.268099999999 -0.87087247 -4.9513150999999995 -5.6312833
60686 63000.0 98.13687300000001 -6817.8563 1597.1152 -1.0391935 -1.7152327 -7.2717693
60686 63450.0 -362.68227 -6773.4749 -1732.6493 -0.96856483 1.9100640000000002 -7.2351738
60686 63900.0 -739.78086 -5165.5782 -4661.43 -0.67445794 5.0950646 -5.5248186
60686 64350.0 -946.2532900000001 -2366.1052000000004 -6512.3175 -0.22521961 7.1018834 -2.5396086
60686 64800.0 -934.67115 978.6507700000001 -6858.679400000001 0.27570713 7.471325 1.0307302999999999
60686 65250.0 -707.61318 4097.6754 -5619.8712000000005 0.71366747 6.1175898 4.3671583
60686 65700.0 -317.37513 6270.3481 -3081.6683 0.98741634 3.3464874 6.6973764000000005
60686 66150.0 146.41872 6992.1008 172.16955 1.0332011 -0.20224024000000002 7.4779158
60686 66600.0 576.41897 6096.215700000001 3386.4691000000003 0.83999676 -3.7011939000000003 6.5238062
60686 67050.0 872.03374 3781.9057000000003 5808.675 0.45366885 -6.351517100000001 4.0661774
60686 67500.0 967.4581 598.4681899999999 6893.8371 -0.038437427 -7.5223547 0.6582592100000001
60686 67950.0 839.19834 -2724.0192 6380.9093 -0.52050447 -6.9550696 -2.8935257
60686 68400.0 517.14447 -5417.7351 4390.6954000000005 -0.8827338 -4.7806391999999995 -5.7778754
60686 68850.0 75.55590600000001 -6859.1183 1382.9755 -1.0411737 -1.4990058 -7.3254148
60686 69300.0 -383.53683 -6714.865900000001 -1945.509 -0.9589643200000001 2.1265725000000004 -7.174986700000001
60686 69750.0 -754.17624 -5021.3196 -4824.1827 -0.65596809 5.252202100000001 -5.3671447
60686 70200.0 -951.3539499999999 -2172.2217 -6590.4687 -0.20343138 7.161271800000001 -2.330316
60686 70650.0 -930.32821 1175.2715 -6841.2891 0.29503298 7.4254248 1.2372873
60686 71100.0 -695.95568 4253.0951 -5519.1946 0.7264107000000001 5.9852343 4.5247588
60686 71550.0 -301.62073 6352.9490000000005 -2925.2292 0.99190284 3.1615318 6.7782173000000006
60686 72000.0 162.19447 6987.0632000000005 344.52479 1.0290805 -0.4011621 7.4686429
60686 72450.0 588.52762 6005.3477 3534.493 0.8283020299999999 -3.8761806 6.4282219
60686 72900.0 878.75755 3634.4697 5904.8835 0.4361988 -6.4525676 3.89864
60686 73350.0 966.03662 423.97961 6907.8543 -0.056083440000000005 -7.5353502 0.46993246
60686 73800.0 830.3372800000001 -2884.2047000000002 6312.1438 -0.53526247 -6.8789831999999995 -3.0659136
60686 74250.0 502.93876 -5526.5691 4255.4622 -0.89129059 -4.632965 -5.8952374
60686 74700.0 59.285332000000004 -6891.5156 1212.6723000000002 -1.0416127 -1.3135864 -7.3608793
60686 75150.0 -398.1177 -6663.2879 -2111.4319 -0.95115012 2.3071188 -7.1203361
60686 75600.0 -763.7034 -4897.4718 -4947.3099 -0.64169939 5.3865487000000005 -5.2348923
60686 76050.0 -953.59723 -2004.3961000000002 -6642.0683 -0.18594541 7.2186347 -2.1508032
60686 76500.0 -924.71163 1348.7223999999999 -6808.9899000000005 0.31180585000000005 7.3924542 1.423435
60686 76950.0 -683.68584 4392.244900000001 -5409.7162 0.73861716 5.8685774 4.6748139
60686 77400.0 -285.46024 6425.437400000001 -2763.2588 0.9966208400000001 2.9873932 6.8566635
60686 77850.0 178.52707 6975.9141 521.6610000000001 1.0251044999999999 -0.59186115 7.456226200000001
60686 78300.0 601.26052 5913.1998 3685.7631 0.81661087 -4.0382693 6.3280705
60686 78750.0 884.99437 3483.1621 5995.5357 0.41962779 -6.5483361 3.7350043
60686 79200.0 964.40882 248.84842 6917.4363 -0.073648921 -7.5436577 0.28136889000000004
60686 79650.0 821.3216500000001 -3042.8854 6239.2637 -0.54985465 -6.798491 -3.2365356000000003
60686 80100.0 488.67049 -5632.1853 4117.331700000001 -0.89959328 -4.4822132 -6.008962400000001
60686 80550.0 43.085689 -6919.7592 1041.3937 -1.041732 -1.1271952 -7.3915993
60686 81000.0 -412.50249 -6607.6774000000005 -2276.177 -0.9431038700000001 2.4862365 -7.0610226
60686 81450.0 -772.94575 -4770.5498 -5067.3858 -0.62731986 5.5173974 -5.0993849
60686 81900.0 -955.53897 -1835.3727 -6689.5718 -0.16850389999999998 7.271298600000001 -1.9700063
60686 82350.0 -918.8532700000001 1521.1779 -6772.5522 0.32836002000000003 7.3546385 1.6084497
60686 82800.0 -671.29975 4528.4256 -5297.1385 0.75049944 5.7481983 4.8214714
60686 83250.0 -269.3411 6493.7351 -2600.0866 1.0009727000000002 2.8116958 6.930265400000001
60686 83700.0 194.66325 6960.409900000001 697.7979399999999 1.0207995 -0.78145657 7.4389258
60686 84150.0 613.6708199999999 5817.7123 3834.0587 0.80470499 -4.1970623 6.2242119
60686 84600.0 890.85127 3330.341 6081.9767 0.40301422000000003 -6.6395325000000005 3.5696905
60686 85050.0 962.42309 74.26129300000001 6922.625400000001 -0.091116971 -7.5472218 0.093259955
60686 85500.0 812.03718 -3198.9867000000004 6162.695900000001 -0.5641783100000001 -6.7140927 -3.4046279
60686 85950.0 474.26984000000004 -5733.8189 3976.9928 -0.90757162 -4.3291949 -6.118741
60687 0.0 26.893174 -6943.4493 869.84342 -1.0415626 -0.9405596399999999 -7.4178228
