CIC_AEM_VERS = 1.0
CREATION_DATE = 2025-01-11T10:20:49.855Z
ORIGINATOR = CS Group

META_START
OBJECT_NAME = Sat
OBJECT_ID = Sat
CENTER_NAME = null
REF_FRAME_A = EME2000
REF_FRAME_B = SC_BODY_1
ATTITUDE_DIR = A2B
TIME_SYSTEM = UTC
START_TIME = 2025-01-10T05:46:02.266464
STOP_TIME = 2025-01-12T00:00:00.0
ATTITUDE_TYPE = QUATERNION
QUATERNION_TYPE = LAST
META_STOP

60685 20762.266464 -0.5822890274178818 0.4765116563958188 0.41605818239442577 -0.5106581231413998
60685 21182.266464 -0.4567519109814121 0.5979280835660532 0.2871079145451158 -0.5928142576755469
60685 21602.266464 -0.30663862436936506 0.6871353601428879 0.14267500286233648 -0.6430097934280622
60685 22022.266464 -0.13996360363094956 0.7393398337697384 -0.009512081194678324 -0.6585562391863886
60685 22442.266464 0.03443403655855197 0.7516796675920197 -0.16134674970167245 -0.6385602562137273
60685 22862.266464 0.20682554265318426 0.7234606027448074 -0.3043296108157378 -0.5841330663154393
60685 23282.266464 0.36767824115490105 0.6564652197104746 -0.4305776786125837 -0.4984666377725951
60685 23702.266464 -0.5089155448562425 -0.5541910672096054 0.5337689377802473 0.3859636644681712
60685 24122.266464 -0.6228585275276955 -0.4221332911377487 0.6082825006417735 0.25267199807702173
60685 24542.266464 -0.7033228814099741 -0.26744599088499144 0.6500866950827134 0.10581519418850718
60685 24962.266464 -0.7460057955877564 -0.09842817674786175 0.6569663799563614 -0.04671640588277343
60685 25382.266464 -0.7486312262162718 0.07583299017380318 0.6285759270979527 -0.1967052327930561
60685 25802.266464 -0.7110874093105576 0.24600045279149826 0.5664595496469927 -0.33609827753218774
60685 26222.266464 -0.6354176693251734 0.40295790771317574 0.47396167016241736 -0.4574162713957998
60685 26642.266464 -0.5257197378224069 0.5382870610943056 0.356062520968047 -0.554152757174657
60685 27062.266464 -0.38783839515160345 0.6447880492461118 0.2190344178759234 -0.6211712119708848
60685 27482.266464 -0.22878311358128472 0.7168477865405133 0.0698797558560796 -0.6549079000848244
60685 27902.266464 -0.057377780523153406 0.7502903597012747 -0.08307972814500564 -0.6533528336304363
60685 28322.266464 0.11703744738694415 0.7433090328772338 -0.2314852558691113 -0.6166104879642186
60685 28742.266464 0.28506406419708535 0.6963503346529972 -0.3673350176765774 -0.5467171805610715
60685 29162.266464 -0.43765235963321897 -0.6120450746362708 0.483316008165197 0.44751187131987535
60685 29582.266464 -0.5666422912278732 -0.49504059958826413 0.5732472378203184 0.3244054914496571
60685 30002.266464 -0.665205384971359 -0.35169365346985026 0.6324075343807012 0.1840491248896808
60685 30422.266464 -0.7281745069072192 -0.18969619881553038 0.6577416430955946 0.03395836543878715
60685 30842.266464 -0.7522755889731582 -0.01761429293722626 0.6479700899213386 -0.11792343908969799
60685 31262.266464 -0.7362211984553515 0.15549472779437393 0.6035947186746622 -0.2635776017820462
60685 31682.266464 -0.6807750053515425 0.3204769659686652 0.5268825891315917 -0.39526528261677185
60685 32102.266464 -0.5887873713973948 0.46847763461139547 0.4218298885448686 -0.5058830717488795
60685 32522.266464 -0.4650733741397414 0.591495717918359 0.2939688555343808 -0.5894250455539936
60685 32942.266464 -0.3162558942827243 0.6827772716163295 0.1501689219702835 -0.6412851951900014
60685 33362.266464 -0.150380435156019 0.7373066260545228 -0.0017737801408508824 -0.658605737602091
60685 33782.266464 0.023565126078052907 0.7521152821489109 -0.15359998826962407 -0.6404485387558948
60685 34202.266464 0.19620803728988942 0.7264306244132197 -0.2971103051454821 -0.5878149543809068
60685 34622.266464 0.3582090406456049 0.6617010979328658 -0.4245359363418414 -0.5035942602418653
60685 35042.266464 -0.5008507272787024 -0.5615161757612607 0.5290303644760597 0.3923964918359635
60685 35462.266464 -0.6165099506726102 -0.43138638025729026 0.6050392063472012 0.2602860550104775
60685 35882.266464 -0.6991139514645673 -0.2783180374027579 0.6486163487947344 0.11434852425835262
60685 36302.266464 -0.7443356673395971 -0.11050173908106782 0.6575249832488652 -0.037612184059900994
60685 36722.266464 -0.749826507923144 0.06320440434696294 0.6313364595318421 -0.18756248599527442
60685 37142.266464 -0.715265527479033 0.23364622008955346 0.5714029017071216 -0.3275719660756794
60685 37562.266464 -0.6423795567546678 0.3918028413815709 0.4807977738653786 -0.4501916693977138
60685 37982.266464 -0.5349763252678018 0.529112630388762 0.36429380221041124 -0.54875329742711
60685 38402.266464 -0.39873388858015363 0.6381250876105473 0.22807631377436813 -0.6178906487032126
60685 38822.266464 -0.24096722540841947 0.7128596065804474 0.07948151461221709 -0.6537955845827392
60685 39242.266464 -0.07020921328749946 0.7492143613317863 -0.07342686854374929 -0.6544898793103013
60685 39662.266464 0.10429660041896135 0.7452208553324444 -0.2223488861138276 -0.6199427947501022
60685 40082.266464 0.27314136869146743 0.7011312982374722 -0.3592423724258498 -0.5520449376590966
60685 40502.266464 0.42721260530913957 0.6193962093795945 -0.4767162761820384 -0.45450997535180393
60685 40922.266464 -0.5582404086892234 -0.50451746623983 0.5684799514887838 0.33265645510156666
60685 41342.266464 -0.6592433420255486 -0.3627758042798002 0.6296833350228266 0.1931083359636769
60685 41762.266464 -0.7249350442006488 -0.20178044609441614 0.6571725142551597 0.04333727923270848
60685 42182.266464 -0.75189850167861 -0.0300613797250199 0.6495577471083334 -0.10871839675986747
60685 42602.266464 -0.7387052193251299 0.14332507888122678 0.6072401779809926 -0.25501350346817775
60685 43022.266464 -0.6859882378320191 0.3092022213472109 0.5323979131364444 -0.3877713062592829
60685 43442.266464 -0.5964628098378327 0.4586882617910078 0.4289338523949205 -0.49985292361369055
60685 43862.266464 -0.4748145083754292 0.5837188261463341 0.302293359762019 -0.5851856451437747
60685 44282.266464 -0.3275663037091854 0.677433352199268 0.15928978145497302 -0.6390705246890918
60685 44702.266464 -0.162677911025008 0.7346998325779927 0.007673839383191337 -0.6585538440124166
60685 45122.266464 0.010947021025647291 0.7524146077223971 -0.144348010639212 -0.6425854594068537
60685 45542.266464 0.18394711768700586 0.7296422730859786 -0.2885625914828901 -0.5920449662122361
60685 45962.266464 0.34698984771293195 0.6676631673718626 -0.41717470106308924 -0.5096952121729718
60685 46382.266464 -0.4913039848897041 -0.5698985195705807 0.5232724297887439 0.4000275441088301
60685 46802.266464 -0.6091659789415304 -0.4417055892068901 0.6012048773775969 0.2690086949914254
60685 47222.266464 -0.6943640162461321 -0.2899759418033001 0.6469013925381458 0.12365740758255483
60685 47642.266464 -0.7424010756207443 -0.12286381517217392 0.6579881997042196 -0.02822507552691058
60685 48062.266464 -0.7507770623919199 0.05078803450796175 0.6339254931493322 -0.17858568607912925
60685 48482.266464 -0.7190319959804045 0.22181189112465796 0.5759686490546898 -0.3194567091457838
60685 48902.266464 -0.6487703484131221 0.3811389653602825 0.4871141467149299 -0.4433395224590237
60685 49322.266464 -0.5436884532757272 0.5201580938031535 0.37206432323763844 -0.5435131669053063
60685 49742.266464 -0.40934354547172824 0.6313674277506595 0.23692145624298935 -0.6145577731408598
60685 50162.266464 -0.2529356344561396 0.7086942389988926 0.08894926836156057 -0.6525826139961082
60685 50582.266464 -0.0828895499838888 0.7479112901348318 -0.06386063254753264 -0.6554996904674698
60685 51002.266464 0.09162321638056527 0.7468798237424229 -0.21324701910511265 -0.623138366616397
60685 51422.266464 0.2611800335835896 0.7056693564292378 -0.35111512358520425 -0.5572557038234486
60685 51842.266464 0.416637824373541 0.6265512935031259 -0.4700247621741935 -0.46143593580684106
60685 52262.266464 -0.5496317844658105 -0.5138683200281149 0.5635907160755161 0.3408955205483034
60685 52682.266464 -0.6530534720188106 -0.3737775047961779 0.626843748448722 0.2021842096289302
60685 53102.266464 -0.721462291992261 -0.21382169101813978 0.6564985990393633 0.052745001116410305
60685 53522.266464 -0.7512886315645811 -0.04248104733693094 0.6510467555708723 -0.09949308900429846
60685 53942.266464 -0.7409491758682675 0.13117958383166792 0.6107788983276654 -0.24644547657347868
60685 54362.266464 -0.6909423490460362 0.2979456963089298 0.5377831860615949 -0.38028446870096133
60685 54782.266464 -0.6038815329302187 0.44886347327142895 0.4359044944364543 -0.4937974769869297
60685 55202.266464 -0.48430545538781716 0.5758589128548997 0.31048055466240365 -0.580892901956719
60685 55622.266464 -0.33874005774156507 0.6719057931911914 0.16837138475974303 -0.636748659324418
60685 56042.266464 -0.17498715812222512 0.7318565272893627 0.017197891958597684 -0.6583841967031423
60685 56462.266464 -0.0018814193422957402 0.7524845882642626 -0.1348738331812038 -0.6446490935454967
60685 56882.266464 0.17128321385467657 0.7327112960025445 -0.2796635281800245 -0.5963090879466667
60685 57302.266464 0.3352278157936555 0.6736331630693528 -0.40939658272285456 -0.5159797585043843
60685 57722.266464 -0.4811626815394351 -0.5784633496689955 0.5171114744328561 0.4079930759135297
60685 58142.266464 -0.6012917696862413 -0.4523300900054807 0.5970617979513829 0.27814188251732924
60685 58562.266464 -0.6893218390268353 -0.3017148772542561 0.6450459586714862 0.13311365927542626
60685 58982.266464 -0.7403559393384408 -0.13453563299819427 0.6583286546040712 -0.019406933484292115
60685 59402.266464 -0.7514147399604401 0.039945132150977634 0.6360560382752285 -0.17091808318971502
60685 59822.266464 -0.721969802082992 0.21199519271449224 0.5795464925831605 -0.31295927223961156
60685 60242.266464 -0.6538156461746949 0.3723830136678641 0.492007071928849 -0.4379326810376292
60685 60662.266464 -0.5506214835180462 0.5127873869181776 0.3780794466864818 -0.5393709388716237
60685 61082.266464 -0.4179269199419647 0.6257006233292524 0.2438613346212284 -0.6118557583531931
60685 61502.266464 -0.26284644737224083 0.7050658969252859 0.0965520304835935 -0.6515147976110974
60685 61922.266464 -0.09368874155917283 0.7466256361280317 -0.055940840161825954 -0.6562341057758728
60685 62342.266464 0.08051047525188944 0.7481509989486411 -0.20545205348122786 -0.6257616158468111
60685 62762.266464 0.2504389868414827 0.7095427714353664 -0.3439653190246137 -0.5617092029528507
60685 63182.266464 0.40689437673153156 0.6329084538944263 -0.46396297069114045 -0.46754915998285934
60685 63602.266464 -0.5416259382908731 -0.5222777503944213 0.5591126494352574 0.34822455349237075
60685 64022.266464 -0.6473285807631155 -0.38357999941165527 0.624241495073908 0.21013007496895209
60685 64442.266464 -0.7183252996094419 -0.22409270925763336 0.6558397485618235 0.0605429253087711
60685 64862.266464 -0.7506411215279346 -0.052538564927121244 0.6521150196336116 -0.09232338292619777
60685 65282.266464 -0.7425573775538881 0.12168189254271758 0.6133221407792349 -0.2400791738104152
60685 65702.266464 -0.6946295260724603 0.28921493651373487 0.5416432212274975 -0.37478949145354334
60685 66122.266464 -0.609550350729342 0.441109878030608 0.44100822306251186 -0.48926699522939826
60685 66542.266464 -0.4919768178453812 0.5692952964620158 0.31687020040325387 -0.5774555846343161
60685 66962.266464 -0.34821950106274413 0.6670220858847453 0.17586040020962462 -0.6347423380078625
60685 67382.266464 -0.18593139043626075 0.7291372932805353 0.02547868721549574 -0.6581330884370945
60685 67802.266464 -0.013657220350568778 0.7523495793680601 -0.1263290125255476 -0.6463935112230933
60685 68222.266464 0.1595205011594984 0.7353505922937895 -0.2715229587261997 -0.6000733280254721
60685 68642.266464 0.3244121884497325 0.6788997240974107 -0.4023528312800207 -0.5215017696678181
60685 69062.266464 -0.4720533337447048 -0.5859166004180381 0.5116651680740666 0.41480856215224954
60685 69482.266464 -0.5944252575198975 -0.4613147822637874 0.5935020856319428 0.2856616166688342
60685 69902.266464 -0.6848055671135008 -0.31182562478707776 0.643358275906626 0.1410540456667552
60685 70322.266464 -0.7382728965313086 -0.1455248297304244 0.6585214421362937 -0.011187690822442746
60685 70742.266464 -0.7519278817155268 0.028705081664501003 0.638154709504642 -0.16290808980060195
60685 71162.266464 -0.7250340690745839 0.2012673915925757 0.5833947455415271 -0.3057247236276603
60685 71582.266464 -0.6592330359465035 0.36270671354127787 0.49737720039399785 -0.4318235343251574
60685 72002.266464 -0.558004931949113 0.5047433019594858 0.38458940943546005 -0.5347482409485655
60685 72422.266464 -0.42679227213781085 0.6196870559533295 0.2510943940834145 -0.6089235702345761
60685 72842.266464 -0.2725684227966318 0.7013645289034515 0.10400007036263344 -0.6503677712300661
60685 73262.266464 -0.10379181038256748 0.7452895385807866 -0.04861438986055088 -0.6568161119202495
60685 73682.266464 0.0705045761278261 0.7491630978674324 -0.1985646760190077 -0.6279775688479438
60685 74102.266464 0.24096338120157404 0.7128225358924418 -0.3377893968592157 -0.5654370032225169
60685 74522.266464 0.39844781383875083 0.6382699985911163 -0.4588205315970703 -0.4725827634717525
60685 74942.266464 -0.5345295271135675 -0.5295555996257694 0.5551876811948852 0.3544230384698268
60685 75362.266464 -0.6420519009433113 -0.39236958724013543 0.6218244534426693 0.21714007599890783
60685 75782.266464 -0.7150955334833576 -0.23422681328201514 0.6550697928692562 0.0682623205153039
60685 76202.266464 -0.7497938916672955 -0.06362452205418388 0.6531993883593971 -0.08421163374913433
60685 76622.266464 -0.7443397387144701 0.11034025031343986 0.6163563098259673 -0.23213849717131801
60685 77042.266464 -0.6990400722477516 0.2784213773640262 0.5465094610333732 -0.36763014432930935
60685 77462.266464 -0.6162966679137454 0.4316565673759863 0.4473596894090905 -0.48344630855080223
60685 77882.266464 -0.5005354352734971 0.5618029940819615 0.32420621014738243 -0.5733515563578646
60685 78302.266464 -0.35795248441171856 0.661866266379692 0.18363924328127446 -0.6325185314749012
60685 78722.266464 -0.1961664653064628 0.7264656607557914 0.03318266814989432 -0.6577729639976652
60685 79142.266464 -0.023818103229598923 0.7521124228104878 -0.1191038279492765 -0.6477452273699215
60685 79562.266464 0.14987884369498294 0.7373936864867424 -0.2650477344186582 -0.6029399487690983
60685 79982.266464 0.3156262056914326 0.6830474295276608 -0.39681045145201704 -0.5257069268279912
60685 80402.266464 -0.46444285668303215 -0.5919863547455227 0.5072327044262358 0.4201903999756059
60685 80822.266464 -0.5882787993058927 -0.46914897583340426 0.5903444386449805 0.292097135423523
60685 81242.266464 -0.6805072153928063 -0.32112678320740107 0.6417136801890156 0.14829386893417132
60685 81662.266464 -0.7362547512785057 -0.15547667590474973 0.6585903008843002 -0.0038418811228379548
60685 82082.266464 -0.7522635903987887 0.01846406436115743 0.639935499855094 -0.1556956162285934
60685 82502.266464 -0.7277479097428587 0.19128269347445942 0.5868295912882764 -0.2990400338257245
60685 82922.266464 -0.664160142782585 0.35363856837847407 0.5022424957951445 -0.4261262056148435
60685 83342.266464 -0.565072669940699 0.49684237840698614 0.39083371317578713 -0.5301787786682957
60685 83762.266464 -0.43593721503007216 0.6133053688227365 0.25866938429625047 -0.6057271817846962
60685 84182.266464 -0.28368598632206127 0.6969566079627744 0.11280797566177897 -0.6488821991768571
60685 84602.266464 -0.11638193882598205 0.7434422964190802 -0.03902858877349574 -0.6574386400787371
60685 85022.266464 0.05720525174967878 0.7503120704605833 -0.18885674108711087 -0.630945708789088
60685 85442.266464 0.22795220585678308 0.7171062256568198 -0.3287641573606859 -0.5707105937374696
60685 85862.266464 0.38679222247968303 0.6454153079283922 -0.45127293778320987 -0.47977452260977477
60685 86282.266464 -0.5250966705457307 -0.5389239441418848 0.5496812931973419 0.36288420318503917
60686 302.266464 -0.6352592244507359 -0.4032881369715203 0.6185454770726668 0.22628718284789517
60686 722.266464 -0.7111913893740038 -0.24585036910369792 0.6540439250743062 0.0774012129442747
60686 1142.266464 -0.7487354439277306 -0.0751550364372847 0.6542327017836179 -0.07567382256343604
60686 1562.266464 -0.7458847130129155 0.09944505543001088 0.6191523863384192 -0.22453729831723646
60686 1982.266464 -0.7028602310995926 0.26866200525143485 0.5507253665981346 -0.36126139159652165
60686 2402.266464 -0.6220652355678782 0.42331704785357077 0.45271044569287 -0.47842530457217763
60686 2822.266464 -0.5079783862966112 0.5550937391010295 0.33047798154919733 -0.5697483686483863
60686 3242.266464 -0.36686766592778286 0.6569764913658097 0.19069593471391147 -0.6304165812960176
60686 3662.266464 -0.20632179736266473 0.7236567103173677 0.04085760383416223 -0.6573301588658589
60686 4082.266464 -0.03485280771919163 0.7516925529092034 -0.1110956655074668 -0.6491543274140492
60686 4502.266464 0.13851633084601747 0.7396237468328737 -0.2571501969767106 -0.6063363055307646
60686 4922.266464 0.3046424570735605 0.6880274108342622 -0.38957266198009527 -0.5310785218088073
60686 5342.266464 -0.45466855310152987 -0.599533563228649 0.5012678539565408 0.4272780733582348
60686 5762.266464 -0.5804946023128087 -0.478750866108866 0.5861700935953753 0.30038016955200897
60686 6182.266464 -0.6752110752798371 -0.3321227489759621 0.6395914357583975 0.15718549149526376
60686 6602.266464 -0.7336043593003427 -0.1675502699922353 0.6585757136341926 0.005438791435298359
60686 7022.266464 -0.7524706665585348 0.006033113524451698 0.6420755138256751 -0.1465964940087271
60686 7442.266464 -0.7308067948627196 0.1792671715214267 0.5909951665870629 -0.2907050444486923
60686 7862.266464 -0.66984119720196 0.3427622490023531 0.5081426874765304 -0.41906779923303944
60686 8282.266464 -0.5729697732365902 0.4877117870169909 0.398061391116812 -0.5247761243273672
60686 8702.266464 -0.44553103549806367 0.6063670976037973 0.26676146196055195 -0.6022120571395422
60686 9122.266464 -0.29440276758696404 0.692491689706694 0.12129880457080054 -0.6473552889519008
60686 9542.266464 -0.12768883196389375 0.7415788923066746 -0.030541722611624827 -0.6578932374305246
60686 9962.266464 0.04581068422648322 0.7510899299911433 -0.1807378941708619 -0.6333238601910426
60686 10382.266464 0.21696411809533575 0.7205007924072829 -0.3213575921991548 -0.5749212794248898
60686 10802.266464 0.3767192858387927 0.6513351045599349 -0.44492272597233096 -0.48568398075122765
60686 11222.266464 -0.5164597180765297 -0.5471914624459641 0.5447312048523065 0.3702955272356298
60686 11642.266464 -0.6286115519910019 -0.4135554984285211 0.6153516018994906 0.23486543479774163
60686 12062.266464 -0.7070167131896331 -0.2575831176928395 0.6528897465681119 0.08667919921406292
60686 12482.266464 -0.7473618880492031 -0.0876994545054086 0.6552651484622173 -0.06623140630979003
60686 12902.266464 -0.7474455326710507 0.08688701950647197 0.6223437796951137 -0.2155551934103446
60686 13322.266464 -0.707289857792685 0.25675787514263587 0.5559223193266674 -0.353223478113079
60686 13742.266464 -0.6291315687212399 0.412725418250177 0.45963876889904554 -0.47178745266649275
60686 14162.266464 -0.5172908252352475 0.5464041332557541 0.3387558075216468 -0.5648869162574237
60686 14582.266464 -0.3779116483235622 0.6506621478663605 0.19986505520203296 -0.6275950247607057
60686 15002.266464 -0.21848511826778894 0.7200553392166301 0.05040309138015078 -0.6566917769703366
60686 15422.266464 -0.047470833986362745 0.7509815488406398 -0.10170137444306092 -0.6507150402887159
60686 15842.266464 0.12611659787145083 0.741818607452748 -0.24841097602384873 -0.6099932330518721
60686 16262.266464 0.2931123364899609 0.6929951432330351 -0.38193935306907795 -0.5366239094840962
60686 16682.266464 -0.44462117997130024 -0.6069974701984686 0.495135525236732 0.43440406206909865
60686 17102.266464 -0.572452030963424 -0.48830594198066846 0.5818554170377864 0.3087073904784375
60686 17522.266464 -0.6695839616211479 -0.3432762029514054 0.6373120101096615 0.16628941216138018
60686 17942.266464 -0.7306899105839827 -0.17974208771427108 0.6584558392290408 0.014864193892246861
60686 18362.266464 -0.7524457245397441 -0.00655067360525271 0.6441401558397795 -0.13735348532848182
60686 18782.266464 -0.7336976836200354 0.1669581631753305 0.595156604254352 -0.28213701850721884
60686 19202.266464 -0.6755122891333994 0.3314090615658991 0.5141909588999243 -0.4116537852702693
60686 19622.266464 -0.5811148990795852 0.47794762930931606 0.4056717907144413 -0.5189430950729249
60686 20042.266464 -0.4556942696526688 0.5987386223678256 0.275506132337301 -0.5982902019382739
60686 20462.266464 -0.3060148789672275 0.6874167639473872 0.13067844837296624 -0.6455511053554236
60686 20882.266464 -0.1401099687836645 0.7393142596070679 -0.021042560564793252 -0.6582862848593845
60686 21302.266464 0.03324769555858451 0.7517342935816668 -0.17162460352322464 -0.6358735236340731
60686 21722.266464 0.20492024236197062 0.7240034062393033 -0.31309906113178876 -0.5794788520236008
60686 22142.266464 0.36581460200140864 0.657507112434811 -0.4379390202989167 -0.49200964275084386
60686 22562.266464 -0.5072511322496884 -0.5557175783201546 0.5393834966560049 0.3780736773600263
60686 22982.266464 -0.6215893233375828 -0.4240045636146915 0.6119280767651364 0.24370242512778223
60686 23402.266464 -0.7025713672423034 -0.26942096896731144 0.6515881255391247 0.09611831286703618
60686 23822.266464 -0.7457578982868074 -0.100303569867287 0.6561786079328847 -0.056692023301197894
60686 24242.266464 -0.748794779754294 0.07421372901844114 0.625441205523042 -0.20645095948379505
60686 24662.266464 -0.7115363273985007 0.24470267230897058 0.5610503076689308 -0.3450495750203155
60686 25082.266464 -0.6360503384782682 0.40196218848466186 0.46651885406998056 -0.465001639510587
60686 25502.266464 -0.5264963750615798 0.5375310800571416 0.34700303415000566 -0.5598667692498897
60686 25922.266464 -0.38888873855282485 0.6441581792506591 0.20901993555205975 -0.6246090422601015
60686 26342.266464 -0.23061843151301864 0.7162617388590865 0.05995387207351302 -0.655888552817036
60686 26762.266464 -0.06009543963719457 0.7500790666081525 -0.09227114453246162 -0.6521165293547808
60686 27182.266464 0.11367604310353104 0.7438315774835751 -0.2395927885721265 -0.6135043905522215
60686 27602.266464 0.2815023585972658 0.6977988585594207 -0.37418915427188 -0.5420476472807914
60686 28022.266464 -0.4344487950019779 -0.6143241254556479 0.4888609336912294 0.4414466002984079
60686 28442.266464 -0.5642601407281287 -0.49775518077345293 0.5773841305000017 0.31698239611280765
60686 28862.266464 -0.6637864513930247 -0.3543661564697638 0.6348654954687409 0.17537952206324597
60686 29282.266464 -0.727586675531873 -0.1919409065073082 0.6581671373054744 0.02433798201878587
60686 29702.266464 -0.7522358695529271 -0.01923411196790115 0.6460578786269504 -0.12798618268704876
60686 30122.266464 -0.7364394776643997 0.15445501057704958 0.599221234987896 -0.2733760358638089
60686 30542.266464 -0.6811019202153286 0.31978068682419536 0.5202174587152324 -0.4039978740799309
60686 30962.266464 -0.5892709856513765 0.4678695241491323 0.4133398232984777 -0.5128430601241505
60686 31382.266464 -0.46595457329345075 0.5908035269784628 0.28437413756153285 -0.594111839658882
60686 31802.266464 -0.31776025116389156 0.6820803232326094 0.14021046332517192 -0.6435339007490596
60686 32222.266464 -0.15266322456729925 0.7368384995112622 -0.011394283660316433 -0.6585082655537242
60686 32642.266464 0.02058153681790234 0.7522033932907769 -0.16238333743247152 -0.6382774531411447
60686 33062.266464 0.19280610690796968 0.7273413801611005 -0.30473927161373354 -0.5838957939398682
60686 33482.266464 0.35485060846863614 0.6635089102323836 -0.43086286961332176 -0.4981908864082592
60686 33902.266464 -0.49796683405033815 -0.564077149377309 0.5339213711577788 0.38571229064841756
60686 34322.266464 -0.6144419336254331 -0.4343297643708112 0.608349893810835 0.2524463758594685
60686 34742.266464 -0.6979493263035459 -0.2812300900196248 0.6501027751661774 0.10555925398189785
60686 35162.266464 -0.7439609859674328 -0.11300432619616509 0.6569167040784485 -0.04703740556221459
60686 35582.266464 -0.7499847976834401 0.061303734629733576 0.6284183202577411 -0.19711689457937365
60686 36002.266464 -0.7156983724591761 0.232317744843106 0.5661409999017897 -0.33658382807333714
60686 36422.266464 -0.6429792601955336 0.39081990428198726 0.4734555272826219 -0.45790538003058817
60686 36842.266464 -0.5357943483951424 0.5282871600120406 0.355380856189982 -0.5545642792751015
60686 37262.266464 -0.3998749257802889 0.6374136091801272 0.21821427593613185 -0.621439027050798
60686 37682.266464 -0.24248983951563924 0.7123455462801724 0.06929437701093293 -0.6549509827011095
60686 38102.266464 -0.07218597355341903 0.7490281783337838 -0.08327804576539204 -0.6533075388954392
60686 38522.266464 0.10192080679329096 0.7455507289091431 -0.23132280102861547 -0.6166490261809595
60686 38942.266464 0.27054626503216284 0.7021382345406986 -0.36693469240209237 -0.546960281542453
60686 39362.266464 -0.4246942850717085 -0.6211279611791628 0.4828679054075571 0.44796585360512187
60686 39782.266464 -0.5561181935646452 -0.50685933529355 0.5729158855878183 0.3249516226352818
60686 40202.266464 -0.6578203870759741 -0.36535604491467016 0.632281992198681 0.18440927615711833
60686 40622.266464 -0.7242256302474808 -0.20432292855356976 0.6577180782760469 0.03400451247696542
60686 41042.266464 -0.7518053963551884 -0.03236077401530236 0.6478933454150528 -0.11821860802445475
60686 41462.266464 -0.7390857684352893 0.1413590563848101 0.6033341380665271 -0.26411694742658004
60686 41882.266464 -0.6867303518871583 0.3075546909790317 0.5264017823983551 -0.3958695483888182
60686 42302.266464 -0.5975632656296008 0.4572576786211345 0.42123420736312 -0.5063549164955965
60686 42722.266464 -0.47629097134551407 0.5825191676710119 0.293378809551521 -0.5897009445615214
60686 43142.266464 -0.3294930442195092 0.6765026213130094 0.1497755403215259 -0.6413624752735245
60686 43562.266464 -0.1650458876520645 0.7341753509023378 -0.0018642718687408369 -0.6585916288467162
60686 43982.266464 0.008228333074990013 0.752452443710802 -0.1533882000440894 -0.6404839377967909
60686 44402.266464 0.1810625963172085 0.7303664176854646 -0.29667519317010044 -0.5880179094973694
60686 44822.266464 0.3442160822193518 0.6691005054176168 -0.4240412377574383 -0.503992887918659
60686 45242.266464 -0.4889088447651058 -0.5719586990998775 0.5286237353054464 0.39292280985728345
60686 45662.266464 -0.6073637752226396 -0.44418666624134234 0.6048112690497381 0.26078876300782294
60686 46082.266464 -0.6933241419157316 -0.29246361654956726 0.6485788307006782 0.1145083734864102
60686 46502.266464 -0.7420294801439951 -0.12510949231747803 0.6574988713069667 -0.03788271055983502
60686 46922.266464 -0.7509087647561865 0.0488455193104419 0.6311497863116584 -0.188149115050747
60686 47342.266464 -0.7195562501910557 0.22011394266070058 0.5709967641453556 -0.3282550081763896
60686 47762.266464 -0.6496933989950398 0.3795692409083992 0.48027929083714777 -0.4507299429275361
60686 48182.266464 -0.5450688886049685 0.5187168627479102 0.36383969173470737 -0.5490477226018731
60686 48602.266464 -0.41120021715088645 0.6301654121902553 0.2278196437040772 -0.6179839355814168
60686 49022.266464 -0.25531732556191566 0.70784497109314 0.07957658724561086 -0.6537859947478257
60686 49442.266464 -0.08577168302586266 0.747590800167328 -0.07293583971155061 -0.654546848729452
60686 49862.266464 0.08839713962411427 0.7472726467803098 -0.22156921935245916 -0.620223039007555
60686 50282.266464 0.25789753497489737 0.7068802646956858 -0.35835743987942426 -0.5526202114659703
60686 50702.266464 0.41356733869000795 0.6285886785722964 -0.47589069287426683 -0.45537498611062155
60686 51122.266464 -0.5470179681836242 -0.516659012275825 0.5678421990882394 0.3337514710874853
60686 51542.266464 -0.6512352966916931 -0.3769497012288968 0.6293818338821404 0.19411341598529935
60686 51962.266464 -0.7205301895385672 -0.21696429599491465 0.6571368578103625 0.04397601998897821
60686 52382.266464 -0.751124913720726 -0.04538218665773787 0.649600217766699 -0.10849598241249095
60686 52802.266464 -0.7414058831002684 0.1286051342574674 0.6072042470256105 -0.255109855436812
60686 53222.266464 -0.6919191648024736 0.2956832775032872 0.5322352016907863 -0.3880012356489725
60686 53642.266464 -0.6053445702761868 0.44689704713602424 0.4287216277680823 -0.5000387448809608
60686 54062.266464 -0.4863616670404049 0.57412915186503 0.3022376567488685 -0.5852182880390637
60686 54482.266464 -0.3413546669187965 0.6705854220655136 0.15956035336136817 -0.6390091366492108
60686 54902.266464 -0.1781106158810752 0.7311058218099598 0.008351848474622817 -0.6585523004690701
60686 55322.266464 -0.005328605587859714 0.7524706579120983 -0.14332007827016646 -0.6428210249427568
60686 55742.266464 0.16779591093663554 0.7335202423748258 -0.2873568305449769 -0.5926370206445654
60686 56162.266464 0.3320127210528177 0.6752267885328672 -0.41603140779542364 -0.510640974496223
60686 56582.266464 -0.47844044612830716 -0.5807220150570325 0.5223664705958824 0.4012355307470256
60686 57002.266464 -0.5992612809934261 -0.45502434063694724 0.6006802527283983 0.2702258324294274
60686 57422.266464 -0.6879164797787278 -0.3049163500312219 0.6467234913580704 0.12468224435784099
60686 57842.266464 -0.7396375536136742 -0.138452212537545 0.6580326664082708 -0.02757324912771371
60686 58262.266464 -0.7516445755821218 0.035434953342543214 0.6340094088511988 -0.1783447940584111
60686 58682.266464 -0.7232999993736517 0.20742472992986813 0.5759469569245282 -0.3195265170983034
60686 59102.266464 -0.6561345188035176 0.3682908317723856 0.4869597622200555 -0.4435307728280731
60686 59522.266464 -0.5537900416499153 0.5093721720313815 0.37184675291369496 -0.5436787401370032
60686 59942.266464 -0.4217557495750899 0.6231339368512737 0.23676380783466724 -0.6146292246096144
60686 60362.266464 -0.2667798464442745 0.7035937206228872 0.08865137060295761 -0.6526295460070966
60686 60782.266464 -0.09742761064679119 0.7461528595156282 -0.06426153785815515 -0.6554648927840554
60686 61202.266464 0.07701570080075547 0.7485242284609338 -0.2135832720408333 -0.6230266825276938
60686 61622.266464 0.24718636087309376 0.7106875173817463 -0.3512988450497838 -0.557145651605372
60686 62042.266464 0.40396633992128356 0.6347864409936215 -0.47003211063176115 -0.4614403379813097
60686 62462.266464 -0.5390007312835385 -0.5249919589350459 0.5634786920626765 0.3411061686933983
60686 62882.266464 -0.6451483118269306 -0.38724277194626283 0.6267206242530314 0.20260293793064035
60686 63302.266464 -0.7168116871913232 -0.22889950707997928 0.6564621147048336 0.05332459771746293
60686 63722.266464 -0.7502168434959866 -0.05832661275067529 0.6511570243498481 -0.09882926499677272
60686 64142.266464 -0.7435489115118945 0.11548978922811032 0.6110441397930857 -0.2458092431094718
60686 64562.266464 -0.6970516772342785 0.2833359156094201 0.5381519368336632 -0.37977916092490854
60686 64982.266464 -0.6131007573065381 0.4361665577734314 0.4362850873729512 -0.49347899429074155
60686 65402.266464 -0.496096728035628 0.5657124272268578 0.31082277628453603 -0.5807294446265098
60686 65822.266464 -0.35233209651838104 0.6648625434683878 0.1685327056225792 -0.6367233458820569
60686 66242.266464 -0.18953875704819856 0.7282112044658072 0.017085169916925613 -0.6584007884533493
60686 66662.266464 -0.01662923627876064 0.7522924899675916 -0.1352045966228716 -0.6445922704246405
60686 67082.266464 0.1570728511921625 0.7358794505893169 -0.28011888862524564 -0.5961065021068693
60686 67502.266464 0.3222085356697941 0.6799505090282063 -0.40984794795419344 -0.5156293478571083
60686 67922.266464 -0.4699255737415639 -0.5876268270052073 0.5174499445772276 0.4075662181590596
60686 68342.266464 -0.5923541485409803 -0.46397496148831857 0.5972243126920006 0.2777893413141887
60686 68762.266464 -0.6830578151356986 -0.31564141164648474 0.6450185048733669 0.13324281896892842
60686 69182.266464 -0.7372695125359722 -0.15053660145400685 0.6583577195878179 -0.018371460659828507
60686 69602.266464 -0.752137088714497 0.022635783674085704 0.6365539396908328 -0.16904586046875078
60686 70022.266464 -0.7268135784782515 0.19475146736024856 0.5807032896373853 -0.31080150820899793
60686 70442.266464 -0.6625084624029877 0.35669314010714 0.493643365348358 -0.43608344258006976
60686 70862.266464 -0.5625632177499459 0.4996603944598076 0.37996072154022836 -0.5380445765266345
60686 71282.266464 -0.43227016281774394 0.6158797354153125 0.24570469608180556 -0.6111168956636965
60686 71702.266464 -0.27865249474030374 0.6989706947017781 0.0981350823806643 -0.6512774068929914
60686 72122.266464 -0.10990017388439137 0.7444143735108096 -0.05485214239766598 -0.6563234223803653
60686 72542.266464 0.06483837638577315 0.7496756395227344 -0.20492246240974374 -0.6259306709642557
60686 72962.266464 0.2362013750693722 0.7144152984358251 -0.34400451978294433 -0.5616765814462044
60686 73382.266464 0.3948217854507947 0.6405203395780742 -0.4644716490353944 -0.46702841408481427
60686 73802.266464 -0.5319833084042798 -0.5321154070077939 0.5597131587276876 0.34722922277832713
60686 74222.266464 -0.6402701808025676 -0.3952732494120214 0.6246295861487553 0.20892829866234977
60686 74642.266464 -0.7140070073905779 -0.23752894019057416 0.6559051626238908 0.05968595825168158
60686 75062.266464 -0.7494628421462219 -0.06742368514595415 0.6520819622886742 -0.09245869013347742
60686 75482.266464 -0.7449632978706096 0.10605393181463181 0.6135382249558965 -0.2394850619357514
60686 75902.266464 -0.7008469028756423 0.2738437738885135 0.5423714128613248 -0.37370637771240545
60686 76322.266464 -0.6194145852736752 0.42717213639240065 0.44228623517724147 -0.4880905895558066
60686 76742.266464 -0.504865209107151 0.5579173831935546 0.3184730526232228 -0.5765537519750391
60686 77162.266464 -0.36313607262608943 0.6590386482400044 0.1773961830778842 -0.634295551862919
60686 77582.266464 -0.20167664895541135 0.7249572976101913 0.026530004440544236 -0.6580726439932213
60686 78002.266464 -0.02910016236964367 0.751928375175536 -0.12601475942686358 -0.6464342035834183
60686 78422.266464 0.14530600991278556 0.7383099972922326 -0.27196690469545143 -0.5998487427109805
60686 78842.266464 0.31191316227804844 0.6847528299660881 -0.4032310883940277 -0.5207959585132257
60686 79262.266464 -0.4615864976781788 -0.594218685536549 0.5126026906479002 0.41361883475120115
60686 79682.266464 -0.5861659934442583 -0.47179041574457525 0.5941480957689774 0.28427323482024225
60686 80102.266464 -0.6790037294445399 -0.3243002058407183 0.6435894149526781 0.1399141767403979
60686 80522.266464 -0.7353336129992404 -0.1597875640279665 0.6584958993526779 -0.01164313150315576
60686 80942.266464 -0.7523804764487815 0.012969460648754772 0.6382794270326556 -0.16234156823207554
60686 81362.266464 -0.7293938897240866 0.18491611009531952 0.584123577177918 -0.3042864315825726
60686 81782.266464 -0.6676106137156677 0.3470856832886289 0.4988759242218953 -0.43005861128688616
60686 82202.266464 -0.5702039850563699 0.4909478843891699 0.3869434257609678 -0.5330219277853394
60686 82622.266464 -0.4421881258441816 0.6088160354640235 0.2541344236755455 -0.6076416633406383
60686 83042.266464 -0.2902514185659419 0.6942498683361286 0.10744171294599393 -0.6497903605432733
60686 83462.266464 -0.12245141842624913 0.7424685561302028 -0.04529430038395912 -0.6570346411233272
60686 83882.266464 0.05217581995720459 0.7506801907759078 -0.1957862160082954 -0.6288280310304187
60686 84302.266464 0.22406255336649653 0.7183324449222019 -0.33574875161806594 -0.5666279613096125
60686 84722.266464 0.38389123787126134 0.6471469635317232 -0.457570930644489 -0.47376910885628404
60686 85142.266464 -0.5228803277813622 -0.5410780685359334 0.5545611800358403 0.3553766792657267
60686 85562.266464 -0.6334980168417336 -0.4060545092303286 0.6215069873686704 0.2180116117165023
60686 85982.266464 -0.7099155848738682 -0.24951900678491057 0.6549600616833857 0.06919136655653615
