CIC_OEM_VERS = 2.0
CREATION_DATE = 2025-01-11T10:20:49.708893
ORIGINATOR = ISAE-SUPAERO


META_START
OBJECT_NAME = Sat
OBJECT_ID = Sat
CENTER_NAME = Earth
REF_FRAME = EME2000
TIME_SYSTEM = UTC
START_TIME = 2025-01-11T00:00:00.000
USEABLE_START_TIME = 2025-01-11T00:00:00.000
USEABLE_STOP_TIME = 2025-01-11T23:55:00.000
STOP_TIME = 2025-01-11T23:55:00.000
INTERPOLATION = lagrange
INTERPOLATION_DEGREE = 5
META_STOP


60686 0.0 -1112.9754 6438.6523 -2139.7006 1.447278 -2.143129 -7.167327
60686 420.0 -408.51764000000003 4886.3547 -4814.2693 1.8464954 -5.1145855000000005 -5.3376539
60686 840.0 382.76723 2296.3744 -6464.188099999999 1.8531904 -6.9954700999999995 -2.3753992
60686 1260.0 1092.7793000000001 -783.26566 -6734.4406 1.466348 -7.3956026 1.1003657
60686 1680.0 1574.2033000000001 -3703.9179 -5584.2210000000005 0.76538956 -6.2051177 4.3296639
60686 2100.0 1717.9334 -5826.1917 -3238.8703 -0.093517757 -3.7185593 6.6380523
60686 2520.0 1499.3546000000001 -6719.0518 -209.61207000000002 -0.9329326 -0.44334376 7.5369735
60686 2940.0 962.67763 -6186.7390000000005 2864.6479 -1.5755277 2.9230344 6.8449542
60686 3360.0 221.17632999999998 -4339.304700000001 5329.4971 -1.8875264999999999 5.6824073 4.7024472
60686 3780.0 -567.33537 -1572.3627 6662.8467 -1.7985434 7.2369917 1.5547587
60686 4200.0 -1235.7196999999999 1525.7594 6584.3186 -1.3255067 7.247765800000001 -1.9282402
60686 4620.0 -1642.0258999999999 4300.1523 5105.7357 -0.57133804 5.7189406 -4.9973258
60686 5040.0 -1699.1714 6160.1084 2538.5355 0.30438529000000003 2.9770891 -7.0064145
60686 5460.0 -1395.3099 6711.1503 -569.38418 1.1163599 -0.40043975000000004 -7.5246167999999996
60686 5880.0 -795.01446 5836.5315 -3556.3026 1.6902436 -3.6878946000000004 -6.4409093
60686 6300.0 -26.193108000000002 3725.4666 -5788.5416 1.9045239999999999 -6.1838051 -3.9941638
60686 6720.0 748.18774 827.5206700000001 -6794.9695 1.7169273 -7.3677598 -0.71370282
60686 7140.0 1365.1523 -2244.728 -6367.5347 1.1684044 -6.9999514000000005 2.7123473
60686 7560.0 1694.8776 -4844.577700000001 -4596.7708 0.37331276 -5.1577158 5.569204
60686 7980.0 1667.3351000000002 -6423.0317000000005 -1854.5448999999999 -0.50247304 -2.2223825 7.2542887
60686 8400.0 1287.5564 -6644.2417000000005 1280.1295 -1.2737045 1.1883409 7.4045327
60686 8820.0 635.39227 -5459.976000000001 4143.4794 -1.7758481 4.3492095 5.984214
60686 9240.0 -151.15834 -3120.9503 6128.218 -1.9021735000000002 6.5881593 3.2966201
60686 9660.0 -905.7760400000001 -122.33308000000001 6814.4125 -1.6265528999999999 7.4339437 -0.088144847
60686 10080.0 -1468.883 2901.9662000000003 6056.0707999999995 -1.0066823 6.7083312 -3.4577325
60686 10500.0 -1722.2272 5313.760700000001 4017.6988 -0.17141310999999998 4.5538722 -6.0962762
60686 10920.0 -1611.2618 6603.3061 1123.9588 0.70040396 1.4315174 -7.4361802
60686 11340.0 -1157.1152 6484.7728 -2007.2217 1.4233721000000001 -1.9864024999999998 -7.2047479999999995
60686 11760.0 -458.08971 4993.9616 -4712.462 1.8453001 -4.9845424000000005 -5.444692
60686 12180.0 337.86735 2446.7758 -6418.296 1.8766979 -6.9262257 -2.5319670999999997
60686 12600.0 1062.4185 -617.60829 -6763.8241 1.5113800000000002 -7.403306400000001 0.9165346500000001
60686 13020.0 1562.3977 -3551.6292000000003 -5675.464900000001 0.8256526300000001 -6.31364 4.1746859
60686 13440.0 1731.426 -5732.2402 -3383.3586 -0.036381753 -3.8830953 6.5511273
60686 13860.0 1532.9139 -6696.5199 -370.10643 -0.8919272 -0.62533071 7.537732200000001
60686 14280.0 1008.957 -6239.0177 2722.0485 -1.5578153 2.7636244000000003 6.9199788
60686 14700.0 270.34851000000003 -4453.9415 5233.3033 -1.8938997 5.5658801 4.8355951
60686 15120.0 -525.44373 -1727.7691000000002 6636.2687000000005 -1.8275505 7.1806394000000004 1.7283687
60686 15540.0 -1210.3738 1363.6596000000002 6633.9756 -1.3754613999999998 7.2756746 -1.7384159
60686 15960.0 -1639.9012 4167.2722 5227.839599999999 -0.6330871 5.8348043 -4.8370358
60686 16380.0 -1723.146 6090.7432 2714.8157 0.24400541 3.1592947 -6.9143021000000005
60686 16800.0 -1442.0903 6726.544900000001 -373.74028999999996 1.0703118999999999 -0.18672326 -7.527122
60686 17220.0 -856.0909 5939.8022 -3382.8351000000002 1.6699291 -3.4914785999999998 -6.544473
60686 17640.0 -89.22370500000001 3898.5249 -5675.9635 1.9161225 -6.0533638000000005 -4.1792333
60686 18060.0 696.48973 1035.3203 -6769.4435 1.7582441 -7.336141899999999 -0.93446343
60686 18480.0 1335.4528 -2045.9503000000002 -6432.894700000001 1.2296748 -7.0731014 2.5091354999999997
60686 18900.0 1692.5462 -4695.1401 -4735.36 0.43990862 -5.3147689 5.4299117
60686 19320.0 1693.3378 -6355.8899 -2038.3953999999999 -0.44430924 -2.4248437 7.1973866
60686 19740.0 1334.4159 -6666.205599999999 1092.4663 -1.2344971 0.97415547 7.4448207
60686 20160.0 692.95576 -5565.375400000001 3992.068 -1.764299 4.1699746 6.1134389
60686 20580.0 -95.019216 -3287.9639 6045.4512 -1.9203375 6.4785341 3.4892309
60686 21000.0 -863.01162 -316.54307 6819.6761 -1.6711137 7.4167487 0.13167103
60686 21420.0 -1449.0648999999999 2721.5974 6152.0599 -1.0693863 6.790597300000001 -3.2540579
60686 21840.0 -1729.2199 5184.9688 4182.4271 -0.24045472 4.7283021 -5.956892799999999
60686 22260.0 -1644.8325 6555.8719 1327.6608999999999 0.6405539 1.6597481 -7.3952243
60686 22680.0 -1210.5875 6531.7969 -1809.4735 1.3866037 -1.7575892 -7.2725938
60686 23100.0 -519.60161 5121.9603 -4560.982599999999 1.8406040000000001 -4.8078294999999995 -5.6087415
60686 23520.0 281.36649 2627.8345 -6344.168000000001 1.9041904 -6.843282599999999 -2.7437698999999998
60686 23940.0 1023.0698000000001 -422.54228000000006 -6782.9113 1.5631591 -7.4187192 0.69598681
60686 24360.0 1547.9850000000001 -3382.7972000000004 -5781.4483 0.89136749 -6.4243451 3.9879281
60686 24780.0 1745.0493999999999 -5626.6627 -3552.1582000000003 0.029903907 -4.067434 6.436285
60686 25200.0 1572.1218999999999 -6677.5582 -567.75548 -0.8384684 -0.84657967 7.5177675
60686 25620.0 1065.9163 -6313.0694 2537.5095 -1.5282491 2.5496221 7.001659
60686 26040.0 334.13034000000005 -4613.0955 5105.013599999999 -1.8933233 5.3974718 5.004709
60686 26460.0 -468.17291 -1940.5777 6593.653200000001 -1.8586936 7.0998353 1.9580941
60686 26880.0 -1172.1206000000002 1140.0798 6692.3185 -1.4334538000000001 7.3073988000000005 -1.4965553
60686 27300.0 -1629.6689 3980.9329 5380.436 -0.70600693 5.9775716 -4.6395809
60686 27720.0 -1743.8216000000002 5982.7403 2932.04 0.1727618 3.381763 -6.8106339
60686 28140.0 -1489.3499 6719.486 -137.27911 1.0176826 0.062097671 -7.5427307
60686 28560.0 -919.23307 6032.2255000000005 -3177.5438 1.64819 -3.2759902000000003 -6.6724367
60686 28980.0 -154.1817 4065.8887000000004 -5542.293 1.9290740000000002 -5.9180422 -4.3846211
60686 29400.0 643.55825 1238.2812 -6729.9623 1.8012346000000001 -7.303945700000001 -1.1690648000000001
60686 29820.0 1305.143 -1851.3607 -6489.7901 1.292354 -7.1437571 2.292797
60686 30240.0 1690.4915 -4549.0607 -4872.427900000001 0.5093519400000001 -5.4706539 5.2708909
60686 30660.0 1717.6281999999999 -6282.7893 -2219.8335 -0.38259622000000004 -2.6357578 7.132147600000001
60686 31080.0 1380.5448000000001 -6684.304400000001 904.7755 -1.1934466 0.7577792 7.4773948
60686 31500.0 751.0512900000001 -5670.076099999999 3837.1734 -1.7501415 3.9836270000000003 6.2361937
60686 31920.0 -37.302076 -3457.6974 5957.4735 -1.9361427000000002 6.3595734 3.6804989
60686 32340.0 -817.87451 -517.27851 6820.2803 -1.7143481999999999 7.3913106 0.35526683000000003
60686 32760.0 -1426.5458 2531.8959 6245.496 -1.1320853 6.8685238 -3.0437594
60686 33180.0 -1734.9953 5048.0537 4353.0471 -0.30992699 4.8971387 -5.8072517
60686 33600.0 -1677.1651000000002 6498.5948 1539.0075 0.5807334 1.8830717 -7.3492183
60686 34020.0 -1264.2374 6572.8325 -1601.0398 1.3502762000000001 -1.5367301 -7.332751900000001
60686 34440.0 -583.26079 5253.5185 -4400.6697 1.8338864000000001 -4.632157100000001 -5.7573893
60686 34860.0 221.37248000000002 2820.7541 -6265.1979 1.9285542 -6.7430071 -2.9612651999999997
60686 35280.0 979.1958000000001 -209.05832 -6800.2214 1.6150902 -7.4248831 0.45996677
60686 35700.0 1529.867 -3194.5671 -5892.7135 0.95983548 -6.5358603 3.7842654000000002
60686 36120.0 1756.6543000000001 -5503.6653 -3734.303 0.10036621 -4.2609421 6.3088748
60686 36540.0 1611.0498 -6646.0037 -782.15138 -0.7812301 -1.080465 7.4944764
60686 36960.0 1123.8671000000002 -6379.4181 2336.4781000000003 -1.4965768000000002 2.3261718 7.087004299999999
60686 37380.0 398.80981 -4762.9277999999995 4959.6933 -1.8937484 5.2320861999999995 5.1789497
60686 37800.0 -410.47803000000005 -2141.3971 6533.9030999999995 -1.8908764000000002 7.0265937 2.183889
60686 38220.0 -1133.4782 930.74662 6729.9404 -1.4903446 7.3406774 -1.2669300000000001
60686 38640.0 -1618.0801000000001 3807.0161000000003 5506.8168 -0.77564743 6.1098778000000005 -4.4540185
60686 39060.0 -1761.5982 5880.5604 3120.0723 0.104978 3.5853924000000004 -6.7078841
60686 39480.0 -1532.6631000000002 6710.3943 72.481779 0.9660071400000001 0.29431426 -7.5444432
60686 39900.0 -978.86162 6118.0675 -2990.7604 1.6235798 -3.0642825 -6.7781682000000005
60686 40320.0 -217.45569 4228.3954 -5418.1771 1.9366266 -5.7712015 -4.5719722
60686 40740.0 590.0364000000001 1443.2287 -6695.081099999999 1.8393689 -7.2526503 -1.3990084
60686 41160.0 1272.767 -1647.3005 -6551.948200000001 1.3532190000000002 -7.1993953 2.0684576000000003
60686 41580.0 1686.286 -4389.3135999999995 -5019.1422 0.58024938 -5.6222778 5.0996445
60686 42000.0 1742.6795 -6201.6413 -2420.5323 -0.31674085 -2.8515960000000002 7.051243700000001
60686 42420.0 1429.6517 -6699.292200000001 692.6152099999999 -1.146868 0.52427336 7.5047768
60686 42840.0 813.7791500000001 -5777.7613 3658.5463 -1.7328799 3.7829284 6.3657979
60686 43260.0 25.736025 -3634.8286000000003 5849.9515 -1.951741 6.2345962 3.8834151
60686 43680.0 -767.75469 -726.2446600000001 6805.8948 -1.7591158 7.3672058 0.58790909
60686 44100.0 -1399.7836000000002 2335.1207999999997 6326.5571 -1.1965709 6.9495541 -2.8299227
60686 44520.0 -1737.1471000000001 4904.7534000000005 4512.0313 -0.38067829000000003 5.066250200000001 -5.6565936
60686 44940.0 -1707.8646 6439.3198 1742.3383999999999 0.5184609400000001 2.1050893999999998 -7.292925400000001
60686 45360.0 -1316.9643999999998 6609.9998 -1396.4845 1.3095845 -1.3078459 -7.3834583
60686 45780.0 -646.92662 5379.6719 -4238.4685 1.8234425 -4.4449698 -5.9048355
60686 46200.0 160.19272 3009.581 -6180.1417 1.9506824999999999 -6.637256900000001 -3.1746828999999996
60686 46620.0 933.47234 2.6789749 -6810.8042000000005 1.6653361 -7.4235085000000005 0.22551946
60686 47040.0 1509.4107 -3004.8215 -5997.4016 1.0276427000000001 -6.6396271 3.5785989000000002
60686 47460.0 1765.8908999999999 -5376.1776 -3911.3959 0.17137639999999998 -4.4483143 6.1762678
60686 47880.0 1648.0983999999999 -6607.982900000001 -994.16171 -0.72224946 -1.3112384 7.4639503000000005
60686 48300.0 1180.8589 -6438.7306 2134.6192 -1.4623446 2.1020822 7.1648765999999995
60686 48720.0 463.6506 -4906.6369 4810.665599999999 -1.8914767 5.063432700000001 5.3464159
60686 49140.0 -351.53139000000004 -2338.0355 6468.0976 -1.9206541 6.947633300000001 2.4053676999999998
60686 49560.0 -1092.7326 722.89995 6760.282400000001 -1.5456592 7.3670079 -1.0388161
60686 49980.0 -1603.9456 3631.5788 5625.898099999999 -0.8447733500000001 6.2350135 -4.267019500000001
60686 50400.0 -1776.8144 5773.9222 3301.9477 0.036636003 3.7827963000000002 -6.600988
60686 50820.0 -1574.3131 6695.9976 279.34454 0.91234479 0.5233226 -7.5380067
60686 51240.0 -1037.8982 6198.2096 -2803.2966 1.5959486 -2.8512042 -6.8754762000000005
60686 51660.0 -281.49245 4386.6803 -5290.2330999999995 1.940951 -5.6189654 -4.7532912
60686 52080.0 534.53765 1646.5808000000002 -6654.4756 1.8750108 -7.1939767 -1.6265933000000001
60686 52500.0 1237.643 -1441.6875 -6608.2744 1.412862 -7.247434 1.8425806
60686 52920.0 1679.1391 -4225.1419000000005 -5161.3477 0.6513953800000001 -5.7678184 4.9238709
60686 53340.0 1765.1887 -6114.0437 -2619.0532000000003 -0.24929991 -3.0639742 6.964021600000001
60686 53760.0 1477.0903 -6707.015200000001 479.83882 -1.0977922000000002 0.29114105 7.5254215
60686 54180.0 875.8878000000001 -5878.2076 3476.5934 -1.7128154 3.5798179 6.4899062
60686 54600.0 89.128336 -3805.2042 5736.7968 -1.964862 6.1058859000000005 4.0823333
60686 55020.0 -716.31793 -930.45825 6784.4963 -1.8018427 7.3372918 0.8181493400000001
60686 55440.0 -1370.9959 2140.2646 6400.1525 -1.2597889 7.0230863 -2.6155537
60686 55860.0 -1736.9927 4760.1769 4664.6003 -0.45147059 5.2281024 -5.501365600000001
60686 56280.0 -1736.3871000000001 6375.1016 1942.161 0.45438058000000003 2.3237245 -7.2294197
60686 56700.0 -1368.8 6642.4849 -1191.8169 1.2651991 -1.0760581 -7.4252915
60686 57120.0 -711.42416 5503.5111 -4072.8082999999997 1.8086710000000001 -4.2493561 -6.0460292
60686 57540.0 96.477397 3200.3789 -6090.1482000000005 1.9691981 -6.5198491 -3.3877809
60686 57960.0 884.07808 221.25955 -6817.916 1.7138646000000002 -7.4112594000000005 -0.015594115
60686 58380.0 1485.0744 -2804.5036 -6102.5145 1.096432 -6.7378571 3.3614050000000004
60686 58800.0 1772.2519 -5237.8324 -4093.5578 0.24566747000000003 -4.637014199999999 6.0316914
60686 59220.0 1683.9912 -6561.057400000001 -1215.8343 -0.6587940099999999 -1.5491067 7.4247612
60686 59640.0 1238.5547 -6492.6846 1920.5071 -1.4239362000000002 1.8683182 7.2398336
60686 60060.0 529.94884 -5043.9851 4646.2752 -1.8877702 4.8882006 5.5222667
60686 60480.0 -291.95737 -2522.1276000000003 6384.6943 -1.9521751 6.8772058 2.6274406
60686 60900.0 -1052.2572 534.2999599999999 6768.117200000001 -1.5999589 7.3996778999999995 -0.83145955
60686 61320.0 -1590.1657 3477.2679 5718.0258 -0.9070732100000001 6.3424268 -4.1061118
60686 61740.0 -1789.1838 5678.4092 3447.1116 -0.023848050000000003 3.9495518 -6.5088946
60686 62160.0 -1609.1093 6675.9086 444.45449 0.86600587 0.71413375 -7.5307886
60686 62580.0 -1087.6848 6257.1075 -2652.8563 1.5719786999999998 -2.6716832 -6.9511847
60686 63000.0 -334.72725 4505.9563 -5183.215 1.9461522 -5.4936734 -4.8993901
60686 63420.0 489.68662 1797.3295 -6611.3825 1.9074601 -7.1520637 -1.8020445999999999
60686 63840.0 1210.2032 -1288.9218999999998 -6639.0148 1.4619989 -7.2838957 1.6783527
60686 64260.0 1673.9846000000002 -4101.6766 -5254.254900000001 0.70704841 -5.8725208 4.8002008
60686 64680.0 1782.6888000000001 -6044.8613 -2750.9965 -0.19893302000000002 -3.2129533 6.904296
60686 65100.0 1512.7819 -6704.1709 338.11217 -1.0629549999999999 0.12964812 7.5388413000000005
60686 65520.0 921.8261500000001 -5940.798 3355.5101 -1.6999349 3.437768 6.5703049
60686 65940.0 135.7053 -3920.3025000000002 5661.6515 -1.9756878 6.0076619 4.2146465
60686 66360.0 -679.08428 -1073.6858 6771.8571 -1.8348219 7.304166100000001 0.97872188
60686 66780.0 -1351.2498 1998.6791 6455.4316 -1.3087345000000001 7.0644955000000005 -2.4583922
60686 67200.0 -1739.516 4651.0047 4779.202700000001 -0.50670747 5.3387529 -5.381563600000001
60686 67620.0 -1761.4636 6323.749 2094.0532 0.40466062 2.4815821000000002 -7.175367100000001
60686 68040.0 -1411.3465 6660.5161 -1034.1289000000002 1.2329594 -0.90813759 -7.4525193000000005
60686 68460.0 -762.46438 5587.4129 -3942.821 1.8012622 -4.1099533 -6.1477602
60686 68880.0 47.91344600000001 3331.0212 -6014.3005 1.9880534 -6.4407989 -3.5381236
60686 69300.0 848.1783800000001 369.47162000000003 -6809.2052 1.7539943 -7.407439800000001 -0.17862662
60686 69720.0 1469.1296000000002 -2670.7387000000003 -6159.4800000000005 1.1474053 -6.8034774 3.2236924
60686 70140.0 1779.8176 -5148.379900000001 -4202.6855000000005 0.29291705 -4.741320300000001 5.9472892
60686 70560.0 1709.7726000000002 -6522.8371 -1347.5074 -0.62120652 -1.6835523000000001 7.4047943
60686 70980.0 1276.3178 -6510.836200000001 1794.8136000000002 -1.4056461999999998 1.7404299 7.286730899999999
60686 71400.0 571.24077 -5113.290599999999 4554.1702000000005 -1.8909206 4.793234900000001 5.6147921
60686 71820.0 -255.21748000000002 -2628.658 6342.087500000001 -1.9742021 6.823238000000001 2.7522912
60686 72240.0 -1027.7354 414.0187 6781.5677000000005 -1.6387142 7.4040571 -0.6923166599999999
60686 72660.0 -1582.7658000000001 3369.4277 5781.442599999999 -0.9566848099999999 6.415663800000001 -3.9838244
60686 73080.0 -1802.7657 5611.6326 3554.2753 -0.072046593 4.0690444 -6.430049100000001
60686 73500.0 -1641.1426999999999 6666.014700000001 572.6622 0.82768854 0.86171988 -7.5112904
60686 73920.0 -1132.39 6310.5705 -2530.5216 1.551045 -2.5222433 -6.999703
60686 74340.0 -384.60033000000004 4623.4857 -5098.7943 1.9455892 -5.3651909 -5.011084
60686 74760.0 444.14957000000004 1963.7457 -6591.8296 1.9302278 -7.0730092 -1.9720784000000002
60686 75180.0 1179.6734 -1108.3408000000002 -6697.1188 1.5095938000000002 -7.294441 1.4801715
60686 75600.0 1667.2803000000001 -3947.2463 -5391.354 0.77028845 -5.981177300000001 4.6279732000000005
60686 76020.0 1803.3145 -5953.669 -2945.7745 -0.13508841000000002 -3.3978979 6.8084076
60686 76440.0 1557.4263999999998 -6698.746700000001 124.65687 -1.0152876 -0.083932096 7.548871500000001
60686 76860.0 980.69631 -6020.818 3168.4356000000002 -1.6814117000000002 3.25415 6.6820333000000005
60686 77280.0 195.48126000000002 -4063.1318 5536.996400000001 -1.9899556 5.8988697000000005 4.3925748
60686 77700.0 -631.20154 -1242.828 6726.469599999999 -1.8759423 7.2891613 1.1710284
60686 78120.0 -1322.9926 1840.0021000000002 6479.7851 -1.3634782 7.136277 -2.3082224
60686 78540.0 -1734.5641 4534.372200000001 4854.7818 -0.5604674199999999 5.4618543 -5.2927407
60686 78960.0 -1776.7835 6263.313099999999 2193.0807000000004 0.36321827 2.6214353999999997 -7.1518509
60686 79380.0 -1440.4259 6657.8150000000005 -937.24433 1.2091438 -0.77573577 -7.483249
60686 79800.0 -797.7160200000001 5636.6170999999995 -3868.1072999999997 1.7955925 -3.9964942999999997 -6.221588700000001
60686 80220.0 14.001521 3422.1174 -5978.7285999999995 1.9999362 -6.3566453 -3.6499124000000003
60686 80640.0 822.9009599999999 486.86385 -6827.6041 1.7832175 -7.370075 -0.32205895
60686 81060.0 1459.303 -2550.7116 -6240.785 1.1932686000000001 -6.8365628 3.0660685
60686 81480.0 1789.8601 -5053.5935 -4342.4738 0.35234794 -4.86825 5.8127126
60686 81900.0 1744.4368000000002 -6494.7676 -1529.7458000000001 -0.56533473 -1.8695728999999999 7.3412836
60686 82320.0 1331.4071999999999 -6567.095700000001 1605.7896 -1.3665251 1.5328886 7.3210247
60686 82740.0 637.08634 -5251.8914 4400.9436 -1.8803284000000002 4.617897200000001 5.7484368
60686 83160.0 -192.01744 -2825.4931 6262.251700000001 -1.9966093 6.7283985 2.9541522000000002
60686 83580.0 -980.40499 199.18006 6793.4627 -1.6898564 7.4152898 -0.47108539000000005
60686 84000.0 -1560.7618 3181.6535 5879.151 -1.0236055 6.5290175 -3.8031102000000003
60686 84420.0 -1809.2503000000002 5487.2145 3712.04 -0.13783966 4.2503191 -6.330816700000001
60686 84840.0 -1672.3032 6623.8488 751.9023000000001 0.77805988 1.0643081 -7.508539
60686 85260.0 -1179.2716 6350.219700000001 -2369.0234 1.5267327000000002 -2.3416967 -7.0832684
60686 85680.0 -435.96473 4729.1928 -4986.3248 1.9488275000000002 -5.2361987 -5.157062
60686 86100.0 399.56703999999996 2109.4885 -6548.925200000001 1.9584934 -7.0130838 -2.1527863000000003

