
Orbital parameters post-maneuver :
319,957522
2024-09-22T00:55:40.64107547351635Z
3621,860364
9999,998582991766
0,0001174
0,0000
-0,0000
275,95946079
270,06621274
8,68166161402934
9952,011935

Orbital parameters post-maneuver :
319,957522
2024-09-22T00:55:40.64107547351635Z
3621,860364
9999,998582991766
0,0001174
0,0000
-0,0000
275,95946079
270,06621274
8,68166161402934
9952,011935

Orbital parameters post-maneuver :
27,959466
2024-09-22T00:55:40.64107547351635Z
3621,860364
9999,998582991766
0,0001174
0,0000
-0,0000
275,95946079
270,06621274
8,68166161402934
9952,011935

Orbital parameters post-maneuver :
500,000000
274,129298
25,870702
2024-11-21T00:22:11.97431585463246Z
585,514508
10802,045625211822
0,3553396
97,8005
270,7098
2,21624251
360,00000000
7,73292416243950
11173,004957

Orbital parameters post-maneuver :
500,000000
800,000000
-500,000000
2024-12-05T12:55:25.44244029409447Z
3621,864038
10000,000041393985
0,0000001
2,0000
3,0000
5,99999840
180,00000000
8,68165971482623
9952,014112

Orbital parameters post-maneuver :
1000,000000
1328,087633
-1000,000000
2024-12-07T01:16:20.31589608250214Z
6621,861585
12999,999594628780
0,0000001
2,0000
3,0000
6,02475963
359,99999998
5,85716898246949
14751,153716

Orbital parameters post-maneuver :
1000,000000
1328,087633
-1000,000000
2024-12-07T01:16:20.31589608250214Z
6621,861585
12999,999594628780
0,0000001
2,0000
3,0000
6,02475963
359,99999998
5,85716898246949
14751,153716

Orbital parameters post-maneuver :
1000,000000
1328,087633
-1000,000000
2047-10-09T23:15:41.32562303543091Z
35783,821021
21823,308780162510
0,9319691
2,0000
3,0000
6,02836628
180,00331132
2,69291016464917
32084,248904

Orbital parameters post-maneuver :
1000,000000
1328,087633
-1000,000000
2047-10-09T23:15:41.32562303543091Z
35783,821021
21823,308780162510
0,9319691
2,0000
3,0000
6,02836628
180,00331132
2,69291016464917
32084,248904

Orbital parameters post-maneuver :
1000,000000
1328,087633
-1000,000000
2047-10-09T23:15:41.32562303543091Z
35783,821021
21823,308780162510
0,9319691
2,0000
3,0000
6,02836628
180,00331132
2,69291016464917
32084,248904

Orbital parameters post-maneuver :
1000,000000
1328,087633
-1000,000000
2024-12-07T00:16:21.68435407352081Z
35783,821021
21823,308780162510
0,9319691
2,0000
3,0000
6,02836628
180,00331132
2,69291016464917
32084,248904

Orbital parameters post-maneuver :
1000,000000
1328,087633
-1000,000000
2024-12-07T00:16:21.68435407352081Z
35783,821021
21823,308780162510
0,9319691
2,0000
3,0000
6,02836628
180,00331132
2,69291016464917
32084,248904

Orbital parameters post-maneuver :
1000,000000
1328,087633
-1000,000000
2024-12-06T23:16:20.68393803310028Z
35783,821021
21823,308780162510
0,9319691
2,0000
3,0000
6,02836628
180,00331132
2,69291016464917
32084,248904

Orbital parameters post-maneuver :
1000,000000
1328,087633
-1000,000000
2024-12-06T06:16:15.44195118059042Z
893,794414
10601,184892315461
0,3140454
2,0000
3,0000
5,99999935
0,00000062
7,95373557324178
10862,820269
