CIC_OEM_VERS = 2.0
CREATION_DATE = 2025-01-22T08:31:26.977217
ORIGINATOR = ISAE-SUPAERO


META_START
OBJECT_NAME = BLUE1
OBJECT_ID = BLUE1
CENTER_NAME = Earth
REF_FRAME = EME2000
TIME_SYSTEM = UTC
START_TIME = 2025-01-22T00:00:00.000
USEABLE_START_TIME = 2025-01-22T00:00:00.000
USEABLE_STOP_TIME = 2025-01-23T00:00:00.000
STOP_TIME = 2025-01-23T00:00:00.000
INTERPOLATION = lagrange
INTERPOLATION_DEGREE = 5
META_STOP



60697 0.0 -6095.3416 2659.373 2003.0687 -1.5270423000000002 1.8416488 -7.203649500000001
60697 450.0 -6033.3461 3140.1957 -1346.919 1.7999716000000001 0.25068591 -7.3832835999999995
60697 900.0 -4538.903 2875.4362 -4375.9371 4.7069887 -1.4033661 -5.8053982
60697 1350.0 -1967.1076 1928.2489 -6364.019700000001 6.4907025 -2.7201417 -2.8541088
60697 1800.0 1070.0328000000002 525.36667 -6845.5441 6.7359211 -3.3887145999999997 0.75306521
60697 2250.0 3856.8767000000003 -1001.1206999999999 -5716.6762 5.4043931 -3.2604689 4.160070800000001
60697 2700.0 5745.1988 -2294.5726 -3251.1199 2.8241246 -2.3750241 6.5776877
60697 3150.0 6301.8816 -3056.3097000000002 -29.230054 -0.39607838 -0.94486758 7.4577027
60697 3600.0 5404.774200000001 -3113.0785 3199.9914 -3.5106595000000005 0.69640079 6.6123893
60697 4050.0 3265.4714 -2454.4393999999998 5692.2780999999995 -5.810552700000001 2.1731949 4.247422899999999
60697 4500.0 376.76685 -1232.5027 6874.6001 -6.776969 3.1516900000000003 0.90231417
60697 4950.0 -2598.007 272.87531 6469.9678 -6.1829485 3.4073924000000004 -2.669883
60697 5400.0 -4969.0927 1714.4268000000002 4560.820900000001 -4.1416873 2.8709502000000002 -5.6511598
60697 5850.0 -6174.805 2753.6324 1581.0562 -1.1046198 1.6530470000000002 -7.3280905
60697 6300.0 -5920.2738 3141.5163 -1772.6532 2.2155052 0.034730437 -7.2746119
60697 6750.0 -4259.7285 2783.2865 -4704.0142000000005 5.0143899 -1.5941994 -5.489159399999999
60697 7200.0 -1588.4575 1764.7558000000001 -6516.8938 6.616737199999999 -2.8400385000000004 -2.4079005
60697 7650.0 1458.4764 329.45617 -6788.235000000001 6.653042900000001 -3.4102257000000002 1.2220125000000002
60697 8100.0 4164.2791 -1183.426 -5464.057900000001 5.1346692 -3.1799219 4.5420472
60697 8550.0 5900.6488 -2420.9927000000002 -2863.2307 2.4320673000000004 -2.2122515 6.7853309
60697 9000.0 6270.2627 -3097.9159 403.30039000000005 -0.8190077800000001 -0.7382014 7.4449452
60697 9450.0 5194.2417000000005 -3060.7038 3577.1556 -3.867503 0.8992998400000001 6.3841567999999995
60697 9900.0 2924.844 -2320.3761 5927.415400000001 -6.020833400000001 2.3263904 3.8566649
60697 10350.0 -15.80181 -1047.4768000000001 6913.372200000001 -6.792894 3.2205700999999998 0.43703028
60697 10800.0 -2952.0619 466.41625 6302.2121 -5.9986093 3.3753452000000004 -3.1045928
60697 11250.0 -5201.6035999999995 1871.4261000000001 4223.7203 -3.7959744 2.7434529000000003 -5.953546500000001
60697 11700.0 -6229.6814 2836.7136 1152.5067 -0.67668396 1.4584929 -7.4231863
60697 12150.0 -5783.2177 3130.4264 -2191.38 2.6228535 -0.18059023 -7.1364115
60697 12600.0 -3963.0107000000003 2680.5115 -5013.201599999999 5.3020047 -1.7779299000000002 -5.1507646000000005
60697 13050.0 -1202.858 1594.9553 -6643.6303 6.7164679 -2.9482675 -1.9522005999999998
60697 13500.0 1841.7528 132.99091 -6703.8066 6.5437577000000005 -3.4183925 1.6858474
60697 13950.0 4455.7748 -1360.4935 -5189.668900000001 4.8445359 -3.0874675000000003 4.9058725
60697 14400.0 6033.2645999999995 -2537.6528 -2463.9047 2.0302276 -2.0416759 6.9661203
60697 14850.0 6214.247 -3127.5288 834.4003100000001 -1.2390275 -0.52958349 7.4029976
60697 15300.0 4963.343900000001 -2996.8593 3940.4815 -4.2097228 1.0979860000000001 6.1309983
60697 15750.0 2572.4734 -2177.9474 6139.495400000001 -6.2081317 2.4702687 3.450612
60697 16200.0 -408.81165000000004 -859.0658000000001 6925.040599999999 -6.7824896 3.2770249 -0.030606784
60697 16650.0 -3295.0133 657.53138 6109.3998 -5.790243800000001 3.3303628 -3.5279411
60697 17100.0 -5413.7775 2020.6052 3869.4532000000004 -3.4341862 2.6054405000000003 -6.2328387
60697 17550.0 -6259.6319 2908.3123 718.91813 -0.24496375 1.2585671 -7.4885256
60697 18000.0 -5622.6239000000005 3106.9275000000002 -2601.6277999999998 3.0203524 -0.39453931000000003 -6.9692107
60697 18450.0 -3649.8552000000004 2567.4425 -5302.4407 5.5686114 -1.9538467000000002 -4.7914887
60697 18900.0 -811.81123 1419.4593 -6743.8737 6.7893661000000005 -3.044316 -1.4888101999999999
60697 19350.0 2218.3225 -63.266034 -6592.7658 6.4084098 -3.4130561 2.1426228000000003
60697 19800.0 4730.173400000001 -1531.5776 -4894.849 4.535188600000001 -2.9833591000000004 5.249863599999999
60697 20250.0 6142.5466 -2644.0333 -2055.0843999999997 1.6204076 -1.8640319 7.1191494
60697 20700.0 6134.1953 -3145.0198 1261.9504 -1.6541818000000001 -0.31997064000000003 7.3319976
60697 21150.0 4713.282 -2921.8424 4288.1563 -4.535604500000001 1.2915648000000002 5.8541282
60697 21600.0 2210.1879 -2027.8153 6327.4709 -6.3714756 2.6041281 3.0313728
60697 22050.0 -800.21538 -668.17482 6909.5914 -6.7457503 3.3206976 -0.49818309
60697 22500.0 -3625.0396 845.25558 5892.6044 -5.5588695 3.2725512 -3.9375679
60697 22950.0 -5604.494 2161.1794 3500.0615000000003 -3.0583687 2.4576154000000003 -6.4872269
60697 23400.0 -6264.6158 2968.0964 282.891 0.18791966 1.0545404 -7.523560300000001
60697 23850.0 -5439.6094 3071.292 -3000.8777000000005 3.4055699 -0.6057997500000001 -6.7739079
60697 24300.0 -3322.3233 2444.8645 -5569.9220000000005 5.8125571 -2.1210378999999997 -4.4135228
60697 24750.0 -417.83188 1239.3346000000001 -6816.9686 6.835109 -3.1278501000000003 -1.0205435999999999
60697 25200.0 2585.839 -258.24068 -6455.6828 6.2479906000000005 -3.3944933 2.5898242000000002
60697 25650.0 4985.795099999999 -1695.8516000000002 -4581.1139 4.2085076 -2.8683916 5.5724299
60697 26100.0 6227.7393 -2739.7251 -1638.73 1.2047379 -1.6803269 7.2440218000000005
60697 26550.0 6030.2824 -3150.4331 1684.0518000000002 -2.062527 -0.11034483 7.2325808
60697 27000.0 4444.9855 -2836.1268999999998 4618.7597000000005 -4.843815800000001 1.4791176000000001 5.5549781000000005
60697 27450.0 1839.3406000000002 -1870.8164 6490.656 -6.5102815000000005 2.7273166 2.6007249000000003
60697 27900.0 -1188.5389 -475.83789 6867.196400000001 -6.682742 3.3513849000000002 -0.96368032
60697 28350.0 -3940.8720000000003 1028.5954000000002 5652.916 -5.305353 3.2023354 -4.3314918
60697 28800.0 -5773.0374 2292.5042000000003 3117.3830000000003 -2.6700197 2.3010341 -6.7154802
60697 29250.0 -6244.6533 3015.9241 -153.42166 0.62021874 0.8475 -7.5281295
60697 29700.0 -5235.0061 3023.8585000000003 -3387.1798 3.7767784000000004 -0.81331167 -6.5515993
60697 30150.0 -2981.8599 2313.5492000000004 -5814.4197 6.0329259 -2.2787032 -4.018876000000001
60697 30600.0 -22.55347 1055.5932 -6862.6485999999995 6.8537609 -3.198616 -0.5496049500000001
60697 30698.0 6634.8377 931.66061 30.561242 -1.0729113 7.6275656000000005 0.40213873
60697 30878.0 6301.1726 2274.9994 101.7769 -2.6215682 7.2436212 0.38623433
60697 31058.0 5697.6098 3520.8794 168.61713 -4.058664 6.5496502 0.35374702
60697 31238.0 4850.2181 4615.8967 228.20687 -5.3232681 5.5741213 0.3060082
60697 31418.0 3794.9387 5513.1321 277.98556 -6.3600531 4.359339299999999 0.24509536
60697 31598.0 2576.9628 6173.997200000001 315.80643 -7.124505600000001 2.9571418 0.17361889
60697 31778.0 1248.4585 6570.032700000001 340.0375 -7.5836952 1.4272903 0.094638868
60697 31958.0 -133.62220000000002 6684.0755 349.62887 -7.7175926 -0.16490236 0.01153877
60697 32138.0 -1509.9549 6511.0161 344.15788000000003 -7.5199662 -1.7512903 -0.07211985900000001
60697 32318.0 -2821.3656 6058.053400000001 323.84816 -6.9987346 -3.2637367 -0.15274153000000001
60697 32498.0 -4011.3684 5344.4315 289.56258 -6.1757593 -4.637034399999999 -0.22684462
60697 32678.0 -5028.607400000001 4400.6516 242.76894000000001 -5.085979900000001 -5.811769 -0.29121387
60697 32858.0 -5829.0873 3267.1922000000004 185.47923 -3.7759608 -6.7368996 -0.34304013
60697 33038.0 -6378.1006 1992.7936000000002 120.16495 -2.3019756000000005 -7.372019000000001 -0.38004753
60697 33218.0 -6651.7661 632.3686 49.650248 -0.7276032400000001 -7.6892125 -0.40061081000000004
60697 33398.0 -6638.0987000000005 -755.36972 -23.012988 0.87903264 -7.6743375 -0.40383317
60697 33578.0 -6337.5645 -2110.46 -94.678982 2.4482185 -7.3277377 -0.38956836
60697 33758.0 -5763.086200000001 -3374.3188 -162.24289000000002 3.9117922 -6.6643274 -0.3584164
60697 33938.0 -4939.482 -4492.3112 -222.77447 5.206235700000001 -5.7128914 -0.31171453000000005
60697 34118.0 -3902.376 -5416.1364 -273.648 6.275431800000001 -4.5147626 -0.25149776
60697 34298.0 -2696.6413 -6105.9332 -312.66001 7.0731159 -3.1220412 -0.1804024
60697 34478.0 -1374.4317 -6532.0172 -338.12582000000003 7.5649595000000005 -1.5952761 -0.1015341
60697 34658.0 7.1103092 -6676.1597 -348.95182 7.730050100000001 -0.0007220639 -0.018330897000000002
60697 34838.0 1388.3527 -6532.3518 -344.68195000000003 7.5617308 1.5925962 0.0655887
60697 35018.0 2709.7699 -6107.031400000001 -325.51495 7.0678247 3.1159178 0.14659563
60697 35198.0 3914.52 -5418.7627 -292.29197 6.270194099999999 4.5037551 0.22120409000000002
60697 35378.0 4950.8838 -4497.3910000000005 -246.4588 5.2036785 5.6966897 0.28620431
60697 35558.0 5774.467000000001 -3382.7221 -190.00364000000002 3.9145238 6.6438546 0.33880305
60697 35738.0 6350.0779 -2122.7857000000004 -125.36946 2.4583597 7.3050614 0.37676099
60697 35918.0 6653.2013 -771.75484 -55.345132 0.89774913 7.6524693 0.39848453
60697 36098.0 6671.0042 612.38121 17.055275 -0.70053548 7.671640900000001 0.4030705
60697 36278.0 6402.8442000000005 1970.2798 88.719443 -2.2682694000000003 7.3620152 0.39033465
60697 36458.0 5860.2834 3243.7509 156.56793 -3.7385488000000002 6.7369343 0.36082713
60697 36638.0 5067.9183 4379.4068 217.74413 -5.044868800000001 5.8236704 0.31583195000000003
60697 36818.0 4057.8003 5326.3561 269.50662 -6.1382972 4.6608326 0.25726755
60697 36998.0 2873.9129 6045.2613 309.69355 -6.9688699 3.2982262 0.18764042
60697 37178.0 1566.9265 6505.2052 336.57146 -7.5011567 1.7938167 0.10992264
60697 37358.0 192.79862 6686.3653 348.97923 -7.7121736 0.21168083 0.027437028000000002
60697 37538.0 -1189.5867 6580.795099999999 346.37459 -7.592499200000001 -1.3806871 -0.056283071999999996
60697 37718.0 -2520.9073 6192.795700000001 328.85914 -7.1467266 -2.915166 -0.13764283
60697 37898.0 -3743.9258 5538.772 297.17528000000004 -6.393356 -4.3258678 -0.21314225
60697 38078.0 -4805.9393 4646.5774 252.67582000000002 -5.364118 -5.5519254 -0.27952278
60697 38258.0 -5661.0604 3554.3694 197.26815 -4.1027583000000005 -6.5401457 -0.33390251000000004
60697 38438.0 -6272.2263 2309.0065 133.33483999999999 -2.663231 -7.2474086 -0.37390393
60697 38618.0 -6612.8347 964.05377 63.632816 -1.1073997 -7.6425965 -0.39776038999999996
60697 38798.0 -6667.9367 -422.51397 -8.8242231 0.49757658 -7.7080278 -0.40439768
60697 38978.0 -6434.9318 -1790.8209 -80.896563 2.0821646 -7.4403578 -0.39349849000000003
60697 39158.0 -5923.7178 -3081.7008 -149.45802 3.577538 -6.8507943 -0.36553025000000006
60697 39338.0 -5156.289900000001 -4239.2874 -211.53516000000002 4.9186062 -5.9646802 -0.32171295
60697 39518.0 -4165.8005 -5213.4765 -264.4365 6.0469744 -4.8204608 -0.26394604
60697 39698.0 -2995.1049 -5962.1361 -305.86775 6.913631400000001 -3.4679227999999998 -0.19473024000000003
60697 39878.0 -1694.8725 -6452.947 -334.0325 7.481073 -1.9659064000000002 -0.11707936
60697 40058.0 -321.36361 -6664.8056 -347.71353000000005 7.724909 -0.37973064 -0.034388946
60697 40238.0 1066.0383000000002 -6588.7333 -346.3266 7.6349604 1.2217088 0.049731903
60697 40418.0 2407.4318 -6228.241400000001 -329.94395000000003 7.2156513 2.7690512 0.13162449
60697 40598.0 3645.0075 -5599.1381 -299.28909000000004 6.4857037 4.1955235 0.20773789
60697 40627.444 -24756.862 -3476.3547000000003 -114.03495 0.55543293 -3.9486918 -0.20818201
60697 40807.444 -24646.661 -4185.5833 -151.45535 0.66886978 -3.9311 -0.20757229000000002
60697 40987.444 -24516.104 -4891.3546 -188.75061 0.78175061 -3.9102576 -0.20679089
60697 41167.444 -24365.263 -5593.0803 -225.88973000000001 0.89399035 -3.8861858000000002 -0.20583868000000002
60697 41347.444 -24194.295000000002 -6290.1848 -262.84216 1.0054974 -3.8588988 -0.20471615
60697 41527.444 -24003.331000000002 -6982.091200000001 -299.57733 1.1161756 -3.8284211 -0.20342433000000001
60697 41707.444 -23792.527000000002 -7668.2265 -336.06483000000003 1.2259313 -3.794779 -0.20196433
60697 41887.444 -23562.057 -8348.0234 -372.27447 1.3346737000000002 -3.7580002 -0.20033736
60697 42067.444 -23312.111 -9020.9201 -408.17634000000004 1.4423130000000002 -3.7181151 -0.19854476000000001
60697 42247.444 -23042.896 -9686.360400000001 -443.74074 1.5487602999999999 -3.6751567 -0.19658801
60697 42427.444 -22754.634000000002 -10343.794 -478.93827000000005 1.6539276 -3.6291604000000004 -0.19446873
60697 42607.444 -22447.564000000002 -10992.678 -513.73983 1.7577280000000002 -3.5801642 -0.19218867
60697 42787.444 -22121.939000000002 -11632.476 -548.11666 1.8600757 -3.5282087000000004 -0.18974971
60697 42967.444 -21778.029000000002 -12262.658 -582.04032 1.9608861 -3.4733368000000002 -0.18715388
60697 43147.444 -21416.117000000002 -12882.705 -615.4827700000001 2.060076 -3.4155937 -0.1844033
60697 43327.444 -21036.504 -13492.103000000001 -648.41636 2.1575632999999996 -3.3550271 -0.18150027
60697 43507.444 -20639.502 -14090.348 -680.81386 2.2532674999999998 -3.2916871999999997 -0.17844716
60697 43687.444 -20225.439000000002 -14676.947 -712.64848 2.3471095 -3.2256262 -0.17524652000000002
60697 43867.444 -19794.658 -15251.414 -743.89391 2.4390118000000003 -3.1568987 -0.17190098
60697 44047.444 -19347.516 -15813.274 -774.5243100000001 2.5288983 -3.0855615 -0.1684133
60697 44227.444 -18884.381 -16362.063 -804.51434 2.6166948000000003 -3.0116734000000003 -0.16478637000000002
60697 44407.444 -18405.635000000002 -16897.327 -833.83923 2.7023286 -2.9352956 -0.16102319
60697 44587.444 -17911.676 -17418.623 -862.4747 2.7857292000000005 -2.8564912 -0.15712686
60697 44767.444 -17402.911 -17925.522 -890.3971 2.8668274 -2.7753251 -0.15310059999999998
60697 44947.444 -16879.761 -18417.603 -917.58332 2.9455562 -2.6918645999999997 -0.14894774000000002
60697 45127.444 -16342.657000000001 -18894.46 -944.0109 3.0218506000000005 -2.6061785 -0.14467172
60697 45307.444 -15792.044 -19355.698 -969.65796 3.0956475 -2.5183375999999997 -0.14027606
60697 45487.444 -15228.377 -19800.936 -994.5033199999999 3.1668858 -2.4284144999999997 -0.13576438999999998
60697 45667.444 -14652.122000000001 -20229.807 -1018.5264000000001 3.2355068 -2.3364836 -0.13114045
60697 45847.444 -14063.755000000001 -20641.954 -1041.7074 3.3014535 -2.2426206000000004 -0.12640806000000002
60697 46027.444 -13463.763 -21037.039 -1064.027 3.3646715 -2.1469032 -0.12157111999999999
60697 46207.444 -12852.64 -21414.733 -1085.4669 3.4251086 -2.0494105 -0.11663363
60697 46387.444 -12230.894 -21774.725000000002 -1106.0094 3.4827146 -1.9502230999999999 -0.11159968
60697 46567.444 -11599.036 -22116.717 -1125.6373 3.5374421000000003 -1.8494228000000001 -0.10647343
60697 46747.444 -10957.59 -22440.425 -1144.3345 3.5892456000000004 -1.7470929000000002 -0.1012591
60697 46927.444 -10307.086 -22745.583 -1162.0855 3.6380824 -1.6433181 -0.095961012
60697 47107.444 -9648.0606 -23031.938000000002 -1178.8757 3.6839121 -1.5381841 -0.090583543
60697 47287.444 -8981.0599 -23299.253 -1194.6911 3.7266966000000004 -1.4317777 -0.085131137
60697 47467.444 -8306.6347 -23547.307 -1209.5187 3.7664007 -1.3241869 -0.0796083
60697 47647.444 -7625.3424 -23775.895 -1223.3462 3.8029915 -1.2155005 -0.07401959600000001
60697 47827.444 -6937.7463 -23984.827 -1236.1621 3.8364386 -1.1058085000000002 -0.068369646
60697 48007.444 -6244.4148 -24173.931 -1247.9558000000002 3.8667143000000004 -0.99520145 -0.06266312
60697 48187.444 -5545.921 -24343.05 -1258.7177 3.8937937000000002 -0.88377076 -0.056904734
60697 48367.444 -4842.8422 -24492.044 -1268.4387 3.9176541000000005 -0.77160854 -0.051099249
60697 48547.444 -4135.7598 -24620.791 -1277.1109 3.938276 -0.65880749 -0.045251463
60697 48727.444 -3425.2582 -24729.182 -1284.727 3.9556421999999998 -0.5454608500000001 -0.039366211
60697 48907.444 -2711.9249 -24817.13 -1291.2808 3.9697381999999997 -0.43166229 -0.033448359000000004
60697 49087.444 -1996.3494 -24884.559 -1296.7667 3.9805523 -0.3175059 -0.027502799
60697 49267.444 -1279.1235 -24931.416 -1301.1804 3.9880757 -0.20308602 -0.021534446
60697 49447.444 -560.84 -24957.66 -1304.5181000000002 3.9923019 -0.088497253 -0.015548235
60697 49627.444 157.90717 -24963.27 -1306.777 3.9932274000000003 0.026165686 -0.0095491156
60697 49807.444 876.5237900000001 -24948.242000000002 -1307.9553 3.9908515 0.140808 -0.0035420482
60697 49987.444 1594.4157 -24912.587 -1308.0519 3.985176 0.25533491 0.0024680000999999997
60697 50167.444 2310.9894 -24856.334 -1307.0669 3.9762055000000003 0.36965173 0.008476059599999999
60697 50347.444 3025.6524 -24779.53 -1305.001 3.9639474 0.48366395 0.014477162
60697 50527.444 3737.8139 -24682.239 -1301.8558 3.9484119 0.5972773 0.020466345
60697 50707.444 4446.8848 -24564.54 -1297.6341000000002 3.9296116000000003 0.71039783 0.026438655000000002
60697 50887.444 5152.2791 -24426.531 -1292.3392 3.907562 0.82293201 0.032389152000000004
60697 51067.444 5853.4133 -24268.325 -1285.9756000000002 3.8822814 0.93478679 0.038312917
60697 51247.444 6549.7077 -24090.054 -1278.5485 3.8537905 1.0458697 0.044205048
60697 51427.444 7240.586700000001 -23891.864 -1270.064 3.822113 1.1560888 0.050060673
60697 51607.444 7925.4788 -23673.919 -1260.5291000000002 3.7872748 1.2653530000000002 0.055874949
60697 51787.444 8603.8177 -23436.4 -1249.9518 3.7493048 1.3735719 0.061643065000000004
60697 51967.444 9275.0425 -23179.501 -1238.3407 3.7082343 1.480656 0.06736025
60697 52147.444 9938.598 -22903.437 -1225.7053999999998 3.6640971 1.5865167 0.07302177500000001
60697 52327.444 10593.936 -22608.434 -1212.0565 3.6169299 1.6910666 0.07862295700000001
60697 52507.444 11240.513 -22294.737 -1197.4051000000002 3.5667714000000004 1.794219 0.08415916
60697 52687.444 11877.796 -21962.604 -1181.7633 3.5136632 1.8958888 0.089625806
60697 52867.444 12505.258 -21612.311 -1165.1442 3.457649 1.9959917 0.095018372
60697 53047.444 13122.378 -21244.146 -1147.5613999999998 3.3987752 2.0944450000000003 0.10033239000000001
60697 53227.444 13728.648000000001 -20858.414 -1129.0295 3.3370904 2.1911671999999998 0.10556348
60697 53407.444 14323.565 -20455.435 -1109.5638000000001 3.2726455999999997 2.2860782 0.11070729
60697 53587.444 14906.638 -20035.54 -1089.1804 3.2054940000000003 2.3790997000000003 0.11575958
60697 53767.444 15477.384 -19599.077 -1067.8961000000002 3.1356911000000003 2.4701546 0.12071617000000001
60697 53947.444 16035.331 -19146.406 -1045.7286 3.0632947 2.5591675 0.12557295000000002
60697 54127.444 16580.018 -18677.903000000002 -1022.6961 2.9883644 2.6460649 0.1303259
60697 54307.444 17110.994 -18193.954 -998.8177 2.9109623 2.7307748000000003 0.1349711
60697 54487.444 17627.82 -17694.96 -974.11318 2.8311524 2.8132271 0.13950469000000001
60697 54667.444 18130.068 -17181.332000000002 -948.60293 2.7490005 2.8933535000000004 0.14392292
60697 54847.444 18617.324 -16653.496 -922.3080699999999 2.6645747 2.9710879 0.14822214
60697 55027.444 19089.183 -16111.888 -895.25032 2.5779447 3.0463658000000002 0.15239879
60697 55207.444 19545.256 -15556.956 -867.4520600000001 2.4891822 3.1191248999999996 0.15644941
60697 55387.444 19985.165 -14989.158 -838.9362900000001 2.3983605 3.1893051 0.16037065
60697 55567.444 20408.547 -14408.964 -809.72659 2.3055548 3.2568482 0.16415926
60697 55747.444 20815.05 -13816.854000000001 -779.84711 2.2108417 3.3216983 0.16781211
60697 55927.444 21204.34 -13213.317000000001 -749.3225600000001 2.1142996 3.3838018 0.17132615999999998
60697 56107.444 21576.093 -12598.853000000001 -718.17819 2.0160084 3.4431073000000003 0.17469852
60697 56287.444 21930.003 -11973.97 -686.43976 1.9160492999999998 3.4995656 0.1779264
60697 56467.444 22265.776 -11339.183 -654.13352 1.8145049 3.5531300000000003 0.18100711000000003
60697 56647.444 22583.135000000002 -10695.019 -621.2861800000001 1.7114593 3.6037561 0.1839381
60697 56827.444 22881.816 -10042.01 -587.92493 1.6069977 3.6514022 0.18671696000000002
60697 57007.444 23161.574 -9380.6955 -554.0773399999999 1.5012065 3.6960286 0.18934138
60697 57187.444 23422.176 -8711.6229 -519.77143 1.3941732 3.7375985000000003 0.19180919000000002
60697 57367.444 23663.407 -8035.3454 -485.03555 1.2859864 3.7760775 0.19411834
60697 57547.444 23885.067 -7352.4224 -449.89846000000006 1.1767354 3.8114336 0.19626692
60697 57727.444 24086.974000000002 -6663.4185 -414.38921000000005 1.0665107 3.8436376 0.19825315000000002
60697 57907.444 24268.958 -5968.9036 -378.53717 0.95540347 3.8726629 0.20007539
60697 58087.444 24430.871 -5269.452 -342.372 0.8435056200000001 3.8984853 0.20173212000000001
60697 58267.444 24572.579 -4565.6422999999995 -305.92362 0.73090972 3.9210836000000002 0.20322198
60697 58447.444 24693.963 -3858.0565 -269.22217 0.6177089 3.9404389 0.20454374000000003
60697 58627.444 24794.923 -3147.2798 -232.29802 0.50399681 3.9565353 0.20569629
60697 58807.444 24875.376 -2433.9002 -195.18172 0.38986753 3.9693594 0.20667868000000003
60697 58987.444 24935.256 -1718.5074 -157.90395999999998 0.27541548 3.9789006000000002 0.2074901
60697 59167.444 24974.512 -1001.6934 -120.49558 0.16073535000000003 3.9851509000000003 0.20812987000000002
60697 59347.444 24993.113 -284.05089000000004 -82.98753500000001 0.045922001000000004 3.9881052 0.20859746999999998
60697 59527.444 24991.042 433.82656000000003 -45.410846 -0.068929564 3.9877611 0.20889251
60697 59707.444 24968.301 1151.3452 -7.7965995 -0.18372433000000002 3.9841187000000002 0.20901474
60697 59887.444 24924.91 1867.9116000000001 29.824087 -0.29836732 3.9771812 0.20896407
60697 60067.444 24860.904000000002 2582.933 67.42009200000001 -0.41276368 3.9669541 0.20874052
60697 60247.444 24776.336 3295.8182 104.96031 -0.5268187799999999 3.9534461000000003 0.20834429000000002
60697 60427.444 24671.275 4005.9774 142.4137 -0.6404382399999999 3.9366682 0.20777571
60697 60607.444 24545.81 4712.8234 179.74926000000002 -0.7535280599999999 3.9166343 0.20703523999999998
60697 60787.444 24400.043 5415.7714000000005 216.93610999999999 -0.86599468 3.8933611000000004 0.20612350000000002
60697 60967.444 24234.095 6114.2402 253.94349 -0.97774505 3.8668677 0.20504125
60697 61147.444 24048.103 6807.651900000001 290.74078000000003 -1.0886867 3.837176 0.20378937
60697 61327.444 23842.222 7495.4331 327.29753999999997 -1.1987279000000002 3.8043108 0.2023689
60697 61507.444 23616.62 8177.015 363.58353999999997 -1.3077775 3.768299 0.20078103
60697 61687.444 23371.487 8851.8338 399.56875 -1.4157454 3.7291706 0.19902706
60697 61867.444 23107.022 9519.331300000002 435.2234 -1.5225422000000002 3.6869579 0.19710844
60697 62047.444 22823.447 10178.956 470.51800000000003 -1.6280796 3.6416959 0.19502677000000002
60697 62227.444 22520.995 10830.161 505.42336 -1.7322701999999999 3.5934219 0.19278377000000002
60697 62407.444 22199.916 11472.409 539.91059 -1.8350279 3.542176 0.19038129
60697 62587.444 21860.476 12105.169 573.95118 -1.9362675999999999 3.4880006 0.18782132999999998
60697 62767.444 21502.955 12727.916000000001 607.51695 -2.0359057000000003 3.4309405 0.18510599
60697 62947.444 21127.651 13340.137 640.58015 -2.1338595999999996 3.3710429 0.18223754
60697 63127.444 20734.872 13941.325 673.11342 -2.2300483 3.3083574 0.17921834
60697 63307.444 20324.944 14530.982 705.08985 -2.3243924000000002 3.2429359 0.1760509
60697 63487.444 19898.206000000002 15108.621000000001 736.4830000000001 -2.4168137 3.1748325 0.17273783
60697 63667.444 19455.011 15673.764000000001 767.2669000000001 -2.5072358 3.1041036 0.16928188
60697 63847.444 18995.725000000002 16225.944 797.41608 -2.5955839000000003 3.0308077 0.1656859
60697 64027.444 18520.73 16764.704 826.9056 -2.6817849000000002 2.9550055000000004 0.16195289
60697 64207.444 18030.416 17289.599000000002 855.7110799999999 -2.7657676 2.8767597 0.15808592
60697 64387.444 17525.19 17800.195 883.80869 -2.8474625000000002 2.7961350000000005 0.1540882
60697 64567.444 17005.471 18296.069 911.1751800000001 -2.9268020000000003 2.7131982 0.14996303
60697 64747.444 16471.687 18776.812 937.7879300000001 -3.0037205 2.6280178999999997 0.14571384
60697 64927.444 15924.281 19242.025 963.6249300000001 -3.0781544 2.5406646 0.14134413
60697 65107.444 15363.704 19691.325 988.6648100000001 -3.1500422 2.4512106 0.13685753
60697 65287.444 14790.422 20124.339 1012.8869000000001 -3.2193244 2.3597299 0.13225774
60697 65467.444 14204.907000000001 20540.711 1036.271 -3.2859437 2.2662982 0.12754858
60697 65647.444 13607.645 20940.094 1058.798 -3.3498451 2.1709929000000003 0.12273395
60697 65827.444 12999.129 21322.16 1080.4492 -3.4109758 2.0738927 0.11781782
60697 66007.444 12379.863 21686.593 1101.2066000000002 -3.4692852 1.9750780000000001 0.11280427
60697 66187.444 11750.359 22033.09 1121.0531 -3.5247251000000004 1.8746306 0.10769745
60697 66367.444 11111.137 22361.367000000002 1139.9723000000001 -3.5772496 1.7726335 0.10250158000000001
60697 66547.444 10462.726 22671.151 1157.9486000000002 -3.6268155 1.6691713 0.09722096100000001
60697 66727.444 9805.663400000001 22962.186 1174.967 -3.6733818 1.5643294 0.091859965
60697 66907.444 9140.491300000002 23234.232 1191.0136000000002 -3.7169098 1.4581946000000001 0.08642302700000001
60697 67087.444 8467.760300000002 23487.063000000002 1206.075 -3.7573638000000003 1.3508548 0.080914647
60697 67267.444 7788.0268 23720.472 1220.1389 -3.7947103 1.2423987 0.075339383
60697 67447.444 7101.852900000001 23934.265 1233.1935 -3.8289185000000003 1.132916 0.069701849
60697 67627.444 6409.8061 24128.266 1245.2281 -3.85996 1.0224973 0.06400670800000001
60697 67807.444 5712.4588 24302.314000000002 1256.2327 -3.8878094 0.9112339100000001 0.058258673000000004
60697 67987.444 5010.3877 24456.265 1266.1983 -3.9124434999999997 0.7992179300000001 0.052462499
60697 68167.444 4304.1732999999995 24589.993000000002 1275.1166 -3.9338421 0.6865419700000001 0.046622983
60697 68347.444 3594.3997000000004 24703.386000000002 1282.9803000000002 -3.9519876 0.5732992400000001 0.040744955
60697 68527.444 2881.6538 24796.352 1289.7828000000002 -3.966865 0.4595834 0.034833278999999995
60697 68707.444 2166.5251000000003 24868.813000000002 1295.5185000000001 -3.978462 0.34548849000000004 0.028892844
60697 68887.444 1449.6049 24920.711 1300.1828 -3.9867691 0.23110888000000002 0.022928564999999998
60697 69067.444 731.4860699999999 24952.001 1303.7717 -3.9917795000000003 0.11653916 0.016945376
60697 69247.444 12.762362 24962.659 1306.2823 -3.9934890999999997 0.0018740778 0.010948225
60697 69427.444 -705.97188 24952.676 1307.7125 -3.9918966 -0.11279154 0.0049420738
60697 69607.444 -1424.1224 24922.06 1308.0611999999999 -3.9870033 -0.22736288999999998 -0.0010681102
60697 69787.444 -2141.0953 24870.836 1307.328 -3.9788132999999997 -0.34174520999999997 -0.007077356
60697 69967.444 -2856.2978 24799.048 1305.5137 -3.9673335 -0.45584394 -0.013080694
60697 70147.444 -3569.1385 24706.755 1302.6196000000002 -3.9525734000000003 -0.5695647300000001 -0.019073158
60697 70327.444 -4279.0280999999995 24594.033 1298.6483 -3.9345453000000004 -0.68281356 -0.025049793
60697 70507.444 -4985.379599999999 24460.976 1293.603 -3.9132642 -0.7954968 -0.031005658000000002
60697 70687.444 -5687.6091 24307.694 1287.4878 -3.8887476000000003 -0.9075212800000001 -0.036935825000000005
60697 70867.444 -6385.1359 24134.314000000002 1280.3079 -3.8610160000000002 -1.0187944 -0.042835392
60697 71047.444 -7077.3832999999995 23940.979 1272.0692 -3.8300923 -1.1292242000000001 -0.04869948
60697 71227.444 -7763.7791 23727.849000000002 1262.7785000000001 -3.7960021000000004 -1.2387193 -0.05452324
60697 71407.444 -8443.7558 23495.101 1252.4435 -3.7587737000000003 -1.3471893 -0.060301859
60697 71587.444 -9116.751199999999 23242.928 1241.0728000000001 -3.7184379 -1.4545444 -0.066030556
60697 71767.444 -9782.209 22971.538 1228.6758 -3.6750282000000003 -1.5606961 -0.07170459800000001
60697 71947.444 -10439.579 22681.155 1215.2627 -3.6285803999999997 -1.6655564 -0.07731929100000001
60697 72127.444 -11088.318000000001 22372.02 1200.8446999999999 -3.5791329999999997 -1.7690388000000001 -0.082869995
60697 72307.444 -11727.889000000001 22044.389 1185.4337 -3.5267269000000003 -1.8710577000000002 -0.08835212199999999
60697 72487.444 -12357.765 21698.532 1169.0423 -3.4714056 -1.9715289 -0.09376113900000001
60697 72667.444 -12977.423 21334.736 1151.6843000000001 -3.4132148000000004 -2.0703692 -0.099092575
60697 72847.444 -13586.353000000001 20953.302 1133.3738999999998 -3.3522027 -2.167497 -0.10434202000000001
60697 73027.444 -14184.050000000001 20554.545000000002 1114.1263999999999 -3.2884196 -2.262832 -0.10950515000000001
60697 73207.444 -14770.021 20138.795000000002 1093.9575 -3.2219185 -2.3562956 -0.11457767
60697 73387.444 -15343.781 19706.395 1072.8841000000002 -3.1527543000000002 -2.4478103 -0.11955542
60697 73567.444 -15904.856 19257.704 1050.9235 -3.0809843000000003 -2.5373007 -0.12443425999999999
60697 73747.444 -16452.782 18793.093 1028.0939 -3.0066678000000002 -2.6246928 -0.12921017
60697 73927.444 -16987.107 18312.945 1004.4143 -2.9298662 -2.7099144 -0.1338792
60697 74107.444 -17507.389 17817.658 979.9040600000001 -2.8506430999999997 -2.792895 -0.13843749
60697 74287.444 -18013.197 17307.642 954.58363 -2.7690641 -2.8735661 -0.14288128
60697 74467.444 -18504.115 16783.317 928.47389 -2.6851965 -2.9518611999999997 -0.14720688999999998
60697 74647.444 -18979.735 16245.118 901.59645 -2.5991098000000004 -3.0277154 -0.15141075
60697 74827.444 -19439.665 15693.49 873.9735400000001 -2.5108751000000002 -3.1010662000000004 -0.15548938999999998
60697 75007.444 -19883.526 15128.888 845.62799 -2.4205653000000003 -3.1718528999999998 -0.15943943
60697 75187.444 -20310.949 14551.78 816.58326 -2.3282552 -3.2400171 -0.16325762000000002
60697 75367.444 -20721.582000000002 13962.643 786.86335 -2.2340210000000003 -3.3055025000000002 -0.16694079
60697 75547.444 -21115.086 13361.963 756.49285 -2.1379408 -3.368255 -0.17048591
60697 75727.444 -21491.135000000002 12750.238 725.49688 -2.0400938 -3.4282228 -0.17389004
60697 75907.444 -21849.418 12127.973 693.90107 -1.940561 -3.4853563 -0.17715038000000002
60697 76087.444 -22189.64 11495.683 661.73153 -1.8394246 -3.5396083 -0.18026423
60697 76267.444 -22511.52 10853.889000000001 629.01489 -1.7367683999999999 -3.5909341 -0.18322902
60697 76447.444 -22814.791 10203.124 595.77818 -1.632677 -3.6392913 -0.18604230000000002
60697 76627.444 -23099.203 9543.9251 562.04889 -1.5272366 -3.68464 -0.18870175
60697 76807.444 -23364.52 8876.8367 527.85491 -1.4205343000000001 -3.7269426 -0.19120516
60697 76987.444 -23610.525 8202.4106 493.22452000000004 -1.3126583 -3.7661643 -0.19355048
60697 77167.444 -23837.012 7521.2044000000005 458.18634000000003 -1.2036978 -3.8022727 -0.19573576
60697 77347.444 -24043.796000000002 6833.7811 422.76936 -1.0937428 -3.835238 -0.1977592
60697 77527.444 -24230.705 6140.7089000000005 387.00284000000005 -0.9828841300000001 -3.8650329 -0.19961913
60697 77707.444 -24397.586 5442.5609 350.91637000000003 -0.87121348 -3.8916329000000003 -0.20131401
60697 77887.444 -24544.299 4739.9141 314.53978 -0.7588231200000001 -3.915016 -0.20284245
60697 78067.444 -24670.724000000002 4033.3493 277.90315000000004 -0.6458059100000001 -3.9351629 -0.20420318
60697 78247.444 -24776.757 3323.4506 241.03677 -0.5322552700000001 -3.9520571 -0.20539507
60697 78427.444 -24862.31 2610.8048 203.97112 -0.41826502 -3.9656844 -0.20641715
60697 78607.444 -24927.312 1896.0009 166.73684 -0.30392937000000003 -3.9760338 -0.20726857
60697 78787.444 -24971.709 1179.6298000000002 129.36471 -0.18934278000000002 -3.9830966 -0.20794863000000002
60697 78967.444 -24995.466 462.28368 91.885646 -0.07459995600000001 -3.9868671 -0.20845676000000002
60697 79147.444 -24998.562 -255.44459 54.33062 0.040204294 -3.9873421 -0.20879255000000002
60697 79327.444 -24980.994 -972.96172 16.730684 0.1549751 -3.9845213 -0.20895573
60697 79507.444 -24942.778000000002 -1689.6746 -20.883075 0.26961763000000005 -3.9784070000000002 -0.20894614000000003
60697 79687.444 -24883.945 -2404.9909 -58.479562 0.38403716 -3.9690043 -0.20876381000000002
60697 79867.444 -24804.544 -3118.3192999999997 -96.027692 0.49813913000000004 -3.9563209 -0.20840889
60697 80047.444 -24704.64 -3829.0703 -133.49642000000003 0.61182926 -3.9403674 -0.20788167000000002
60697 80227.444 -24584.316 -4536.6562 -170.85478 0.72501361 -3.9211569 -0.20718258
60697 80407.444 -24443.671000000002 -5240.4923 -208.07188000000002 0.8375986900000001 -3.8987051999999998 -0.2063122
60697 80587.444 -24282.819 -5939.9957 -245.11689 0.94947849 -3.8730348 -0.20527142
60697 80767.444 -24101.917 -6634.594900000001 -281.95949 1.0605741 -3.84416 -0.20406077
60697 80947.444 -23901.084 -7323.7081 -318.56889 1.1707977 -3.8121085 -0.20268147
60697 81127.444 -23680.481 -8006.7627 -354.91467 1.2800483 -3.7769107 -0.20113484
60697 81307.444 -23440.37 -8683.223199999999 -390.9681 1.3882394999999998 -3.7385807 -0.19942137
60697 81487.444 -23180.829 -9352.4843 -426.69729 1.4952979 -3.6971655 -0.19754334
60697 81667.444 -22902.132 -10014.017 -462.0738 1.6011195 -3.6526937 -0.19550195
60697 81847.444 -22604.505 -10667.273000000001 -497.06829 1.7056177000000001 -3.6052028000000003 -0.19329894
60697 82027.444 -22288.195 -11311.711 -531.65183 1.8087062 -3.5547319 -0.19093611000000002
60697 82207.444 -21953.461 -11946.800000000001 -565.7958199999999 1.9102998 -3.5013227000000002 -0.18841543
60697 82387.444 -21600.581000000002 -12572.014000000001 -599.4720400000001 2.0103145 -3.4450193 -0.18573898
60697 82567.444 -21229.847 -13186.836000000001 -632.65264 2.1086678 -3.3858684 -0.18290896
60697 82747.444 -20841.566 -13790.759 -665.3101899999999 2.2052782000000004 -3.3239186 -0.17992771999999999
60697 82927.444 -20436.057 -14383.282000000001 -697.41769 2.3000661 -3.2592213 -0.17679772
60697 83107.444 -20013.656 -14963.917 -728.9485999999999 2.392953 -3.1918299 -0.17352154
60697 83287.444 -19574.712 -15532.183 -759.87684 2.4838622 -3.1217999 -0.1701019
60697 83467.444 -19119.589 -16087.61 -790.17684 2.5727185 -3.0491894000000004 -0.16654162
60697 83647.444 -18648.661 -16629.739 -819.82356 2.6594485 -2.9740583000000003 -0.16284363999999998
60697 83827.444 -18162.319 -17158.123 -848.79247 2.7439806 -2.8964685 -0.15901101
60697 84007.444 -17660.964 -17672.324 -877.05963 2.8262449000000003 -2.8164843999999998 -0.15504691
60697 84187.444 -17145.011 -18171.918 -904.60167 2.9061733 -2.7341718 -0.1509546
60697 84367.444 -16614.886 -18656.491 -931.3958000000001 2.9836998 -2.6495989 -0.14673747
60697 84547.444 -16071.027 -19125.642 -957.41988 3.0587604 -2.5628354 -0.14239901000000002
60697 84727.444 -15513.884 -19578.984 -982.65238 3.1312929 -2.4739532 -0.1379428
60697 84907.444 -14943.917 -20016.143 -1007.0724 3.2012374 -2.3830255000000005 -0.13337252000000002
60697 85087.444 -14361.597 -20436.755 -1030.6599 3.2685361 -2.2901275 -0.12869195
60697 85267.444 -13767.406 -20840.475000000002 -1053.3952 3.3331334000000004 -2.1953359999999997 -0.12390496000000001
60697 85447.444 -13161.834 -21226.967 -1075.2595000000001 3.3949758 -2.0987293 -0.11901549
60697 85627.444 -12545.383 -21595.913 -1096.2348000000002 3.4540121 -2.0003872 -0.1140276
60697 85807.444 -11918.561 -21947.007 -1116.3038000000001 3.5101937 -1.9003910000000002 -0.10894540000000001
60697 85987.444 -11281.887 -22279.96 -1135.4498 3.5634739 -1.7988232000000002 -0.10377310000000001
60697 86167.444 -10635.887 -22594.495 -1153.6569 3.6138087999999997 -1.6957678 -0.09851495900000001
60697 86347.444 -9981.0954 -22890.352 -1170.9103 3.6611566 -1.59131 -0.093175336
