CIC_OEM_VERS = 2.0
CREATION_DATE = 2025-01-22T08:31:26.971282
ORIGINATOR = ISAE-SUPAERO


META_START
OBJECT_NAME = PLEIADES1A
OBJECT_ID = PLEIADES1A
CENTER_NAME = Earth
REF_FRAME = EME2000
TIME_SYSTEM = UTC
START_TIME = 2025-01-22T06:04:00.792
USEABLE_START_TIME = 2025-01-22T06:04:00.792
USEABLE_STOP_TIME = 2025-01-22T23:56:30.792
STOP_TIME = 2025-01-22T23:56:30.792
INTERPOLATION = lagrange
INTERPOLATION_DEGREE = 5
META_STOP



60697 21840.792 707.75307 1693.4495 6833.1445 1.4628483 -7.1799744 1.6277749
60697 22290.792 1262.5647 -1606.0132 6774.224099999999 0.95465293 -7.2012941 -1.8896014
60697 22740.792 1537.3916000000002 -4552.041200000001 5206.1285 0.23210256999999998 -5.604043 -4.9796076000000005
60697 23190.792 1466.7333 -6472.5786 2468.2515 -0.54027472 -2.7696668 -6.9578263
60697 23640.792 1068.9179 -6949.3076 -821.32109 -1.1943062 0.69216655 -7.3835138
60697 24090.792 432.20903000000004 -5873.0565 -3926.9114 -1.5815159 3.9992520000000003 -6.1558629
60697 24540.792 -300.93131 -3485.9087000000004 -6153.4749 -1.6155374999999998 6.4072828 -3.5570074
60697 24990.792 -967.3273 -322.23568 -7007.7851 -1.2904638 7.385160600000001 -0.17246512000000003
60697 25440.792 -1419.1563 2913.083 -6303.4158 -0.67985465 6.7223893 3.2428339999999998
60697 25890.792 -1556.4547 5502.7955999999995 -4198.3315 0.081145308 4.5701059 5.9358243
60697 26340.792 -1348.8197 6873.0325 -1160.4261999999999 0.82423778 1.4047279000000001 7.3101186
60697 26790.792 -842.3075 6720.371099999999 2135.2867 1.3843398 -2.069718 7.060432
60697 27240.792 -149.30120000000002 5080.2389 4957.4843 1.6374529 -5.080994800000001 5.246042999999999
60697 27690.792 576.72262 2317.6332 6681.6979 1.5285847000000001 -6.9658461 2.2728772
60697 28140.792 1175.4031000000002 -956.62354 6926.915599999999 1.0819782 -7.31247 -1.2045606
60697 28590.792 1514.0732 -4018.9222000000004 5636.475 0.39438637 -6.0401704 -4.4242985
60697 29040.792 1516.4406000000001 -6188.496400000001 3091.1334 -0.38403067 -3.4185693 -6.671910700000001
60697 29490.792 1180.8516000000002 -6978.4451 -144.17655 -1.079395 -0.024065841 -7.4332981
60697 29940.792 581.37665 -6208.9498 -3347.121 -1.5341233 3.3785276 -6.5301789
60697 30390.792 -147.98741 -4052.9258 -5801.0981 -1.645732 6.0205616 -4.1688707
60697 30840.792 -844.55092 -992.38387 -6958.7042 -1.3912738 7.3177543 -0.8846035900000001
60697 31290.792 -1353.5797 2288.0156 -6567.7291 -0.8284621200000001 6.9861981 2.5883242
60697 31740.792 -1562.4746000000002 5061.1664 -4716.5758 -0.082472182 5.1061861 5.4829153999999996
60697 32190.792 -1425.0272 6712.492 -1817.2382 0.6817927300000001 2.0943899999999998 7.1588368000000004
60697 32640.792 -971.75433 6876.247 1485.9328 1.2945695000000002 -1.3795437 7.2439554
60697 33090.792 -303.31946999999997 5517.8035 4459.5831 1.620055 -4.5427735 5.722821700000001
60697 33540.792 432.1706 2940.1232999999997 6445.5267 1.5872597000000002 -6.6974453 2.9376174
60697 33990.792 1072.2799 -286.44312 7005.3428 1.2040552 -7.3731127 -0.49712401
60697 34440.792 1475.4102 -3449.3916000000004 6013.4987 0.55346297 -6.4188359 -3.8297683000000005
60697 34890.792 1551.3504 -5847.3602 3684.8769 -0.22302406 -4.0335406 -6.3237847
60697 35340.792 1281.7954 -6942.4852 534.32363 -0.9527329200000001 -0.7391349 -7.4128821
60697 35790.792 725.9115899999999 -6486.7616 -2735.7855 -1.4708074 2.7261851999999998 -6.8432358
60697 36240.792 7.8132866000000005 -4581.6612000000005 -5393.211 -1.6599358 5.5786507 -4.7430889
60697 36690.792 -712.42602 -1654.7604 -6847.5358 -1.4784058 7.1799353 -1.5876285
60697 37140.792 -1273.875 1639.4381 -6773.5706 -0.96987427 7.1840459 1.909155
60697 37590.792 -1552.8653000000002 4570.1872 -5193.7393 -0.24667364 5.595410299999999 4.9791675
60697 38040.792 -1487.5430000000001 6487.6009 -2459.3965 0.53156224 2.7651418 6.943251500000001
60697 38490.792 -1092.2637 6966.0963 821.89588 1.1919168 -0.67834111 7.3635742
60697 38940.792 -454.8406 5900.4648 3920.6575000000003 1.5874322 -3.9672143 6.1483452
60697 39390.792 283.2831 3529.0923 6149.8638 1.6312554000000001 -6.372777 3.5727796
60697 39840.792 958.84288 377.99 7017.0194 1.3146756000000002 -7.3684231 0.20836989
60697 40290.792 1422.4783 -2856.4444 6329.6666 0.7067954 -6.735519 -3.2070899
60697 40740.792 1570.9581 -5457.857400000001 4236.6934 -0.06015559300000001 -4.604876 -5.9207652
60697 41190.792 1370.1216000000002 -6845.061900000001 1200.0168999999999 -0.81640167 -1.4408173 -7.3217301
60697 41640.792 863.6085300000001 -6705.188700000001 -2105.1733 -1.3920084 2.0511403 -7.0877075000000005
60697 42090.792 164.32675 -5068.6624 -4939.3652999999995 -1.6567234000000002 5.0830801 -5.269060400000001
60697 42540.792 -571.04456 -2302.4382 -6666.2756 -1.5530936 6.9802816000000005 -2.2813756
60697 42990.792 -1180.1734 977.1952600000001 -6910.4391 -1.1033127999999999 7.3209929 1.2152052000000002
60697 43440.792 -1527.0038000000002 4040.1457000000005 -5614.240400000001 -0.40898457000000005 6.034246 4.4360958
60697 43890.792 -1534.4847 6205.2316 -3067.1757000000002 0.3763622 3.4060578 6.6691596
60697 44340.792 -1200.9475 6991.354700000001 163.38139999999999 1.0778207 0.022173843999999998 7.4159171
60697 44790.792 -600.8127900000001 6225.6187 3357.6795 1.5389380000000001 -3.3598252000000004 6.5128552
60697 45240.792 132.47362 4081.2268 5807.1562 1.6585162 -5.9892698 4.169171
60697 45690.792 836.54958 1035.7077 6971.474 1.4119152 -7.2915639 0.9086835400000001
60697 46140.792 1356.1273 -2238.178 6594.483 0.85372394 -6.9852799999999995 -2.553636
60697 46590.792 1576.0836000000002 -5017.2687000000005 4757.168900000001 0.10492772 -5.1320896000000005 -5.4597873
60697 47040.792 1446.4071999999999 -6683.0609 1862.1262 -0.6704303300000001 -2.1303904000000005 -7.1623299
60697 47490.792 994.8090500000001 -6860.9525 -1447.9778999999999 -1.2987501 1.3560154 -7.2689231
60697 47940.792 321.26933 -5508.066 -4434.125400000001 -1.6377789 4.5422472 -5.749679
60697 48390.792 -423.95041 -2926.6967000000004 -6428.951400000001 -1.6114221 6.7118303 -2.9484889
60697 48840.792 -1074.5406 306.16152000000005 -6987.317400000001 -1.2261313 7.3863439 0.5109046
60697 49290.792 -1487.1605 3473.6535 -5991.4486 -0.56724199 6.4095444 3.8522468
60697 49740.792 -1567.6186 5864.2722 -3655.2057000000004 0.21661141 4.0132832 6.3341429
60697 50190.792 -1299.3127 6949.9834 -503.80014 0.95332922 0.72012748 7.4057978
60697 50640.792 -741.75656 6488.6189 2760.3205000000003 1.4775422 -2.7316403 6.824617
60697 51090.792 -19.170953 4584.2964 5409.710099999999 1.6725139999999998 -5.5695643 4.7252949
60697 51540.792 707.60015 1663.6223 6856.448 1.496694 -7.1656374 1.5841507
60697 51990.792 1277.8973999999998 -1625.1342 6782.9462 0.99018842 -7.175497 -1.9046303
60697 52440.792 1565.5557 -4554.301 5205.455900000001 0.26392295000000005 -5.596814500000001 -4.9748551
60697 52890.792 1505.9663 -6472.5628 2471.1149 -0.5225479199999999 -2.7740666000000003 -6.9468885
60697 53340.792 1113.4234 -6961.0479000000005 -812.5065000000001 -1.1931543999999998 0.66958197 -7.367132
60697 53790.792 472.77522999999997 -5897.8464 -3913.8997999999997 -1.5994299 3.9619958000000004 -6.1547384
60697 54240.792 -272.56703000000005 -3527.8828 -6145.5383 -1.6506262 6.3715726 -3.5765998
60697 54690.792 -957.59257 -376.90216 -7013.45 -1.3364983 7.3685166 -0.20795755
60697 55140.792 -1430.6576000000002 2857.3752000000004 -6325.2968 -0.7261219800000001 6.7344322000000005 3.2096082999999997
60697 55590.792 -1586.653 5458.3352 -4231.8972 0.046709747999999995 4.604059 5.9201303
60697 56040.792 -1391.6616000000001 6851.7175 -1200.0833 0.81000112 1.4442348 7.3102149
60697 56490.792 -886.00708 6715.3869 2100.3143999999998 1.3935775000000001 -2.0308216 7.080932799999999
60697 56940.792 -182.91866000000002 5083.7008 4933.023099999999 1.6689215 -5.059654900000001 5.277468799999999
60697 57390.792 560.48145 2326.2337 6669.2445 1.5724958999999998 -6.9596326 2.2973546000000002
60697 57840.792 1179.7045 -946.83971 6923.8094 1.1277058 -7.3124378 -1.1866811
60697 58290.792 1537.6739 -4010.1944 5641.0425000000005 0.43316361000000003 -6.0452794999999995 -4.4068661
60697 58740.792 1554.8496000000002 -6184.6071 3104.9765 -0.35847852 -3.4354666000000003 -6.651519100000001
60697 59190.792 1226.9066 -6986.2492 -121.99025999999999 -1.0715563 -0.059120594 -7.4181052
60697 59640.792 625.74289 -6231.611900000001 -3321.1635 -1.5472154 3.3290564 -6.5385688
60697 60090.792 -114.62617 -4092.274 -5781.642 -1.6794432 5.981143100000001 -4.2004744
60697 60540.792 -829.52671 -1046.8546999999999 -6958.1859 -1.4377586 7.2970154 -0.9304858
60697 60990.792 -1360.569 2230.6509 -6588.6318 -0.87790758 6.9945580000000005 2.5414631
60697 61440.792 -1590.1822 5013.9502 -4755.8533 -0.12320313000000001 5.1417238 5.450417000000001
60697 61890.792 -1467.1428999999998 6685.2839 -1865.8797 0.6598563799999999 2.1452970999999996 7.1506766
60697 62340.792 -1018.3709 6872.413500000001 1439.4245 1.2967393 -1.3285986 7.2604068
60697 62790.792 -343.21574 5532.4795 4424.7632 1.6457923 -4.5060653 5.7562614000000005
60697 63240.792 407.87428000000006 2967.2813 6427.066400000001 1.6293568 -6.6788278000000005 2.9752839
60697 63690.792 1068.7461 -254.78699 7003.3719 1.2524568 -7.3712872 -0.46222339
60697 64140.792 1493.1278 -3420.3525 6026.0999 0.59786982 -6.432011900000001 -3.8000148
60697 64590.792 1586.5523 -5827.628 3709.9245 -0.19102836 -4.062741 -6.300206500000001
60697 65040.792 1328.9565 -6944.3045 572.35007 -0.93744292 -0.78934254 -7.3951899999999995
60697 65490.792 774.78538 -6513.1990000000005 -2695.7068 -1.4769510000000001 2.6598911 -6.8516854
60697 65940.792 47.459252 -4628.0978 -5361.7971 -1.6898815999999999 5.525036600000001 -4.784270800000001
60697 66390.792 -690.0243800000001 -1717.7148000000002 -6834.6071 -1.5253535999999999 7.1569605 -1.6445068
60697 66840.792 -1274.2451 1573.4786000000001 -6786.4573 -1.0221598 7.1940577999999995 1.8540277
60697 67290.792 -1575.6142 4515.4422 -5228.098599999999 -0.29180744 5.6336654 4.9410397
60697 67740.792 -1526.9335 6454.1889 -2505.4120000000003 0.50418933 2.8193173000000002 6.9302565000000005
60697 68190.792 -1138.7555 6958.006 775.7483900000001 1.1882809 -0.62238132 7.375317600000001
60697 68640.792 -497.63595000000004 5916.3166 3884.0202999999997 1.6075554 -3.9208143 6.1781217
60697 69090.792 254.00437 3562.3089 6129.3622000000005 1.6699372000000001 -6.3425306 3.6135845
60697 69540.792 949.5401899999999 420.43534000000005 7015.9980000000005 1.3631273000000002 -7.3581007000000005 0.25304904
60697 69990.792 1435.26 -2814.2678 6348.424 0.7547634900000001 -6.7472369 -3.1649116
60697 70440.792 1603.2693000000002 -5425.7393 4272.388 -0.022533156000000002 -4.6391610000000005 -5.8886519
60697 70890.792 1415.1861999999999 -6830.957 1246.5428000000002 -0.79661123 -1.4971122000000001 -7.3089774
60697 71340.792 912.44248 -6718.3296 -2058.3042 -1.3954123999999999 1.9884356 -7.0995369
60697 71790.792 206.38852 -5109.4699 -4904.2052 -1.6827559 5.0266801 -5.3058261
60697 72240.792 -546.1755 -2356.1857000000005 -6650.7839 -1.5971348 6.9525311 -2.3311119
60697 72690.792 -1176.9716 918.66564 -6915.4525 -1.1536847000000001 7.3241578 1.1714021000000001
60697 73140.792 -1546.5859 3987.8566 -5643.8369 -0.45294977000000003 6.0564729 4.4046991
60697 73590.792 -1573.3842 6176.469599999999 -3113.8469 0.34694318 3.4433991 6.6469672
60697 74040.792 -1248.2208 6981.5459 112.0507 1.0702913 0.071016749 7.4192867
60697 74490.792 -645.85858 6236.5794000000005 3313.3882000000003 1.5560429 -3.3185673 6.5387287
60697 74940.792 99.947963 4106.7747 5777.2656 1.6959063 -5.967325600000001 4.2048822
60697 75390.792 823.6512700000001 1066.3790000000001 6957.1916 1.4598142 -7.2900442000000005 0.94037975
60697 75840.792 1364.9002 -2210.2228999999998 6592.0307 0.9001939 -6.9974362 -2.5330906
60697 76290.792 1603.3734 -4996.2294 4761.2993 0.13966316 -5.151089700000001 -5.4496449
60697 76740.792 1487.0665000000001 -6676.2665 1874.9741000000001 -0.65268467 -2.1546081 -7.150705100000001
60697 77190.792 1039.4021 -6868.9884 -1430.5703 -1.3000499 1.3165032 -7.2643279000000005
60697 77640.792 359.85687 -5529.8234 -4416.7198 -1.6600139 4.4955041 -5.7690592
60697 78090.792 -399.79544 -2962.7459 -6420.8883 -1.6511033 6.6784645000000005 -2.9850837
60697 78540.792 -1070.7893000000001 259.22783 -7000.1156 -1.2749101 7.3705818 0.45803387
60697 78990.792 -1504.6315 3424.0057 -6024.7271 -0.6169536000000001 6.4296972 3.7946196
60697 79440.792 -1605.3407 5830.648 -3712.0396 0.17790836999999998 4.0642836 6.2897739
60697 79890.792 -1350.3518000000001 6945.3535999999995 -574.79994 0.93403976 0.7958627800000001 7.389275
60697 80340.792 -795.99949 6520.2211 2690.0355 1.4831926000000002 -2.6491506 6.846820200000001
60697 80790.792 -65.220692 4650.331700000001 5357.598599999999 1.7033118999999999 -5.5037543 4.7850523
60697 81240.792 680.01445 1751.2553 6836.554 1.5463683000000001 -7.137908400000001 1.6639124
60697 81690.792 1274.7685000000001 -1535.1824 6799.0527 1.0469457 -7.1928236 -1.828471
60697 82140.792 1586.8863000000001 -4480.812599999999 5250.8575 0.31383774 -5.6514834 -4.9233768
60697 82590.792 1546.3724 -6430.143099999999 2533.6254 -0.49162402 -2.8459525 -6.9289529000000005
60697 83040.792 1160.8659 -6945.233 -750.6527900000001 -1.1892876000000001 0.60090798 -7.389525400000001
60697 83490.792 516.1838300000001 -5909.843900000001 -3866.9957999999997 -1.6213311000000001 3.9123251 -6.19708
60697 83940.792 -243.32070000000002 -3558.0693 -6118.7245 -1.6915086 6.3443062 -3.6259029999999997
60697 84390.792 -949.11564 -414.63363000000004 -7008.4733 -1.3862678000000002 7.3620600000000005 -0.25543781000000004
60697 84840.792 -1444.6015 2821.0137999999997 -6340.7671 -0.7743727699999999 6.7470313 3.1663456
60697 85290.792 -1620.075 5431.7008 -4264.857599999999 0.0093026201 4.636669700000001 5.8855167
60697 85740.792 -1436.4159 6838.2514 -1241.1589 0.79163344 1.4959716 7.298511700000001
60697 86190.792 -934.14202 6727.9067000000005 2058.4998 1.3984802 -1.9770017 7.0887607
