CIC_AEM_VERS = 1.0
CREATION_DATE = 2025-01-22T08:31:27.232Z
ORIGINATOR = CS Group

META_START
OBJECT_NAME = PLEIADES1B
OBJECT_ID = PLEIADES1B
CENTER_NAME = null
REF_FRAME_A = EME2000
REF_FRAME_B = SC_BODY_1
ATTITUDE_DIR = A2B
TIME_SYSTEM = UTC
START_TIME = 2025-01-22T04:52:43.58208
STOP_TIME = 2025-01-23T00:00:00.0
ATTITUDE_TYPE = QUATERNION
QUATERNION_TYPE = LAST
META_STOP

60697 17563.58208 -0.48911005851452266 -0.5760799835617508 -0.5001239294597064 -0.42282296340335607
60697 18013.58208 -0.6114592672025132 -0.44410829757435905 -0.585906818199044 -0.2925723585126293
60697 18463.58208 -0.6991498648248738 -0.2869588187247679 -0.6384491926366437 -0.1456939645045883
60697 18913.58208 -0.7471929601107516 -0.11352273057038505 -0.6547711490783908 0.009487483298536166
60697 19363.58208 -0.7528391800464497 0.06640432089449999 -0.6339317679366215 0.16417718707018622
60697 19813.58208 -0.7157274636298072 0.24263714612008871 -0.5770743346272378 0.3095910616333622
60697 20263.58208 -0.6379558763183251 0.4051123210726042 -0.4874167574768823 0.4374028025936817
60697 20713.58208 0.5240200120879489 -0.5445228529929254 0.370114516258452 -0.5402898614212217
60697 21163.58208 0.3802752941356497 -0.6530898558147791 0.23170171593333797 -0.6125182901231792
60697 21613.58208 0.21488303861671948 -0.7245700308788615 0.08005069815392149 -0.6499349473540571
60697 22063.58208 0.0372461285573106 -0.7548532603146559 -0.07619618640565654 -0.6503871327732897
60697 22513.58208 -0.1425277367376662 -0.7421938632334496 -0.22812174175436994 -0.6138359590134798
60697 22963.58208 -0.3141929855495712 -0.6873181895275007 -0.36704042499021616 -0.5423631630181822
60697 23413.58208 -0.4679574728420273 -0.5933927470625531 -0.48502069703230083 -0.4400633758848392
60697 23863.58208 -0.5950757261893869 -0.4658308981238489 -0.5753619810529806 -0.3128019264839838
60697 24313.58208 -0.6884422541379741 -0.3117708941346524 -0.6330281505749569 -0.16769476100210806
60697 24763.58208 -0.7427339452807159 -0.13976120139877424 -0.654712713841848 -0.012820118765290999
60697 25213.58208 -0.7547115920686334 0.039934119107057846 -0.6391352294017045 0.14255468237137087
60697 25663.58208 -0.7238840350524629 0.2171232054219217 -0.5873406562960863 0.28962108163108097
60697 26113.58208 -0.6521548931643156 0.3818500607742137 -0.5023762523984749 0.4201221577525198
60697 26563.58208 0.5436660907166857 -0.5249164006977984 0.3890890203538269 -0.5267823918122205
60697 27013.58208 0.40454015418349454 -0.6383463281649073 0.25384925376279466 -0.6036735751510475
60697 27463.58208 0.24254869162180465 -0.7157861683249366 0.10421301632367651 -0.6464982139619393
60697 27913.58208 0.06670309433985055 -0.7528280878916134 -0.05147026849420286 -0.6528027104325477
60697 28363.58208 -0.11317186467289167 -0.7472432901243602 -0.2044588391572323 -0.6221062429368949
60697 28813.58208 -0.2869422423268304 -0.6991445738019025 -0.34607382704148193 -0.5559621576408497
60697 29263.58208 -0.44455655749737616 -0.6111301879071647 -0.4680821957856746 -0.4580266570878785
60697 29713.58208 -0.5769034806527811 -0.48816289712810507 -0.5634098995324899 -0.3338392502193096
60697 30163.58208 -0.6762786380420026 -0.337353951362838 -0.6265121969903734 -0.19058326854744978
60697 30613.58208 -0.736992956804276 -0.16744565404659517 -0.6538093594037699 -0.03656030795590523
60697 31063.58208 -0.7556882189039235 0.011637336476767169 -0.6438801308078772 0.11924036799831353
60697 31513.58208 -0.7315162063119497 0.18987827773114133 -0.5974514063672083 0.2681083672298824
60697 31963.58208 -0.6659631790820231 0.35724581866067256 -0.5172359063963532 0.40166588888126165
60697 32413.58208 0.562798436581825 -0.5043576693887153 0.40779678042540646 -0.51242857744715
60697 32863.58208 0.4278553219269175 -0.6229630059118647 0.2753006994988139 -0.5941939427657704
60697 33313.58208 0.2687102579718567 -0.7063843984567194 0.12718848983917957 -0.6423698054314709
60697 33763.58208 0.09426471924171967 -0.7498820009731941 -0.028235979692957644 -0.6542124095227001
60697 34213.58208 -0.08570419539928208 -0.7508997777714199 -0.18222449538516375 -0.6289662533995098
60697 34663.58208 -0.26102763345736735 -0.7092390831248097 -0.32602728027217354 -0.5679354805418089
60697 35113.58208 -0.42159990310804907 -0.6271985008149569 -0.45131982327736375 -0.47453764802346654
60697 35563.58208 -0.5582656345036614 -0.5093789377875982 -0.5509469279201588 -0.35401986058121343
60697 36013.58208 -0.6631165935380839 -0.3625457067040186 -0.6191438875650007 -0.21330222787357186
60697 36463.58208 -0.730168153454598 -0.19508005540195128 -0.652033446389025 -0.06042039767433393
60697 36913.58208 -0.7556083038294767 -0.01634747823172592 -0.6477372689354204 0.09604832935292114
60697 37363.58208 -0.7379252369947548 0.16325037257435016 -0.6064833820881284 0.2469687585738655
60697 37813.58208 -0.678301724502857 0.3332428490990456 -0.5308002475783046 0.38354539657205067
60697 38263.58208 0.5802480960923041 -0.48418717792912924 0.4250472586532259 -0.4982065351053312
60697 38713.58208 0.44922729379685455 -0.6077317129312019 0.295095819795235 -0.5846156521553626
60697 39163.58208 0.29268536400403394 -0.6967917140828552 0.14833575535347576 -0.6378190092549896
60697 39613.58208 0.11950774721283346 -0.7462776373127247 -0.006889329471461393 -0.6547825009440039
60697 40063.58208 -0.0604768856059215 -0.7533574215408239 -0.1617449338704032 -0.6345342528847665
60697 40513.58208 -0.23705099877323774 -0.7176165625262768 -0.30741353121888126 -0.5782129486548347
60697 40963.58208 -0.4001616064952734 -0.6410939189484343 -0.43558119409721213 -0.4890176879452389
60697 41413.58208 -0.5405143539652746 -0.5281792389332123 -0.5389405942870286 -0.37204026737300766
60697 41863.58208 -0.6501452476540795 -0.3853235029150805 -0.6116418754796792 -0.23394694102246352
60697 42313.58208 -0.7229626219469636 -0.22029379304751376 -0.6496364841525073 -0.08226864816125376
60697 42763.58208 -0.754587535842178 -0.0426221298615173 -0.6505970817542059 0.07419192685601828
60697 43213.58208 -0.743202783467262 0.13728002895389488 -0.6145036002434876 0.2262501747728026
60697 43663.58208 -0.6895916264002188 0.30922179445204323 -0.5435140971995529 0.3652912492517641
60697 44113.58208 0.5969307847881903 -0.46346740230914973 0.44175604640091165 -0.48344927410970395
60697 44563.58208 0.4705917909278183 -0.5913399452539247 0.315074858757609 -0.5740977868249507
60697 45013.58208 0.31775447477494606 -0.6857188182225923 0.17064223203699166 -0.6322207088836486
60697 45463.58208 0.14703125988423466 -0.7413451624078417 0.016595789726009953 -0.6546096077470263
60697 45913.58208 -0.03205734367146622 -0.7551038239986011 -0.1384509873238029 -0.6400170824349013
60697 46363.58208 -0.2095117812785744 -0.7261400576031355 -0.28580667284688605 -0.5891858586267893
60697 46813.58208 -0.37537144977528536 -0.6559190444296192 -0.41715681438906455 -0.5048234087845999
60697 47263.58208 -0.5200766626025084 -0.5483092178912269 -0.5248896090818411 -0.39162247748266427
60697 47713.58208 -0.6352648727611153 -0.40937583395771376 -0.6027623895090537 -0.25598333891205916
60697 48163.58208 -0.7142421709528731 -0.24707909954692497 -0.6462498057700743 -0.10569403172246244
60697 48613.58208 -0.7524783906195036 -0.07061293251300016 -0.6528538545661611 0.050714199103426595
60697 49063.58208 -0.74775625603525 0.10978191822761396 -0.6222007362360432 0.2041439585629142
60697 49513.58208 -0.7003833657403677 0.2839206478276329 -0.5560535032169653 0.3459143077287664
60697 49963.58208 0.6131448960831599 -0.44177877273155547 0.4582563697858079 -0.4678524894896941
60697 50413.58208 0.49116064100627266 -0.5743557491294963 0.3344922997197289 -0.5630200703317861
60697 50863.58208 0.3415334783764905 -0.6741790222599799 0.19192702038520223 -0.6261002698759127
60697 51313.58208 0.1727912478135892 -0.7357590427040465 0.038666020295089205 -0.6536870464012482
60697 51763.58208 -0.00558986149465486 -0.755758640239323 -0.11668493377498851 -0.6443463799712128
60697 52213.58208 -0.1836775239065287 -0.7330990554181256 -0.26546013168424737 -0.5986311557568657
60697 52663.58208 -0.3515380509506521 -0.6689920793890431 -0.3993344029164213 -0.5190401054792646
60697 53113.58208 -0.49969541509501514 -0.5669337948581489 -0.5107190268509819 -0.4099471185325552
60697 53563.58208 -0.619689383271756 -0.4325652943049231 -0.5932257241559029 -0.27740867798767666
60697 54013.58208 -0.7045460809745983 -0.2734620033245016 -0.6420372393822388 -0.1289245351650294
60697 54463.58208 -0.7493022898697199 -0.09868070228295492 -0.6542765878874146 0.027024876231711067
60697 54913.58208 -0.7513167714753402 0.08186539096880217 -0.6291722315088115 0.1815584472273852
60697 55363.58208 -0.7105244212033358 0.25747130242035393 -0.5682580040990275 0.3254941106702563
60697 55813.58208 0.629316525454216 -0.41840656003507354 0.4750073146618708 -0.4508488797009127
60697 56263.58208 0.5123820296590004 -0.5554899571084257 0.35477628404165507 -0.5504810183065328
60697 56713.58208 0.36651083163486387 -0.6609138526509438 0.2145159239960094 -0.6187451882807213
60697 57163.58208 0.1999858772091112 -0.7288214781010548 0.06217286913556119 -0.6518891288547067
60697 57613.58208 0.022216214696432746 -0.7554412390263695 -0.09363679278764925 -0.6481104267170128
60697 58063.58208 -0.1568170033237744 -0.7393020729790706 -0.24414530514940372 -0.6076462312323715
60697 58513.58208 -0.3270571249695078 -0.6812876198178411 -0.38087354399130674 -0.5327439906532243
60697 58963.58208 -0.47885375543955555 -0.5846316178947247 -0.4960545025292392 -0.4275919582729544
60697 59413.58208 -0.6035500874461064 -0.45479150827975046 -0.5831072218684543 -0.2981240408710446
60697 59863.58208 -0.6940252513141961 -0.2991291812850961 -0.6370590765291974 -0.15167866182736928
60697 60313.58208 -0.7450995099501413 -0.1265171753458505 -0.6548348627619823 0.0033804032396166955
60697 60763.58208 -0.7538804251355364 0.053269433640804525 -0.6354392222014087 0.15825190970449463
60697 61213.58208 -0.7198665184651601 0.23006049544355753 -0.579965391879015 0.3041455379448049
60697 61663.58208 -0.6449531549300751 0.39387093795920863 -0.49151464442025555 0.43279841323334994
60697 62113.58208 0.5334230862001591 -0.5353055678156763 0.3751345538185689 -0.5368256949006607
60697 62563.58208 0.39163520995441364 -0.6463317836131616 0.23744336291057563 -0.6103259270464498
60697 63013.58208 0.22734396326707637 -0.7207482517777518 0.08599372388605414 -0.6491854583842291
60697 63463.58208 0.04979481193196917 -0.7541216748164193 -0.07063847644505716 -0.6510231807871818
60697 63913.58208 -0.13052116371851458 -0.7443935817046494 -0.22316228761026652 -0.6156630691596181
60697 64363.58208 -0.30327447275411495 -0.692201222096846 -0.3628295437116756 -0.5451942630964891
60697 64813.58208 -0.45861938461922286 -0.6006358348485616 -0.4816825406722153 -0.4437192625510151
60697 65263.58208 -0.5877184473488785 -0.47507605155786803 -0.5729841606591897 -0.31714180348180765
60697 65713.58208 -0.6833355775076271 -0.3228071576145894 -0.631665420922771 -0.1727623324557928
60697 66163.58208 -0.7402231422599767 -0.15250120148085072 -0.6545688385358237 -0.018780810087056083
60697 66613.58208 -0.7553107487320599 0.026309014995303363 -0.6405220663524271 0.13617999521004828
60697 67063.58208 -0.7277804613384824 0.20368769237007966 -0.5903248071871778 0.28348464877364854
60697 67513.58208 -0.6590942998873673 0.36974089902188306 -0.5067062580638256 0.4148917201938677
60697 67963.58208 0.5529974848862063 -0.5150694684280483 0.3942619606801826 -0.5229289920853462
60697 68413.58208 0.4153589564138476 -0.6313527285840017 0.2592434000856567 -0.6013846763498081
60697 68863.58208 0.2539422619565287 -0.7118177143168939 0.10929746251223717 -0.6456647224879648
60697 69313.58208 0.07794622949900426 -0.7517425134831482 -0.04699567494181551 -0.653145454907014
60697 69763.58208 -0.10261399693196178 -0.7487631067070355 -0.20070633723190862 -0.6233306858025098
60697 70213.58208 -0.27704114099125576 -0.7031242904363094 -0.3427148287077585 -0.558042099290467
60697 70663.58208 -0.43550072058174566 -0.6176130110019206 -0.4650288996050441 -0.46113058188114525
60697 71113.58208 -0.5692197225651603 -0.4970954165652142 -0.5608929206478935 -0.33805944128181603
60697 71563.58208 -0.6706788068319054 -0.3483448279452138 -0.624925695072112 -0.19573884271903932
60697 72013.58208 -0.7340749919861256 -0.17979565940146108 -0.6534694193222478 -0.04225097645744549
60697 72463.58208 -0.7557759562979287 -0.0010013963120651002 -0.6448868176668371 0.11367802552348107
60697 72913.58208 -0.7345214967827507 0.1778954685754284 -0.5996435917034079 0.2631709253572534
60697 73363.58208 -0.6714944349350801 0.3467340343692291 -0.52028111639818 0.39771634764077657
60697 73813.58208 0.5703022030150545 -0.4958529278498746 0.4113270576865615 -0.5096031032026772
60697 74263.58208 0.4367580907107958 -0.6167500453693087 0.2790183622389293 -0.5924613955939422
60697 74713.58208 0.27834952772113114 -0.7026397290411277 0.13077186920878434 -0.6416522966639132
60697 75163.58208 0.10406235461717285 -0.7485842829097022 -0.02498120391555448 -0.6543458849744729
60697 75613.58208 -0.0761044316291285 -0.7519334936637495 -0.17928232610209807 -0.6298110701952263
60697 76063.58208 -0.251886908196672 -0.7125370229209678 -0.32332316860522514 -0.5694788012640355
60697 76513.58208 -0.4132971809377013 -0.6326993982737531 -0.4489079580538528 -0.47682130494442077
60697 76963.58208 -0.5511887207228822 -0.5170263809098449 -0.5489284625328458 -0.3571445906246751
60697 77413.58208 -0.6577778952589612 -0.372140665231439 -0.6177626707323088 -0.21727597299167264
60697 77863.58208 -0.7270844602100767 -0.2062738461047977 -0.6515784835605766 -0.06515188328095366
60697 78313.58208 -0.7552387235445358 -0.02875106919213789 -0.6485126730939947 0.09065957928211803
60697 78763.58208 -0.740637680455359 0.15047368308136447 -0.6087216570382195 0.24139478296408734
60697 79213.58208 -0.6840364446206498 0.3213092298185653 -0.5343827487221569 0.37853612658806174
60697 79663.58208 0.5886281206343724 -0.47396297456341646 0.42969965124036863 -0.49420061115436775
60697 80113.58208 0.4597996957485577 -0.5997720877268767 0.3005746927195364 -0.5818183021097167
60697 80563.58208 0.3048353033736417 -0.6915632858374329 0.15431534830902777 -0.6363980144336534
60697 81013.58208 0.13252984236092888 -0.7440776059260326 -7.617954846759346E-4 -0.6548158343464294
60697 81463.58208 -0.047335547427551014 -0.754300703409607 -0.15582851595123695 -0.6360088587448616
60697 81913.58208 -0.22454321278694436 -0.7216322559282634 -0.30204639365940733 -0.581029438903528
60697 82363.58208 -0.38897973549087694 -0.64794266314123 -0.43105194786620665 -0.4930104348790673
60697 82813.58208 -0.5312812133996624 -0.5374650003370165 -0.5354970937684685 -0.37698077970479776
60697 83263.58208 -0.6433732079727107 -0.3965209130867864 -0.609469843947696 -0.23955915775877873
60697 83713.58208 -0.7190111426435641 -0.23285511271039305 -0.6488472527573065 -0.08831033817352572
60697 84163.58208 -0.7537288615249736 -0.055747573515395096 -0.6512612340778836 0.0681455525971049
60697 84613.58208 -0.745458849743213 0.12443760229404688 -0.6165462383619479 0.220628924750511
60697 85063.58208 -0.694745093824026 0.2974591085692897 -0.5467339482793376 0.36045710304486367
60697 85513.58208 0.604581700636818 -0.4534406329497463 0.4458810552498408 -0.47964845899316183
60697 85963.58208 0.4802240462171647 -0.5835447978439924 0.31981339463068553 -0.5714715451873575
