CIC_OEM_VERS = 2.0
CREATION_DATE = 2025-01-22T08:31:26.982289
ORIGINATOR = ISAE-SUPAERO


META_START
OBJECT_NAME = PLEIADES-NEO4
OBJECT_ID = PLEIADES-NEO4
CENTER_NAME = Earth
REF_FRAME = EME2000
TIME_SYSTEM = UTC
START_TIME = 2025-01-22T03:12:27.612
USEABLE_START_TIME = 2025-01-22T03:12:27.612
USEABLE_STOP_TIME = 2025-01-22T23:57:27.612
STOP_TIME = 2025-01-22T23:57:27.612
INTERPOLATION = lagrange
INTERPOLATION_DEGREE = 5
META_STOP



60697 11547.612 -1120.8418000000001 6911.9235 14.684502 1.0254324 0.14964086000000001 7.4733225
60697 11997.612000000001 -547.71762 6177.9672 3245.5739 1.4708024 -3.3428503000000003 6.6021121
60697 12447.612000000001 151.67082000000002 4019.6459 5726.038500000001 1.5763802 -6.0598263 4.2056839
60697 12897.612000000001 816.17123 935.57499 6884.6801 1.3189973 -7.3777195 0.8430414500000001
60697 13347.612000000001 1292.906 -2363.7317000000003 6455.4061 0.75814359 -6.997837400000001 -2.7138635
60697 13797.612000000001 1471.8718000000001 -5118.3432999999995 4535.7807999999995 0.021498917 -5.0040759 -5.6504197000000005
60697 14247.612000000001 1312.4514 -6695.946900000001 1570.7794 -0.7212006599999999 -1.8483226 -7.2791733999999995
60697 14697.612 848.8251700000001 -6720.705900000001 -1758.5910000000001 -1.2977342 1.7288125 -7.2318475
60697 15147.612 188.88739 -5191.849 -4681.1792000000005 -1.5759532 4.9123073999999995 -5.5125888000000005
60697 15597.612000000001 -514.15314 -2460.757 -6512.3262 -1.4917089000000001 6.9699581 -2.5172217
60697 16047.612000000001 -1100.0656000000001 839.2377 -6846.1483 -1.0598963000000001 7.4030681000000005 1.0656032
60697 16497.612 -1431.46 3944.4191 -5592.460400000001 -0.38404928 6.126033400000001 4.3957613
60697 16947.612 -1432.3561000000002 6138.9533 -3044.0452999999998 0.38003346 3.4357633 6.7065396
60697 17397.612 -1102.8013 6917.3058 208.67683 1.0556221000000001 -0.04347878 7.4644637000000005
60697 17847.612 -519.28651 6102.832200000001 3413.4589 1.4867406 -3.5037045 6.4996569
60697 18297.612 183.54148999999998 3887.1071 5833.0692 1.5757541000000002 -6.1496914 4.0445342
60697 18747.612 844.40712 781.48433 6914.170400000001 1.3041232 -7.3835426 0.6667108700000001
60697 19197.612 1312.0746000000001 -2502.7631 6409.4475 0.7335327600000001 -6.9277626 -2.8676280000000003
60697 19647.612 1478.7321000000002 -5212.451900000001 4430.973599999999 -0.0080247706 -4.8772548 -5.7552447
60697 20097.612 1304.4965 -6720.0346 1428.9676000000002 -0.7515778000000001 -1.6891251 -7.3245486
60697 20547.612 828.2113 -6671.3545 -1904.4035000000001 -1.3235778 1.902643 -7.1963574
60697 20997.612 159.67761 -5074.0846 -4794.4815 -1.5887834 5.0553882 -5.3934073
60697 21447.612 -545.94925 -2299.6796 -6569.674 -1.4853348000000002 7.0310264 -2.3405203
60697 21897.612 -1125.0695 1008.0121 -6818.0156 -1.03852 7.3783693 1.2515377
60697 22347.612 -1444.2297 4082.8292 -5486.6671 -0.3520591 6.0182150000000005 4.5483424999999995
60697 22797.612 -1429.6514 6214.2178 -2883.9911 0.41547017 3.2682699 6.790168800000001
60697 23247.612 -1084.9368000000002 6910.7617 386.58962 1.0861857 -0.23231991 7.4583863
60697 23697.612 -490.19059999999996 6014.9148 3568.1243 1.5050736 -3.6691828 6.404482
60697 24147.612 217.24303 3737.5561000000002 5928.7082 1.5774827 -6.2526102 3.8826878000000002
60697 24597.612 875.01373 604.5586400000001 6928.9595 1.2889386999999999 -7.3999255 0.47646710000000003
60697 25047.612 1332.6624 -2666.5678 6340.598400000001 0.7050847 -6.8543213 -3.0417298
60697 25497.612 1484.7392 -5325.9399 4295.148 -0.043086952 -4.7315844 -5.8729559
60697 25947.612 1294.7488999999998 -6757.9023 1258.2025 -0.78515659 -1.5053723 -7.3590672999999995
60697 26397.612 805.15796 -6625.9096 -2070.2301 -1.3479822 2.0818946 -7.1404618
60697 26847.612 128.78718 -4956.7797 -4917.0253 -1.5985572 5.1894241 -5.2607453
60697 27297.612 -577.47011 -2138.0624 -6620.613 -1.478378 7.0901893000000005 -2.1615783
60697 27747.612 -1150.1658 1176.7536 -6787.0421 -1.0162422 7.3476761 1.4352815
60697 28197.612 -1456.7939 4218.8095 -5379.837500000001 -0.31972798 5.906142300000001 4.6950851
60697 28647.612 -1426.7706 6285.994 -2726.0545 0.45043141000000003 3.10061 6.866080200000001
60697 29097.612 -1067.2581 6901.724200000001 559.09312 1.115697 -0.41673786 7.4459513
60697 29547.612 -461.77737 5927.1769 3715.3477000000003 1.5223520000000001 -3.8277517 6.3068165
60697 29997.612 249.87542000000002 3591.3026 6016.7716 1.5785953 -6.3491059 3.722607
60697 30447.612 904.38873 433.26399 6937.6281 1.2736253 -7.4125742 0.29050651
60697 30897.612 1352.0245 -2823.7302000000004 6267.6615 0.6767396 -6.779984000000001 -3.2114215
60697 31347.612 1489.5698 -5432.7896 4156.9995 -0.078080436 -4.5864854 -5.9872978
60697 31797.612 1283.8617 -6789.505 1086.5515 -0.8186565299999999 -1.3226054 -7.390764900000001
60697 32247.612 781.0361300000001 -6574.747 -2235.652 -1.3721234 2.2595913999999997 -7.0815681
60697 32697.612 97.03285799999999 -4834.7791 -5037.7713 -1.6076648 5.320274500000001 -5.1250979
60697 33147.612 -609.49159 -1973.7335 -6668.878 -1.4704173 7.143866699999999 -1.9812006
60697 33597.612 -1174.6423 1345.0046000000002 -6749.218 -0.99297115 7.314420699999999 1.6222047
60697 34047.612 -1468.2022 4352.8445 -5264.7875 -0.28595043 5.7900592 4.8451135
60697 34497.612 -1421.9851 6353.4263 -2558.6558 0.48721494000000004 2.9262235000000003 6.943779900000001
60697 34947.612 -1046.8898000000002 6884.8248 740.97518 1.1467128 -0.60960146 7.4309723000000005
60697 35397.612 -430.24451 5828.0199 3869.5505000000003 1.5399074000000001 -3.9928254 6.201249600000001
60697 35847.612 285.39789 3431.8604 6107.394700000001 1.5784082000000001 -6.4463768 3.5514251
60697 36297.612 935.7850999999999 250.03064 6944.0148 1.2558889 -7.419008300000001 0.094999343
60697 36747.612 1372.2585000000001 -2988.8822000000005 6189.353400000001 0.64590559 -6.695003 -3.3847704
60697 37197.612 1494.3344 -5542.732 4013.4464 -0.11459939 -4.431244700000001 -6.0982616
60697 37647.612 1272.4944 -6820.5419 912.01535 -0.85242333 -1.1341116 -7.4148176999999995
60697 38097.612 756.5498100000001 -6521.6471 -2400.3366 -1.3955736 2.4377958 -7.0148845
60697 38547.612 65.305541 -4711.390200000001 -5154.8054 -1.6158296 5.4486902 -4.9841732
60697 38997.612 -641.0631999999999 -1809.1162 -6711.3066 -1.4616454 7.1952085 -1.7974568
60697 39447.612 -1198.7456000000002 1508.8495 -6711.8207999999995 -0.96842463 7.2726203 1.8071347000000002
60697 39897.612 -1480.9560000000001 4482.6695 -5162.7931 -0.25075033 5.6591224 4.9854884
60697 40347.612 -1419.1514 6415.624900000001 -2410.8564 0.52280156 2.7501941000000003 7.0086735000000004
60697 40797.612 -1029.7844 6866.305200000001 897.1986800000001 1.1756492 -0.7915179600000001 7.4118883
60697 41247.612 -401.56303 5726.262900000001 3998.7556 1.5587715000000002 -4.155037999999999 6.1060598
60697 41697.612 319.15198 3260.4408 6168.577200000001 1.5829803 -6.5682001 3.3830871000000005
60697 42147.612 966.8583600000001 42.792886 6916.411700000001 1.2388378 -7.4513497 -0.12692034
60697 42597.612 1391.5677 -3187.3228 6061.8339000000005 0.60665826 -6.6048922 -3.6106946
60697 43047.612 1494.1608999999999 -5677.9965999999995 3802.4790000000003 -0.16522603000000002 -4.2294700999999995 -6.2513739
60697 43497.612 1250.1105 -6851.3155 658.72759 -0.89879582 -0.87962001 -7.4465098
60697 43947.612 716.71412 -6438.8628 -2637.982 -1.4250340000000001 2.6764688999999997 -6.915468300000001
60697 44397.612 17.37304 -4534.4191 -5321.0028 -1.6219499000000002 5.6106473 -4.7861633
60697 44847.612 -686.34826 -1577.3604 -6768.1309 -1.4444465 7.2537427 -1.5440656
60697 45297.612 -1231.9845 1743.1224 -6652.195900000001 -0.93001639 7.2063493 2.0608475
60697 45747.612 -1493.1272 4661.2019 -4995.997200000001 -0.20053538 5.4863292 5.1806144000000005
60697 46197.612 -1408.682 6499.3817 -2181.6358 0.57342635 2.5059131000000003 7.0960447
60697 46647.612 -997.92847 6832.3358 1139.8244 1.2164496999999999 -1.0564102 7.3749026
60697 47097.612 -356.47301000000004 5585.9712 4197.2901 1.5782297 -4.3734598 5.9454412
60697 47547.612 367.32281 3049.7346000000002 6283.255400000001 1.5753701000000002 -6.675917800000001 3.1440268000000002
60697 47997.612 1006.5123000000001 -189.44845 6917.7212 1.2097003 -7.437378300000001 -0.37920182999999996
60697 48447.612 1413.9145 -3384.9789 5954.9992999999995 0.56530626 -6.4856818 -3.8156914000000004
60697 48897.612 1495.3841000000002 -5800.1224 3615.9432 -0.2106452 -4.0355195 -6.375295100000001
60697 49347.612 1231.5256000000002 -6875.509599999999 439.90053000000006 -0.93908365 -0.64912267 -7.4616369
60697 49797.612 682.98425 -6361.424400000001 -2838.0254 -1.45059 2.8867557 -6.8198744
60697 50247.612 -23.242186 -4371.66 -5450.4866 -1.6292559000000002 5.753048 -4.6178673
60697 50697.612 -725.3599499999999 -1377.6778000000002 -6816.367700000001 -1.4295818 7.2882804 -1.3351221
60697 51147.612 -1260.3316000000002 1933.839 -6607.4645 -0.90164602 7.140801499999999 2.2436968999999998
60697 51597.612 -1505.6480000000001 4801.1007 -4875.916 -0.16737876000000002 5.3530648 5.300504200000001
60697 52047.612 -1405.1426000000001 6565.6285 -2021.4633999999999 0.60536283 2.3352908 7.1367079
60697 52497.612 -981.8209 6821.6433 1298.6482 1.2391561 -1.2196361999999998 7.3292354
60697 52947.612 -332.96915 5510.5873 4319.764 1.5880151 -4.4923909 5.8342661
60697 53397.612 392.28407000000004 2934.6558999999997 6346.798 1.5722163 -6.731941 2.9979415
60697 53847.612 1027.4607 -314.7352 6913.2631 1.1953452 -7.4270158 -0.5310243299999999
60697 54297.612 1426.2745 -3491.2485 5885.680200000001 0.5419242000000001 -6.4129302 -3.9484274999999998
60697 54747.612 1495.6138 -5860.9328 3495.098 -0.23993987000000003 -3.9101573 -6.4656119
60697 55197.612 1218.1669 -6871.166200000001 292.53064 -0.96904219 -0.48937024 -7.4857135
60697 55647.612 657.50147 -6283.9043 -2978.2211 -1.4732511 3.0468566999999998 -6.7619929
60697 56097.612 -55.874885000000006 -4237.3922 -5555.834400000001 -1.634592 5.8668341 -4.469272200000001
60697 56547.612 -756.5244100000001 -1209.8095 -6845.352400000001 -1.4179836000000001 7.321049200000001 -1.1518025
60697 56997.612 -1282.9206000000001 2096.5714 -6554.0177 -0.87588743 7.0857519 2.4195879000000002
60697 57447.612 -1514.5183000000002 4921.3825 -4752.6548 -0.13334667 5.2231578 5.4288711
60697 57897.612 -1398.2784 6615.965099999999 -1856.9261999999999 0.63988453 2.1604281999999997 7.1881936
60697 58347.612 -960.83859 6790.6451 1466.4762 1.266154 -1.3991498 7.292186
60697 58797.612 -302.72084 5405.5765 4452.282200000001 1.6014287999999999 -4.635457300000001 5.7175021
60697 59247.612 424.88206 2779.8142000000003 6413.5788 1.569036 -6.8060696 2.8282038
60697 59697.612 1054.9371 -483.89524 6898.8238 1.1761793 -7.415216900000001 -0.7152781199999999
60697 60147.612 1442.2567 -3635.7682000000004 5793.0098 0.51096882 -6.317243400000001 -4.1050295
60697 60597.612 1496.2992 -5947.159000000001 3345.3858999999998 -0.27564616999999997 -3.7520156000000005 -6.5578613
60697 61047.612 1203.2992 -6878.8242 120.28871000000001 -1.0010363 -0.30534587 -7.4914255999999995
60697 61497.612 630.53134 -6211.1168 -3132.8606 -1.4939793 3.2131464000000003 -6.6796745
60697 61947.612 -88.66359299999999 -4101.2766 -5656.9143 -1.6393077 5.976509 -4.318890000000001
60697 62397.612 -787.5636400000001 -1042.1216 -6869.8336 -1.4057454 7.3493143000000005 -0.9687518300000001
60697 62847.612 -1305.119 2257.2043 -6496.6503 -0.84960826 7.0268241 2.5932125000000004
60697 63297.612 -1522.8125 5038.112 -4626.8549 -0.099029539 5.0907821 5.553475499999999
60697 63747.612 -1390.7729 6662.049599999999 -1691.7329 0.67442383 1.9849796 7.2352077
60697 64197.612 -939.23745 6755.6011 1632.957 1.2930455 -1.5771857 7.2508675
60697 64647.612 -271.95418 5297.5834 4581.7465999999995 1.6144715 -4.7753422 5.5975507
60697 65097.612 457.76979 2623.6868 6476.2481 1.5652293 -6.8759648 2.6570391
60697 65547.612 1082.3912 -652.35712 6880.1022 1.1562776 -7.399000699999999 -0.89883817
60697 65997.612 1457.8872 -3777.7583 5696.8336 0.47930997000000003 -6.217945800000001 -4.258985200000001
60697 66447.612 1496.3988000000002 -6029.5943 3193.8045 -0.31176233000000003 -3.591691 -6.6459600000000005
60697 66897.612 1187.7377 -6882.214900000001 -51.78672 -1.0331231 -0.12141559 -7.4924721000000005
60697 67347.612 602.90042 -6134.5752 -3285.3361 -1.5144522999999999 3.3773179 -6.5933002
60697 67797.612 -121.92558000000001 -3962.7454 -5754.3301 -1.643465 6.082559000000001 -4.165905800000001
60697 68247.612 -818.78214 -873.85108 -6889.9488 -1.392765 7.373239300000001 -0.78504677
60697 68697.612 -1327.1518 2416.4786000000004 -6435.0873 -0.82256733 6.9637577 2.7654429
60697 69147.612 -1530.6301 5151.827 -4497.9049 -0.06412266 4.955320800000001 5.6749024
60697 69597.612 -1382.5991999999999 6704.108200000001 -1525.1025 0.70919761 1.8082102 7.277947
60697 70047.612 -916.96072 6716.3644 1798.8882 1.3197295 -1.7546322 7.205111700000001
60697 70497.612 -240.68974 5186.1021 4708.7898 1.6269517 -4.9127035 5.4738748
60697 70947.612 490.84484000000003 2465.5578 6535.152700000001 1.5606332 -6.9418942 2.4837498
60697 71397.612 1109.6628 -820.86808 6857.125900000001 1.1355543000000001 -7.3782431 -1.0823979
60697 71847.612 1473.0067 -3917.8359 5596.8964000000005 0.44702980000000003 -6.1145306 -4.4108142
60697 72297.612 1495.7811000000002 -6108.5886 3039.8297000000002 -0.3481973 -3.4286858000000002 -6.7301857
60697 72747.612 1171.3931 -6881.4079 -224.29553 -1.0651668 0.06315339 -7.4888602
60697 73197.612 574.59336 -6054.0497000000005 -3436.1731 -1.5345127 3.5399263000000003 -6.5025714
60697 73647.612 -155.61010000000002 -3821.3701 -5848.4211 -1.646922 6.1852741 -4.0098371
60697 74097.612 -850.0751700000001 -704.49341 -6905.7865 -1.3789559999999998 7.3928516 -0.60015536
60697 74547.612 -1348.8893 2574.8482999999997 -6369.1898 -0.7947425300000001 6.8963094 2.9367310000000004
60697 74997.612 -1537.8427 5262.8313 -4365.503 -0.02864686 4.8163712 5.7934156
60697 75447.612 -1373.6324 6742.2428 -1356.6648 0.74422202 1.6296481 7.3164232
60697 75897.612 -893.87519 6672.8826 1964.5676 1.3462171 -1.931657 7.1546636
60697 76347.612 -208.80709 5071.0748 4833.5973 1.6388046 -5.0474551000000005 5.346270400000001
60697 76797.612 524.19381 2305.4432 6590.4164 1.5551695 -7.003639000000001 2.3082796
60697 77247.612 1136.801 -989.31198 6830.0419 1.1139363 -7.3527481 -1.2658019
60697 77697.612 1487.6405 -4055.82 5493.4475999999995 0.41410033 -6.0069738 -4.5601856
60697 78147.612 1494.4612 -6183.969400000001 2883.7943 -0.38488669 -3.2632059 -6.8103562
60697 78597.612 1154.3428999999999 -6876.3561 -396.85351 -1.0969808 0.24798652000000002 -7.480559400000001
60697 79047.612 545.76433 -5969.6544 -3585.033 -1.5540085 3.7006788000000004 -6.4076844
60697 79497.612 -189.51049 -3677.3621000000003 -5938.963 -1.6496104 6.2845078999999995 -3.8509738000000002
60697 79947.612 -881.22771 -534.2790500000001 -6917.2393 -1.3643442000000001 7.4081519 -0.41435314
60697 80397.612 -1370.1462 2732.1051 -6298.9648 -0.7662317500000001 6.8245744 3.1068507
60697 80847.612 -1544.3171000000002 5370.9733 -4229.7391 0.007259376200000001 4.674078000000001 5.9088726
60697 81297.612 -1363.827 6776.3731 -1186.5606 0.77923964 1.4494679000000001 7.350557200000001
60697 81747.612 -870.0568000000001 6625.154500000001 2129.8475 1.3722590000000001 -2.1081068000000003 7.0995521
60697 82197.612 -176.46878 4952.557400000001 4956.0470000000005 1.6498963000000002 -5.1794763 5.2148127
60697 82647.612 557.61405 2143.4416 6641.9589000000005 1.5487856 -7.0611306 2.1307412
60697 83097.612 1163.6072 -1157.5795 6798.8238 1.0914970000000002 -7.3225312 -1.4489428
60697 83547.612 1501.6363000000001 -4191.6124 5386.5024 0.38065795 -5.8953663 -4.7070122
60697 83997.612 1492.3591999999999 -6255.6872 2725.7652000000003 -0.42166519 -3.0954072999999998 -6.8863512
60697 84447.612 1136.5601000000001 -6867.1004 -569.35584 -1.1284953 0.43288108000000003 -7.4675359
60697 84897.612 516.42825 -5881.5343 -3731.7982 -1.5728071000000001 3.8592750000000002 -6.3086541
60697 85347.612 -223.54813000000001 -3531.0212 -6025.9121 -1.651389 6.379933200000001 -3.6895664000000004
60697 85797.612 -912.1080400000001 -363.64115000000004 -6924.4250999999995 -1.3488523000000001 7.4189184 -0.22811990000000001
60697 86247.612 -1390.778 2887.775 -6224.7792 -0.7370592 6.7486165 3.2752099
