CIC_OEM_VERS = 2.0
CREATION_DATE = 2025-01-22T08:31:27.165580
ORIGINATOR = ISAE-SUPAERO


META_START
OBJECT_NAME = PLEIADES-NEO3
OBJECT_ID = PLEIADES-NEO3
CENTER_NAME = Earth
REF_FRAME = EME2000
TIME_SYSTEM = UTC
START_TIME = 2025-01-22T02:23:51.541
USEABLE_START_TIME = 2025-01-22T02:23:51.541
USEABLE_STOP_TIME = 2025-01-22T23:53:51.541
STOP_TIME = 2025-01-22T23:53:51.541
INTERPOLATION = lagrange
INTERPOLATION_DEGREE = 5
META_STOP



60697 8631.541 -1117.3298 6912.4033 14.679193 1.0255938000000002 0.14909159 7.4734185
60697 9081.541 -544.72212 6179.0249 3245.3504 1.4690227 -3.3432702 6.6015949
60697 9531.541000000001 153.52487 4020.5968 5725.735900000001 1.5732265 -6.0601656 4.2058015
60697 9981.541000000001 816.4422500000001 936.3053000000001 6884.5297 1.3152561 -7.378392700000001 0.84350221
60697 10431.541000000001 1291.52 -2363.3732999999997 6455.4271 0.75464799 -6.9987485 -2.7136708
60697 10881.541 1469.0491000000002 -5118.1544 4535.5883 0.018928322 -5.0047394999999995 -5.6511568
60697 11331.541 1309.2322 -6697.6153 1571.2533 -0.72169753 -1.8493553999999999 -7.2777135
60697 11781.541 845.62258 -6723.398700000001 -1759.3993 -1.2963846 1.7286996 -7.22948
60697 12231.541 186.74967999999998 -5196.4771 -4682.6721 -1.5723612 4.908221800000001 -5.5108239
60697 12681.541 -514.97243 -2474.4715 -6525.4301 -1.4851771000000002 6.9503377 -2.5199818
60697 13131.541000000001 -1098.3488 816.8268800000001 -6863.7502 -1.0568342 7.3906636 1.0452126000000002
60697 13581.541000000001 -1429.3871000000001 3920.4094 -5620.982599999999 -0.38546334000000004 6.132308699999999 4.3702249
60697 14031.541000000001 -1431.612 6121.954900000001 -3081.9722 0.37607499 3.4589971999999998 6.6928961000000005
60697 14481.541 -1104.0508 6913.9571 169.76545000000002 1.0514846 -0.014358748000000001 7.4697241000000005
60697 14931.541 -521.60251 6109.165 3381.558 1.4848313000000002 -3.4835763 6.5231453
60697 15381.541 180.86741 3898.1978 5812.6534 1.5756722 -6.1468448 4.0706689
60697 15831.541 841.7920799999999 791.02864 6904.161700000001 1.3042416000000001 -7.391777 0.68591446
60697 16281.541 1309.4197 -2497.7962 6406.192400000001 0.73327485 -6.9386487 -2.8562327
60697 16731.541 1476.03 -5212.1788 4431.9332 -0.0077036684 -4.8873159 -5.746953
60697 17181.541 1303.0932 -6727.417 1435.5705 -0.74795949 -1.7051786 -7.312110700000001
60697 17631.541 829.311 -6688.0932999999995 -1891.6086 -1.3164648 1.8703938 -7.1917998
60697 18081.541 163.72365 -5103.3168 -4781.803400000001 -1.5824313 5.020630199999999 -5.4086023999999995
60697 18531.541 -539.80903 -2341.9667999999997 -6567.979700000001 -1.4824511 7.0059283 -2.3758456999999997
60697 18981.541 -1118.9968999999999 958.3982900000001 -6837.6848 -1.0412116 7.3740924 1.2002004
60697 19431.541 -1440.6358 4038.1040000000003 -5529.4597 -0.36011773 6.0444365 4.5000647
60697 19881.541 -1430.3475 6187.2572 -2943.9973999999997 0.40518093 3.3185391 6.7648161
60697 20331.541 -1089.9572 6908.3791 322.55707 1.0778956000000002 -0.17695965000000002 7.466388
60697 20781.541 -497.46221 6031.1766 3513.8491000000004 1.5022013 -3.6316706 6.442953
60697 21231.541 210.59276000000003 3755.7659 5890.126700000001 1.5806291000000001 -6.253163499999999 3.9285262
60697 21681.541 869.58378 611.42121 6897.6269 1.2933632 -7.431804100000001 0.49812828000000003
60697 22131.541 1328.1685 -2673.1375000000003 6312.1467999999995 0.7048802200000001 -6.8798871 -3.0485706
60697 22581.541 1479.2641 -5339.214 4261.1635 -0.046586359 -4.735394100000001 -5.886342
60697 23031.541 1287.9259 -6769.469700000001 1221.1432 -0.78682492 -1.4966404 -7.3569883
60697 23481.541 798.8531800000001 -6635.1989 -2102.2126000000003 -1.3436613 2.0794627 -7.1218736
60697 23931.541 125.68797 -4972.6186 -4940.6750999999995 -1.5893381 5.162639100000001 -5.2468665
60697 24381.541 -576.4193 -2169.4485 -6643.7277 -1.4702554 7.0514088 -2.1758429
60697 24831.541 -1146.8282 1129.7118 -6824.4888 -1.0154951 7.3257518 1.3881571
60697 25281.541 -1455.102 4170.4062 -5441.455400000001 -0.3274337 5.9237511000000005 4.640324
60697 25731.541 -1429.6372 6254.256200000001 -2807.4771 0.43911894 3.1531187000000003 6.8376495
60697 26181.541 -1074.686 6896.129400000001 474.55193 1.1078961999999999 -0.35908973 7.4617668
60697 26631.541 -471.05392 5942.0789 3646.1852000000003 1.5219743000000001 -3.7982978 6.3545152
60697 27081.541 241.76999 3610.6102 5970.2916 1.5834428 -6.3586407000000005 3.7700425
60697 27531.541 898.57 442.48895000000005 6907.2844000000005 1.2780721000000002 -7.4440239 0.31210352
60697 27981.541 1347.1507 -2827.5164 6240.353700000001 0.67661362 -6.8052841 -3.218389
60697 28431.541 1483.7643 -5443.3060000000005 4124.0581 -0.081476733 -4.5906622 -6.0012091000000005
60697 28881.541 1276.6946 -6798.4278 1050.0166000000002 -0.82047789 -1.3138417999999998 -7.3902155
60697 29331.541 774.25594 -6581.076400000001 -2267.8903999999998 -1.3682139 2.2586254 -7.0646905
60697 29781.541 93.250044 -4846.686 -5062.2227 -1.5989163000000002 5.2963389 -5.1116340000000005
60697 30231.541 -609.275 -1999.7942 -6692.4088 -1.4624784 7.1080678 -1.9936217
60697 30681.541 -1172.5272 1304.5572 -6788.427900000001 -0.9920874700000001 7.291601 1.5750488
60697 31131.541 -1467.715 4310.4583 -5328.572700000001 -0.29384785 5.8062877 4.7879664
60697 31581.541 -1426.3096 6327.5476 -2643.8526 0.47494621000000004 2.9799165 6.9109813
60697 32031.541 -1056.3396 6886.5342 650.84484 1.1374785 -0.5467924500000001 7.4437543999999995
60697 32481.541 -442.13322 5853.1139 3794.4054 1.5384964 -3.9563683000000003 6.2504808
60697 32931.541 274.45936 3464.1576 6056.8127 1.5833853 -6.4512674 3.6053444
60697 33381.541 927.48328 273.15236 6913.0677000000005 1.2617421 -7.4513603 0.12519536
60697 33831.541 1365.5057 -2979.7545 6164.3940999999995 0.6470119200000001 -6.725512800000001 -3.3896048999999997
60697 34281.541 1487.0993999999998 -5543.0251 3982.6476000000002 -0.11756952 -4.4410943 -6.1163538
60697 34731.541 1263.7584 -6820.7028 874.66346 -0.8553267499999999 -1.1254760000000001 -7.42265
60697 35181.541 747.46098 -6517.5604 -2436.8943 -1.3936625 2.4441505 -7.003917
60697 35631.541 58.431944 -4708.853400000001 -5184.541 -1.6084170999999998 5.434731 -4.968779400000001
60697 36081.541 -644.1868499999999 -1817.0744 -6737.7029 -1.4533059000000002 7.1646485 -1.8010439
60697 36531.541 -1199.3842 1490.986 -6744.4108 -0.9661896799999999 7.2509339 1.7711023000000001
60697 36981.541 -1480.2842 4457.977 -5204.719 -0.25760338000000005 5.6776304 4.9392336
60697 37431.541 -1421.9116999999999 6403.0079000000005 -2469.3087 0.5124965600000001 2.7954439000000004 6.9805843
60697 37881.541 -1036.4678000000001 6874.8583 835.03919 1.1672945 -0.74129543 7.416615
60697 38331.541 -411.88981 5760.433599999999 3946.0113 1.5539728 -4.1148595 6.1363219
60697 38781.541 307.85039 3314.9701 6142.688 1.5817533000000001 -6.5396054999999995 3.4333096999999997
60697 39231.541 956.3936500000001 103.31717 6915.5853 1.2438318 -7.4531285 -0.066250268
60697 39681.541 1384.4514 -3130.7913 6091.7259 0.61717628 -6.6373025 -3.5510952000000002
60697 40131.541 1493.1126000000002 -5642.1364 3859.5159 -0.15169333000000002 -4.2870717 -6.209672800000001
60697 40581.541 1256.3238999999999 -6848.5346 731.56165 -0.88421028 -0.95631669 -7.4326554
60697 41031.541 728.84525 -6471.0037 -2566.9551 -1.4137464 2.5951846 -6.9435566
60697 41481.541 33.098794000000005 -4593.2995 -5263.92 -1.6199012000000002 5.5601191 -4.853652
60697 41931.541 -671.34614 -1657.1639 -6752.424599999999 -1.4492641000000002 7.2315521 -1.631963
60697 42381.541 -1220.659 1662.0061 -6676.435 -0.94417738 7.2302984 1.9626941
60697 42831.541 -1488.1518999999998 4597.62 -5054.822099999999 -0.2212589 5.5598131 5.102114800000001
60697 43281.541 -1412.0145 6471.5705 -2262.9241 0.55296939 2.6047921 7.061137800000001
60697 43731.541 -1009.8425 6851.3703 1053.0126 1.1990749 -0.94919603 7.384991100000001
60697 44181.541 -374.86911 5651.97 4125.7631 1.5675643000000001 -4.275840199999999 6.0036088
60697 44631.541 346.38885999999997 3153.2166 6248.214900000001 1.5752046 -6.6108738 3.2456905000000003
60697 45081.541 988.28874 -68.36714200000002 6935.0070000000005 1.2219468999999998 -7.427367500000001 -0.25287302
60697 45531.541 1403.7213000000002 -3274.1287 6028.7471 0.58800215 -6.541271399999999 -3.6975274000000002
60697 45981.541 1496.6693 -5727.4131 3734.2185 -0.18366551 -4.1458592 -6.3015732
60697 46431.541 1244.3947 -6859.0127 576.7333000000001 -0.91600397 -0.78251075 -7.456081500000001
60697 46881.541 704.0978299999999 -6402.9017 -2714.5314 -1.4379461 2.7703148 -6.8816109
60697 47331.541 0.62809489 -4462.9946 -5375.1542 -1.6267068999999998 5.6804946 -4.7091698
60697 47781.541 -703.03932 -1489.8337 -6788.4791 -1.4389682000000001 7.2719629999999995 -1.4488686
60697 48231.541 -1244.2877 1827.7502 -6629.200900000001 -0.9192114800000001 7.1819217 2.1420765999999998
60697 48681.541 -1498.2766000000001 4723.3558 -4935.5867 -0.1874018 5.4339261 5.2364318
60697 49131.541 -1406.366 6528.4610999999995 -2099.4985 0.58782393 2.4307887 7.1193902
60697 49581.541 -989.8172500000001 6826.6187 1222.7062 1.2268583000000002 -1.1308566 7.3541153999999995
60697 50031.541 -345.16113 5551.639 4262.6131 1.5819391 -4.4233893 5.8913516
60697 50481.541 378.88184 3000.6906000000004 6320.8697 1.5730092 -6.6909612 3.0782154999999998
60697 50931.541 1016.1107 -238.08093 6926.8558 1.2037775 -7.4221955 -0.43765407
60697 51381.541 1420.4692 -3422.1040000000003 5941.3978 0.5578912800000001 -6.4515758 -3.8579008
60697 51831.541 1498.4256 -5819.4282 3587.34 -0.21893783 -3.9912932999999997 -6.4004026000000005
60697 52281.541 1230.6580000000001 -6873.4067000000005 404.06552000000005 -0.94830305 -0.59856342 -7.469554100000001
60697 52731.541 677.95201 -6335.9721 -2872.9707000000003 -1.4596752 2.9405712 -6.806109
60697 53181.541 -31.883647 -4330.2195 -5482.5649 -1.6327068 5.7970367 -4.5624460000000004
60697 53631.541 -734.41152 -1321.9388999999999 -6820.1021 -1.427906 7.3079474 -1.2653261
60697 54081.541 -1267.2613999999999 1991.7933 -6577.9063 -0.89371025 7.1293588 2.3198274000000003
60697 54531.541 -1507.5786 4845.7588 -4813.4218 -0.15333263 5.3050864 5.367462400000001
60697 54981.541 -1399.872 6581.0743 -1934.8636999999999 0.62256292 2.2556025 7.1734046
60697 55431.541 -969.08064 6797.5076 1391.6411 1.2541588 -1.3116489 7.3189164
60697 55881.541 -315.01234000000005 5447.7721 4396.9262 1.5956231 -4.5680693 5.7757056
60697 56331.541 411.49851 2846.2557 6389.8146 1.5701052 -6.7667959 2.9090276
60697 56781.541 1043.7447 -407.63346 6914.713400000001 1.1849562 -7.4122517 -0.62189158
60697 57231.541 1436.7802 -3567.8829 5850.8602 0.5273459800000001 -6.3578418 -4.0152756
60697 57681.541 1499.6096000000002 -5907.839400000001 3439.0499 -0.25435836 -3.8347254 -6.4945184000000005
60697 58131.541 1216.357 -6883.8157 232.21034 -0.98034718 -0.41509355 -7.4780084
60697 58581.541 651.46407 -6265.8297999999995 -3028.5177000000003 -1.4807131 3.107937 -6.7266169
60697 59031.541 -64.390564 -4195.903200000001 -5585.7391 -1.6379014 5.909248400000001 -4.4138282
60697 59481.541 -765.4130799999999 -1153.9471 -6846.2708 -1.4161853000000002 7.3406234999999995 -1.0809412999999999
60697 59931.541 -1289.5674 2154.5078 -6520.9911 -0.86751796 7.0736586 2.4975611
60697 60381.541 -1515.8834 4965.3937000000005 -4685.8237 -0.11849701 5.172924500000001 5.4976011
60697 60831.541 -1392.0422 6629.3795 -1765.5168 0.6579925200000001 2.0770094 7.224938900000001
60697 61281.541 -946.7800400000001 6762.7788 1563.6887 1.2817424000000002 -1.4945825 7.2792041
60697 61731.541 -283.33223 5337.932900000001 4531.9755000000005 1.6089033 -4.7122962 5.6543411
60697 62181.541 445.3033 2686.7671 6457.0073 1.5661083000000002 -6.8389525 2.7348899
60697 62631.541 1071.9867 -579.9980899999999 6899.1763 1.1647326 -7.3963172 -0.80818723
60697 63081.541 1453.0869 -3713.6716 5756.8512 0.49555379 -6.2580534 -4.1709563
60697 63531.541 1500.3338999999999 -5993.865400000001 3288.7296 -0.29043317 -3.6741553 -6.584152100000001
60697 63981.541 1201.4363 -6890.6239000000005 60.554320000000004 -1.0123971 -0.23063485 -7.4811125
60697 64431.541 624.42803 -6192.2248 -3181.6031000000003 -1.5014593 3.2738704 -6.6426207
60697 64881.541 -97.268601 -4059.0887000000002 -5684.7356 -1.6426171 6.0187803 -4.2621625000000005
60697 65331.541 -796.49139 -986.4135600000001 -6868.933599999999 -1.4037357 7.3675334 -0.8976528
60697 65781.541 -1311.6802 2314.3554 -6461.772599999999 -0.84089114 7.01319 2.6710133000000003
60697 66231.541 -1523.9211 5080.6103 -4558.4137 -0.083797596 5.0389235 5.6212425
60697 66681.541 -1384.1365 6673.3011 -1599.3697 0.69276094 1.9004093 7.2700344
60697 67131.541 -924.73213 6725.2667 1730.1123 1.3085909 -1.6727049999999999 7.2353785
60697 67581.541 -252.19197 5227.7181 4660.286700000001 1.621638 -4.85082 5.5321189
60697 68031.541 478.38442 2529.3058 6517.7288 1.5618413 -6.9064031 2.5625929000000003
60697 68481.541 1099.431 -748.61692 6878.35 1.1444167 -7.3774819 -0.9913034300000001
60697 68931.541 1468.5593999999999 -3854.782 5659.0607 0.46367922 -6.1569072 -4.3232351
60697 69381.541 1500.1941000000002 -6074.8782 3136.1752 -0.32659904 -3.5131801 -6.6702133
60697 69831.541 1185.6318 -6892.5461 -111.61032000000002 -1.0444652 -0.046983044 -7.4802916999999995
60697 70281.541 596.57787 -6114.490900000001 -3333.4177999999997 -1.5218514 3.4371631000000002 -6.5547907
60697 70731.541 -130.71218 -3919.8099 -5781.004400000001 -1.6465937 6.1236042 -4.108056400000001
60697 71181.541 -827.84959 -817.47391 -6887.286599999999 -1.3904136 7.390297899999999 -0.7124759500000001
60697 71631.541 -1333.6571999999999 2473.6728 -6397.8381 -0.81329861 6.9482676 2.8443572
60697 72081.541 -1531.403 5193.371 -4426.7876 -0.048224387 4.9009437 5.742798700000001
60697 72531.541 -1375.338 6713.232400000001 -1430.3369 0.72811037 1.7210993 7.3113862
60697 72981.541 -901.64794 6682.9501 1897.4864 1.335462 -1.8516553 7.1868142
60697 73431.541 -220.14253 5112.8473 4787.3673 1.6338112000000002 -4.9878649 5.405154400000001
60697 73881.541 512.02036 2368.3609 6575.320900000001 1.5565999 -6.9701922000000005 2.3868049
60697 74331.541 1126.9467 -918.7242600000001 6853.309700000001 1.122981 -7.3536392 -1.1756118
60697 74781.541 1483.6371000000001 -3995.0688 5557.124 0.43090398 -6.0507247 -4.4740071
60697 75231.541 1499.3386 -6153.059700000001 2980.7038 -0.36325496 -3.3486028 -6.7524934000000005
60697 75681.541 1169.0103000000001 -6890.4811 -284.69232 -1.0764664 0.13804391000000002 -7.4745457
60697 76131.541 568.0473900000001 -6032.6951 -3483.9261 -1.5417366 3.5994499 -6.4622117
60697 76581.541 -164.53943 -3777.3724 -5874.0583 -1.6497863 6.2255292 -3.9503571
60697 77031.541 -859.12699 -647.28172 -6900.9979 -1.3762189 7.4091374 -0.52547595
60697 77481.541 -1355.1604 2632.3955 -6328.8287 -0.78482972 6.8790550999999995 3.0177984
60697 77931.541 -1538.0376 5303.6303 -4290.452 -0.011895328 4.7588764 5.8626189
60697 78381.541 -1365.4155 6748.9890000000005 -1257.7826000000002 0.7638965 1.5385788 7.3492123000000005
60697 78831.541 -877.34982 6635.3908 2066.442 1.3622784 -2.0319684000000002 7.1332869
60697 79281.541 -187.03566 4992.7214 4913.6705 1.6453641 -5.1236426 5.2729170000000005
60697 79731.541 546.32759 2203.3285 6629.982400000001 1.5502935 -7.0301338 2.2069779
60697 80181.541 1154.6073999999999 -1090.7726 6824.0651 1.1003459 -7.3243397 -1.3613755
60697 80631.541 1498.3682 -4134.7721 5451.0254 0.39719833 -5.939076 -4.6231274
60697 81081.541 1497.8299 -6228.4873 2822.4362 -0.40028613 -3.1802784 -6.8306039
60697 81531.541 1151.6911 -6884.5431 -458.39258 -1.1083032000000002 0.32414571000000003 -7.4635659
60697 81981.541 538.98886 -5947.127 -3632.7494 -1.5610438 3.7602924 -6.364843700000001
60697 82431.541 -198.57044000000002 -3632.2448 -5963.5683 -1.6521636000000002 6.3242517 -3.7893347
60697 82881.541 -890.26014 -476.6292 -6911.0221 -1.3611997 7.4226771000000005 -0.33876457
60697 83331.541 -1376.2035 2789.1603 -6256.963400000001 -0.75589139 6.8051139 3.1879115000000002
60697 83781.541 -1544.1227 5410.2780999999995 -4153.3133 0.024338145000000002 4.6144501 5.9768776
60697 84231.541 -1355.1235 6780.8247 -1087.1077 0.79900118 1.3570968 7.381044
60697 84681.541 -853.0768800000001 6585.0824 2231.1282 1.3880797 -2.2082751 7.0754695000000005
60697 85131.541 -154.40024 4871.964 5034.407 1.6559733 -5.2541037 5.139312299999999
60697 85581.541 579.79711 2040.0223 6679.1028 1.543329 -7.0851744 2.0285278
60697 86031.541 1181.2251 -1259.2060000000001 6790.345 1.0774558 -7.2916403 -1.5439808000000002
