CIC_AEM_VERS = 1.0
CREATION_DATE = 2025-01-22T08:31:27.128Z
ORIGINATOR = CS Group

META_START
OBJECT_NAME = PLEIADES1A
OBJECT_ID = PLEIADES1A
CENTER_NAME = null
REF_FRAME_A = EME2000
REF_FRAME_B = SC_BODY_1
ATTITUDE_DIR = A2B
TIME_SYSTEM = UTC
START_TIME = 2025-01-22T06:04:00.791616
STOP_TIME = 2025-01-22T23:59:60.0
ATTITUDE_TYPE = QUATERNION
QUATERNION_TYPE = LAST
META_STOP

60697 21840.791616 -0.7414359005890528 -0.14641667061519592 -0.6546348099444647 -0.016977322893673534
60697 22290.791616 -0.7550324456553639 0.03301030562112017 -0.6400703995569749 0.13836982814708831
60697 22740.791616 -0.7257994554360956 0.2105831974864891 -0.5891934952323079 0.2858686632021246
60697 23190.791616 -0.655531300915837 0.37599503162246467 -0.5050313827123902 0.4169529376205704
60697 23640.791616 0.5480516165385731 -0.5203138852476318 0.39213847336265734 -0.5245381817720953
60697 24090.791616 0.4094773716780698 -0.6351718317303611 0.2569543469646279 -0.6023781950202872
60697 24540.791616 0.24780640138698687 -0.7139666238967939 0.10727490766030912 -0.6460152796796047
60697 24990.791616 0.07224127536188547 -0.7523019478644342 -0.04838104335364172 -0.6530560864255683
60697 25440.791616 -0.10717113250738529 -0.7481132427389365 -0.20110439060484758 -0.6232158121190204
60697 25890.791616 -0.28031418401965846 -0.7018134430524166 -0.342279451697163 -0.5583248394386507
60697 26340.791616 -0.4375280333675461 -0.6161635243143458 -0.4640420441795525 -0.46214360598813253
60697 26790.791616 -0.5700990396064822 -0.4960678616879707 -0.559661486146975 -0.3401217172775808
60697 27240.791616 -0.6707142627158038 -0.34824816366609584 -0.6238891076165487 -0.19906776657765154
60697 27690.791616 -0.7337902007643208 -0.18089645973892435 -0.6531750566596104 -0.0468055282407563
60697 28140.791616 -0.7557561601599176 -0.00323950747879385 -0.6458380315362762 0.10823755814401803
60697 28590.791616 -0.7352346225305689 0.17487081859644218 -0.6021523394452107 0.25741563032652426
60697 29040.791616 -0.6731629322953293 0.3434582040103934 -0.5243765180654071 0.39232307602677263
60697 29490.791616 0.5728990979294548 -0.49283211965548573 0.41678846287054067 -0.5051638374285217
60697 29940.791616 0.4400990723199732 -0.6143549315834417 0.28547567752442743 -0.5893933000333248
60697 30390.791616 0.28239600193312997 -0.7010083415454185 0.13798933973558633 -0.640155250931571
60697 30840.791616 0.10880308866504768 -0.7478963679465676 -0.017241554279321326 -0.6546110597257822
60697 31290.791616 -0.07069812106608227 -0.75244847831269 -0.1712916297559861 -0.6320460748538677
60697 31740.791616 -0.24596422405590262 -0.7145905621707079 -0.31545350472863465 -0.5738911179793172
60697 32190.791616 -0.40719145130636525 -0.6366315465471428 -0.44167138528980837 -0.48355122100992665
60697 32640.791616 -0.5454351782457346 -0.523071739786282 -0.5429662465909235 -0.36617492600116736
60697 33090.791616 -0.653073438975024 -0.3803050394199241 -0.6137794436027668 -0.2283373708086869
60697 33540.791616 -0.7241609581466086 -0.21625746803655224 -0.6502213947622597 -0.07769010238136596
60697 33990.791616 -0.7547137541482146 -0.039966764951376514 -0.6502403159901431 0.07744248485081402
60697 34440.791616 -0.7428962692217882 0.13882659433611555 -0.6137154195637932 0.22844188248003336
60697 34890.791616 -0.6891589230687518 0.31014145805576154 -0.5425020536233873 0.366829356191911
60697 35340.791616 0.5963649011693583 -0.4641701730142993 0.44048151080499315 -0.4846349077151661
60697 35790.791616 0.46968048588394345 -0.5920466294841861 0.31336398972700896 -0.5750513365244957
60697 36240.791616 0.3163536909182075 -0.6863516051460469 0.16843225339956347 -0.6328288807968687
60697 36690.791616 0.14518393468226554 -0.7416955648421332 0.014006503488868052 -0.6546855215015076
60697 37140.791616 -0.0338754652872775 -0.7550106806077307 -0.1409368254165499 -0.6394905286721038
60697 37590.791616 -0.21083195235804092 -0.7257433218583095 -0.28775392727996557 -0.5882552133027968
60697 38040.791616 -0.37575982981907086 -0.6556836279592305 -0.41820751909599974 -0.503970238498399
60697 38490.791616 -0.5194653310588249 -0.5488758557025198 -0.5250396931069868 -0.39143886561874947
60697 38940.791616 -0.63396886627992 -0.4113641778355257 -0.6023418060716735 -0.2569967673722166
60697 39390.791616 -0.7129278177390462 -0.250824009833346 -0.6458537159624856 -0.10813981857952168
60697 39840.791616 -0.751931497186536 -0.07614833573009216 -0.6531493244856718 0.04686591968864319
60697 40290.791616 -0.7487166798335656 0.10298893789578481 -0.6237441776980996 0.19939862787346777
60697 40740.791616 -0.7033094048472255 0.2765858926877791 -0.5591462335428593 0.3408982465991576
60697 41190.791616 0.618135358870603 -0.434766717910238 0.4628844613706835 -0.4632758946168497
60697 41640.791616 0.49790780125496814 -0.5685119710328718 0.3403106851813364 -0.5595271198013297
60697 42090.791616 0.34946227748685055 -0.670096623430781 0.19840432684110768 -0.6240852145108844
60697 42540.791616 0.18136968964245406 -0.7336857668996266 0.045357475904698866 -0.6532632934027912
60697 42990.791616 0.0029160528904934838 -0.7557693207504309 -0.11035713452213393 -0.645465361818925
60697 43440.791616 -0.1755739717598261 -0.7350779416138181 -0.25970805476300235 -0.6011538293020259
60697 43890.791616 -0.3439625282744647 -0.6729143116806552 -0.3942107480963956 -0.5229474107055776
60697 44340.791616 -0.4927835179066089 -0.572949872751125 -0.5063143855713892 -0.4153776483605289
60697 44790.791616 -0.6137466890469285 -0.4409589784915109 -0.589807546600915 -0.28460013869333517
60697 45240.791616 -0.7002117545002419 -0.2843853269936965 -0.6401520574038021 -0.1379631401935343
60697 45690.791616 -0.7474390958106565 -0.11195052026646943 -0.6546251336372728 0.01636500767484918
60697 46140.791616 -0.7528093300349006 0.06683555997490735 -0.6324244264850297 0.1698542472837404
60697 46590.791616 -0.7159208611904208 0.24209006387623164 -0.5746874723374057 0.31398093990433873
60697 47040.791616 -0.6386534938427328 0.40402305821641366 -0.4844751416933087 0.4406482954842504
60697 47490.791616 0.5252000256946531 -0.5433902491031101 0.3667355481478343 -0.5425836413998335
60697 47940.791616 0.3819147616790271 -0.6521366034392733 0.22808802699233072 -0.6138687296231059
60697 48390.791616 0.21695850389425356 -0.7239543097489711 0.07645266831057342 -0.6503646319504554
60697 48840.791616 0.03977793855013648 -0.7547265143668149 -0.07947016927019873 -0.6499923817342673
60697 49290.791616 -0.13963788489337006 -0.7427463268672566 -0.23087244594102102 -0.6128026344043528
60697 49740.791616 -0.310925964040996 -0.688805476672133 -0.3690053271948246 -0.5410241479763113
60697 50190.791616 -0.46463656297231276 -0.5959976626451877 -0.4862493561546901 -0.4387040165189948
60697 50640.791616 -0.5920777116109975 -0.4696334045984205 -0.5759797053395287 -0.3116662120534892
60697 51090.791616 -0.686087400430089 -0.3169098040248344 -0.6331824164941326 -0.16712953816328935
60697 51540.791616 -0.7414306059993824 -0.1464907502718495 -0.6547096281281395 -0.013282296807879424
60697 51990.791616 -0.7550797463457407 0.03211625628099079 -0.6394229410287331 0.1412849079948415
60697 52440.791616 -0.7262780721409504 0.2089498804280745 -0.5881814528693257 0.28792826866573407
60697 52890.791616 -0.6566051402505121 0.3741234896515287 -0.5038138529776883 0.418417143333473
60697 53340.791616 0.5499526103145844 -0.5183069981566308 0.3910316821252868 -0.5253610241008614
60697 53790.791616 0.41249682477628 -0.6332167162185492 0.25634941922274374 -0.602634163581062
60697 54240.791616 0.2518699028267296 -0.712544032526379 0.10723410353607621 -0.6460212077013529
60697 54690.791616 0.07703517995575926 -0.7518267298093737 -0.047975077024014066 -0.6530854012898056
60697 55140.791616 -0.10224742842852418 -0.7488037913411081 -0.2005818165894048 -0.6233821302432645
60697 55590.791616 -0.27590934867767936 -0.7035593919108186 -0.3419819471771305 -0.5585038595849415
60697 56040.791616 -0.43394493300085385 -0.618692630448968 -0.46401345753079437 -0.4621717596103627
60697 56490.791616 -0.567476440223271 -0.49905752484127935 -0.5598295642633597 -0.33985722835849325
60697 56940.791616 -0.669182565018584 -0.3511653442519377 -0.6241713269594223 -0.19821137775940256
60697 57390.791616 -0.7331393545814961 -0.18348243665775713 -0.653286233654002 -0.04536495475725967
60697 57840.791616 -0.7557345085091827 -0.005548978057594075 -0.6455544180267669 0.1099729733026381
60697 58290.791616 -0.7357568192625296 0.1726160001552859 -0.6014677049302902 0.25904096070885213
60697 58740.791616 -0.6743835328248466 0.34102894060880073 -0.5235376251767793 0.3934646964419757
60697 59190.791616 0.5750920396214256 -0.4902498690371719 0.4161522672494839 -0.505708910675122
60697 59640.791616 0.4434150418301475 -0.611945819723753 0.2852855815867548 -0.5895061927919839
60697 60090.791616 0.28657658824330906 -0.6992915820318276 0.13813560299891575 -0.6401434976271918
60697 60540.791616 0.1135996871905099 -0.747165830277682 -0.016805949614145894 -0.6546418052593702
60697 60990.791616 -0.06566380986520112 -0.7528884909783096 -0.17069990266673143 -0.6322252189338533
60697 61440.791616 -0.24114504758030886 -0.7162161905144045 -0.31489116038761694 -0.5742185921600457
60697 61890.791616 -0.40301121566675335 -0.6392695758872863 -0.44129293699215194 -0.4839182918143676
60697 62340.791616 -0.5421964384635028 -0.5264063687205021 -0.5428287858100678 -0.3664099703664671
60697 62790.791616 -0.6509284728573851 -0.38393398947512486 -0.6138323129063219 -0.22824702973169764
60697 63240.791616 -0.7230450914964309 -0.21990970939769933 -0.6502911537768411 -0.07724591053979524
60697 63690.791616 -0.7545039217369542 -0.04350783350730045 -0.650174432601815 0.07812878917508584
60697 64140.791616 -0.743510055031522 0.13541948302649914 -0.6134624607729244 0.22916843348569402
60697 64590.791616 -0.690618451758069 0.3068399242968346 -0.542156348941296 0.36737162145631785
60697 65040.791616 0.5989058987778508 -0.4608581274091432 0.44038042749962014 -0.48475415406707406
60697 65490.791616 0.4734473053316353 -0.5890147209345068 0.3137413667622168 -0.5748701265319276
60697 65940.791616 0.32109396121778416 -0.6841261572695483 0.16917809899122316 -0.6326522266069956
60697 66390.791616 0.1505395408053771 -0.7406081784163577 0.014972153687357753 -0.6546855789849603
60697 66840.791616 -0.028471734294250737 -0.7552157386818432 -0.14004322178715747 -0.6397080931370092
60697 67290.791616 -0.2058130912305297 -0.7271650942469836 -0.2870822321647145 -0.5886048667503813
60697 67740.791616 -0.37145824495993945 -0.658110786521388 -0.4178223569949213 -0.5043148251942337
60697 68190.791616 -0.5160774251577438 -0.552039370288206 -0.5249041149281938 -0.3916532842014776
60697 68640.791616 -0.6315505123060723 -0.41503875395256534 -0.6023398944062426 -0.2570475339895639
60697 69090.791616 -0.711497660265003 -0.25480926204795645 -0.6458864198870807 -0.10804652709574594
60697 69540.791616 -0.7514851537190037 -0.08030480875492572 -0.6531544809006976 0.047015162555288995
60697 69990.791616 -0.7492703447067384 0.09877636825326756 -0.6237311775038512 0.1994908464752194
60697 70440.791616 -0.704906391695387 0.2724524961725511 -0.559193806184605 0.34085026536752167
60697 70890.791616 0.6208123074315401 -0.4309133452254052 0.4631014355750218 -0.46307972123224256
60697 71340.791616 0.5015781905026954 -0.565261256468174 0.34072308594968775 -0.5592913457662159
60697 71790.791616 0.3540215753263652 -0.6676878638252718 0.1990683768776675 -0.6238857443724573
60697 72240.791616 0.18628067089262576 -0.7324446735617192 0.04597047936689275 -0.6532312200512448
60697 72690.791616 0.007902250470745026 -0.7557247285888623 -0.1098215694954899 -0.6455671242483895
60697 73140.791616 -0.17071712699138133 -0.7362122559580023 -0.25921100989225004 -0.6013791059553677
60697 73590.791616 -0.33960894589878565 -0.6751136364221393 -0.3938552130352965 -0.5232259673862838
60697 74040.791616 -0.48902506060370676 -0.5761525351431511 -0.5060001772348907 -0.4157722537494777
60697 74490.791616 -0.6109993129681172 -0.444745368620414 -0.5896935795148056 -0.2848558914998892
60697 74940.791616 -0.698601502388731 -0.2882998481170356 -0.64018245773885 -0.13786065152663188
60697 75390.791616 -0.7468782175471348 -0.11559529272322851 -0.6546169769967737 0.016949037773611227
60697 75840.791616 -0.7530768795117037 0.06368485314472533 -0.6321601523870993 0.17085957614008387
60697 76290.791616 -0.7168006706795772 0.23945813729955837 -0.5740328648570675 0.3151870382143304
60697 76740.791616 -0.6401526438412205 0.4016391616144392 -0.4835782799785534 0.4416363023730383
60697 77190.791616 0.5275352346719021 -0.5411230509201258 0.3659449674065711 -0.5431175754589052
60697 77640.791616 0.3851312388641322 -0.65024306533401 0.22758071439529032 -0.6140561075922448
60697 78090.791616 0.2208224717531008 -0.7227865414957197 0.07617578420196028 -0.650395496065835
60697 78540.791616 0.044183817565952035 -0.7544833466568127 -0.0794263563913719 -0.6499954798252257
60697 78990.791616 -0.13474929682679584 -0.7436505622548318 -0.23038088758423886 -0.612985411652394
60697 79440.791616 -0.30595936113539307 -0.6910286196605999 -0.3682333344010836 -0.5415464223678778
60697 79890.791616 -0.4599151018173823 -0.5996543119863679 -0.4853113374820919 -0.4397336818436878
60697 80340.791616 -0.588045087116127 -0.4746827225098984 -0.5751065359646634 -0.31325989331528303
60697 80790.791616 -0.6832206141864542 -0.32306333731372366 -0.6326346231255577 -0.16915408968507692
60697 81240.791616 -0.7400794818036466 -0.15321908065409906 -0.6546509585171041 -0.015440092272892371
60697 81690.791616 -0.7553456444631975 0.025413725918477997 -0.6398454049554606 0.13930167867904505
60697 82140.791616 -0.7280240412100575 0.20282992666562696 -0.5889291801618567 0.2863624225049024
60697 82590.791616 -0.6595404521845771 0.3689534995990665 -0.5046779466571759 0.4173486279163522
60697 83040.791616 0.5536817258546655 -0.5143416479623147 0.3917751149566214 -0.5247870758000196
60697 83490.791616 0.4164863747662323 -0.6306165404474302 0.2566639298726261 -0.6024827845262767
60697 83940.791616 0.25589666381074144 -0.7111233000416163 0.1071537623852321 -0.6460175081181183
60697 84390.791616 0.08095592397533685 -0.7514302961268521 -0.04834261540843801 -0.6530403050130081
60697 84840.791616 -0.098387427669058 -0.7493360269801176 -0.20097145055269944 -0.6232382440199432
60697 85290.791616 -0.27205374925667997 -0.7050748386751354 -0.34214706614316553 -0.5583830356594295
60697 85740.791616 -0.4303400219995614 -0.6212244042049814 -0.4639838553345244 -0.46217603472540025
60697 86190.791616 -0.5644159099765615 -0.5025436566989991 -0.5596941321032599 -0.34003975086172994
