CIC_AEM_VERS = 1.0
CREATION_DATE = 2025-01-22T08:31:27.579Z
ORIGINATOR = CS Group

META_START
OBJECT_NAME = RED1
OBJECT_ID = RED1
CENTER_NAME = null
REF_FRAME_A = EME2000
REF_FRAME_B = SC_BODY_1
ATTITUDE_DIR = A2B
TIME_SYSTEM = UTC
START_TIME = 2025-01-21T20:02:59.697024
STOP_TIME = 2025-01-23T00:00:00.0
ATTITUDE_TYPE = QUATERNION
QUATERNION_TYPE = LAST
META_STOP

60696 72179.697024 -0.7339523573138015 0.17098956605191679 0.14778520284675284 -0.6404967129614602
60696 72629.697024 -0.6717693531929247 0.3415679485416939 -0.00969583048303903 -0.6572391220180236
60696 73079.697024 -0.570717220631036 0.49220651667121673 -0.16650024398670732 -0.6358398129827507
60696 73529.697024 -0.4363440285589209 0.614505958343867 -0.3139148013052405 -0.5774459398267068
60696 73979.697024 -0.2759019180309547 0.7013426316961329 -0.44355783483789857 -0.48502895969859183
60696 74429.697024 0.09826899566244784 -0.747198820129951 0.5476763860798297 0.36343872085736884
60696 74879.697024 -0.08621926133090002 -0.7486613586003094 0.6196031912784158 0.2194636518239317
60696 75329.697024 -0.26627872851947443 -0.7049993679823469 0.6544238251114354 0.061652145210535386
60696 75779.697024 -0.4305113000464512 -0.6185690495636689 0.6496130090447011 -0.10017629427216225
60696 76229.697024 -0.5684958618298948 -0.4947933715952823 0.6054494539475015 -0.25577907111867115
60696 76679.697024 -0.6717800996380101 -0.3416515205386376 0.5249715806859762 -0.39546248332307044
60696 77129.697024 -0.7344819192627166 -0.16887138273653435 0.4135679725612083 -0.5108623086903346
60696 77579.697024 -0.7535054265383103 0.01299156803184874 0.27832991613141805 -0.5954773288074624
60696 78029.697024 -0.7283971448364027 0.1932929754291762 0.12741669719808738 -0.6448568913480288
60696 78479.697024 -0.6610626439316989 0.3618623327723903 -0.030484153540376122 -0.6565992303540131
60696 78929.697024 -0.555455995718203 0.5093713201699317 -0.1865565394906605 -0.6302429314020984
60696 79379.697024 -0.4173474529420022 0.627563466060561 -0.3321147972092845 -0.5671727788456654
60696 79829.697024 -0.25420040425898094 0.7094941822371522 -0.45883516687229053 -0.4706064698742279
60696 80279.697024 0.0750932646637055 -0.749880686656375 0.5590771403410955 0.3456482439271652
60696 80729.697024 -0.10947583362407712 -0.7456187069342162 0.6263645879985282 0.19933687221258137
60696 81179.697024 -0.28815468291501045 -0.6963541548149077 0.6560668085255187 0.040424157842877034
60696 81629.697024 -0.4496087770997366 -0.6048424924840718 0.6460163729973637 -0.12116250517328313
60696 82079.697024 -0.5836199264540299 -0.4768718169151499 0.5968632731512252 -0.2752004448416508
60696 82529.697024 -0.6820387479718881 -0.3206908578498444 0.5119819692074583 -0.41213466629600976
60696 82979.697024 -0.7393347915223083 -0.14617624780238686 0.3970217870056685 -0.5238227479461978
60696 83429.697024 -0.7527566736101988 0.036069956146445245 0.2592477680857126 -0.6040256148057619
60696 83879.697024 -0.7221650890829683 0.21543758698545307 0.1069159221902842 -0.6485624224435725
60696 84329.697024 -0.6497387312274948 0.3818464087835527 -0.05125010055515062 -0.6552910257550275
60696 84779.697024 -0.5396664954405052 0.5260892060557426 -0.20643491942889497 -0.6239990745273483
60696 85229.697024 -0.3979380663024861 0.6400582169415524 -0.3499861217406474 -0.5563097059210628
60696 85679.697024 -0.2322289354714935 0.7169934487072879 -0.473647545757586 -0.45568423106184197
60696 86129.697024 0.051814543298425296 -0.7518544251667872 0.5699005075427405 0.32748066807434983
60697 179.697024 -0.13265614153635377 -0.7418538821894098 0.632471549078678 0.17898297460709917
60697 629.697024 -0.3097753659779371 -0.6870219907555685 0.6570188560150175 0.019137128630190268
60697 1079.697024 -0.4682884629928922 -0.5905148409644267 0.6417353061290074 -0.14203497772035403
60697 1529.697024 -0.59819374045044 -0.4584747263987789 0.5876445852436549 -0.2943450620840939
60697 1979.697024 -0.691653358447191 -0.29940847303871515 0.49845303936645013 -0.42838623410153437
60697 2429.697024 -0.7434924718183566 -0.12332888000580332 0.38006013262204497 -0.5362492212556189
60697 2879.697024 -0.75130482143704 0.05912809098918377 0.23989438010285155 -0.6119604730180708
60697 3329.697024 -0.7152588442428887 0.23739534019712055 0.08629925075466492 -0.651613902172294
60697 3779.697024 -0.6378011947930722 0.40149024879272416 -0.07197367580328295 -0.6533261100218252
60697 4229.697024 -0.5233563589419197 0.5423318350676343 -0.22611778562175264 -0.6171264451088967
60697 4679.697024 -0.3781293193951626 0.6519649815417652 -0.367518087225411 -0.5448764412407386
60697 5129.697024 0.21000469300773053 -0.7238192837956263 0.48799166433458696 0.4402815109225861
60697 5579.697024 0.028453045540066106 -0.7531036995794139 0.5801484594327123 0.3089547003965878
60697 6029.697024 -0.15573692103533637 -0.7373599585430671 0.6379255512361581 0.158421255025465
60697 6479.697024 -0.3311134347140124 -0.6770050439139403 0.6572847823648899 -0.0021860325964543565
60697 6929.697024 -0.48651970404377326 -0.5755981119601923 0.6367826500281768 -0.16276746514003812
60697 7379.697024 -0.6121876259905139 -0.4396252289097272 0.5778152423881239 -0.3131860698596322
60697 7829.697024 -0.7006000873689595 -0.2778366657694124 0.48441502302055794 -0.44419409069092136
60697 8279.697024000001 -0.7469402486086225 -0.1003668421354196 0.3627189545856636 -0.5481256443485711
60697 8729.697024000001 -0.7491432556185867 0.08212674754945712 0.22030699913384608 -0.6192773256229975
60697 9179.697024000001 -0.7076827747998444 0.2591308322130141 0.06560014932794053 -0.6540129375297827
60697 9629.697024000001 -0.6252656887695831 0.420765158364983 -0.09262851463081179 -0.6507068911813362
60697 10079.697024000001 -0.5065470500121658 0.5580774158449873 -0.24558454858951362 -0.6096293247062827
60697 10529.697024000001 -0.3579452860083862 0.6632682694163797 -0.3846933502011672 -0.5328802879829369
60697 10979.697024 0.18755412460468793 -0.7299623172252933 0.5018516907905938 0.4244094087381569
60697 11429.697024000001 0.005036750549809707 -0.7536273912186634 0.5898049233618614 0.2900871226493163
60697 11879.697024000001 -0.17868746457594495 -0.7321416710704304 0.6427169883335364 0.13767438539207963
60697 12329.697024000001 -0.35213944596612284 -0.666318313704352 0.6568595827984776 -0.023520287044820443
60697 12779.697024000001 -0.5042786106870886 -0.56011402389999 0.631160737288918 -0.1833343577700876
60697 13229.697024000001 -0.6255852389067118 -0.4203483744350702 0.567385082842173 -0.3316994433821179
60697 13679.697024000001 -0.7088707239864085 -0.25600133962569066 0.46988184839144903 -0.4595396167220753
60697 14129.697024000001 -0.7496761171009294 -0.07731507660992804 0.34501356232293817 -0.5594405600155486
60697 14579.697024 -0.7462745199629816 0.10504276328737855 0.20050118358590066 -0.6259709530925746
60697 15029.697024000001 -0.6994417199875428 0.2806225864858514 0.0448340009809367 -0.6557607465005054
60697 15479.697024000001 -0.6121389165005341 0.4396511879447006 -0.11319940633047204 -0.647440093175264
60697 15929.697024000001 -0.4892452942854264 0.5733085101429344 -0.26482046538468096 -0.601520170344018
60697 16379.697024000001 -0.33739492608628646 0.6739527745430126 -0.40150189384576457 -0.5203350370437004
60697 16829.697024 0.1648882891800907 -0.735409006607302 0.5152231200499224 0.40808158701189523
60697 17279.697024 -0.018421256894090902 -0.7534134186597558 0.5988719484985773 0.27088976942546006
60697 17729.697024 -0.20149380502702444 -0.7261922288954425 0.6468492335441026 0.11675256866984812
60697 18179.697024 -0.3728383764666895 -0.6549616855970265 0.6557473702792257 -0.04485668072277554
60697 18629.697024 -0.5215486048156861 -0.544071785123415 0.6248746615712633 -0.2037267846249754
60697 19079.697024 -0.6383702960334015 -0.4006626421316852 0.5563640814438738 -0.34987400763903437
60697 19529.697024 -0.7164522287890625 -0.2339305362164456 0.45486925065226624 -0.47441192322676373
60697 19979.697024 -0.7516946993790895 -0.054208994591231664 0.32696641047009206 -0.5701836811546711
60697 20429.697024 -0.7427044547159822 0.1278376558023742 0.18050541359656236 -0.6320327700098495
60697 20879.697024 -0.6905495652488185 0.30183190101793134 0.02403337589277834 -0.6568570607870221
60697 21329.697024 -0.5984402873524374 0.45811201594474926 -0.1336513646453119 -0.6435370354913662
60697 21779.697024 -0.4714823628582402 0.5879919459127073 -0.2837937079111148 -0.5928161472205858
60697 22229.697024 -0.31652059522839365 0.6839909021241014 -0.41791340795941534 -0.5072667365947314
60697 22679.697024 0.14206205970266736 -0.7401408549280912 0.5280776382602984 0.3913360372222006
60697 23129.697024 -0.04185577514514365 -0.7524599136773278 0.6073244169368271 0.251414448646156
60697 23579.697024 -0.2240848163070725 -0.7195332542448881 0.6503041119646724 0.09572070360285409
60697 24029.697024 -0.3931399574093303 -0.6429731656962618 0.6539531087740339 -0.06611969152600396
60697 24479.697024 -0.5382707201811675 -0.5275223779579153 0.6179540694380359 -0.22386947226954534
60697 24929.697024 -0.6505019259163917 -0.3806277112065914 0.5447971203620013 -0.3676491363868112
60697 25379.697024 -0.7233238751656963 -0.21168064911585607 0.43942805772007343 -0.4887707606777781
60697 25829.697024 -0.7529921815677079 -0.031091987041937753 0.308625789895536 -0.5803328223106501
60697 26279.697024 -0.7384384020527949 0.15048347264004064 0.16035956933894788 -0.6374545155203908
60697 26729.697024 -0.6810167961434382 0.3227430320626643 0.003229035331486862 -0.657299499434126
60697 27179.697024 -0.5841912655730443 0.4761385151847971 -0.15396254424469594 -0.6389899956614982
60697 27629.697024 -0.45328530960902835 0.6021218348885862 -0.3024808514880868 -0.5835126892588468
60697 28079.697024 -0.2953559011193622 0.6933804058016765 -0.43389769620886137 -0.4936813686467363
60697 28529.697024 0.11911374213116942 -0.7441661389370089 0.5403763141758892 0.3741952874807144
60697 28979.697024 -0.06522624651818969 -0.7507866753840555 0.6151263835335631 0.23169902268206713
60697 29429.697024 -0.24642020372875362 -0.712185613010085 0.653069374572945 0.0746265891665397
60697 29879.697024 -0.4130138284839453 -0.6303848842602026 0.6514748171375583 -0.08726418402111188
60697 30329.697024 -0.5544288988635144 -0.5105039653953396 0.61040303400856 -0.2437261444608874
60697 30779.697024 -0.6619768858765693 -0.36028068784886674 0.5326940776906876 -0.38499538714324166
60697 31229.697024 -0.7294922497934947 -0.18928519278026928 0.4235729160654054 -0.5025914424870473
60697 31679.697024 -0.7535810405121516 -0.007995121186543715 0.29000988443982667 -0.5898694434745995
60697 32129.697024 -0.7334970953269375 0.17295275432742896 0.140085417236916 -0.6422191462383074
60697 32579.697024 -0.6708745790935291 0.3433350528916413 -0.017554720349714642 -0.6570693817059333
60697 33029.697024 -0.5694188815243532 0.49371807618008 -0.17410289869138013 -0.6337923786886793
60697 33479.697024 -0.43467625445393004 0.6156946672411371 -0.32085129509276955 -0.5736123054660006
60697 33929.697024 -0.2739156029381577 0.7021266202282618 -0.44942826884422177 -0.47958594933291115
60697 34379.697024 0.09604922648803213 -0.7474930892268666 0.552104473956398 0.35666409615554984
60697 34829.697024 -0.08853479200797955 -0.7483966411081789 0.6222779268050412 0.2117409738178213
60697 35279.697024 -0.2685147529041364 -0.7041578786473601 0.6551363319214469 0.05345929300123431
60697 35729.697024 -0.4324825895944172 -0.617199407243734 0.6483007723672285 -0.10830424711776214
60697 36179.697024 -0.5700476589966436 -0.4930116475882186 0.6022070883984693 -0.2633093323401866
60697 36629.697024 -0.6728176422149424 -0.3396114235666693 0.5200382215264319 -0.4019213224736552
60697 37079.697024 -0.7349750397242072 -0.1667316608741403 0.407286104412397 -0.5158781575111748
60697 37529.697024 -0.7534723389786305 0.015093769732427705 0.27110141959244693 -0.5987951509525575
60697 37979.697024 -0.7278823143745977 0.19525649101948347 0.11966607540336692 -0.646329845769939
60697 38429.697024 -0.6601129715899593 0.3636176082805216 -0.03833484922505657 -0.6561734062135702
60697 38879.697024 -0.5541067926171263 0.5108595589935044 -0.19409247553594372 -0.6279460839123471
60697 39329.697024 -0.41563110155055155 0.6287180010196973 -0.3389286050437514 -0.5631091042602381
60697 39779.697024 -0.25216792398751375 0.7102327464526645 -0.4645310653964676 -0.46496416341451025
60697 40229.697024 0.072835290341881 -0.750115369004958 0.5632884543225577 0.3387153242625338
60697 40679.697024 -0.11181749645190588 -0.7452825647492389 0.6287887474618293 0.19150837379448554
60697 41129.697024 -0.2903985236800757 -0.6954342135931735 0.6565088342960489 0.03218854609515647
60697 41579.697024 -0.45156582655800165 -0.6033986307044665 0.6444293850921412 -0.12926393301586003
60697 42029.697024 -0.5851362965304931 -0.4750294409988788 0.5933635050307347 -0.282634561871886
60697 42479.697024 -0.6830252815332778 -0.318611410793684 0.5068290545119309 -0.41843463432295736
60697 42929.697024 -0.7397692755040163 -0.14402142519671238 0.39057255882840114 -0.5286325041035653
60697 43379.697024 -0.7526659769651691 0.038166533297087996 0.251912067190184 -0.6071058830707523
60697 43829.697024 -0.7215969413566451 0.21738140690327135 0.09911936383702134 -0.6497834484426586
60697 44279.697024 -0.6487363905713519 0.3835733399452535 -0.059087882601225855 -0.6546153149456566
60697 44729.697024 -0.5382650203129895 0.52754277677068 -0.2139045468413322 -0.6214613676047304
60697 45179.697024 -0.3961692405154321 0.6411702758178558 -0.3566840145699494 -0.5520209452795651
60697 45629.697024 0.23014450504879452 -0.7176782138732883 0.47918024878976423 0.44984194701836294
60697 46079.697024 0.04951159760341416 -0.7520209426440552 0.5739046400647256 0.3203850302989857
60697 46529.697024 -0.13502729057113566 -0.7414372912748276 0.6346514497371001 0.17104359460284285
60697 46979.697024 -0.3120244530356388 -0.6860162448089983 0.6571944885131891 0.010856188735413443
60697 47429.697024 -0.470223316856746 -0.5889924554613394 0.6398789835412316 -0.15010931388858778
60697 47879.697024 -0.5996643508234677 -0.45657172482132174 0.5838949965301768 -0.30168122161012473
60697 48329.697024 -0.692579010356185 -0.2972930002203922 0.4930890247086812 -0.4345277898430051
60697 48779.697024 -0.7438609636887673 -0.12116238266290842 0.3734513844749265 -0.5408554401697612
60697 49229.697024 -0.7511491197600688 0.0612162897673896 0.2324561863793373 -0.614810285506646
60697 49679.697024 -0.7146307898629506 0.23931835134434207 0.07845630566193969 -0.652590353124808
60697 50129.697024 -0.6367435859388473 0.4031895051527237 -0.0798048474092922 -0.6524009618558354
60697 50579.697024 -0.5218996389867199 0.5437521050555151 -0.23352977216165793 -0.6143437641804071
60697 51029.697024 -0.3763021701651216 0.6530356040304537 -0.3741068950736857 -0.5403565560404785
60697 51479.697024 0.207863230933599 -0.7244487583923913 0.49336605032055647 0.4342312909967015
60697 51929.697024 0.02610208073959449 -0.7531992258834485 0.5839462810325017 0.3016891585356493
60697 52379.697024 -0.15813643808528036 -0.7368596583619006 0.6398598636506211 0.15036643813528366
60697 52829.697024 -0.3333632145848139 -0.6759135793483639 0.6571904337884578 -0.01051352229754083
60697 53279.697024 -0.4884257778051594 -0.5739982116841889 0.6346573264268663 -0.17081097907183873
60697 53729.697024 -0.613606004327751 -0.43766479319044554 0.5738195009930533 -0.3204190701793197
60697 54179.697024 -0.7014600289569752 -0.275689784814751 0.47884508453929514 -0.4501736946302296
60697 54629.697024 -0.7472405058073794 -0.09819201960259932 0.35595617352616693 -0.552526158924357
60697 55079.697024 -0.7489223886398991 0.08420610098569922 0.21277062551850326 -0.6218948860275015
60697 55529.697024 -0.7069917794337144 0.26103396713640276 0.05771409515585543 -0.6547464967714776
60697 55979.697024 -0.6241452045114536 0.42243715260814346 -0.10044994534982467 -0.6495378543710114
60697 56429.697024 -0.5050234125935532 0.5594629845397802 -0.2529345010590508 -0.6066107976587727
60697 56879.697024 -0.3560495909138896 0.6642920026999863 -0.3911699487475738 -0.5281390869417958
60697 57329.697024 0.1853491673072071 -0.7305278322914965 0.507064178326683 0.4181634745932478
60697 57779.697024 0.0026368816379976246 -0.7536430304190608 0.5933918936045418 0.28266816262256683
60697 58229.697024 -0.18111055436862838 -0.7315522209166434 0.6444016128017486 0.1295255827499723
60697 58679.697024 -0.35437990678705283 -0.6651377975149284 0.6564990503167537 -0.0318683058192678
60697 59129.697024 -0.5061436687963211 -0.5584396759550554 0.6287764926447366 -0.19132129299687536
60697 59579.697024 -0.6269404355069819 -0.4183381624642767 0.5631592588466806 -0.3388074989246631
60697 60029.697024 -0.709657454709398 -0.25383152821174854 0.464126674446114 -0.4653410387325169
60697 60479.697024 -0.7499037000806649 -0.07513956636473716 0.3381191272173913 -0.5636257108947365
60697 60929.697024 -0.7459881305149305 0.10710900024794498 0.1928887029418273 -0.6283496792981949
60697 61379.697024 -0.6986896193338011 0.282503606312669 0.03692653341172949 -0.6562476357181921
60697 61829.697024 -0.6109583685638579 0.4412927706916982 -0.1209875827196315 -0.6460283022009902
60697 62279.697024 -0.48766521074838276 0.5746522427091159 -0.27208256954832616 -0.5982712741918159
60697 62729.697024 -0.3354534177804581 0.6749193543031548 -0.40783530020157577 -0.515388433704049
60697 63179.697024 0.16265752868784697 -0.7359032113272423 0.5202378527452624 0.40167346002743687
60697 63629.697024 -0.020815909450366373 -0.7533493204274165 0.6022193171768989 0.26336930979955403
60697 64079.697024 -0.2038768387205764 -0.7255264058632432 0.6482723139985727 0.10857566915015683
60697 64529.697024 -0.37500844297160174 -0.6537191653682276 0.655129318145923 -0.053155404578846197
60697 64979.697024 -0.5233253216028155 -0.5423602049781548 0.6222560106716805 -0.21159743147857216
60697 65429.697024 -0.6396327040754722 -0.39864041397820343 0.5519408990261855 -0.3568151737280129
60697 65879.697024 -0.7171518697880541 -0.23176595130295177 0.4489611386177807 -0.4800121201461079
60697 66329.697024 -0.7518453159296523 -0.05204625246230697 0.31996526539715936 -0.574144613715566
60697 66779.697024 -0.7423505578747369 0.12989071232932597 0.17283134507146558 -0.6341714107671796
60697 67229.697024 -0.689737411897103 0.3037002319185697 0.0161091716894735 -0.6570912922490847
60697 67679.697024 -0.5972053041738117 0.45973672087216716 -0.14140886279819637 -0.6418656445631695
60697 68129.697024 -0.4698512416705929 0.5893082763142208 -0.29097012717589443 -0.5893148150686591
60697 68579.697024 -0.3145352308506373 0.6849156904149405 -0.4240994328566272 -0.5020933744114223
60697 69029.697024 0.13980400513937527 -0.7405796674747976 0.5328850535787419 0.38474682057463333
60697 69479.697024 -0.04424976830768934 -0.7523309735878599 0.6104202340415341 0.24377695144893693
60697 69929.697024 -0.2264326357630314 -0.7188008235929547 0.6514571700984334 0.08750538835315913
60697 70379.697024 -0.39524617704902515 -0.6416839188305035 0.653062175070412 -0.07437743834498034
60697 70829.697024 -0.5399675373039318 -0.5257918180393628 0.6150827924124794 -0.2316272462791358
60697 71279.697024 -0.6516818621640025 -0.37861261279260905 0.5401615214777393 -0.37441790912784323
60697 71729.697024 -0.7239489675742874 -0.20954219856200948 0.4333567119949441 -0.49415778809895705
60697 72179.697024 -0.7530784564582196 -0.028965103364158664 0.301511157269949 -0.5840589724054802
60697 72629.697024 -0.7380283068573251 0.15250035788030067 0.15261908597147386 -0.6393475375106422
60697 73079.697024 -0.6801519234719625 0.3245794558167263 -0.004716540181528942 -0.6572817448460162
60697 73529.697024 -0.5828996114071957 0.47773274133178734 -0.16169442849344462 -0.6370670158430226
60697 73979.697024 -0.45159375673511953 0.6034020675673367 -0.3095823945382911 -0.5797652669186578
60697 74429.697024 -0.29330923313013185 0.6942571881547539 -0.4399544912369405 -0.4882793217990228
60697 74879.697024 0.11680331598773733 -0.7445408459223412 0.5450003381735953 0.36741059527207454
60697 75329.697024 -0.0676506213540779 -0.7505805042787922 0.6179908151255296 0.22391885237175743
60697 75779.697024 -0.24876808934594338 -0.7113795927173526 0.6539515031016794 0.06633961395362932
60697 76229.697024 -0.4150885631543794 -0.6290354629627423 0.6503025668802528 -0.09551147880037997
60697 76679.697024 -0.5560703800274542 -0.5087349760787776 0.6072698657260998 -0.251391660067022
60697 77129.697024 -0.6630905857560447 -0.358253330929375 0.5278368957701737 -0.3916039292747455
60697 77579.697024 -0.730052050495124 -0.18715639432233608 0.41733084605898796 -0.507771063137529
60697 78029.697024 -0.7536087992824173 -0.005889880586846001 0.28277769183035795 -0.5933598098572916
60697 78479.697024 -0.7330331633716604 0.17494601807128923 0.13227757853760977 -0.6438624964808584
60697 78929.697024 -0.6699527978042701 0.3451500917491461 -0.02551985928405921 -0.6567978377414991
60697 79379.697024 -0.5680624265222283 0.4952904552748523 -0.18180613965164497 -0.63161615881188
60697 79829.697024 -0.4329126352582368 0.6169447447343976 -0.32787298406925514 -0.5696184148146017
60697 80279.697024 -0.27179685610805476 0.7029567616343303 -0.4553502794964861 -0.4739560984361578
60697 80729.697024 0.0936797322842065 -0.747801296186476 0.5565390409621768 0.3496878966534107
60697 81179.697024 -0.09099448869990164 -0.7481129664130686 0.6249013698067203 0.20382656972182767
60697 81629.697024 -0.27086555545061486 -0.7032725919766695 0.6557471981539921 0.04511235261029834
60697 82079.697024 -0.4345288586041102 -0.6157793937144054 0.6468547417555002 -0.11653047835374943
60697 82529.697024 -0.5716388180739908 -0.491188817990507 0.5988217699455075 -0.2708783760129057
60697 82979.697024 -0.6738698499967931 -0.3375502529125544 0.5149672070065081 -0.4083724130397233
60697 83429.697024 -0.7354713591459695 -0.16458494156442813 0.40087835006425426 -0.5208552825267068
60697 83879.697024 -0.753438555497149 0.01720736234570997 0.2637552613418076 -0.6020526653757028
60697 84329.697024 -0.7273561504799895 0.19725147897816278 0.11179685321925266 -0.6477239751700805
60697 84779.697024 -0.65912640215325 0.3654269238055321 -0.04630747524951799 -0.6556456108894143
60697 85229.697024 -0.5526832578080799 0.5124145820045711 -0.20174617590953126 -0.6255165810700852
60697 85679.697024 -0.41380226052277186 0.6299341694968509 -0.34584040142681716 -0.5588783839329401
60697 86129.697024 -0.24999615371000883 0.7110093363329022 -0.47028556212601447 -0.4591286713258783
