CIC_AEM_VERS = 1.0
CREATION_DATE = 2025-01-22T08:34:02.508Z
ORIGINATOR = CS Group

META_START
OBJECT_NAME = Sat
OBJECT_ID = Sat
CENTER_NAME = null
REF_FRAME_A = EME2000
REF_FRAME_B = SC_BODY_1
ATTITUDE_DIR = A2B
TIME_SYSTEM = UTC
START_TIME = 2025-01-21T16:50:34.07712
STOP_TIME = 2025-01-22T23:59:60.0
ATTITUDE_TYPE = QUATERNION
QUATERNION_TYPE = LAST
META_STOP

60696 60634.07712 -0.6271983072788805 0.41561597475249473 0.36267038940693014 -0.5498689239486682
60696 61054.07712 -0.5145305787127297 0.5489920138623817 0.22616002251401018 -0.6186418159980234
60696 61474.07712 -0.3742574394859923 0.6527689427469858 0.07753132395361378 -0.6540741320220292
60696 61894.07712 -0.21380371720992217 0.7214527103854672 -0.07533878610219827 -0.654307285985209
60696 62314.07712 -0.04195488345164101 0.7512928595436117 -0.22406600097656812 -0.6193490568005336
60696 62734.07712 0.13203277722202755 0.7407643262706746 -0.36064936663870373 -0.551151152595088
60696 63154.07712 0.2988396479787301 0.6905215637748362 -0.477779853326347 -0.45343273648178284
60696 63574.07712 -0.44955705571686283 -0.6033315961439716 0.5692254346201395 0.33146921928146844
60696 63994.07712 -0.5761518103766693 -0.4839277207473015 0.6301354563995363 0.19181334437456776
60696 64414.07712 -0.6719170222639249 -0.33868464025421846 0.6573160048614647 0.041903453328022755
60696 64834.07712 -0.73175884015126 -0.17530757327545116 0.6493319944457241 -0.11029150285445027
60696 65254.07712 -0.7524519242018278 -0.00243877163581404 0.6065683670010369 -0.2566806777137119
60696 65674.07712 -0.7328019759323193 0.17073558217136853 0.5312223856035003 -0.3894270176605862
60696 66094.07712 -0.6737561490848422 0.33491487550561794 0.4272443045552625 -0.5013451724715325
60696 66514.07712 -0.5783803162582265 0.481237717047147 0.30013656664084193 -0.586348455119762
60696 66934.07712 -0.4518654312703151 0.6016330504826284 0.15684448131520676 -0.6397305005006586
60696 67354.07712 -0.3010144758107683 0.6896198814755179 0.005072398017532364 -0.658626582521851
60696 67774.07712 -0.13397813016521407 0.7404393616329933 -0.14696013419698417 -0.6420296966175029
60696 68194.07712 0.040237301453124055 0.7513722278125381 -0.2910400205454158 -0.5908607630268893
60696 68614.07712 0.21219747800579122 0.72188074335571 -0.419363094767235 -0.5079320992489412
60696 69034.07712 -0.3726394440329549 -0.6536472401177847 0.5250332092760818 0.39777538812057167
60696 69454.07712 -0.5129680077206398 -0.5504450014366301 0.6024273325587346 0.2663746092155065
60696 69874.07712 -0.6257317587391399 -0.41787969715175904 0.6474898881577792 0.12080219181374083
60696 70294.07712 -0.7049735573616849 -0.2630826421720431 0.6578979493329072 -0.031146349258672497
60696 70714.07712 -0.746540074429993 -0.09425790952844773 0.6331506314053428 -0.18142117217238823
60696 71134.07712 -0.7482153669819654 0.0796918836043623 0.5745402116440874 -0.32206600799152757
60696 71554.07712 -0.7098291015601359 0.24955641674386725 0.4851005758229132 -0.4455801530326162
60696 71974.07712 -0.6333338286008932 0.4062065649328287 0.36953778111955865 -0.5452763670657654
60696 72394.07712 -0.5227282150934327 0.5411927944758211 0.23396894955197822 -0.615730544149167
60696 72814.07712 -0.38392931456982 0.6471275096047381 0.08570104759483078 -0.6530540545528114
60696 73234.07712 -0.2244482031586063 0.7182136890267568 -0.06721528437031837 -0.6551902063832055
60696 73654.07712 -0.05290261370351051 0.750604285346521 -0.21649246807657876 -0.6220333845935337
60696 74074.07712 0.1214520937673881 0.742578051468681 -0.35406449841678334 -0.5553967567040393
60696 74494.07712 0.2891973053527875 0.6946238296863675 -0.4725008812233922 -0.45891782603386505
60696 74914.07712 -0.4412997347239533 -0.6094121782391306 0.5654450157035064 0.33785096620028765
60696 75334.07712 -0.5696034364793401 -0.49163678481275813 0.627959186188363 0.19877740679350026
60696 75754.07712 -0.6673385893798227 -0.3476419329577648 0.6568026750308907 0.04913796542596591
60696 76174.07712 -0.7293423776676754 -0.18514854031540537 0.6505056421736206 -0.10306368738514157
60696 76594.07712 -0.7523600521122944 -0.012759728170249389 0.6094340361335194 -0.24976328177819732
60696 77014.07712 -0.7351429534917461 0.1604190616230885 0.5357331092572839 -0.3831717607613109
60696 77434.07712 -0.678503309796747 0.32522120466089827 0.4332157297004153 -0.4961739192802361
60696 77854.07712 -0.585398536740192 0.4726967949506064 0.30734136467937584 -0.5825869710033734
60696 78274.07712 -0.460756553182781 0.5948698017721411 0.16482071192080258 -0.6377048302785675
60696 78694.07712 -0.31127552579431267 0.6850655846803296 0.01335264199226549 -0.6584940384543344
60696 79114.07712 -0.1450320827920076 0.7383699421382286 -0.13885352711686927 -0.643813033042207
60696 79534.07712 0.029003118709308696 0.7519071348763217 -0.2835604873847296 -0.594464405680735
60696 79954.07712 0.2014268631204105 0.7249782465567698 -0.41294343143647994 -0.5131388537875573
60696 80374.07712 -0.3629363095238259 -0.6591024378366378 0.5200279526186995 0.4042674116995213
60696 80794.07712 -0.5048522636197496 -0.5579166349785879 0.5990874635749828 0.27376528508829906
60696 81214.07712 -0.6195918097057593 -0.4269527789217423 0.6459516537651341 0.12870032989325428
60696 81634.07712 -0.7011058480081847 -0.27325888787290326 0.658212441264644 -0.023163597553618926
60696 82054.07712 -0.7451205052901592 -0.10499433603653165 0.6352762266649005 -0.17376920852323566
60696 82474.07712 -0.7492976403679551 0.06894710603954726 0.5783529454056324 -0.31513047019990875
60696 82894.07712 -0.7133534916287679 0.2393471971252962 0.490405574284601 -0.43970682041549064
60696 83314.07712 -0.639126132900774 0.3970624801128479 0.3760689404522624 -0.5407691976777609
60696 83734.07712 -0.530491416784904 0.5336061604462513 0.2413895784378594 -0.6128412467131658
60696 84154.07712 -0.3932722948969884 0.641509054326678 0.09363176582406921 -0.6519479486216779
60696 84574.07712 -0.23488596320807748 0.7148835784743134 -0.05919276948701227 -0.6559468496425844
60696 84994.07712 -0.06386935354509568 0.7497668570524508 -0.20882475426931824 -0.6246299606549306
60696 85414.07712 0.11055197189961226 0.7442954759404482 -0.34717758537305266 -0.5597054852493639
60696 85834.07712 0.2789670264242938 0.698810614391053 -0.4667846468733105 -0.4647076681374491
60696 86254.07712 -0.432310312287627 -0.6158352738952934 0.5612212095077145 0.34479771361594247
60697 274.07712 -0.5623555784157354 -0.49992363478757373 0.6254587744540139 0.20647974298697522
60697 694.07712 -0.6622222561958615 -0.3573085558287715 0.656145038824186 0.05714864265079199
60697 1114.07712 -0.7266004701657017 -0.19566782745064099 0.6516963251533535 -0.09517225350564071
60697 1534.07712 -0.7521096149317106 -0.023579662532470607 0.6123899210763493 -0.24239164838383273
60697 1954.07712 -0.7373822618773088 0.14984740910410949 0.5402945140646882 -0.37668951661161476
60697 2374.07712 -0.6831304899849842 0.3154092394459911 0.43917268628326617 -0.4908941810082055
60697 2794.07712 -0.5922157753169404 0.46414182642780194 0.3144239003753564 -0.5787835962592301
60697 3214.07712 -0.46944905207094717 0.5880452743387393 0.17268512056912952 -0.6356100942964884
60697 3634.07712 -0.32140632552755183 0.6803819157226835 0.021585145359282232 -0.6582647675276471
60697 4054.07712 -0.15604425878406492 0.7361322461963729 -0.13072246874403423 -0.6455006906083676
60697 4474.07712 0.01773380429281839 0.7522688710543657 -0.2760106378766843 -0.5979926300606052
60697 4894.07712 0.190551598648792 0.7279235105541555 -0.40641955857169165 -0.5183055020403461
60697 5314.07712 -0.3530776097153973 -0.6644444639740933 0.5149037195956808 0.4107601676871479
60697 5734.07712 -0.4965528774792513 -0.5653203672391414 0.5956328919250365 0.2811931370227512
60697 6154.07712 -0.6133677622776066 -0.43585151738188266 0.6443453988084155 0.13650073270461216
60697 6574.07712 -0.6971867690811351 -0.28311674753442734 0.6584358197971097 -0.015420359653495495
60697 6994.07712 -0.7436042228154198 -0.11527242069328482 0.6372235989381239 -0.1664665545835884
60697 7414.07712 -0.7501732832134488 0.05873506134462911 0.581868708012761 -0.3085758324256092
60697 7834.07712 -0.7165425985824921 0.2296377707484687 0.49531561072454394 -0.43416085087775397
60697 8254.07712 -0.6444932160941637 0.3882897120982592 0.3821696688957014 -0.5364754775974413
60697 8674.07712 -0.5378923883643596 0.5261409961492656 0.2485019154976797 -0.6099952694117615
60697 9094.07712 -0.40244321379597237 0.63579004784727 0.10146973232236124 -0.6507798154140645
60697 9514.07712 -0.24541596073632824 0.7113319339047682 -0.051024965295635015 -0.6566386669544726
60697 9934.07712 -0.07520419310300985 0.7487110139472806 -0.20081269384771716 -0.6272562545908835
60697 10354.07712 0.09909669419715449 0.7459021907985137 -0.33985774537799673 -0.5641865647706953
60697 10774.07712 0.26820903785134936 0.7030009184964867 -0.4607155828545017 -0.4707385392370019
60697 11194.07712 -0.42290909518836584 -0.6223158448527978 0.5567657664335371 0.35196983930414016
60697 11614.07712 -0.554855096087267 -0.508220765817777 0.6228379018352532 0.21429051209757574
60697 12034.07712 -0.6570703269394639 -0.36667829547199327 0.6554315004871033 0.06492427323154301
60697 12454.07712 -0.7239763336682578 -0.20513489910785268 0.6526868863304229 -0.0881916655278496
60697 12874.07712 -0.7517719143040814 -0.03246250646081564 0.6146642237524942 -0.23658627723644915
60697 13294.07712 -0.7389826818305059 0.14171319541285507 0.5435454991292624 -0.37199496848316693
60697 13714.07712 -0.686507139311872 0.3079717569509086 0.44333675370750913 -0.48714871179803804
60697 14134.07712 -0.5971172595843978 0.45779677725030904 0.31922539982168874 -0.5761668448933285
60697 14554.07712 -0.4756157797550755 0.5830443979641268 0.17790076750800415 -0.6341925393527453
60697 14974.07712 -0.32858652764285695 0.6769202489273805 0.0270206145920238 -0.6580879552390947
60697 15394.07712 -0.163938224604334 0.7343941950534084 -0.12529710007661415 -0.646598841243801
60697 15814.07712 0.009463040123072825 0.752398602567543 -0.2708408221794939 -0.6003765841263078
60697 16234.07712 0.18232006744914298 0.730006756284588 -0.40179270119401583 -0.521931177504669
60697 16654.07712 -0.34537081564063277 -0.6684600801368039 0.5111254255280554 0.41548877282784197
60697 17074.07712 -0.48986991301074323 -0.5710944377159751 0.5929905913409241 0.2867765159804096
60697 17494.07712 -0.6081866985608105 -0.44301547243612044 0.643058967488581 0.14255313117719537
60697 17914.07712 -0.6939605590878144 -0.2908787721246561 0.6585710883964804 -0.009612694006138489
60697 18334.07712 -0.7423366618507368 -0.12304388503410087 0.6385769298930469 -0.1612947222831256
60697 18754.07712 -0.7507014810816791 0.05125903682410965 0.5842214693877643 -0.30414646496719216
60697 19174.07712 -0.7187234063720551 0.2226603317818989 0.4985187402075707 -0.4305091258563296
60697 19594.07712 -0.6482405365194603 0.38196641012990923 0.3861554526135826 -0.5336382995646315
60697 20014.07712 -0.5431466525848626 0.5206844099780248 0.2532178028777128 -0.6080791094072205
60697 20434.07712 -0.40911495431973915 0.6314936658185085 0.10680994607617264 -0.6499479514563183
60697 20854.07712 -0.2532999083048439 0.7085437377881626 -0.045267699292660155 -0.6570812457334987
60697 21274.07712 -0.083917649951976 0.7477676611438475 -0.19497841659414106 -0.6291142742272181
60697 21694.07712 0.0901095561631066 0.7470258088940923 -0.334385692911988 -0.5674671066326087
60697 22114.07712 0.2595616435263515 0.7062259558393148 -0.45603361481830373 -0.4752956918219398
60697 22534.07712 -0.41525116915145566 -0.6274347215875437 0.5532696380398506 0.3574700606875538
60697 22954.07712 -0.5487410667120209 -0.5147917129637825 0.6207737000073464 0.22025609491398207
60697 23374.07712 -0.6527043954878028 -0.37435945143459326 0.6548120316224938 0.07108569810387058
60697 23794.07712 -0.7214765382875379 -0.21370211056571747 0.653515963522721 -0.08197498436326982
60697 24214.07712 -0.7513163831824947 -0.0414144282878841 0.6169176284282522 -0.23069715478441294
60697 24634.07712 -0.7405640494977302 0.13312266092543526 0.5469842811649083 -0.36694882735629997
60697 25054.07712 -0.6898513106157249 0.30037819835874746 0.4475634066586708 -0.48328573764658617
60697 25474.07712 -0.6020640903747759 0.4512603318397184 0.3241499906734688 -0.5734193295795766
60697 25894.07712 -0.4821271084518413 0.5776683880592686 0.18352944918750505 -0.6325896189582972
60697 26314.07712 -0.3366052869311937 0.6729693452498737 0.03329548308023803 -0.6577997810659247
60697 26734.07712 -0.1733256083830174 0.7322376525870561 -0.11853011926887261 -0.6478710245400403
60697 27154.07712 -8.918543383531812E-4 0.7524616688595755 -0.2639641886862728 -0.6034265063651906
60697 27574.07712 0.17167115802347177 0.732591090304548 -0.3953752761839612 -0.5267994864193872
60697 27994.07712 -0.3352876312248712 -0.6735795599513653 0.5058073143655845 0.42193807780006615
60697 28414.07712 -0.48120236121083776 -0.5784220319259185 0.5892830848293228 0.2943088284130184
60697 28834.07712 -0.6015016216053152 -0.45205838509330803 0.6412052557648779 0.15064805226920208
60697 29254.07712 -0.6895521318679482 -0.3011953454989574 0.6586330145886075 -0.0013316831660730207
60697 29674.07712 -0.7404532502799329 -0.133954847959081 0.6405157594797584 -0.1533774583053551
60697 30094.07712 -0.7513687433896526 0.04046870602818448 0.5878272109092373 -0.29709672735344284
60697 30514.07712 -0.7218153294540571 0.21244946513585922 0.5035686160686503 -0.4245780303304947
60697 30934.07712 -0.6535911635626656 0.37275394948083074 0.39242244563989503 -0.5290346947197763
60697 31354.07712 -0.550325245959705 0.5131087787824855 0.2601983153029874 -0.6051101895599044
60697 31774.07712 -0.4174129009832451 0.6260551360754117 0.11384152254432167 -0.648738425277199
60697 32194.07712 -0.2617875584629629 0.7054668785046325 -0.03892720373712803 -0.6574712392007266
60697 32614.07712 -0.09201878340953058 0.7468294978724853 -0.18962749703477078 -0.6307294641727857
60697 33034.07712 0.08280673167695944 0.7478876607135638 -0.3301525389640667 -0.5699178828190545
60697 33454.07712 0.2527384901442064 0.7087149867723924 -0.4525356640784184 -0.47859982852163613
60697 33874.07712 -0.40893809546835747 -0.6315905122584685 0.5504829313333772 0.36170651253524644
60697 34294.07712 -0.5432469674446738 -0.5206144234633244 0.6189047462348481 0.22538915131854487
60697 34714.07712 -0.6486083810401002 -0.38145238245295643 0.6541579543242021 0.07667215113637364
60697 35134.07712 -0.719167885416585 -0.2214208259453689 0.6541537478871746 -0.07650650003934993
60697 35554.07712 -0.7508470369252354 -0.04953919229790215 0.618823091550953 -0.22546081018746136
60697 35974.07712 -0.742019152436277 0.12488742732926685 0.5501529011769509 -0.36213601483339136
60697 36394.07712 -0.6932675413312586 0.29245809013961693 0.4519233036841714 -0.47918024712584245
60697 36814.07712 -0.6072000045172425 0.4443557458152132 0.32932397089042553 -0.5704400475704947
60697 37234.07712 -0.48850388047460896 0.572307095231357 0.18902242171013223 -0.630950926459366
60697 37654.07712 -0.3434907198026224 0.6694984160666383 0.03847911848855114 -0.6574993184286071
60697 38074.07712 -0.17995836676854635 0.7306524486393329 -0.11418244925567718 -0.6486326801891183
60697 38494.07712 -0.00689635709078053 0.752447569073907 -0.26056029148712817 -0.6048829891423525
60697 38914.07712 0.1663898282758621 0.7338260499007719 -0.3928058226173752 -0.5286939939617682
60697 39334.07712 -0.3306294001258516 -0.6758972640262724 0.5038662181846291 0.42422390600547105
60697 39754.07712 -0.47707551914507995 -0.5818523013352063 0.5878554416070374 0.2971074355117555
60697 40174.07712 -0.5979643204633771 -0.456756581347074 0.6403543767146043 0.15413750053558073
60697 40594.07712 -0.6868761015988811 -0.3072944025564932 0.6586066467721404 0.002942114431590211
60697 41014.07712 -0.7390941020744314 -0.14136634221325925 0.6416479504729476 -0.14847010884989453
60697 41434.07712 -0.751785487778659 0.032270685969121034 0.5903208024024464 -0.29205912662236366
60697 41854.07712 -0.7241586469499731 0.20439039652609206 0.5072572722822957 -0.42012959854337323
60697 42274.07712 -0.6575948068916463 0.36567969719232174 0.3968506122788794 -0.5256967001459576
60697 42694.07712 -0.5555809648970135 0.5074346101398665 0.2649614321846232 -0.6030218464790298
60697 43114.07712 -0.4236083488095479 0.6218947236095982 0.11872761798248137 -0.6478477230751034
60697 43534.07712 -0.2688188050395958 0.7028301684208899 -0.03392141149074153 -0.6577351611834533
60697 43954.07712 -0.0993415375993493 0.745903138178989 -0.1849201044535691 -0.6321110047539231
60697 44374.07712 0.07530934220098491 0.7486921742671258 -0.3257734676368018 -0.5724160890054649
60697 44794.07712 0.24584213567379118 0.7111489085439118 -0.4489974088131941 -0.48190268839589356
60697 45214.07712 -0.4030217124396603 -0.6353942868423748 0.5479367950069238 0.3655309401785492
60697 45634.07712 -0.5384018106953896 -0.5256365967143353 0.6173243172166033 0.2296526634018246
60697 46054.07712 -0.6448032055122588 -0.38786426889048964 0.653552541811135 0.08160398379593002
60697 46474.07712 -0.7166346804700799 -0.22951390404702032 0.6547999327587147 -0.07067637975889908
60697 46894.07712 -0.7501743086632737 -0.05897430881300993 0.6210810633340653 -0.21913203848235846
60697 47314.07712 -0.7436605001029826 0.11477736181088166 0.5541792573176567 -0.3559221383409104
60697 47734.07712 -0.6973690095886977 0.28256178065811927 0.4575681477443434 -0.4737791624231721
60697 48154.07712 -0.6136666374582407 0.43538905707009345 0.33632098936972 -0.5663371956385028
60697 48574.07712 -0.49691901152726464 0.5650158663557758 0.1968474838741708 -0.6285536053841441
60697 48994.07712 -0.35334278912580136 0.6643480651439447 0.046639747863425104 -0.6569743188523678
60697 49414.07712 -0.19066201232926136 0.7279290561400126 -0.10617260768839237 -0.6499958951088182
60697 49834.07712 -0.017675956593820694 0.7522691571780167 -0.2532942326026913 -0.6079643965294214
60697 50254.07712 0.15622545884330194 0.7360549050465423 -0.38671186800628465 -0.5331704360795104
60697 50674.07712 -0.32162607889440525 -0.6802253357570344 0.49920323319275867 0.4297048870319441
60697 51094.07712 -0.46959410671374446 -0.5879013540063762 0.584727437313252 0.30322796201911645
60697 51514.07712 -0.5921940078007859 -0.46420020655992916 0.6387622902127004 0.1606460766927964
60697 51934.07712 -0.6829944789694473 -0.315807556690105 0.6585530657029047 0.009591062922574388
60697 52354.07712 -0.737249777285772 -0.15065413617114945 0.6431429529229004 -0.14189164616782848
60697 52774.07712 -0.7521340562900222 0.02254685768880943 0.5933861144310212 -0.2857952409987496
60697 53194.07712 -0.7268275552993717 0.1946658981170076 0.5118760419340309 -0.41449947003800597
60697 53614.07712 -0.6625632879677061 0.3565885565683531 0.4028328118377489 -0.521133587930018
60697 54034.07712 -0.5626621691887319 0.4995629741761303 0.27201684772006174 -0.5998791151161795
60697 54454.07712 -0.43241182869306216 0.6157964007332414 0.1264266845663914 -0.6463985586925897
60697 54874.07712 -0.27880971437431673 0.6989170089975522 -0.026069714903830716 -0.6581037362523179
60697 55294.07712 -0.11017191402459824 0.7443723941819336 -0.17718856980599185 -0.6343312217368146
60697 55714.07712 0.06435815846806928 0.7497054737938432 -0.3187196126151276 -0.5763831525440442
60697 56134.07712 0.23535702843078776 0.7146767588154919 -0.44301356123983143 -0.4874250548903028
60697 56554.07712 -0.393588679710954 -0.6412621501507523 0.5433697277908918 0.37231726377899027
60697 56974.07712 -0.5305570971164405 -0.5335256191427009 0.614440109271833 0.23732452999172132
60697 57394.07712 -0.6389919377603677 -0.39732789369113175 0.6525110701135106 0.0897170649962443
60697 57814.07712 -0.7131658560073564 -0.24001888668921895 0.6556442022929282 -0.06257855748922483
60697 58234.07712 -0.7492146816329702 -0.06994180081455896 0.623745107347107 -0.2114888800503933
60697 58654.07712 -0.7452373444493784 0.10393425056215354 0.5585011907158958 -0.34913520585447777
60697 59074.07712 -0.7013805609013064 0.27240910137505625 0.4633078947975455 -0.46819267924228547
60697 59494.07712 -0.6198955268281572 0.42644597441776533 0.34317815436489035 -0.5622295981963524
60697 59914.07712 -0.5050457447854141 0.557745530192957 0.2044691628808358 -0.6261318396749473
60697 60334.07712 -0.36295582892883094 0.6591332135671988 0.05463892705141944 -0.6563696067535673
60697 60754.07712 -0.20127236342542537 0.7250583253374523 -0.09820584368213006 -0.6512568409212096
60697 61174.07712 -0.028728075605260635 0.751921291168922 -0.2457801435804448 -0.6110492538089344
60697 61594.07712 0.14532968797557222 0.7382755115623831 -0.3800731304503179 -0.5379339795271536
60697 62014.07712 -0.31150031571059006 -0.6849089615418731 0.4938262706896257 0.4358932003239006
60697 62434.07712 -0.460811901755798 -0.5947884558120698 0.5809241845645037 0.310493439255912
60697 62854.07712 -0.5852480269575027 -0.47290091963586484 0.6367372188144977 0.16856803174469917
60697 63274.07712 -0.6782579626706213 -0.32582077295752593 0.6584019102502194 0.017716787579028163
60697 63694.07712 -0.7349525247849897 -0.16142432320000907 0.6448492987753923 -0.13400132857726763
60697 64114.07712 -0.7523698808927975 0.011592267820505415 0.5968360953311689 -0.278553149258771
60697 64534.07712 -0.7295633450779433 0.1840938500025434 0.5168756069825737 -0.40827244190162876
60697 64954.07712 -0.6676420883232254 0.34695194776520194 0.4091113183554757 -0.5162424982842655
60697 65374.07712 -0.5698279891012596 0.49134472104449806 0.27926286786949317 -0.5965640607410281
60697 65794.07712 -0.44130618586428666 0.6094312160008094 0.13427063646083418 -0.6448362888874145
60697 66214.07712 -0.2889845502033177 0.6947552993470683 -0.018034283333772688 -0.6583902857709771
60697 66634.07712 -0.12108617755431798 0.7426615636001351 -0.16939236729169507 -0.6364732244640007
60697 67054.07712 0.053314139561299066 0.7505602438390716 -0.3116017967016833 -0.5802768676962357
60697 67474.07712 0.22479275722793665 0.7180606450454042 -0.4369699084275771 -0.49286349577102434
60697 67894.07712 -0.38409060582509125 -0.6469893699547943 0.5387381975719513 0.3789990978344645
60697 68314.07712 -0.5226476017372 -0.5412717948875875 0.6114742008257102 0.24487472344462488
60697 68734.07712 -0.6330910724105578 -0.4066584898650821 0.6513639483076551 0.09772191923904933
60697 69154.07712 -0.709577626703323 -0.2504186585843926 0.6563643163589234 -0.054552463973280126
60697 69574.07712 -0.7481141507602462 -0.08085243986760325 0.6262787254329111 -0.2038702000535133
60697 69994.07712 -0.7466686896536487 0.0930867819719055 0.5627037979997562 -0.34232317279095753
60697 70414.07712 -0.7052624635484682 0.2621898471858344 0.468956532686471 -0.46253768710549126
60697 70834.07712 -0.6260255386327286 0.41738991081008536 0.34997922279469784 -0.5580252959728352
60697 71254.07712 -0.5131043396233647 0.5503345176788151 0.21206825543114452 -0.6236047709481445
60697 71674.07712 -0.37252799853910323 0.6537649085058999 0.06264172049185876 -0.6556602394262916
60697 72094.07712 -0.2118617776137177 0.7220314499111419 -0.0902229081002282 -0.6524147449127033
60697 72514.07712 -0.03976752339720281 0.7514164847885921 -0.23824641655131065 -0.6140280575602942
60697 72934.07712 0.13445022781677907 0.7403354471401158 -0.37340677300560526 -0.5425808177786989
60697 73354.07712 -0.3013796675600088 -0.6894274096040678 0.4883989911157062 0.4419576544706562
60697 73774.07712 -0.4520117471088618 -0.6015156548874467 0.5770361998403003 0.31763740566058224
60697 74194.07712 -0.578250255974981 -0.4814471366438241 0.6346037442031339 0.1763898634437223
60697 74614.07712 -0.6734348108835545 -0.33569471040518817 0.6581263019930808 0.02577571572469605
60697 75034.07712 -0.7325371968266958 -0.17209206796312682 0.6464239606637278 -0.12613341543492965
60697 75454.07712 -0.7524691428471171 6.872855263424636E-4 0.6001626407766746 -0.2712831017912808
60697 75874.07712 -0.7321634501366314 0.1735131896187224 0.521777116238917 -0.40196827770579285
60697 76294.07712 -0.6726151762929052 0.3372350835643696 0.4153446021726276 -0.5112242017743862
60697 76714.07712 -0.5769474332950907 0.48298396408887573 0.28653539637357167 -0.5930898888636045
60697 77134.07712 -0.4502204925269512 0.6028925549153212 0.14221062049605002 -0.6431160196687642
60697 77554.07712 -0.2992241767264251 0.6904218850077859 -0.009852311440604125 -0.6585479820969512
60697 77974.07712 -0.13208709345231825 0.7407993087012663 -0.16143290680733216 -0.6385207910246773
60697 78394.07712 0.04217637391201868 0.751285105473494 -0.3043235295702422 -0.584105327083416
60697 78814.07712 0.21413807330367549 0.7213277247154506 -0.43078149826706785 -0.4982554564371586
60697 79234.07712 -0.3745152683196263 -0.652597067981391 0.5339844412980064 0.38563713139326466
60697 79654.07712 -0.5146703224044918 -0.5488820877634955 0.6084005974790684 0.2523719991511648
60697 80074.07712 -0.6271018395531318 -0.4158584655249568 0.6501039859950822 0.10568740167878259
60697 80494.07712 -0.7058783854968839 -0.26070235275551656 0.656965064950826 -0.046549882816262
60697 80914.07712 -0.7468825311435494 -0.09165518713308038 0.6286861789603427 -0.19626385232245083
60697 81334.07712 -0.7479460923706767 0.08233965393960009 0.5667706032127465 -0.33551141207178253
60697 81754.07712 -0.7089644753583598 0.2520576375564091 0.47445778113393294 -0.45686555347365837
60697 82174.07712 -0.6319560255347991 0.4083861652742275 0.3566332335282919 -0.5537734722303214
60697 82594.07712 -0.5209555254449131 0.542929495468066 0.2195334163397287 -0.6209975705020213
60697 83014.07712 -0.381901795319843 0.6483510414278685 0.07053765041690596 -0.6548407330676227
60697 83434.07712 -0.22227509240272375 0.7189102084848755 -0.08230698465959035 -0.6534427715644572
60697 83854.07712 -0.050669997073949175 0.7507770126304698 -0.2307391791548576 -0.616867781542476
60697 84274.07712 0.12365651318190372 0.7422318717645308 -0.3667315904935415 -0.5470912682712935
60697 84694.07712 -0.2912873208921199 -0.6937679029032036 0.4829311216418468 0.44790102181009833
60697 85114.07712 -0.4431853768375503 -0.6080625614178633 0.5730857493102113 0.3246834875642112
60697 85534.07712 -0.5711868437088491 -0.4898210843041833 0.6323900224389439 0.18412972183943813
60697 85954.07712 -0.6685205113785386 -0.34539845888979553 0.6577545732315273 0.033751323762822076
60697 86374.07712 -0.7300019441542979 -0.18259214634135687 0.6478817467521726 -0.11834911005476727
