CIC_AEM_VERS = 1.0
CREATION_DATE = 2025-01-22T18:50:01.611Z
ORIGINATOR = CS Group

META_START
OBJECT_NAME = PLEIADES1A
OBJECT_ID = PLEIADES1A
CENTER_NAME = null
REF_FRAME_A = EME2000
REF_FRAME_B = SC_BODY_1
ATTITUDE_DIR = A2B
TIME_SYSTEM = UTC
START_TIME = 2025-01-22T12:33:45.083808
STOP_TIME = 2025-01-22T23:59:60.0
ATTITUDE_TYPE = QUATERNION
QUATERNION_TYPE = LAST
META_STOP

60697 45225.083808 -0.7047988372938689 -0.27280695567662683 -0.6423651889715205 -0.1272867938210564
60697 45675.083808 -0.7493253663186911 -0.09849474778165551 -0.6542265778995507 0.02824650103341259
60697 46125.083808 -0.751374159441726 0.08132831589705128 -0.629010353718326 0.18212235577143052
60697 46575.083808 -0.7108848890155111 0.2564762107530776 -0.5681913001615654 0.32560908204142175
60697 47025.083808 0.6302391182586979 -0.4170135821287578 0.4752810012420424 -0.4505621999180608
60697 47475.083808 0.5141100161504879 -0.5538874491012848 0.35561005228095877 -0.5499464298807208
60697 47925.083808 0.3691686417370423 -0.6594314032128613 0.21601264233697873 -0.6182259107845129
60697 48375.083808 0.203585350095608 -0.7278233298807512 0.06434630975906451 -0.6516791834393167
60697 48825.083808 0.026593946449745626 -0.7552994458549137 -0.09092237587732356 -0.6484972094529868
60697 49275.083808 -0.15197566798034512 -0.7403121988081034 -0.24114544216522796 -0.608843264199232
60697 49725.083808 -0.32216297063242316 -0.6836130328799751 -0.3779121146344268 -0.5348520124693095
60697 50175.083808 -0.4743462267305401 -0.5882908810527896 -0.49345622030995395 -0.43059314334304705
60697 50625.083808 -0.5998787676759688 -0.4596191512084942 -0.5811883557772766 -0.30185392997748123
60697 51075.083808 -0.6915200536011138 -0.3048629733095782 -0.6360393710333538 -0.15592466600205346
60697 51525.083808 -0.7439909820074533 -0.13284736792024915 -0.6548493703381583 -0.001139164590756036
60697 51975.083808 -0.7543142881835289 0.04664504038433346 -0.6365655946005332 0.15368291583839028
60697 52425.083808 -0.7219408144582936 0.22344615588716532 -0.5822559863697381 0.2997519677585915
60697 52875.083808 -0.6487718922484043 0.3875331830991622 -0.49504468561976767 0.42877012846638646
60697 53325.083808 0.5390408636707521 -0.5296383084230203 0.37992689562094567 -0.5334545561973599
60697 53775.083808 0.39906410408131937 -0.6417625348107636 0.24349580146884678 -0.6079461196636436
60697 54225.083808 0.23673050961341605 -0.717711604933188 0.09342229869279733 -0.6481674105270594
60697 54675.083808 0.061124451102314674 -0.7532811410394665 -0.06188824645666438 -0.6519211370880985
60697 55125.083808 -0.11797958221229853 -0.7464785634525967 -0.2137672308342869 -0.6189944616135105
60697 55575.083808 -0.29058510543087684 -0.6976167773306028 -0.35370702546443716 -0.5511646474745004
60697 56025.083808 -0.4469710223571127 -0.6093395465145239 -0.4737969748897109 -0.4521489232674012
60697 56475.083808 -0.5782803081273069 -0.4864899540246802 -0.5672072896674246 -0.32740693397267195
60697 56925.083808 -0.6768772567295883 -0.3360866922554502 -0.628490378681424 -0.18407269899661274
60697 57375.083808 -0.7371701473856906 -0.1665303155099379 -0.6541692536334621 -0.03017309099443802
60697 57825.083808 -0.7556420360185652 0.012635300153088672 -0.6427066806634905 0.12559293460333273
60697 58275.083808 -0.7312183417880047 0.1908932406037187 -0.5947870544137863 0.27405814570339476
60697 58725.083808 -0.6653381941987578 0.3583379016317253 -0.513133705511635 0.4069555698874347
60697 59175.083808 0.5617518916589068 -0.5054713890802922 0.4023778171503984 -0.5167451783076067
60697 59625.083808 0.42643365684854234 -0.6238939294230218 0.2688814357788671 -0.5971712272283184
60697 60075.083808 0.26718876128776886 -0.7069229305377348 0.12032012687254 -0.6437337983909377
60697 60525.083808 0.09311667778802843 -0.7499882837240534 -0.034830447593352326 -0.653937075348092
60697 60975.083808 -0.08608475970980257 -0.7508192520435024 -0.18792412811370043 -0.6273311621298966
60697 61425.083808 -0.2604283905316638 -0.7094220031141953 -0.33041388156424356 -0.5654415458490648
60697 61875.083808 -0.42018755235768923 -0.6281037231547861 -0.4543339741904119 -0.47170835661359267
60697 62325.083808 -0.5563744131554155 -0.5113909432741197 -0.5527021323300917 -0.35135049230212145
60697 62775.083808 -0.6612867805952811 -0.36579835570232583 -0.619945657136355 -0.21108940990295114
60697 63225.083808 -0.728940325753824 -0.19948565862504664 -0.6522219347510244 -0.05880494301052256
60697 63675.083808 -0.7554357927503506 -0.021801681019610945 -0.6476496208774137 0.0969093303748961
60697 64125.083808 -0.7391970829509532 0.15722249996906523 -0.606423180384614 0.24722395586287516
60697 64575.083808 -0.6811447916344018 0.3273099936543602 -0.530893318252001 0.3834869300493689
60697 65025.083808 0.5846816319642911 -0.47876448282374884 0.4254325055855586 -0.4979348776911243
60697 65475.083808 0.4552157968221476 -0.6032110782935176 0.29592075495458325 -0.5842481323330512
60697 65925.083808 0.30006819814071406 -0.693602658354063 0.14967960916867654 -0.6375503457671986
60697 66375.083808 0.1279988051698415 -0.744829659673157 -0.005022296733199458 -0.6548433862243596
60697 66825.083808 -0.05129287696133652 -0.7540012686096599 -0.15944323875739405 -0.6351605949069931
60697 67275.083808 -0.22771142456110244 -0.7205973716207419 -0.30486459176619596 -0.5796072082236922
60697 67725.083808 -0.3913317057327705 -0.6464809341196313 -0.43308339087209147 -0.4912847183241312
60697 68175.083808 -0.5328415190610619 -0.5358690273975434 -0.5367929536261073 -0.37520344611699746
60697 68625.083808 -0.6442552565128565 -0.3950246354895279 -0.6101506429175212 -0.2379220350435296
60697 69075.083808 -0.7193561323963367 -0.2316869872923577 -0.6490600060986019 -0.08700001831297431
60697 69525.083808 -0.7537550366643453 -0.05497901903752009 -0.6511969695894626 0.06908805226885513
60697 69975.083808 -0.745392535996211 0.12465297342099305 -0.6164201602664119 0.2210832185299772
60697 70425.083808 -0.6949161570719716 0.2969838887024731 -0.5468511545012944 0.3603413927265106
60697 70875.083808 0.6053718808571039 -0.45233618467850617 0.4465635273851674 -0.4790593678317352
60697 71325.083808 0.48195380483277733 -0.5820788868167049 0.32130288916323374 -0.5706742967269455
60697 71775.083808 0.33163169064680864 -0.6790840266505023 0.1781067330716308 -0.6301930641806764
60697 72225.083808 0.16276505999474433 -0.7380220488976106 0.024935516149242175 -0.6543769636992512
60697 72675.083808 -0.015348231355288731 -0.7556023363159103 -0.12975221958937694 -0.641867511765343
60697 73125.083808 -0.192869576930109 -0.7307113298138431 -0.27736712830043275 -0.5932366769804925
60697 73575.083808 -0.359875724199729 -0.6645211882643399 -0.40960063329604324 -0.5110072158814889
60697 74025.083808 -0.5067931844721953 -0.560579044814464 -0.5188234087453526 -0.39966745329747294
60697 74475.083808 -0.6251007817176115 -0.42469174065704957 -0.5986723720665829 -0.2654756656228349
60697 74925.083808 -0.7078996681330835 -0.2646412828536559 -0.6444814237240073 -0.11613244913166233
60697 75375.083808 -0.7504209475681562 -0.08971812062897419 -0.6536390793665486 0.03968644865147189
60697 75825.083808 -0.75036316249791 0.09012100282670334 -0.6257353580227889 0.1931025399515415
60697 76275.083808 -0.7078447777777591 0.2647326700056622 -0.5624397226194014 0.3354607911876422
60697 76725.083808 0.6253924727907887 -0.42424195624015026 0.4674243514008667 -0.45871286581000986
60697 77175.083808 0.5077871340576214 -0.559690537365594 0.346139079271388 -0.5559554538540975
60697 77625.083808 0.36174326608962404 -0.6635366575579275 0.2054690261424937 -0.6218065557805904
60697 78075.083808 0.19548074965734089 -0.730044478242552 0.05332210046154615 -0.6526707362087967
60697 78525.083808 0.01824435714815268 -0.7555485198279093 -0.10183171284987272 -0.6468723829907775
60697 78975.083808 -0.1601429412841683 -0.7385880596271617 -0.2513627531996786 -0.6046971827592031
60697 79425.083808 -0.3297360132697478 -0.6799930938912807 -0.3868930011859413 -0.5283912938783831
60697 79875.083808 -0.48091144369528016 -0.5829417927623425 -0.500695853355694 -0.42214536833460686
60697 80325.083808 -0.6050479488210699 -0.4528058211870605 -0.5862574256157195 -0.29186657711522357
60697 80775.083808 -0.6949689699929567 -0.2969439536766339 -0.6386187889427299 -0.14494295957768694
60697 81225.083808 -0.7454959044601429 -0.12418831169570897 -0.6547575872239491 0.01027723912320755
60697 81675.083808 -0.7537256121565195 0.055473591424195 -0.6337674857424037 0.16480035269845034
60697 82125.083808 -0.719278148788824 0.231907943244432 -0.5769037745575382 0.30990270317686
60697 82575.083808 -0.6442004804146646 0.3951103313004333 -0.4874604945881488 0.43735092700148054
60697 83025.083808 0.532855223964516 -0.5358814882148086 0.37057516634715687 -0.5399725798308506
60697 83475.083808 0.3916472483502482 -0.6463340607604761 0.23293048109834122 -0.6120523717263479
60697 83925.083808 0.228532379429553 -0.7203808725064634 0.08226110236915037 -0.6496594962871747
60697 84375.083808 0.05261021200942011 -0.7539389585748651 -0.07302334526598495 -0.6507501850799093
60697 84825.083808 -0.12635828686711686 -0.7451194771976413 -0.22427630878320998 -0.6152484744875841
60697 85275.083808 -0.2983995596360461 -0.6943236880519674 -0.36303058874156247 -0.5450514752359473
60697 85725.083808 -0.4538042673621843 -0.604286588863922 -0.4814217352840897 -0.4439960790808091
60697 86175.083808 -0.5837262084622216 -0.47997263278501984 -0.5726838265139296 -0.3176841516051735
