CIC_OEM_VERS = 2.0
CREATION_DATE = 2025-01-22T18:50:01.664378
ORIGINATOR = ISAE-SUPAERO


META_START
OBJECT_NAME = PLEIADES-NEO4
OBJECT_ID = PLEIADES-NEO4
CENTER_NAME = Earth
REF_FRAME = EME2000
TIME_SYSTEM = UTC
START_TIME = 2025-01-22T11:18:41.604
USEABLE_START_TIME = 2025-01-22T11:18:41.604
USEABLE_STOP_TIME = 2025-01-22T23:56:11.604
STOP_TIME = 2025-01-22T23:56:11.604
INTERPOLATION = lagrange
INTERPOLATION_DEGREE = 5
META_STOP


60697 40721.604 -1160.9709 6905.2964 14.679988999999999 1.0245578 0.15559898000000003 7.4733165
60697 41171.604 -583.56165 6174.548 3245.5998 1.4902298 -3.3343411 6.6021977
60697 41621.604 128.37378 4020.2478 5726.067 1.6116034 -6.0507479 4.205596
60697 42071.604 810.79282 940.02384 6884.6184 1.3618428 -7.3700182000000005 0.84275354
60697 42521.604 1306.6748 -2356.4709 6455.1873 0.79871061 -6.9932796 -2.7142732
60697 42971.604 1501.5662 -5109.9004 4535.3369 0.050342753000000004 -5.003580299999999 -5.6509349
60697 43421.604 1351.1185 -6687.7469 1570.1659 -0.71068403 -1.852569 -7.2798205
60697 43871.604 888.11297 -6719.1038 -1759.9818 -1.3075632000000001 1.7226968999999999 -7.2273779000000005
60697 44321.604 220.0878 -5199.0781 -4682.527700000001 -1.6029131 4.8988855000000004 -5.5061064
60697 44771.604 -498.66670000000005 -2481.4107999999997 -6523.9055 -1.5288346 6.9418782000000006 -2.5174228
60697 45221.604 -1102.7397 807.07263 -6860.8998 -1.1032221 7.386745100000001 1.0492534
60697 45671.604 -1453.0810000000001 3909.6898 -5615.405 -0.42302289000000004 6.131282199999999 4.3784096
60697 46121.604 -1469.0755 6113.0922 -3073.9456 0.35665884999999997 3.4545589 6.700461000000001
60697 46571.604 -1146.5473000000002 6907.6477 177.57107000000002 1.0529586 -0.015872344 7.4686299
60697 47021.604 -558.83565 6104.2619 3387.5641 1.5073752999999999 -3.4825012 6.5166515
60697 47471.604 157.5807 3895.1041 5815.4677 1.6141186 -6.1421829 4.0624468
60697 47921.604 837.78846 790.24533 6902.9018 1.3497708 -7.386443900000001 0.67589212
60697 48371.604 1325.4566000000002 -2496.1394 6399.9348 0.77495051 -6.9329693 -2.8683724
60697 48821.604 1507.7928000000002 -5206.8545 4419.5421 0.020034398 -4.880726800000001 -5.7596576
60697 49271.604 1344.0178999999998 -6722.0931 1422.1101 -0.7400698099999999 -1.6961343 -7.3151399
60697 49721.604 869.05672 -6680.447400000001 -1904.974 -1.330396 1.8792673 -7.185596800000001
60697 50171.604 193.28551000000002 -5096.6997 -4792.511 -1.6137555000000001 5.0197248 -5.3951439
60697 50621.604 -527.0750300000001 -2338.2547000000004 -6572.8336 -1.5249498000000001 6.9985323 -2.3623776
60697 51071.604 -1126.1567 958.3583199999999 -6836.735900000001 -1.0853446 7.3653671 1.2125858
60697 51521.604 -1466.009 4034.2205 -5523.09 -0.39525889000000003 6.0361753 4.5116890000000005
60697 51971.604 -1467.4788 6179.216200000001 -2930.8982 0.38806351 3.3094086000000003 6.7761515
60697 52421.604 -1129.8652 6895.5923 339.48619 1.0829110000000002 -0.18875488 7.4713545
60697 52871.604 -530.80583 6016.274200000001 3531.2145 1.5269065000000002 -3.6412084 6.4337578
60697 53321.604 191.0608 3741.4987 5899.776400000001 1.6190738 -6.2562716 3.9078716
60697 53771.604 869.39388 603.57809 6907.7343 1.3359084 -7.4151824 0.4804006
60697 54221.604 1346.9604 -2673.4132000000004 6316.6724 0.74490089 -6.8631666 -3.0558509
60697 54671.604 1513.7042 -5333.4295999999995 4264.0116 -0.018588863 -4.7258545000000005 -5.8875945000000005
60697 55121.604 1330.751 -6761.2015 1223.7176000000002 -0.77855943 -1.4944999 -7.3577745000000006
60697 55571.604 840.25503 -6626.6437000000005 -2100.3352000000004 -1.3582396 2.0800075000000002 -7.1232853
60697 56021.604 155.86711 -4963.2569 -4938.8913 -1.6234936 5.1661848 -5.2440557
60697 56471.604 -564.42586 -2158.0311 -6638.6853 -1.5151096 7.0562476 -2.1635332
60697 56921.604 -1155.2456000000002 1142.4197 -6811.566 -1.0593706999999999 7.3253651 1.4102201
60697 57371.604 -1480.9841999999999 4180.5972 -5417.7367 -0.35967372999999997 5.9124184 4.6643495
60697 57821.604 -1466.1018000000001 6257.1305 -2774.8723999999997 0.42518432 3.1322955 6.8514742
60697 58271.604 -1113.0153 6889.6745 509.15765999999996 1.1138626999999999 -0.37913985000000006 7.4575420999999995
60697 58721.604 -502.55465000000004 5928.927900000001 3675.2782 1.5457783999999999 -3.8067255 6.3355435
60697 59171.604 224.12515 3597.2571000000003 5989.5291 1.6201835000000002 -6.3512986 3.7470939
60697 59621.604 899.0845300000001 435.08665 6917.4798 1.3206638000000002 -7.4266033 0.29569992
60697 60071.604 1366.6846 -2827.5012 6245.6463 0.7166491600000001 -6.7886815 -3.2231081
60697 60521.604 1518.9356 -5437.5622 4128.9516 -0.053523605 -4.5825992 -5.999487500000001
60697 60971.604 1320.2512 -6791.279500000001 1055.8833 -0.81215847 -1.315013 -7.3886642
60697 61421.604 816.42555 -6575.5225 -2262.1056000000003 -1.3827336000000001 2.2544372 -7.0658147
60697 61871.604 124.11399 -4842.1563 -5057.0876 -1.6333108 5.295501000000001 -5.1116226
60697 62321.604 -596.77715 -1994.7693000000002 -6685.7916 -1.5078891 7.1106296 -1.9861904
60697 62771.604 -1180.7378 1310.5313999999998 -6776.2970000000005 -1.0366885 7.2920294000000005 1.5918029
60697 63221.604 -1493.6955 4314.924400000001 -5307.7675 -0.32666384 5.7984622 4.8081308
60697 63671.604 -1463.0387 6326.5918 -2615.347 0.46085197 2.9639046 6.9234736
60697 64121.604 -1094.9008999999999 6878.5164 681.30654 1.1438019 -0.562123 7.440478199999999
60697 64571.604 -473.61039000000005 5840.286599999999 3820.1891 1.5630232000000002 -3.9612714 6.2341439
60697 65021.604 257.16925000000003 3452.3925 6074.097400000001 1.620879 -6.4419429 3.5858829
60697 65471.604 928.6549100000001 267.72386 6922.7683 1.3048459000000001 -7.4336648 0.11201981999999999
60697 65921.604 1386.0351 -2978.7110000000002 6171.0422 0.6878447400000001 -6.7108819 -3.387636
60697 66371.604 1523.5793 -5537.648700000001 3991.8024 -0.088828915 -4.4374733 -6.107581100000001
60697 66821.604 1309.056 -6816.8734 887.81275 -0.8458816100000001 -1.1355068000000001 -7.4152564000000005
60697 67271.604 791.9003100000001 -6520.349099999999 -2422.2315 -1.4070878 2.4270733 -7.0043469
60697 67721.604 91.80036 -4718.1496 -5172.051 -1.642659 5.4214994 -4.9762466000000005
60697 68171.604 -629.4179399999999 -1830.3573999999999 -6728.7257 -1.4999571 7.1606413 -1.8077308
60697 68621.604 -1206.1788000000001 1477.7587 -6736.8483 -1.0132392 7.2541987 1.7722696000000002
60697 69071.604 -1506.0416 4446.5235999999995 -5194.6174 -0.29306614000000003 5.6810045 4.9486528
60697 69521.604 -1459.393 6392.023099999999 -2454.4212 0.49674211 2.7940874 6.9909961
60697 69971.604 -1076.24 6863.3508 852.71772 1.1734652 -0.74408071 7.4187481
60697 70421.604 -444.3292 5748.582200000001 3962.4506 1.5796534 -4.11271 6.1291216
60697 70871.604 290.24595 3306.1644 6154.8289 1.6208356000000002 -6.528187600000001 3.4230611
60697 71321.604 957.93889 101.15482000000002 6924.1542 1.2883533 -7.4360122 -0.070859353
60697 71771.604 1404.8396 -3127.1645 6093.3589 0.6586454700000001 -6.629455 -3.5493034
60697 72221.604 1527.5643 -5633.7336 3853.0858 -0.12420569000000001 -4.2905356 -6.2115876
60697 72671.604 1297.2203000000002 -6838.099200000001 720.10706 -0.87945372 -0.95615439 -7.4375200999999995
60697 73121.604 766.86228 -6461.2812 -2580.1097000000004 -1.4310394 2.5976685 -6.939148100000001
60697 73571.604 59.320865 -4592.3313 -5283.4836 -1.6512819 5.5441996 -4.837174500000001
60697 74021.604 -661.88983 -1665.8262 -6766.9887 -1.4912874999999999 7.2067047 -1.6277862
60697 74471.604 -1231.1275 1643.3785 -6692.4433 -0.9890832 7.2127098 1.9526391
60697 74921.604 -1517.5773000000002 4574.9631 -5076.808 -0.25875761999999997 5.5602933000000005 5.0879955
60697 75371.604 -1454.5511000000001 6452.5832 -2289.5285 0.5332676000000001 2.6218091 7.056444000000001
60697 75821.604 -1055.9269 6841.5248 1027.373 1.2035799999999999 -0.9276656900000001 7.394244800000001
60697 76271.604 -413.33717 5649.8085 4106.2399 1.5960547999999999 -4.2641448 6.0193827
60697 76721.604 324.75053 3153.4617000000003 6234.7384 1.6197909 -6.6111791 3.2555149
60697 77171.604 988.07843 -69.62091099999999 6923.1305 1.2704436000000001 -7.4319619 -0.25567086
60697 77621.604 1423.907 -3276.6379 6013.429700000001 0.6284322200000001 -6.5412535 -3.7081927
60697 78071.604 1531.5708000000002 -5728.456700000001 3714.3381000000004 -0.15968004 -4.1398164 -6.3089564000000005
60697 78521.604 1285.5873000000001 -6857.3732 555.60969 -0.91217621 -0.77795528 -7.4525003
60697 78971.604 742.49294 -6401.5145 -2731.841 -1.4539094000000001 2.7633377 -6.869854500000001
60697 79421.604 26.370301 -4456.9126 -5384.7132 -1.6614816000000001 5.6710595999999995 -4.7021615
60697 79871.604 -695.82115 -1482.9035000000001 -6790.3918 -1.4836966 7.2652758 -1.4388215
60697 80321.604 -1257.2294 1830.655 -6626.7131 -0.96248739 7.172549500000001 2.1518335000000004
60697 80771.604 -1528.5078999999998 4721.9902 -4929.423400000001 -0.21948357 5.4248723000000005 5.2426117
60697 81221.604 -1447.0773000000002 6523.6945000000005 -2091.6523 0.57423772 2.4251698000000004 7.1206361
60697 81671.604 -1031.8003 6820.4712 1230.0925 1.2349199000000002 -1.1311900000000001 7.3511352
60697 82121.604 -378.84744 5546.369900000001 4268.031400000001 1.6099988 -4.419012700000001 5.88582
60697 82571.604 361.21181 2998.085 6323.4328 1.6147460000000002 -6.683937 3.0711862
60697 83021.604 1018.5166 -237.32929000000001 6926.0689 1.24949 -7.414605300000001 -0.44537567
60697 83471.604 1442.3267 -3418.0998 5937.153200000001 0.59689166 -6.4448962000000005 -3.8653797
60697 83921.604 1534.5397 -5812.8147 3580.0098 -0.19592658000000002 -3.9859824 -6.4062374
60697 84371.604 1272.4391 -6864.8321 394.86686 -0.9466535300000001 -0.59501328 -7.4716546
60697 84821.604 715.5277600000001 -6326.360900000001 -2881.9526 -1.479608 2.941448 -6.8028979000000005
60697 85271.604 -7.299962300000001 -4321.0268 -5488.8741 -1.66936 5.794137 -4.5541467
60697 85721.604 -728.4278800000001 -1314.3501 -6820.4285 -1.4726096 7.303566200000001 -1.2501774
60697 86171.604 -1281.7523999999999 1996.5887 -6574.6793 -0.9333369800000001 7.1146052 2.3459179

