CIC_OEM_VERS = 2.0
CREATION_DATE = 2025-01-22T18:50:01.203114
ORIGINATOR = ISAE-SUPAERO


META_START
OBJECT_NAME = PLEIADES1B
OBJECT_ID = PLEIADES1B
CENTER_NAME = Earth
REF_FRAME = EME2000
TIME_SYSTEM = UTC
START_TIME = 2025-01-22T11:27:52.256
USEABLE_START_TIME = 2025-01-22T11:27:52.256
USEABLE_STOP_TIME = 2025-01-22T23:57:52.256
STOP_TIME = 2025-01-22T23:57:52.256
INTERPOLATION = lagrange
INTERPOLATION_DEGREE = 5
META_STOP


60697 41272.256 -1193.2167 6974.6388 14.666623 1.0546806999999998 0.16395308 7.4291352
60697 41722.256 -602.78234 6264.5736 3230.379 1.5188405 -3.2566528 6.5891069
60697 42172.256 122.43335 4153.7995 5721.871099999999 1.642856 -5.9447989 4.2734045
60697 42622.256 820.35497 1115.3761000000002 6932.5601 1.4000236 -7.30208 1.0053321
60697 43072.256 1335.2566000000002 -2171.8871 6592.7181 0.8447969399999999 -7.029902 -2.4874249
60697 43522.256 1551.9088000000002 -4973.7761 4776.902700000001 0.099688858 -5.185799200000001 -5.429340600000001
60697 43972.256 1422.699 -6667.5135 1893.4008999999999 -0.66987014 -2.1688655 -7.1535253
60697 44422.256 973.3661999999999 -6860.5026 -1416.7239 -1.2892824 1.328725 -7.2767874
60697 44872.256 305.97805 -5516.478700000001 -4408.6138 -1.6202073000000001 4.530525 -5.765790699999999
60697 45322.256 -429.95565000000005 -2936.8723 -6410.6812 -1.5881705 6.7151388 -2.9624367000000005
60697 45772.256 -1069.7071 299.86359000000004 -6974.868 -1.2009408000000001 7.395946100000001 0.50281361
60697 46222.256 -1470.2133999999999 3469.6479 -5975.0280999999995 -0.5448107999999999 6.4220275 3.8567310000000004
60697 46672.256 -1541.5087 5862.1893 -3634.1859 0.23431011000000002 4.0076608 6.3491276
60697 47122.256 -1267.1705 6940.2714000000005 -476.36215999999996 0.9616787600000001 0.6920991400000001 7.416579
60697 47572.256 -708.6669 6462.196900000001 2788.8450000000003 1.4729028000000002 -2.7755016 6.8168004
60697 48022.256 8.594336100000001 4537.1995 5428.6168 1.6536192 -5.6134409 4.691814000000001
60697 48472.256 723.92237 1600.0803 6854.3353 1.465309 -7.1917153 1.5254603
60697 48922.256 1278.1673 -1693.2955 6750.7839 0.9512892500000001 -7.167841900000001 -1.9768708
60697 49372.256 1547.9629 -4609.7035000000005 5141.1363 0.22475178 -5.5471735 -5.0421017
60697 49822.256 1472.5417 -6497.8067 2382.1754 -0.55401238 -2.6828339000000003 -6.9867481
60697 50272.256 1067.9616 -6932.966 -910.20107 -1.2104795 0.78827549 -7.367535200000001
60697 50722.256 424.11099 -5815.0255 -3998.3158 -1.5964187 4.0854292999999995 -6.0945814
60697 51172.256 -314.74451 -3394.8535 -6188.8811 -1.6246944 6.4651568 -3.4554388
60697 51622.256 -983.21216 -215.23444 -6991.6232 -1.2896479 7.3969546 -0.044377858000000006
60697 52072.256 -1431.8552 3012.5766000000003 -6227.2266 -0.66603293 6.6744986 3.3776298000000002
60697 52522.256 -1560.0082 5565.8117 -4065.8109 0.1076493 4.4559481 6.046247500000001
60697 52972.256 -1338.4771 6871.353099999999 -990.67637 0.8581989800000001 1.2351169 7.359202000000001
60697 53422.256 -816.7611999999999 6635.821900000001 2307.4042999999997 1.4160418 -2.2612840999999997 7.0175768
60697 53872.256 -111.86604 4913.0904 5088.1321 1.655998 -5.2462131 5.101138
60697 54322.256 617.89734 2092.7099 6728.5148 1.525778 -7.0497446 2.051643
60697 54772.256 1210.0276999999999 -1194.0893 6866.0246 1.0559552 -7.2807852 -1.4519929999999999
60697 55222.256 1532.6128 -4214.7521 5470.167 0.35027795 -5.888745 -4.6346278000000005
60697 55672.256 1512.9014 -6293.4449 2850.0524 -0.4356071 -3.1775215 -6.7879811000000005
60697 56122.256 1155.9035000000001 -6968.8098 -406.74829 -1.1243578 0.24785507 -7.4168238
60697 56572.256 539.61311 -6081.636 -3572.9402000000005 -1.5623639 3.6193166000000003 -6.3860985
60697 57022.256 -197.36376 -3834.4404 -5938.2772 -1.6506547 6.177116 -3.9264769999999998
60697 57472.256 -890.30247 -731.07514 -6974.6026 -1.3704988 7.3529976 -0.59195827
60697 57922.256 -1384.5858 2535.3605000000002 -6450.896 -0.7843941 6.888084 2.8757664
60697 58372.256 -1569.4346 5234.832 -4482.388599999999 -0.021591814 4.881813500000001 5.706442200000001
60697 58822.256 -1404.5218 6767.130700000001 -1513.1136000000001 0.74659366 1.7773704000000001 7.25412
60697 59272.256 -924.22715 6780.8543 1798.1173999999999 1.3474838 -1.7193143 7.179931300000001
60697 59722.256 -236.18807999999999 5269.9043 4703.720200000001 1.6490729 -4.837418800000001 5.5023866
60697 60172.256 504.5187 2584.452 6558.482400000001 1.5800237 -6.8668738000000005 2.5864574
60697 60622.256 1132.5769 -678.34447 6944.6985 1.1583007 -7.3581916000000005 -0.90185804
60697 61072.256 1507.9528 -3789.7983 5777.4408 0.47825882000000003 -6.2073579 -4.1871595
60697 61522.256 1546.7053 -6055.1196 3317.2956000000004 -0.30948744 -3.6684685 -6.538650400000001
60697 61972.256 1239.7211000000002 -6966.894 113.77264 -1.0289654000000001 -0.30589699000000004 -7.4268768000000005
60697 62422.256 655.2218100000001 -6318.1103 -3114.1365 -1.5179120000000002 3.1172296999999998 -6.6564250000000005
60697 62872.256 -75.538313 -4261.4872000000005 -5648.1578 -1.6675391 5.845245299999999 -4.3921161
60697 63322.256 -789.46719 -1254.943 -6920.0346 -1.4453369 7.2628579 -1.1545464
60697 63772.256 -1327.8328999999999 2030.848 -6649.001 -0.90203394 7.063818400000001 2.3362766
60697 64222.256 -1570.8171000000002 4864.7766 -4895.358700000001 -0.15707417 5.2915531 5.3106311999999996
60697 64672.256 -1463.5742 6614.004400000001 -2047.6883 0.6251717 2.3321962 7.1046618
60697 65122.256 -1029.1065 6884.157700000001 1258.4338 1.2693136 -1.1559651 7.3087401000000005
60697 65572.256 -364.12953000000005 5612.4834 4282.0048 1.6296868 -4.387999 5.8719622000000005
60697 66022.256 382.43572 3083.8527999999997 6344.2621 1.6250215000000001 -6.635466500000001 3.1185050000000003
60697 66472.256 1043.4646 -134.89107 6983.3191 1.2568249 -7.3970367 -0.33251193
60697 66922.256 1471.1157 -3323.972 6055.8248 0.60705626 -6.5031335 -3.7106189
60697 67372.256 1569.2051999999999 -5767.8035 3769.0042000000003 -0.17973843 -4.150142600000001 -6.2596625
60697 67822.256 1315.3487 -6918.010700000001 634.6960300000001 -0.92694029 -0.8640861200000001 -7.4034611
60697 68272.256 766.4663 -6516.7522 -2642.5792 -1.4656803999999999 2.6123591999999998 -6.882743400000001
60697 68722.256 45.982174 -4657.0112 -5327.3421 -1.6752793 5.4948381 -4.8213705000000004
60697 69172.256 -684.8256 -1758.0543 -6820.7063 -1.5111448 7.143925 -1.6909364
60697 69622.256 -1263.3177 1532.156 -6792.9407 -1.0111959000000001 7.2019706 1.8118964000000002
60697 70072.256 -1560.7789 4481.4315 -5250.3898 -0.28546457 5.6564706 4.914668499999999
60697 70522.256 -1510.2739 6431.4349 -2534.5658 0.50616788 2.8431734000000004 6.926275899999999
60697 70972.256 -1122.1441000000002 6943.2938 748.76563 1.1864982 -0.6136739999999999 7.3885135
60697 71422.256 -482.57454 5899.5607 3864.0272000000004 1.6017299 -3.9366254 6.1917728
60697 71872.256 265.14986 3534.0342 6111.4591 1.6579987 -6.3756231 3.6058898
60697 72322.256 953.56832 377.46036 6987.588900000001 1.3432791 -7.3858635 0.2137512
60697 72772.256 1428.7273 -2863.7362000000003 6296.6987 0.7278632300000001 -6.7433494000000005 -3.2266588
60697 73222.256 1583.9688 -5463.356 4192.7626 -0.051388999 -4.5893736 -5.9466751
60697 73672.256 1384.0935 -6838.1696 1146.468 -0.82002572 -1.4038113 -7.332989400000001
60697 74122.256 873.79513 -6679.530400000001 -2157.7752 -1.4044303 2.0946615000000004 -7.0707295000000006
60697 74572.256 167.88997 -5025.9613 -4978.0813 -1.6732464 5.116068 -5.2232967
60697 75022.256 -575.61431 -2249.7271 -6684.1822 -1.5684718 6.9873852 -2.216352
60697 75472.256 -1191.0428000000002 1027.3989000000001 -6898.8275 -1.1149007 7.3012993 1.2803373
60697 75922.256 -1541.4273 4075.7895 -5574.4592 -0.41253163000000004 5.989346800000001 4.4948916
60697 76372.256 -1548.0516000000002 6214.9465 -3004.0419 0.38403863000000005 3.3358344000000004 6.7123052
60697 76822.256 -1208.6514 6964.4796 238.9633 1.0966137 -0.071393912 7.4281026
60697 77272.256 -598.28402 6152.9885 3428.5819 1.5643030000000002 -3.4664814 6.4762728
60697 77722.256 146.19191 3962.5498 5847.981 1.6812528 -6.082351399999999 4.0711028
60697 78172.256 857.98133 885.13687 6955.1936 1.4219811 -7.334180000000001 0.75620967
60697 78622.256 1377.9243999999999 -2390.2616000000003 6503.1543 0.8447492 -6.9455383 -2.727253
60697 79072.256 1589.5803 -5130.7633 4592.6325 0.07775765400000001 -5.001528400000001 -5.6024932
60697 79522.256 1445.1177 -6721.741 1650.6888999999999 -0.7076816 -1.9338485 -7.2226204
60697 79972.256 976.65317 -6805.7757 -1662.3873 -1.3344641 1.5669905000000002 -7.2197348
60697 80422.256 289.46021 -5365.9498 -4602.536099999999 -1.6614787 4.7109736 -5.5967963
60697 80872.256 -462.49858 -2726.8854 -6511.8755 -1.6170268 6.794131500000001 -2.7287562
60697 81322.256 -1111.4932 519.73152 -6967.1437000000005 -1.2126756 7.361297400000001 0.7435250999999999
60697 81772.256 -1513.0343 3650.5522 -5867.3661 -0.53783795 6.288808100000001 4.0523213
60697 82222.256 -1577.0511000000001 5966.701400000001 -3455.7045000000003 0.25899147 3.8086724 6.4626758
60697 82672.256 -1288.419 6947.905900000001 -270.17699 0.99983764 0.46956387 7.4284394
60697 83122.256 -710.97461 6372.1949 2976.7455 1.5175522000000001 -2.9796286 6.7256426000000005
60697 83572.256 25.88348 4367.844700000001 5554.7076 1.6947852 -5.7578474 4.5130431
60697 84022.256 756.9633100000001 1385.6958 6886.152900000001 1.4926777 -7.2434747 1.2925474
60697 84472.256 1318.872 -1906.3622 6674.527099999999 0.95714869 -7.1091809999999995 -2.2150131
60697 84922.256 1585.9669 -4772.2311 4967.197 0.20712565000000002 -5.384707000000001 -5.2287213
60697 85372.256 1498.1035 -6569.924 2145.4681 -0.5903530100000001 -2.451862 -7.0726765
60697 85822.256 1074.5943 -6895.7173 -1158.1936 -1.2558875 1.0313619 -7.328836900000001
60697 86272.256 409.62063 -5673.3922999999995 -4202.5916 -1.6403269 4.2829654 -5.9416227

