CIC_AEM_VERS = 1.0
CREATION_DATE = 2025-01-22T18:50:01.412Z
ORIGINATOR = CS Group

META_START
OBJECT_NAME = PLEIADES1B
OBJECT_ID = PLEIADES1B
CENTER_NAME = null
REF_FRAME_A = EME2000
REF_FRAME_B = SC_BODY_1
ATTITUDE_DIR = A2B
TIME_SYSTEM = UTC
START_TIME = 2025-01-22T11:27:52.25616
STOP_TIME = 2025-01-23T00:00:00.0
ATTITUDE_TYPE = QUATERNION
QUATERNION_TYPE = LAST
META_STOP

60697 41272.25616 -0.4877521803041399 -0.5772301165125955 -0.5011186672265235 -0.42164355154149596
60697 41722.25616 -0.6104125532427229 -0.4455502097651218 -0.5865915074372962 -0.2911905369760433
60697 42172.25616 -0.6984741536079451 -0.2886092225914417 -0.6387864570078482 -0.14418888903167595
60697 42622.25616 -0.7469265691010032 -0.11528351138174668 -0.6547432792911833 0.011029532969550157
60697 43072.25616 -0.7529963132855044 0.0646362017361206 -0.6335386280410706 0.16567293195752902
60697 43522.25616 -0.716294995323017 0.24096708674184794 -0.5763337954387614 0.310959320518774
60697 43972.25616 -0.6389290194067595 0.40358011031978175 -0.4864033142999097 0.4385255050190956
60697 44422.25616 0.5253553799099318 -0.5432347676626533 0.36889440656185385 -0.5411234875789185
60697 44872.25616 0.3818635026528356 -0.652160686724836 0.23030867982099562 -0.6130453621318804
60697 45322.25616 0.21657962104885942 -0.7240622631124363 0.07851518647144333 -0.6501249667380757
60697 45772.25616 0.03891126488409316 -0.7547666478495234 -0.07781834849987468 -0.6501980662812413
60697 46222.25616 -0.14100893991875352 -0.7424819457081807 -0.22974654548033988 -0.6132320637411531
60697 46672.25616 -0.31286071128827314 -0.6879228662263246 -0.36853640478005195 -0.5413512942692091
60697 47122.25616 -0.4668484891065994 -0.594261163174731 -0.48626757058098774 -0.4386912444560127
60697 47572.25616 -0.594209708433282 -0.4669290762299803 -0.5762530653302433 -0.31116629777684707
60697 48022.25616 -0.6877668233883734 -0.3132467915174561 -0.6334580310570773 -0.16608481911233272
60697 48472.25616 -0.7423058035286635 -0.14198588835353065 -0.6547402816584906 -0.01171602022379734
60697 48922.25616 -0.7548437497825728 0.037230289662045085 -0.6389840951907699 0.14326250395374862
60697 49372.25616 -0.7246939114416596 0.21437595026540604 -0.5870855600891957 0.2901589767729882
60697 49822.25616 -0.653503046058251 0.3795134199386961 -0.5019087309855896 0.4207029339563218
60697 50272.25616 0.5452331087495741 -0.523266155255983 0.3882044249241734 -0.5274568345904607
60697 50722.25616 0.40594435867066975 -0.6374369256155601 0.2523475119081677 -0.6043211702058755
60697 51172.25616 0.24351414697760176 -0.715443246278118 0.10204494061588722 -0.6468606122430853
60697 51622.25616 0.06717218725450061 -0.7527717526766572 -0.054137090032644074 -0.6526038316730582
60697 52072.25616 -0.11303869906133121 -0.7472492331174161 -0.20727565275912563 -0.6211905020951575
60697 52522.25616 -0.286803316166236 -0.6991861124975661 -0.34858467272381427 -0.5544108258941397
60697 52972.25616 -0.4442116760553745 -0.6113596393701961 -0.4699946251628114 -0.4560925679325276
60697 53422.25616 -0.5762880219341199 -0.488856293557035 -0.5645871322220583 -0.33189307036184035
60697 53872.25616 -0.6755797420289325 -0.3386957582997783 -0.6270503487567342 -0.18890488504513908
60697 54322.25616 -0.7364982037204866 -0.169492794439399 -0.653907610797957 -0.03531890556243078
60697 54772.25616 -0.7556949925098021 0.009265395467728131 -0.6437234670873322 0.12024694866607201
60697 55222.25616 -0.7320913078319516 0.18753429014482162 -0.597074147733027 0.2690272646511128
60697 55672.25616 -0.6669815280802452 0.35527578072011956 -0.5165474641359553 0.402608343341472
60697 56122.25616 0.5640634839952504 -0.5028956395003328 0.4067124766287455 -0.5133354879113687
60697 56572.25616 0.4291868786163777 -0.6220061680597847 0.2738036884302149 -0.5949272983492381
60697 57022.25616 0.2699728841607134 -0.7058668805236035 0.1253274583353733 -0.642774934938364
60697 57472.25616 0.09541849327621575 -0.7497018294821912 -0.03030795316887266 -0.6541589302200694
60697 57922.25616 -0.08461657264251059 -0.7509894055714403 -0.1842821064045289 -0.628406758089694
60697 58372.25616 -0.2599308572648083 -0.7096074608599305 -0.32784025407414147 -0.5669338310086163
60697 58822.25616 -0.4203816768122336 -0.6279750034040509 -0.45266573468281984 -0.4733079056431234
60697 59272.25616 -0.5569409953791209 -0.5107703375212714 -0.5517448529327056 -0.35285692176403116
60697 59722.25616 -0.6619920571715529 -0.36451370603806793 -0.6195471646208334 -0.21226772049102177
60697 60172.25616 -0.7294886972341829 -0.19745732797058085 -0.6521633566665439 -0.05949622223065482
60697 60622.25616 -0.7555004010881697 -0.019289722365980762 -0.6477036100727676 0.09657682985769549
60697 61072.25616 -0.7386232620594848 0.1598759900472178 -0.606487944489933 0.24707836355982996
60697 61522.25616 -0.679879843358876 0.3299198160052808 -0.5308966293093488 0.38349065515253905
60697 61972.25616 0.5826367695463763 -0.48124451921444167 0.42522789717430576 -0.49811579272629136
60697 62422.25616 0.45243143855121887 -0.605297624551704 0.29547378269738117 -0.5844791038703092
60697 62872.25616 0.29658305750743463 -0.6950960779609615 0.14892681801339616 -0.6377309270211342
60697 63322.25616 0.12412735735247456 -0.7454806485222479 -0.005912919524297778 -0.6548404685251508
60697 63772.25616 -0.05526071609671046 -0.7537166036594555 -0.16035144121944503 -0.6349369653149681
60697 64222.25616 -0.231568438418127 -0.7193628156817606 -0.30574814186889077 -0.5791470206145586
60697 64672.25616 -0.3949235509641145 -0.6442890304515748 -0.43393448670855045 -0.49053837299303205
60697 65122.25616 -0.5360519703522574 -0.5326533485623102 -0.5376097577067137 -0.37403802449129303
60697 65572.25616 -0.6468927786263896 -0.3906846907228016 -0.6108367452663331 -0.23616451051817788
60697 66022.25616 -0.7210328818554803 -0.22640484619583937 -0.6493636261416436 -0.08473080872029391
60697 66472.25616 -0.7541537197762401 -0.04915420827169269 -0.650927376484378 0.07162109535610332
60697 66922.25616 -0.7443023235783448 0.1309801186752507 -0.6153875309103243 0.2239563493803846
60697 67372.25616 -0.6920488793967062 0.30359293696861084 -0.5447935088177425 0.3634552378197192
60697 67822.25616 0.6004427612130177 -0.4588496299073176 0.44321579128477595 -0.4821672635057412
60697 68272.25616 0.47481550930530275 -0.5879092303067924 0.31652231612159537 -0.5733468343334962
60697 68722.25616 0.3224309469270075 -0.6834946814354528 0.1720054581671815 -0.6318919427195604
60697 69172.25616 0.15196972413082319 -0.74031421560154 0.017882780659928533 -0.6546145975165439
60697 69622.25616 -0.02700559534543031 -0.7552681329346422 -0.13719338474306964 -0.6403270417342989
60697 70072.25616 -0.20449894971584223 -0.7275340066075422 -0.2845406444647625 -0.5898398684747174
60697 70522.25616 -0.37056675093699193 -0.658610550709331 -0.4158746928755736 -0.5059255532388146
60697 70972.25616 -0.5157836328409182 -0.5523096775370414 -0.5237159918511406 -0.3932465181940333
60697 71422.25616 -0.6318614657337659 -0.4145583244323157 -0.6018931432138824 -0.25810294054264626
60697 71872.25616 -0.7120866527690657 -0.25314735931143834 -0.645871909025302 -0.10815956062136052
60697 72322.25616 -0.7518002263943568 -0.07726253878456346 -0.6530855525086816 0.04802271127693306
60697 72772.25616 -0.7486880375948733 0.10306644516081906 -0.6230893923328674 0.20150220695195212
60697 73222.25616 -0.7029358211604074 0.27748501875460196 -0.5576085865942288 0.3434471718513463
60697 73672.25616 0.6172091975537852 -0.43605203805369513 0.46041209128808386 -0.4657597371606572
60697 74122.25616 0.4964900790845979 -0.5697313422380038 0.3371076377612029 -0.5614821810220818
60697 74572.25616 0.3477748795812402 -0.6709603389579691 0.1948047319124058 -0.6252327351492377
60697 75022.25616 0.17952179618741357 -0.7341281782109603 0.04158209382468041 -0.6535278663710192
60697 75472.25616 0.0011726559830139542 -0.7557620559813253 -0.11395607800294517 -0.6448537445832292
60697 75922.25616 -0.17729429351786602 -0.7346519868046143 -0.2630847818845624 -0.599699582550118
60697 76372.25616 -0.34586355866643576 -0.6719260187759895 -0.3974022754219379 -0.5205432312189873
60697 76822.25616 -0.4949537196308935 -0.5710625159963276 -0.5092479106666402 -0.411794832081643
60697 77272.25616 -0.6160683400773822 -0.43769232107284806 -0.5922349098829884 -0.2795407733123208
60697 77722.25616 -0.7022162950227248 -0.27937368748833646 -0.6415644526183784 -0.13129231081905515
60697 78172.25616 -0.7484204362767619 -0.10512455767967897 -0.6543822791968433 0.024484905740022246
60697 78622.25616 -0.7520169617635517 0.07512493643571472 -0.6299425920879067 0.17888282147544493
60697 79072.25616 -0.7128063682554562 0.25108086574529703 -0.5696444863767892 0.32306445080135804
60697 79522.25616 -0.6330691672363654 0.41270347983952765 -0.4769543105466556 0.44879154723987824
60697 79972.25616 0.5174286834522865 -0.5507900471518108 0.35720489935664634 -0.5489103217966917
60697 80422.25616 0.3725647022642916 -0.6575208111461406 0.21728054651210554 -0.6177791592825398
60697 80872.25616 0.20672278024643506 -0.7269412970890053 0.06513205691750741 -0.6515979265432275
60697 81322.25616 0.029229411934986262 -0.7552053906253524 -0.09067874462197688 -0.648527427887307
60697 81772.25616 -0.14996260624971608 -0.7407254488879395 -0.24138933107778054 -0.6087431452906678
60697 82222.25616 -0.3207806904623778 -0.6842665116398119 -0.37849661606541535 -0.5344337202140156
60697 82672.25616 -0.4735158157323926 -0.5889661251428875 -0.4941842161949048 -0.4297483404846225
60697 83122.25616 -0.5994969020400871 -0.46012768971493545 -0.581868032399427 -0.30052548390037376
60697 83572.25616 -0.691426680377318 -0.305095824061698 -0.636462945997908 -0.15414474423145152
60697 84022.25616 -0.7440237655323725 -0.13271424825760914 -0.6548392997413207 0.0010276900036255078
60697 84472.25616 -0.7542882604891178 0.04720506189295545 -0.6359570814567405 0.15613933766033392
60697 84922.25616 -0.7216521864721389 0.2244117713199709 -0.5809066318835432 0.30233253825338063
60697 85372.25616 -0.6480178699344433 0.38881768169905256 -0.4928496838713527 0.43126887176297424
60697 85822.25616 0.5376393573209315 -0.53107998111295 0.37683486350455125 -0.5356243653607544
60697 86272.25616 0.3967284545823873 -0.6432251336273805 0.23937790621755128 -0.6095622846023286
