CIC_OEM_VERS = 2.0
CREATION_DATE = 2025-01-22T18:50:01.461186
ORIGINATOR = ISAE-SUPAERO


META_START
OBJECT_NAME = PLEIADES1A
OBJECT_ID = PLEIADES1A
CENTER_NAME = Earth
REF_FRAME = EME2000
TIME_SYSTEM = UTC
START_TIME = 2025-01-22T12:33:45.084
USEABLE_START_TIME = 2025-01-22T12:33:45.084
USEABLE_STOP_TIME = 2025-01-22T23:56:15.084
STOP_TIME = 2025-01-22T23:56:15.084
INTERPOLATION = lagrange
INTERPOLATION_DEGREE = 5
META_STOP


60697 45225.084 183.15892000000002 3877.8757 5915.2406 1.6589653000000002 -6.1457370000000004 3.977214
60697 45675.084 881.35472 782.8510699999999 6976.1219 1.3850816 -7.3460675 0.65041014
60697 46125.084 1383.2805 -2486.3356000000003 6479.7846 0.8034706 -6.908623700000001 -2.8145353
60697 46575.084 1577.3607 -5202.2304 4537.661700000001 0.042612378 -4.932635100000001 -5.653407100000001
60697 47025.084 1420.0934 -6759.269700000001 1582.2506 -0.72833967 -1.8559272000000002 -7.231699300000001
60697 47475.084 946.42726 -6810.3663 -1726.7568999999999 -1.336704 1.6324958999999999 -7.194614400000001
60697 47925.084 262.21272 -5346.5193 -4650.8288 -1.6466782000000002 4.7502301 -5.5546865
60697 48375.084 -480.28767 -2696.003 -6540.6025 -1.591 6.8063238 -2.6865636
60697 48825.084 -1116.5332 551.24007 -6979.421 -1.183452 7.3536706999999994 0.7729319299999999
60697 49275.084 -1505.7357 3676.3885 -5870.300700000001 -0.51342986 6.2732866000000005 4.0645111
60697 49725.084 -1561.0578 5986.0658 -3456.5071000000003 0.27268084 3.7961338000000002 6.4613551
60697 50175.084 -1269.2326 6963.973599999999 -272.65981 1.0004593 0.46549914000000003 7.4223854000000005
60697 50625.084 -694.29439 6388.5960000000005 2972.3974 1.5062532000000002 -2.9744636 6.7248684
60697 51075.084 35.562056 4387.6827 5552.6418 1.6757783 -5.7488048 4.524332
60697 51525.084 757.48964 1409.3385 6892.920700000001 1.4718516 -7.2380217 1.3175934
60697 51975.084 1310.8333 -1882.7599 6695.1395999999995 0.9409392000000001 -7.1165745 -2.1797579000000002
60697 52425.084 1572.6222 -4756.0731 5004.3037 0.20036661 -5.4112124 -5.1927618
60697 52875.084 1484.2789 -6570.3093 2196.4525 -0.58567081 -2.4985555 -7.0492819
60697 53325.084 1065.2191 -6920.6365000000005 -1102.1214 -1.2413487 0.9707995700000001 -7.3315889
60697 53775.084 409.11834000000005 -5730.885700000001 -4154.7147 -1.6197283 4.2181111 -5.9784269000000005
60697 54225.084 -338.00347999999997 -3267.7452000000003 -6282.6198 -1.6379896 6.5208609 -3.3010221000000004
60697 54675.084 -1010.2974 -80.776014 -7015.719 -1.2936404000000001 7.3760399 0.10399449
60697 55125.084 -1458.9687 3123.9916000000003 -6192.219400000001 -0.66262119 6.59824 3.4877516
60697 55575.084 -1584.1290000000001 5635.7973 -3992.5661 0.11724884000000001 4.3531402 6.1044329
60697 56025.084 -1356.6246 6892.0831 -902.80919 0.8733663800000001 1.1330639000000002 7.3681095
60697 56475.084 -826.91926 6613.4068 2389.2089 1.4361249 -2.3483783 6.9838269
60697 56925.084 -112.61394 4858.5003 5146.8739000000005 1.6780106000000001 -5.3023594 5.0381096
60697 57375.084 627.04594 2015.6381000000001 6750.0684 1.5467875 -7.0771383 1.969357
60697 57825.084 1227.3121 -1276.8002 6847.003900000001 1.0678347000000001 -7.2670012 -1.5508995
60697 58275.084 1553.8177 -4282.530900000001 5414.9375 0.3518189 -5.8320702 -4.7121293
60697 58725.084 1532.8432 -6330.7855 2768.4871000000003 -0.44354964 -3.0971192000000003 -6.8262284
60697 59175.084 1169.4339 -6964.6625 -497.89191 -1.1408288 0.33358293 -7.4137252
60697 59625.084 544.7315500000001 -6042.5712 -3653.0325000000003 -1.5825662 3.6854197 -6.3414853
60697 60075.084 -201.46808 -3774.2381 -5993.213 -1.6704575 6.206067200000001 -3.8565168
60697 60525.084 -902.8612400000001 -667.05086 -6997.8501 -1.3880545 7.3422073 -0.52536663
60697 60975.084 -1404.3435 2587.9891000000002 -6449.030900000001 -0.7986995 6.8516226 2.9183657
60697 61425.084 -1594.8211000000001 5269.8413 -4468.6102 -0.031614551 4.8418535 5.7177331
60697 61875.084 -1431.454 6782.3832 -1494.4602 0.74422278 1.7519872 7.250184
60697 62325.084 -949.93853 6787.3043 1812.4148 1.3555444 -1.7317747 7.1680215
60697 62775.084 -257.06401 5282.1398 4715.1033 1.6654685999999999 -4.8306252 5.4877188
60697 63225.084 493.00599 2602.4987 6566.8967 1.6050127 -6.8529264 2.5865109000000004
60697 63675.084 1133.5781000000002 -655.3549200000001 6956.0937 1.1879948 -7.352086000000001 -0.88987146
60697 64125.084 1522.0722 -3767.1147 5794.8501 0.50617231 -6.2167876 -4.1725233
60697 64575.084 1573.326 -6044.6557 3345.8354 -0.2902811 -3.6871088 -6.5243912
60697 65025.084 1272.5429 -6969.3358 146.6682 -1.0216696 -0.34199815 -7.4238767
60697 65475.084 688.2228 -6341.0474 -3085.1601 -1.5259886 3.0816564 -6.6659435
60697 65925.084 -49.421375 -4300.3015000000005 -5628.2052 -1.6901228000000001 5.8145180000000005 -4.4228718
60697 66375.084 -776.12653 -1303.7575 -6917.4586 -1.4785719 7.2508553000000004 -1.1992682
60697 66825.084 -1330.578 1982.2251 -6667.525900000001 -0.93900352 7.077128200000001 2.2891231
60697 67275.084 -1589.5688 4827.938099999999 -4933.5143 -0.19007653 5.330525300000001 5.2720468
60697 67725.084 -1494.8588 6599.4962000000005 -2098.8752999999997 0.6028069 2.3932282000000002 7.084658900000001
60697 68175.084 -1067.1279 6900.5483 1204.0701000000001 1.2621225999999999 -1.0807168999999999 7.3154935
60697 68625.084 -401.26377 5661.1674 4236.7953 1.6403731000000001 -4.3114443 5.9161676
60697 69075.084 354.18932 3155.9295 6318.6641 1.6551106 -6.5873344 3.2017064
60697 69525.084 1031.5819000000001 -50.210066 6997.5918 1.2988965000000001 -7.3884881 -0.23412239
60697 69975.084 1479.4468000000002 -3245.1879 6115.5183 0.65397524 -6.5422644000000005 -3.6110168
60697 70425.084 1598.2215 -5718.3913 3869.6025 -0.13602155999999999 -4.241573900000001 -6.1808862
60697 70875.084 1361.6428 -6920.2561 761.04785 -0.8954042799999999 -0.99924912 -7.372177
60697 71325.084 822.58361 -6585.0048 -2517.1275 -1.4548999 2.4597040000000003 -6.9215529
60697 71775.084 101.10936000000001 -4790.0722000000005 -5236.3748 -1.6909407 5.3655033 -4.936116200000001
60697 72225.084 -642.76075 -1936.0362 -6795.1547 -1.5529105 7.0798373 -1.8616399
60697 72675.084 -1244.6765 1345.5088 -6849.51 -1.0717499000000001 7.2301736000000005 1.6256229000000002
60697 73125.084 -1571.2112 4329.0433 -5384.9971 -0.35160381 5.7785791 4.7623347
60697 73575.084 -1548.6701 6350.587500000001 -2721.33 0.45030570999999997 3.0333716 6.8510726
60697 74025.084 -1180.6178 6954.8552 550.36849 1.1546861 -0.40065225 7.4124247
60697 74475.084 -548.3889200000001 6002.8523 3698.4622999999997 1.6015871 -3.7497561 6.3113075
60697 74925.084 206.58376 3707.5955 6016.9892 1.6898914 -6.2560633 3.7974145
60697 75375.084 915.54471 585.57382 6990.609200000001 1.4002266 -7.3594673 0.4365245
60697 75825.084 1420.2411000000002 -2667.6136 6399.9399 0.80034225 -6.8248241 -3.0115254
60697 76275.084 1608.8906000000002 -5327.1613 4381.5648 0.022131947 -4.7709639 -5.7886147
60697 76725.084 1439.3436000000002 -6800.710400000001 1385.2645 -0.76136904 -1.6538195 -7.2748365
60697 77175.084 949.34595 -6760.3328 -1920.386 -1.3748701 1.8288332 -7.137305400000001
60697 77625.084 248.26846 -5217.3068 -4798.4449 -1.6817881000000001 4.8973204 -5.4119392
60697 78075.084 -507.89962 -2517.8036 -6610.479200000001 -1.6155484 6.8731793 -2.4903608
60697 78525.084 -1151.7801000000002 738.62447 -6956.933400000001 -1.1921924 7.3270421 0.97974506
60697 78975.084 -1540.8812 3831.4934 -5760.723400000001 -0.5041774 6.159025400000001 4.2376811
60697 79425.084 -1588.2666000000002 6074.4868 -3283.8983 0.29832378 3.6180467 6.5628655
60697 79875.084 -1282.1656 6964.9913 -75.014337 1.0369614 0.26223325999999997 7.4289366
60697 80325.084 -689.8821899999999 6300.9637 3150.7066 1.5453432 -3.1576657 6.633819900000001
60697 80775.084 56.465801 4230.0576 5671.3045 1.7085425 -5.870616500000001 4.3551951
60697 81225.084 790.52649 1214.7696 6924.6762 1.4906103000000002 -7.2709999 1.1063347000000001
60697 81675.084 1348.2543 -2070.004 6631.4065 0.94127279 -7.0514159 -2.384649
60697 82125.084 1605.957 -4894.1765000000005 4858.701599999999 0.18224933 -5.262101800000001 -5.3445393
60697 82575.084 1506.0399 -6628.462500000001 2001.3493 -0.6179462 -2.2992890000000004 -7.1131687
60697 83025.084 1070.6363999999999 -6886.3195000000005 -1303.0881000000002 -1.2802931000000002 1.1744917000000001 -7.2932981
60697 83475.084 397.08141 -5612.4873 -4316.9947999999995 -1.6567089000000002 4.3800288 -5.8480187
60697 83925.084 -364.71223 -3092.8264 -6370.8607 -1.6650594 6.6057135 -3.1087189
60697 84375.084 -1045.845 111.3827 -7011.4166 -1.3051452 7.3666164 0.31535075
60697 84825.084 -1495.6357 3290.8422 -6097.1273 -0.65595116 6.4973127 3.672524
60697 85275.084 -1613.8566 5740.4484 -3828.0496000000003 0.14094491 4.1824742 6.2225378000000005
60697 85725.084 -1373.0916000000002 6912.6496 -705.88304 0.90916313 0.92798435 7.3915602
60697 86175.084 -826.04459 6542.9595 2574.2648 1.4759576 -2.5402994 6.9085661

