CIC_AEM_VERS = 1.0
CREATION_DATE = 2025-01-22T18:50:01.806Z
ORIGINATOR = CS Group

META_START
OBJECT_NAME = PLEIADES-NEO4
OBJECT_ID = PLEIADES-NEO4
CENTER_NAME = null
REF_FRAME_A = EME2000
REF_FRAME_B = SC_BODY_1
ATTITUDE_DIR = A2B
TIME_SYSTEM = UTC
START_TIME = 2025-01-22T11:18:41.603904
STOP_TIME = 2025-01-22T23:59:60.0
ATTITUDE_TYPE = QUATERNION
QUATERNION_TYPE = LAST
META_STOP

60697 40721.603904 -0.4875481759906009 -0.5752952221160522 -0.5019317884432623 -0.423552432703235
60697 41171.603904 -0.6114417012195651 -0.4413941778438769 -0.5889434312656568 -0.29061290498580156
60697 41621.603904 -0.6995680687134661 -0.2816690112783642 -0.6414747821561249 -0.14063139471587427
60697 42071.603904 -0.7467527806449357 -0.10545260607249747 -0.6564525064868193 0.017610769396812758
60697 42521.603904 -0.7502155247997139 0.07698213646519822 -0.6329872833898353 0.17486427903233936
60697 42971.603904 -0.7097147084544687 0.2549824385563532 -0.5724142660720736 0.3219175307876436
60697 43421.603904 0.6276707278374081 -0.41797833849146615 0.47833281580287307 -0.4500236474831808
60697 43871.603904 0.508950959221948 -0.5564572604712016 0.3562861100345677 -0.551710473140016
60697 44321.603904 0.3605187150730315 -0.6623711621148659 0.21341198420919474 -0.6210845551747257
60697 44771.603904 0.19100411921807572 -0.7295646382810638 0.05802016276886684 -0.6541303583566672
60697 45221.603904 0.010267645608148707 -0.7540888961917509 -0.10082585302937823 -0.648905740038467
60697 45671.603904 -0.17116923189407998 -0.7344574750186169 -0.253846507009159 -0.6056692681004356
60697 46121.603904 -0.342660866659504 -0.6717642059463546 -0.3920347134622317 -0.5269014760939728
60697 46571.603904 -0.4939430609056308 -0.569811745539325 -0.5071087609694213 -0.4173434218682047
60697 47021.603904 -0.6162343306410833 -0.4346750110121215 -0.5924138395070736 -0.283476149440187
60697 47471.603904 -0.7025344303027147 -0.2741769102216763 -0.6430965190371073 -0.13303857840074193
60697 47921.603904 -0.7478102601191695 -0.09763417873576588 -0.6562096745677886 0.025223897532493357
60697 48371.603904 -0.749374437411584 0.08472301172665027 -0.6309477122908425 0.18211246029031056
60697 48821.603904 -0.7070421856640093 0.2622775172897016 -0.5687001188334656 0.3284539944263321
60697 49271.603904 0.623299528031248 -0.42445212794244436 0.47313223551106176 -0.4555040912675315
60697 49721.603904 0.503191400493059 -0.5616610275840347 0.34995623489878724 -0.5557570856215375
60697 50171.603904 0.3536105307553444 -0.6660797070443052 0.2062259944390388 -0.6235128351688728
60697 50621.603904 0.18333286051482042 -0.7315251516242604 0.05039244632307996 -0.6547676046889704
60697 51071.603904 0.0022893501074424056 -0.754149334347423 -0.10843435756988587 -0.6476847462136425
60697 51521.603904 -0.17895641971800993 -0.7325921584418277 -0.26095974454284376 -0.602646945532282
60697 51971.603904 -0.34986194496662965 -0.6680347488370865 -0.3982817233713625 -0.522204809091869
60697 52421.603904 -0.5002515638316434 -0.564271290234107 -0.5122022729012473 -0.4110901549980583
60697 52871.603904 -0.6212624689244672 -0.4274406722475929 -0.5960115589842917 -0.27585800327616994
60697 53321.603904 -0.7058228276237003 -0.2655660243926825 -0.6448298422435026 -0.12443189802365408
60697 53771.603904 -0.7490067956935569 -0.08788439051232633 -0.655799656775023 0.03452483284404495
60697 54221.603904 -0.748141195691208 0.0948903693072574 -0.6282104603389628 0.19139536735033724
60697 54671.603904 -0.7033315239942387 0.27203037482804565 -0.5637266962538838 0.3369517093850925
60697 55121.603904 0.6173007312725256 -0.4331106387366329 0.466201983278529 -0.4626128971080649
60697 55571.603904 0.4952096797424608 -0.5686984350653893 0.3414412716725727 -0.5610412828323448
60697 56021.603904 0.3443189731939986 -0.670917604340601 0.1968298161779926 -0.6265556929338659
60697 56471.603904 0.17346946678627118 -0.7339140592550383 0.040824365647482576 -0.6554478384205411
60697 56921.603904 -0.007459431530843192 -0.7541021591825103 -0.1175424093296969 -0.6461099538054514
60697 57371.603904 -0.1880409235648578 -0.7302985118487217 -0.2691176499500885 -0.5990662610611277
60697 57821.603904 -0.3578194040900295 -0.66379306618042 -0.4050915864511225 -0.5169572960448141
60697 58271.603904 -0.5068067567778022 -0.5583759505469406 -0.5174410761731547 -0.4044971468674823
60697 58721.603904 -0.6262173529588088 -0.4201303907743528 -0.5995159208341513 -0.26818453025376404
60697 59171.603904 -0.7089216548063821 -0.2571574962548353 -0.6464046533171645 -0.11602212563318136
60697 59621.603904 -0.7499807074196952 -0.07906692697989613 -0.6553083509375791 0.042992147511840974
60697 60071.603904 -0.7469685702639444 0.1036501452186869 -0.6257054052361201 0.1994676622720754
60697 60521.603904 -0.7000941121259925 0.28023651595984034 -0.5593622991349011 0.34416500053858723
60697 60971.603904 0.6121842629858476 -0.4403004908378612 0.46023040103133334 -0.46856577327729687
60697 61421.603904 0.4884994001127302 -0.5744638850840688 0.33419713713133103 -0.5653953080428267
60697 61871.603904 0.33638025526894844 -0.67492696323698 0.18871026878607924 -0.6290551268494607
60697 62321.603904 0.16475613632061276 -0.7359133286468029 0.032299719453528025 -0.6559296581097014
60697 62771.603904 -0.01643561306933429 -0.7539529880098176 -0.12596681693034628 -0.6445286056697094
60697 63221.603904 -0.19673960352924966 -0.7279954486921689 -0.2769316088975804 -0.5955040210443913
60697 63671.603904 -0.3657088590843866 -0.659472477031805 -0.4118156285332278 -0.5116258110382177
60697 64121.603904 -0.5134113947448461 -0.5523101697723328 -0.5226653491522758 -0.39772245210415036
60697 64571.603904 -0.6311433553791326 -0.4127035888956394 -0.6029347017212342 -0.2603911637013735
60697 65021.603904 -0.711895537666661 -0.24882669473572935 -0.6478375362313018 -0.10768726056012619
60697 65471.603904 -0.750857841165682 -0.07031242330907284 -0.6546967902657351 0.051388503618622614
60697 65921.603904 -0.7457162437374767 0.11233988251016032 -0.6230981528538908 0.20745053996975063
60697 66371.603904 -0.69678902874221 0.28836973363671786 -0.5549129107578039 0.3512828029110981
60697 66821.603904 0.6070092104073619 -0.4474178152435857 0.4541873965218987 -0.4744164056226841
60697 67271.603904 0.48173845026904816 -0.5801554189581246 0.326895591562682 -0.5696376283241679
60697 67721.603904 0.3283998467407848 -0.6788553086550518 0.18055360419921793 -0.6314344040216335
60697 68171.603904 0.1560180459144553 -0.7378234943854051 0.023764871632095504 -0.6562850686692903
60697 68621.603904 -0.025411654728433826 -0.7537105539005174 -0.13436944959346506 -0.6428215146981993
60697 69071.603904 -0.2054074529700036 -0.7256029864668241 -0.2846903736009907 -0.5918272344812546
60697 69521.603904 -0.3735353305529931 -0.6550766640337444 -0.41845452649471654 -0.5062032500124523
60697 69971.603904 -0.5199283249837784 -0.5461876545021765 -0.5277882039570678 -0.39088770089726027
60697 70421.603904 -0.6359640619597584 -0.4052491337695397 -0.6062416046144761 -0.2525746786777084
60697 70871.603904 -0.7147588811867313 -0.24050036598680127 -0.6491578174791776 -0.09936520382194997
60697 71321.603904 -0.7516287023954129 -0.0615995241877339 -0.6539813445211405 0.0597343567267099
60697 71771.603904 -0.7443728907731456 0.12095277871027134 -0.6204058693978078 0.21535083473496236
60697 72221.603904 -0.6934128545034977 0.29640982200441346 -0.550398790371266 0.35830294749899866
60697 72671.603904 0.6017835037593566 -0.4544362954669596 0.4480983170933525 -0.48015848027863006
60697 73121.603904 0.47494289049213284 -0.5857457724538332 0.3195656593442553 -0.57376731363098
60697 73571.603904 0.3204227781568768 -0.6826704934804352 0.17240692638205027 -0.6336924272112633
60697 74021.603904 0.1473125953607759 -0.7396229726284618 0.015270549810539052 -0.6565239279087959
60697 74471.603904 -0.034360669863333956 -0.7533661866051355 -0.14273204123964187 -0.6410041323190859
60697 74921.603904 -0.21407986364845868 -0.723101208144949 -0.29242937718244644 -0.5880301983063957
60697 75371.603904 -0.3814014018611882 -0.6505391383129269 -0.4250908604252111 -0.5006291647161087
60697 75821.603904 -0.5265326106712072 -0.5398390759528771 -0.5329304603883898 -0.3838258802690692
60697 76271.603904 -0.6408525025542477 -0.3974940850982304 -0.6095382595487042 -0.2444782862100748
60697 76721.603904 -0.7176178866002793 -0.23186271306789633 -0.6504034681786501 -0.09077213064221172
60697 77171.603904 -0.7523170500924985 -0.05265073855562746 -0.653135974139708 0.06826679393557854
60697 77621.603904 -0.7429148745222265 0.129649776656722 -0.6175804204139448 0.22329990807839947
60697 78071.603904 -0.6899635290662941 0.30436985153133184 -0.5458143521656466 0.36523419200175605
60697 78521.603904 0.5965908577163236 -0.4612432430154534 0.4420553731998856 -0.48571706402698944
60697 78971.603904 0.4683158944673735 -0.5910680951007987 0.31240975380272185 -0.5776840621585988
60697 79421.603904 0.3123585926948845 -0.6864076695853313 0.16418958461923544 -0.6358603628208546
60697 79871.603904 0.13778904968701836 -0.7414649584617365 0.006062182291558307 -0.656663645335683
60697 80321.603904 -0.04474123911225269 -0.7528280279729425 -0.15229641816974215 -0.638791032211425
60697 80771.603904 -0.22445983434658068 -0.7199529343233052 -0.30153261151363697 -0.5834069242973846
60697 81221.603904 -0.39080693021230484 -0.6449392191074336 -0.43288212521511693 -0.49389919277558286
60697 81671.603904 -0.5341118984154123 -0.5323492348342246 -0.5387316581395254 -0.37562876974579196
60697 82121.603904 -0.6461243732101375 -0.3888770435588066 -0.6130265870718294 -0.23557661785464531
60697 82571.603904 -0.7204650440845916 -0.22287373692485268 -0.6515780831068224 -0.08187441148599331
60697 83021.603904 -0.7528822487475443 -0.04388005510759846 -0.6522046606268475 0.0766285908862595
60697 83471.603904 -0.7414387196236911 0.1378489850114544 -0.6148077002768199 0.23081978696468236
60697 83921.603904 -0.6866283151605073 0.31182378913322584 -0.5413975340130381 0.37174748353558745
60697 84371.603904 0.5914737281032905 -0.46779145834524977 0.43610851125353156 -0.4910594127751221
60697 84821.603904 0.46141727614550687 -0.5964734671596608 0.30500307601143656 -0.5816241259374959
60697 85271.603904 0.3041142924789376 -0.6901023693718723 0.15582431796691434 -0.6379592454283496
60697 85721.603904 0.12889895645433755 -0.7430633445491095 -0.0025628245008965968 -0.6566851277005227
60697 86171.603904 -0.05381905293463557 -0.7522334406576449 -0.16072875290423497 -0.636721782482294
