CIC_AEM_VERS = 1.0
CREATION_DATE = 2025-01-22T18:50:01.693Z
ORIGINATOR = CS Group

META_START
OBJECT_NAME = PLEIADES-NEO3
OBJECT_ID = PLEIADES-NEO3
CENTER_NAME = null
REF_FRAME_A = EME2000
REF_FRAME_B = SC_BODY_1
ATTITUDE_DIR = A2B
TIME_SYSTEM = UTC
START_TIME = 2025-01-22T12:07:20.48016
STOP_TIME = 2025-01-23T00:00:00.0
ATTITUDE_TYPE = QUATERNION
QUATERNION_TYPE = LAST
META_STOP

60697 43640.48016 -0.48736190728445333 -0.5754567836124033 -0.5020679786830813 -0.423385883448672
60697 44090.48016 -0.6112812393955512 -0.44162147511940986 -0.5890233609553663 -0.2904431085862419
60697 44540.48016 -0.6994569417735004 -0.2819521191934445 -0.6415069317863094 -0.140470087767123
60697 44990.48016 -0.7467120958652596 -0.1057582956353761 -0.6564453038842061 0.017770531820517552
60697 45440.48016 -0.750247555472961 0.07669299488177185 -0.6329376133567965 0.1750336186025794
60697 45890.48016 -0.7098027374883705 0.2547422966405408 -0.5723100414162726 0.3220988243543002
60697 46340.48016 0.627799302934494 -0.4177866007367374 0.47817333743975254 -0.45019179339647436
60697 46790.48016 0.5091058585111694 -0.556316065469247 0.3560754946914386 -0.5518459044068997
60697 47240.48016 0.36052396816432897 -0.6623701245604215 0.21300478972779854 -0.6212223804901702
60697 47690.48016 0.19048129498603142 -0.7297032740912438 0.05711722279121084 -0.6542076359242398
60697 48140.48016 0.009130638416702381 -0.7541052548046472 -0.10223355838724149 -0.6486834325444145
60697 48590.48016 -0.17280157663621182 -0.7340767476797657 -0.25559166794186544 -0.604932924303705
60697 49040.48016 -0.3444449638886048 -0.6708526539784541 -0.3937799387989414 -0.525596559445878
60697 49490.48016 -0.49567923207442105 -0.568302362449414 -0.5086544736592251 -0.4154577597674446
60697 49940.48016 -0.617662664295129 -0.43264073873374437 -0.5935321964137199 -0.2811304966453623
60697 50390.48016 -0.7034057658785247 -0.27192620333904116 -0.6436080713344917 -0.1305569568408993
60697 50840.48016 -0.7480731425102115 -0.09557507618587228 -0.6561233153540867 0.027462216147341345
60697 51290.48016 -0.7491944669156507 0.08626944293878912 -0.6304530071260396 0.18383209666360983
60697 51740.48016 -0.7066966435813149 0.26319495999412085 -0.5680586016280167 0.32957198318579717
60697 52190.48016 0.6229149527694996 -0.42501040450114425 0.47242363114719765 -0.4562444853536778
60697 52640.48016 0.5025802838982543 -0.5622055296263894 0.3489860420665806 -0.5563692507112197
60697 53090.48016 0.35260381922269407 -0.6666102531193557 0.20487392361246362 -0.6239615312896722
60697 53540.48016 0.1817529390060296 -0.7319163256312378 0.04854716336761211 -0.6549103254386028
60697 53990.48016 1.0462983241442476E-4 -0.7541496093434099 -0.11073807700822001 -0.6472985664129823
60697 54440.48016 -0.18153905994114586 -0.731953044961106 -0.2634818407642417 -0.6015526820448371
60697 54890.48016 -0.35206615592260704 -0.6668730824440855 -0.4003476075704425 -0.5206260720306135
60697 55340.48016 -0.5018836177125438 -0.5628166153062453 -0.5136622749096825 -0.4092692990459962
60697 55790.48016 -0.6224248232891644 -0.42574112153009036 -0.5969450561912268 -0.27384016630254654
60697 56240.48016 -0.7066240507622927 -0.263421892561967 -0.6452871036753317 -0.12204880676869388
60697 56690.48016 -0.7492936633174592 -0.08538915479832919 -0.6556584823815543 0.03714367828105255
60697 57140.48016 -0.7477983563977343 0.09753892449766048 -0.6274023733423248 0.19403617781513038
60697 57590.48016 -0.7023604127148173 0.2745245766878536 -0.5623049141377203 0.3393218103541197
60697 58040.48016 0.615754961435181 -0.43530446543012685 0.46424797293066206 -0.4645747189358473
60697 58490.48016 0.4932595657598211 -0.570388833604423 0.33915049503981387 -0.5624309033117472
60697 58940.48016 0.34180617588766404 -0.6722001919776223 0.19407145422826982 -0.6274166962107589
60697 59390.48016 0.17021258455288063 -0.7346752100581618 0.03748370942632597 -0.6556485211708076
60697 59840.48016 -0.01148005393175222 -0.7540501244021512 -0.12141331419616802 -0.6453955573032146
60697 60290.48016 -0.19265668655369347 -0.7290924869054497 -0.27329731613362324 -0.5971734452052745
60697 60740.48016 -0.3624377703494867 -0.6612817352715763 -0.40902354169843996 -0.5138531614739468
60697 61190.48016 -0.5108712047923566 -0.5546629800041333 -0.5206401588070795 -0.40036660170933275
60697 61640.48016 -0.6292256191403642 -0.41562038952787106 -0.6015965543893382 -0.2634699181557586
60697 62090.48016 -0.7106516813648023 -0.2523536665671831 -0.6472429019167713 -0.11121349136608971
60697 62540.48016 -0.7504513577132407 -0.074517724524238 -0.6549985539197898 0.0474000295471178
60697 62990.48016 -0.7464215760522546 0.10755105682850112 -0.6245159585875093 0.20314383684538692
60697 63440.48016 -0.6988497155339785 0.2833388700237616 -0.5575988432222696 0.3470038758701726
60697 63890.48016 0.6104748483183194 -0.44267562590848575 0.45809622630803576 -0.4706448738057092
60697 64340.48016 0.48639694811917045 -0.5762522610402178 0.3317503827592403 -0.5668271553529272
60697 64790.48016 0.3337983004736604 -0.6762139833751029 0.18588636096550223 -0.6298885648238702
60697 65240.48016 0.16155118697966836 -0.7366293135793355 0.02900982353258436 -0.6560768998369823
60697 65690.48016 -0.020288653134027054 -0.7538642600828974 -0.1296840007595019 -0.6437849857449941
60697 66140.48016 -0.2010488064641731 -0.7268217775877457 -0.28084457345081243 -0.5936630413009996
60697 66590.48016 -0.36984945779095035 -0.6571639480733193 -0.4153575361485331 -0.5087485047536234
60697 67040.48016 -0.5168099489669622 -0.5491384438804628 -0.5253631469494329 -0.3941421189478464
60697 67490.48016 -0.633608073027953 -0.40892191276352463 -0.6046457270218856 -0.256373212036281
60697 67940.48016 -0.7133885603522686 -0.24453461613171606 -0.6485358824984757 -0.10334792007464508
60697 68390.48016 -0.7512917105848954 -0.06558690506949348 -0.6543159959723333 0.05594372980558966
60697 68840.48016 -0.7450109953159664 0.1169636207512363 -0.6216525916606075 0.21172194869857971
60697 69290.48016 -0.6951191543206169 0.29238763013544516 -0.5526363721897783 0.354840633486766
60697 69740.48016 0.6047289123320098 -0.4505083664096534 0.4514448643694263 -0.477014348651191
60697 70190.48016 0.4792397113830357 -0.5822334823861209 0.32405567172253774 -0.5712454749461829
60697 70640.48016 0.3259545307786265 -0.6800439136700631 0.1778547450259736 -0.632187953868891
60697 71090.48016 0.15368447957055772 -0.7383231103161236 0.021252689824811197 -0.6563599535982237
60697 71540.48016 -0.027724963879414213 -0.7536384356228056 -0.1367660925130084 -0.6423048113385253
60697 71990.48016 -0.2078332847660273 -0.7249210160763001 -0.2870553475319672 -0.5906725604322327
60697 72440.48016 -0.37612248765416406 -0.6536048173751119 -0.42077832210394056 -0.5042600724152987
60697 72890.48016 -0.5225431553399985 -0.5436994623239945 -0.5299025446376677 -0.38799850342809555
60697 73340.48016 -0.6382452204327054 -0.4016634520329085 -0.6078114992350394 -0.24874623875240462
60697 73790.48016 -0.716266405696862 -0.2359996903622704 -0.6498240936598391 -0.09484318382561574
60697 74240.48016 -0.7520316752935806 -0.05657042110063749 -0.6535153890714263 0.06454287767406623
60697 74690.48016 -0.7435495196487842 0.12595772489866577 -0.6187897055971218 0.21992740533058078
60697 75140.48016 -0.6915137593342953 0.30083160920896124 -0.5478545499186045 0.36216633704084167
60697 75590.48016 0.5991709192201783 -0.45788732661506387 0.44501000819646386 -0.48301086767394724
60697 76040.48016 0.47205426638614595 -0.5880859395669361 0.316348153952544 -0.5755376119430675
60697 76490.48016 0.31757984796630384 -0.6840065930549913 0.16934206217603764 -0.6345086971830803
60697 76940.48016 0.14463618602503509 -0.7401591201984814 0.01245659209307874 -0.656574202807701
60697 77390.48016 -0.03689684697585224 -0.7532537614520922 -0.14531489184988006 -0.6404146904531256
60697 77840.48016 -0.21658607492753587 -0.7223618812019214 -0.29485357939513335 -0.5868092973460655
60697 78290.48016 -0.38395397368800216 -0.6490434483301726 -0.4273801051676319 -0.4986664155282321
60697 78740.48016 -0.5290166517057104 -0.5374139916848696 -0.5349405872082346 -0.3810067609855806
60697 79190.48016 -0.6430057582925227 -0.39401442587744356 -0.6110099632481262 -0.24075516986069023
60697 79640.48016 -0.7190481406860008 -0.22741048092288466 -0.6510043766275257 -0.08629916659061175
60697 80090.48016 -0.7526649701665818 -0.04750983650688501 -0.6525988425641475 0.07316425905565148
60697 80540.48016 -0.7419647120960374 0.13500873582608153 -0.6157947331502174 0.22816190277813736
60697 80990.48016 -0.6877517760546045 0.3093460975290274 -0.5429113528835734 0.36952638523849235
60697 81440.48016 0.5934128262711702 -0.46533321850954074 0.4383784730699873 -0.48903019100791767
60697 81890.48016 0.4646314548906693 -0.5939760465555207 0.30841769155696624 -0.5798177254785558
60697 82340.48016 0.30895327084468865 -0.687952445753347 0.16060828919969955 -0.6367686285117242
60697 82790.48016 0.1353615926131375 -0.7419163285790397 0.0034739124662620836 -0.6566774950957359
60697 83240.48016 -0.046232554955399636 -0.752741908983344 -0.1539863856239887 -0.6383810479367846
60697 83690.48016 -0.22541999757735606 -0.7196571878912265 -0.3026953542633242 -0.5827991756309522
60697 84140.48016 -0.3917853771251846 -0.6443501457605744 -0.4339544425416506 -0.4929509607735527
60697 84590.48016 -0.5354254196678613 -0.5310333490276088 -0.5399014705243982 -0.3739379685450636
60697 85040.48016 -0.6476668537702227 -0.3863090545824311 -0.6141089270629512 -0.23272985750994685
60697 85490.48016 -0.7217184688392743 -0.2187894152606813 -0.6520803716043336 -0.07774852072249809
60697 85940.48016 -0.7531851894654851 -0.03836275133327333 -0.6515696695393076 0.08183724956534366
60697 86390.48016 -0.7402184470898717 0.14426172629682124 -0.6126290343119221 0.23653936507854575
