CIC_OEM_VERS = 2.0
CREATION_DATE = 2025-01-22T18:50:01.555608
ORIGINATOR = ISAE-SUPAERO


META_START
OBJECT_NAME = RED1
OBJECT_ID = RED1
CENTER_NAME = Earth
REF_FRAME = EME2000
TIME_SYSTEM = UTC
START_TIME = 2025-01-22T07:19:38.489
USEABLE_START_TIME = 2025-01-22T07:19:38.489
USEABLE_STOP_TIME = 2025-01-22T23:57:08.489
STOP_TIME = 2025-01-22T23:57:08.489
INTERPOLATION = lagrange
INTERPOLATION_DEGREE = 5
META_STOP


60697 26378.489 6314.0213 -3033.1861000000004 14.725336 -0.4351597 -0.92531354 7.4570637
60697 26828.489 5398.8539 -3084.2554 3238.6361 -3.5503573999999998 0.7017092699999999 6.5899731
60697 27278.489 3243.16 -2426.6845 5716.8625999999995 -5.842383300000001 2.163282 4.2085389
60697 27728.489 343.23531 -1212.2168000000001 6879.5212 -6.7940556 3.1290817000000004 0.85537527
60697 28178.489 -2635.0462 281.04440999999997 6453.8186 -6.1810216 3.3771481 -2.7148165
60697 28628.489 -5000.840700000001 1708.5094 4526.8871 -4.120446200000001 2.8398073 -5.6836281
60697 29078.489 -6193.3982000000005 2734.8585000000003 1536.924 -1.0685214 1.6281764 -7.339906
60697 29528.489 -5920.8498 3114.1084 -1816.6683 2.2577640000000003 0.022054906 -7.262176999999999
60697 29978.489 -4241.909 2753.6192 -4737.3809 5.0521231 -1.5913061 -5.4552795
60697 30428.489 -1556.4868999999999 1739.8799 -6531.728700000001 6.6406284 -2.8220605 -2.3612199
60697 30878.489 1496.9982 315.30644 -6781.365400000001 6.6577993 -3.3815427000000002 1.2697748
60697 31328.489 4200.451400000001 -1183.547 -5437.6085 5.1197803 -3.1475383000000003 4.5795723
60697 31778.489 5926.395 -2407.1753 -2823.8752999999997 2.4016367 -2.183951 6.804114800000001
60697 32228.489 6280.1731 -3073.5798 446.11607000000004 -0.8575683000000001 -0.7206772600000001 7.4414063
60697 32678.489 5186.5583 -3031.7007000000003 3613.5711 -3.9057278 0.90216544 6.3598744
60697 33128.489 2901.5811000000003 -2293.5121 5949.214 -6.0505858 2.314249 3.8172087
60697 33578.489 -49.285579 -1028.9468000000002 6915.5587000000005 -6.8076727 3.1964078 0.39088945
60697 34028.489 -2988.0331 472.34789 6284.0021 -5.9945523000000005 3.3445796000000003 -3.1473432
60697 34478.489 -5231.4816 1863.3225 4188.9399 -3.7733730000000003 2.713044 -5.9829146
60697 34928.489 -6246.0481 2816.3301 1109.0056000000002 -0.64042901 1.4354209 -7.4316564
60697 35378.489 -5781.800200000001 3102.409 -2233.3789 2.6639545 -0.19071454000000002 -7.1213229
60697 35828.489 -3943.9605 2651.4292 -5043.6549 5.3375851 -1.7723887 -5.1156489
60697 36278.489 -1170.7407 1571.7518 -6655.3918 6.7378124 -2.9282167 -1.9060556
60697 36728.489 1879.326 121.20947000000001 -6694.4671 6.5463031 -3.3887554 1.7315657000000002
60697 37178.489 4490.1657000000005 -1358.1088 -5161.8973 4.8282154 -3.0554379 4.9404531
60697 37628.489 6056.8035 -2521.7745 -2424.6161 1.9993426 -2.0149536 6.9817997
60697 38078.489 6221.9626 -3102.0461 875.84478 -1.277108 -0.51445441 7.3968695
60697 38528.489 4953.8549 -2967.8541 3974.5594 -4.2467174000000005 1.0982635 6.1050594
60697 38978.489 2548.0925 -2152.1814 6158.470700000001 -6.2361056 2.4559186 3.4106648
60697 39428.489 -442.52455 -842.45586 6924.4448 -6.7951204 3.251475 -0.076054248
60697 39878.489 -3330.2284 661.172 6089.0117 -5.7840545 3.2993865 -3.5687272
60697 40328.489 -5442.04 2010.3935000000001 3833.6087 -3.4100049 2.5760476 -6.259285299999999
60697 40778.489 -6273.897599999999 2886.5368 675.76971 -0.20818502000000003 1.2376102 -7.4937592
60697 41228.489 -5619.1573 3078.6234 -2641.8952999999997 3.0606679 -0.40196978 -6.9513806
60697 41678.489 -3629.384 2539.2898999999998 -5330.211 5.6022664 -1.9457139 -4.7549922
60697 42128.489 -779.28284 1398.2055 -6752.722 6.8082768 -3.0224232000000004 -1.4430138
60697 42578.489 2255.2281000000003 -72.529128 -6581.0087 6.408682799999999 -3.3827812 2.1865745000000003
60697 43028.489 4763.0016 -1526.6883 -4865.6792000000005 4.5172243 -2.9520277000000004 5.2817996
60697 43478.489 6163.961 -2626.2347999999997 -2015.6493 1.588678 -1.8391499 7.132009500000001
60697 43928.489 6139.5924 -3118.6145 1302.3391000000001 -1.6922888 -0.3073245 7.323418
60697 44378.489 4701.6368 -2893.0564 4320.2192000000005 -4.5718632 1.2893464 5.8264116999999995
60697 44828.489 2184.149 -2003.291 6343.8117999999995 -6.3979612 2.5878077 2.9904771
60697 45278.489 -834.74279 -653.50209 6906.1685 -6.7561562 3.2940801000000004 -0.54347807
60697 45728.489 -3659.9871000000003 846.7365100000001 5869.736900000001 -5.550173200000001 3.2416682000000003 -3.9769929000000004
60697 46178.489 -5631.385200000001 2149.1005 3462.5926 -3.0318931 2.4293968 -6.511293
60697 46628.489 -6276.6373 2945.1514 239.34883 0.22615689 1.0354378 -7.525775400000001
60697 47078.489 -5433.5545 3042.7545 -3040.1722999999997 3.4459323 -0.61097411 -6.7531801
60697 47528.489 -3299.5511 2417.4955 -5595.5872 5.8449192000000005 -2.1107399 -4.375001500000001
60697 47978.489 -383.80923 1219.7067 -6823.0977 6.851792499999999 -3.1044535 -0.97406459
60697 48428.489 2623.1171 -265.41717 -6441.2199 6.2455901 -3.3637042999999998 2.6330302000000003
60697 48878.489 5017.817099999999 -1688.8946 -4549.8697 4.188085600000001 -2.8376567 5.602387
60697 49328.489 6247.381200000001 -2720.3465 -1598.2774 1.171219 -1.6569623 7.2542631
60697 49778.489 6033.2876 -3123.2713 1724.2368000000001 -2.1015764 -0.099761212 7.2212551000000005
60697 50228.489 4430.756 -2807.5277 4649.4235 -4.879946 1.4748687 5.524764
60697 50678.489 1811.04 -1847.2917 6504.6039 -6.5354526 2.7094717 2.5579682
60697 51128.489 -1224.4804 -462.68539000000004 6860.769700000001 -6.6907595 3.3240117000000002 -1.0097669
60697 51578.489 -3975.9997000000003 1028.4052 5626.95 -5.2936055 3.1715025000000003 -4.3705321999999995
60697 52028.489 -5798.6898 2278.9202 3077.2985 -2.6404351000000004 2.2734878 -6.737777200000001
60697 52478.489 -6254.1996 2991.9217000000003 -198.49215 0.66071064 0.82971962 -7.5273771
60697 52928.489 -5225.7570000000005 2994.954 -3426.529 3.8179866000000002 -0.81681992 -6.5274039
60697 53378.489 -2955.9188 2286.5714 -5838.6355 6.0643367 -2.2667582000000004 -3.9773187
60697 53828.489 13.867881 1037.0196 -6866.2119 6.8680373 -3.1739665 -0.5013058300000001
60697 54278.489 2981.2572999999998 -456.6363 -6275.7448 6.057677399999999 -3.3316345000000003 3.0688806
60697 54728.489 5253.356400000001 -1844.0557 -4215.9139000000005 3.8422199999999997 -2.7128386 5.9007771
60697 55178.489 6306.5551 -2803.7377 -1174.4052 0.74881101 -1.4691987 7.3479906
60697 55628.489 5903.3928 -3116.0370000000003 2139.6103 -2.5031009 0.10736105000000001 7.0908521
60697 56078.489 4142.3158 -2711.6409 4960.6655 -5.169531699999999 1.6541660999999999 5.2014605000000005
60697 56528.489 1430.3748 -1684.7873000000002 6640.080599999999 -6.6477958 2.8205489 2.1150520999999998
60697 56978.489 -1609.973 -270.70881 6788.404 -6.5990288 3.3411932 -1.4728144
60697 57428.489 -4276.7462000000005 1205.5262 5361.7378 -5.0153609 3.0892177000000003 -4.7473889
60697 57878.489 -5943.0713 2399.4461 2679.5574 -2.2373800999999998 2.1090649 -6.9374654
60697 58328.489 -6206.5762 3026.826 -635.59561 1.0934276 0.6213476600000001 -7.498427700000001
60697 58778.489 -4996.674 2935.5938 -3799.0144 4.1749108999999995 -1.0186578 -6.2751273
60697 59228.489 -2600.0864 2147.2216000000003 -6058.116400000001 6.2594398 -2.4131927 -3.5639163
60697 59678.489 411.87140000000005 851.01509 -6881.7938 6.8569246999999995 -3.2308361 -0.027017444999999998
60697 60128.489 3327.9532000000004 -645.3708 -6085.2933 5.8458161 -3.2869248 3.4921357
60697 60578.489 5468.4841 -1991.5868 -3865.2769 3.481201 -2.5782293 6.1756442
60697 61028.489 6341.146 -2876.1693999999998 -745.88876 0.32334985 -1.2767102 7.4128047
60697 61478.489 5750.4220000000005 -3097.0737000000004 2546.6454 -2.8950324000000003 0.31312966000000003 6.932775800000001
60697 61928.489 3837.577 -2605.9483 5252.5842999999995 -5.4391724 1.8264429 4.8579343
60697 62378.489 1043.9123 -1516.6432 6749.6993 -6.7342981 2.9204674 1.663863
60697 62828.489 -1989.353 -78.607838 6689.5595 -6.4811832 3.3454781 -1.9302241
60697 63278.489 -4560.696900000001 1377.1236000000001 5075.6337 -4.7167318 2.9952151 -5.1054319
60697 63728.489 -6063.7978 2509.9777000000004 2271.6683 -1.8249079 1.9369113 -7.109154
60697 64178.489 -6134.1208 3049.5821 -1069.4133000000002 1.5217821 0.41138605 -7.4390746
60697 64628.489 -4747.701599999999 2864.893 -4155.4902999999995 4.514774500000001 -1.2154039 -5.9979571
60697 65078.489 -2234.0682 2000.0864 -6252.804400000001 6.4294258 -2.5492872 -3.137109
60697 65528.489 808.0739000000001 662.57803 -6869.714900000001 6.8187993 -3.2747781000000002 0.44636899
60697 65978.489 3661.4595 -830.7140400000001 -5870.7384 5.6113067 -3.2297510000000003 3.9008449
60697 66428.489 5662.185 -2130.764 -3499.5332000000003 3.1068916 -2.4344512 6.4258899000000005
60697 66878.489 6351.0014 -2937.2511 -314.57021000000003 -0.1032679 -1.080322 7.448610700000001
60697 67328.489 5574.9913 -3066.3771 2943.6642 -3.2759062 0.51667105 6.7478001999999995
60697 67778.489 3517.6726000000003 -2490.832 5523.9913 -5.6880730999999995 1.9908818000000001 4.4955319000000005
60697 68228.489 652.9680500000001 -1343.5523 6832.924599999999 -6.7949117 3.0087014 1.2058945
60697 68678.489 -2361.4191 112.78514 6564.367200000001 -6.3377740000000005 3.336781 -2.3805720999999997
60697 69128.489 -4827.0066 1542.4153999999999 4769.3418 -4.3987504 2.8898189000000003 -5.443543399999999
60697 69578.489 -6160.5782 2609.997 1854.7332 -1.4044229000000001 1.7578726 -7.2522007
60697 70028.489 -6037.2089000000005 3060.1337000000003 -1498.7206 1.9442821 0.20099304 -7.349467
60697 70478.489 -4479.804700000001 2783.3233 -4494.9844 4.8364905 -1.4059336 -5.696795900000001
60697 70928.489 -1859.226 1846.0804 -6422.272900000001 6.5736542 -2.6742403 -2.6984079000000003
60697 71378.489 1200.9823999999999 472.87442 -6830.3374 6.753761000000001 -3.3055067 0.91698559
60697 71828.489 3980.5086 -1011.504 -5633.267 5.3550425 -3.1604251 4.2933033
60697 72278.489 5833.74 -2260.6758999999997 -3120.4953 2.720791 -2.2822587 6.6504816
60697 72728.489 6336.1786 -2986.4862000000003 117.47536000000001 -0.52916608 -0.88108146 7.4553476000000005
60697 73178.489 5377.9791 -3023.9082000000003 3328.815 -3.6440537 0.71706433 6.5369479
60697 73628.489 3184.0856000000003 -2366.5903 5773.6624 -5.9152575 2.1469175000000003 4.1159317
60697 74078.489 259.29326000000003 -1165.9913999999999 6889.3521 -6.829424200000001 3.0850079 0.74306868
60697 74528.489 -2724.5156 302.94624 6413.2892 -6.1694377000000005 3.3151342 -2.8219944
60697 74978.489 -5074.4793 1700.9722 4444.0801 -4.0627924 2.7734422 -5.7603359
60697 75428.489 -6232.9112000000005 2699.3178 1430.397 -0.97759721 1.572598 -7.3661146
60697 75878.489 -5916.0918 3058.6349 -1921.8821 2.3593621 -0.0090228433 -7.2301433
60697 76328.489 -4193.8466 2691.3394 -4816.2665 5.1388948 -1.5897573 -5.3728658
60697 76778.489 -1476.8087 1685.7943 -6565.973 6.6916238 -2.787941 -2.249518
60697 77228.489 1589.2998 282.46469 -6763.8958 6.6620721000000005 -3.323254 1.3831649
60697 77678.489 4284.064 -1187.347 -5373.7966 5.0778971 -3.0794479000000003 4.6681812
60697 78128.489 5982.6094 -2381.2136 -2729.5672000000004 2.3241905000000003 -2.1224241999999998 6.8486419
60697 78578.489 6296.7262 -3024.1461 548.6655000000001 -0.95307232 -0.67987384 7.4329689
60697 79028.489 5159.9911 -2970.3498 3700.6493 -3.9982833 0.91340003 6.3008853
60697 79478.489 2837.9030000000002 -2234.2579 6000.6218 -6.1198295 2.2939569 3.7205374000000004
60697 79928.489 -135.7308 -985.14307 6918.7552000000005 -6.837466000000001 3.1493399 0.27725911000000003
60697 80378.489 -3077.2553 490.80238 6236.9706 -5.9765329000000005 3.2810683 -3.2525726
60697 80828.489 -5302.0565 1852.0623 4101.2588 -3.7099561 2.6470206 -6.0544103
60697 81278.489 -6280.375 2777.6795 1000.4993000000001 -0.54607059 1.3822031 -7.4504798
60697 81728.489 -5771.0436 3045.2522000000004 -2337.1152 2.7656108 -0.21794314 -7.0816724
60697 82178.489 -3890.663 2589.3632000000002 -5117.9981 5.4210146 -1.7664472 -5.0275494
60697 82628.489 -1087.9026000000001 1519.7554 -6683.264400000001 6.783153400000001 -2.890342 -1.7920257
60697 83078.489 1972.0045 91.820401 -6670.421200000001 6.5441304 -3.3282919000000004 1.8435728
60697 83528.489 4571.3702 -1357.9453999999998 -5092.8719 4.7806256000000005 -2.9872967 5.02456
60697 83978.489 6108.4275 -2492.3023 -2327.6007999999997 1.9180659 -1.955429 7.0199126
60697 84428.489 6232.7713 -3050.3596000000002 978.05085 -1.3738251000000001 -0.4771106 7.3815267
60697 84878.489 4921.6440999999995 -2905.9849 4058.3475000000003 -4.3376182 1.1053966 6.0401082
60697 85328.489 2480.1193 -2094.2294 6204.3558 -6.301095999999999 2.431784 3.3102191
60697 85778.489 -530.90262 -801.4716 6921.0964 -6.8188566 3.2016239 -0.19033575
60697 86228.489 -3418.4963 675.9030600000001 6035.918900000001 -5.7594999 3.2347085000000004 -3.6711446999999997

