CIC_AEM_VERS = 1.0
CREATION_DATE = 2025-01-22T18:50:01.723Z
ORIGINATOR = CS Group

META_START
OBJECT_NAME = Sat
OBJECT_ID = Sat
CENTER_NAME = null
REF_FRAME_A = EME2000
REF_FRAME_B = SC_BODY_1
ATTITUDE_DIR = A2B
TIME_SYSTEM = UTC
START_TIME = 2025-01-22T11:48:35.830368
STOP_TIME = 2025-01-22T23:59:60.0
ATTITUDE_TYPE = QUATERNION
QUATERNION_TYPE = LAST
META_STOP

60697 42515.830368 -0.6300674700488298 0.4112554781553027 0.3588460322690872 -0.5523707450601034
60697 42965.830368 -0.5092072539505752 0.5539359064427858 0.21153966023920426 -0.6237899936865017
60697 43415.830368 -0.3569195937958663 0.6624117525375367 0.051144908892727534 -0.6566606977420665
60697 43865.830368 -0.18250570964473542 0.7299990618572346 -0.11250827288737321 -0.6489490921224325
60697 44315.830368 0.0031514880217269853 0.7524505986243325 -0.2691772993802888 -0.6011253997723495
60697 44765.830368 0.1885087585893944 0.7284324584824331 -0.40911409381053326 -0.5162133857329834
60697 45215.830368 -0.3621004803378467 -0.6595470873848921 0.5236817568670963 0.3995476181705977
60697 45665.830368 -0.5132561479735758 -0.5501796569195616 0.6058858329679868 0.2584043906126388
60697 46115.830368 -0.6327736326259862 -0.4071451325289069 0.6507911393112568 0.10149514227434091
60697 46565.830368 -0.7134109358275998 -0.23927149150890611 0.6557487211649948 -0.06154351861216207
60697 47015.830368 -0.7503225536514376 -0.056749269022724196 0.620514213767759 -0.22081145001913258
60697 47465.830368 -0.7412327193320609 0.12938476649874886 0.5471898976823429 -0.3666290412174811
60697 47915.830368 -0.6865592059307684 0.3078340719942358 0.44011078258290465 -0.4900787078882571
60697 48365.830368 -0.5895381388890759 0.46750635495822196 0.30578762738030585 -0.5834179615078755
60697 48815.830368 -0.4560451020918855 0.5984734846803242 0.15243465953478202 -0.6407932799000834
60697 49265.830368 -0.2943179369580819 0.6925050473549227 -0.010430987085243103 -0.6585627577392471
60697 49715.830368 -0.11443842217339106 0.7437077223297546 -0.1726335392784093 -0.6356102047589884
60697 50165.830368 0.0724773812064722 0.7489426517464485 -0.32413568629668055 -0.5733829352862094
60697 50615.830368 0.254819114464542 0.7079500907117062 -0.4555135257871954 -0.4757954558312971
60697 51065.830368 -0.4213126940268766 -0.6233811281092209 0.5586745743020041 0.3489617500494362
60697 51515.830368 -0.5617225272460786 -0.5005975294080449 0.6273363671857276 0.20079591216221038
60697 51965.830368 -0.6675507985370446 -0.34720193774544583 0.6574154190002547 0.04039446322308635
60697 52415.830368 -0.7323930529656858 -0.17262361967382447 0.6471606960558821 -0.12241133680658474
60697 52865.830368 -0.7523450288791454 0.012558547874102365 0.5972298161836262 -0.27773330203165
60697 53315.830368 -0.7261395612049685 0.19712605415484488 0.5106011160373168 -0.4161119521569207
60697 53765.830368 -0.6552333552100067 0.3698361938814847 0.39242716664531824 -0.5290475959629924
60697 54215.830368 -0.5438231301214036 0.519978261157073 0.24986257352526056 -0.6094650977868704
60697 54665.830368 -0.39876025549798666 0.6380828445057743 0.0917527415810398 -0.6522438014998404
60697 55115.830368 -0.22910719916726366 0.7167295218602396 -0.07200627554770218 -0.6546936536010353
60697 55565.830368 -0.045378370719767545 0.7510842876835532 -0.23126627504720268 -0.6167082829762388
60697 56015.830368 0.14105638879272941 0.7390866279938466 -0.37616674662609756 -0.540696430757756
60697 56465.830368 -0.3186932669378942 -0.6815700804516226 0.497772865781887 0.43141511463196136
60697 56915.830368 -0.4766141171396082 -0.5821814405223429 0.588636212491032 0.2956537890823894
60697 57365.830368 -0.605153975691519 -0.4471227577930858 0.6432432527552364 0.1418027607387003
60697 57815.830368 -0.6964966841792931 -0.28471967888058936 0.6583303385714662 -0.020693929104034697
60697 58265.830368 -0.7451092902627634 -0.10485713316123181 0.6330221470467795 -0.18193429730980973
60697 58715.830368 -0.7479975055203476 0.08155537640303259 0.5688271265773459 -0.33209057858490554
60697 59165.830368 -0.7048810699640804 0.2631558484932919 0.4695695311254328 -0.4619481919530692
60697 59615.830368 -0.6183281596090732 0.4286745426337008 0.3413087242695966 -0.5633975312953585
60697 60065.830368 -0.4935943721084852 0.5678768123176383 0.19188174561018323 -0.6301284928936136
60697 60515.830368 -0.33838053055266565 0.6720587463851114 0.03055291918892418 -0.6579530204195464
60697 60965.830368 -0.1622881750114324 0.7347440176541292 -0.13267307107054963 -0.6451446605108315
60697 61415.830368 0.023797242454466884 0.752063659716015 -0.2876884796949449 -0.59251099705991
60697 61865.830368 0.20836118796087125 0.7229839206448563 -0.4248882891583638 -0.5033386609198676
60697 62315.830368 -0.38000089738269066 -0.6493744756323208 0.5358004961724986 0.38318394628024605
60697 62765.830368 -0.5281516462657657 -0.5358665453008453 0.6136285617128472 0.23950547472724104
60697 63215.830368 -0.6437977628678466 -0.38944311116530583 0.6536683311337229 0.0810938750159146
60697 63665.830368 -0.7198103648605612 -0.21919974049691762 0.6535018993843118 -0.08221788069809768
60697 64115.830368 -0.7516013723474894 -0.035549723562291226 0.613204850984695 -0.2404400236417668
60697 64565.830368 -0.7372432247008841 0.15033139432325915 0.5352388264762579 -0.38391704591719406
60697 65015.830368 -0.6775672438378018 0.3270961596089227 0.42431767173873575 -0.503850420161934
60697 65465.830368 -0.5761801279387269 0.48384320662603086 0.2872082120074082 -0.5928099649346831
60697 65915.830368 -0.4393025409571848 0.6108491353068884 0.13234881725267839 -0.6452599491485619
60697 66365.830368 -0.2753631027850366 0.7002426111089403 -0.03070799608781183 -0.6579456407547675
60697 66815.830368 -0.09443992935036843 0.7464935811084589 -0.1919015467423089 -0.6300811292731086
60697 67265.830368 0.09233698726195022 0.7467351715579588 -0.34128267291274916 -0.5633707496056409
60697 67715.830368 0.2734814325067724 0.7009324198791593 -0.4696323856185633 -0.4618950868050086
60697 68165.830368 -0.43774338548594094 -0.6119381761484052 0.5689668492575517 0.3319474679545014
60697 68615.830368 -0.5750011296230103 -0.4852738492321337 0.6331836654039423 0.18155285194487836
60697 69065.830368 -0.6768752852900763 -0.3286353638753254 0.6583648099334576 0.019860080948791773
60697 69515.830368 -0.7370917975197724 -0.1512517384570762 0.6428278554383997 -0.14349544214103388
60697 69965.830368 -0.7516089672449024 0.035243070475836615 0.5875296615338933 -0.29774281378121475
60697 70415.830368 -0.7196827879092186 0.21947712653060367 0.4959540581109186 -0.43349284649276004
60697 70865.830368 -0.6433152336232275 0.3901708661337966 0.37373248791513397 -0.5424354642586154
60697 71315.830368 -0.5273195633421485 0.5366933189816285 0.2285060864354196 -0.6178020135440627
60697 71765.830368 -0.3789485589958054 0.6500364350866691 0.0692951016505143 -0.655018176527997
60697 72215.830368 -0.20746494459370007 0.7232833942997229 -0.09401146673997615 -0.6519058769610863
60697 72665.830368 -0.02327503402058039 0.7520834509125426 -0.25150851820400044 -0.6087464340147299
60697 73115.830368 0.16239565552851937 0.7346837232465885 -0.3935734068192182 -0.5281736942585336
60697 73565.830368 -0.33819057378994155 -0.6721074837026552 0.5114812929770778 0.4150729491125772
60697 74015.830368 -0.4931798752108888 -0.56822577728627 0.5978885352362087 0.276445973288611
60697 74465.830368 -0.618000061868658 -0.4292108387714348 0.6475459580641518 0.12057450645238384
60697 74915.830368 -0.7048057827346834 -0.2635020000164364 0.6572429212704662 -0.04297961203817324
60697 75365.830368 -0.7480537171691864 -0.08126389943874694 0.6262253481555543 -0.20409220515450072
60697 75815.830368 -0.7449038785109163 0.10616272594661114 0.5563127132740132 -0.35265259455827674
60697 76265.830368 -0.6955416633553769 0.28693725657514146 0.4519044109633934 -0.4792402410876986
60697 76715.830368 -0.6032214991849892 0.4496961708899273 0.3196690866480503 -0.5759417087254165
60697 77165.830368 -0.4739492061205604 0.5843868691620605 0.16800302403406286 -0.6368980460670808
60697 77615.830368 -0.31589386539504527 0.682927825096492 0.00633732974579754 -0.6586201407233501
60697 78065.830368 -0.13880900920771763 0.7395458437956552 -0.15544891100785926 -0.6400309679646874
60697 78515.830368 0.04664279874543942 0.7509973124280317 -0.30764538409789427 -0.5823931693403733
60697 78965.830368 0.22937357758270713 0.7166021420904307 -0.4411327281036723 -0.4891533993075459
60697 79415.830368 -0.39836845091154244 -0.6382883886216878 0.5477942881933097 0.3658031275041978
60697 79865.830368 -0.5432381631249505 -0.5205977489791213 0.6209713802387625 0.21969257339943793
60697 80315.830368 -0.6548726840401998 -0.3705599385483629 0.6559435666203463 0.05970876862235117
60697 80765.830368 -0.7261214122695923 -0.19735583727657402 0.65033292334469 -0.10423750261026381
60697 81215.830368 -0.7523629010625188 -0.011783155674240143 0.6043600673750332 -0.2618398963290212
60697 81665.830368 -0.7319047672890717 0.17453186969366466 0.5208691573469537 -0.4031741050779896
60697 82115.830368 -0.6661111247577477 0.3498730874136217 0.4051608894497601 -0.5193548361553091
60697 82565.830368 -0.5592982526594785 0.5032973231890133 0.264610431264763 -0.6032069203090297
60697 83015.830368 -0.4183532081916291 0.6254147017958006 0.10808871548886848 -0.6497336943374631
60697 83465.830368 -0.2520834920889569 0.7089809879336512 -0.05475876834027908 -0.6563545909451053
60697 83915.830368 -0.07062166084260184 0.7491420086453252 -0.21407218410561116 -0.6228739293749044
60697 84365.830368 0.11515666583821894 0.7435761107391746 -0.36030873794442053 -0.5513720370239374
60697 84815.830368 -0.2941198925882915 -0.6925465030710544 0.48465901798858285 0.44607002381940947
60697 85265.830368 -0.4553743290733979 -0.5989606878538922 0.5794682338148925 0.3132042158496501
60697 85715.830368 -0.5889273172863551 -0.46831118405469724 0.6387553536082434 0.16075088827123865
60697 86165.830368 -0.6863112880102616 -0.3084964612344862 0.6586372365068914 -0.0019339188349015764
