CIC_AEM_VERS = 1.0
CREATION_DATE = 2025-05-14T14:35:32.340Z
ORIGINATOR = CS Group

META_START
OBJECT_NAME = BLUE1
OBJECT_ID = BLUE1
CENTER_NAME = null
REF_FRAME_A = EME2000
REF_FRAME_B = SC_BODY_1
ATTITUDE_DIR = A2B
TIME_SYSTEM = UTC
START_TIME = 2025-05-13T20:36:25.867008
STOP_TIME = 2025-05-14T21:59:60.0
ATTITUDE_TYPE = QUATERNION
QUATERNION_TYPE = LAST
META_STOP

60808 74185.867008 -0.5564918097378817 -0.5083002848298651 -0.4442715396671582 -0.4843247724185786
60808 74605.867008 -0.6561218791672117 -0.3709069777545282 -0.5413672518280922 -0.3726306377355299
60808 75025.867008 -0.7224963415206894 -0.21472030246016224 -0.6110010855603066 -0.24201632516167693
60808 75445.867008 -0.7522633389701773 -0.04728934379089957 -0.6496949964575092 -0.09879270409976385
60808 75865.867008 -0.7436072227808788 0.12322221177851589 -0.6552544493453867 0.05006187537031774
60808 76285.867008 -0.6964427625228062 0.2882212556624175 -0.6269450573980406 0.19706821488547802
60808 76705.867008 -0.6126558399305924 0.43899830780754207 -0.5657266843055304 0.3344945832232949
60808 77125.867008 0.49627444496036277 -0.5672435168524826 0.47444675058305585 -0.4548040773006448
60808 77545.867008 0.35342563288117856 -0.6657075843521275 0.35786162134533517 -0.5512338833260175
60808 77965.867008 0.1919702480906828 -0.7288788297434503 0.22238010214048887 -0.6184093834765167
60808 78385.867008 0.020860595771394295 -0.7534648103309096 0.07554079654800669 -0.652801044112187
60808 78805.867008 -0.1506018460211892 -0.7385501890583442 -0.07462403412041345 -0.6529119050442328
60808 79225.867008 -0.3134429124829552 -0.6854598349778285 -0.2201880478933116 -0.6192056030199528
60808 79645.867008 -0.45949019631503507 -0.5974397279134577 -0.35378612538388127 -0.5538681327598882
60808 80065.867008 -0.5816673869899536 -0.47929044394852843 -0.4689001159323511 -0.46051753770136683
60808 80485.867008 -0.6741615249127378 -0.3370264631028864 -0.5600291422805153 -0.34392842466455303
60808 80905.867008 -0.7325135521744098 -0.17760527185350344 -0.622784634540156 -0.20980839418706668
60808 81325.867008 -0.75370302366081 -0.00873268046074925 -0.6539707539577776 -0.06463548084774041
60808 81745.867008 -0.7362849747041716 0.16130776366808502 -0.6517117232765679 0.08447526945304604
60808 82165.867008 -0.6805990726487166 0.3238620807811115 -0.6156438997066235 0.22995835208980092
60808 82585.867008 -0.5890105814698674 0.4702515010660716 -0.5471537440910575 0.364078069909151
60808 83005.867008 0.46603768243156385 -0.592347726139559 0.44953795265795565 -0.4794253633374069
60808 83425.867008 0.31824421825117943 -0.6832393231596836 0.32797020656317116 -0.5695087255213074
60808 83845.867008 0.15380277468368936 -0.7378885678153212 0.18917269574402884 -0.6293479635082565
60808 84265.867008 -0.018196072940954693 -0.7535409548272902 0.04085016307637051 -0.6558781872452667
60808 84685.867008 -0.18846714660645225 -0.7298081515562507 -0.10893773624685389 -0.648068488813861
60808 85105.867008 -0.3481893911466597 -0.6684802579892841 -0.252361697550337 -0.6068046359257736
60808 85525.867008 -0.48941826938539207 -0.5731845119567238 -0.3822324209191925 -0.5346285151794593
60808 85945.867008 -0.6053515348346962 -0.4490220664157609 -0.49225415120935984 -0.43544753273172904
60808 86365.867008 -0.6904743273657687 -0.3022390529982891 -0.5771759004995316 -0.3142685761797404
60809 385.867008 -0.7406406138808275 -0.13997590253400663 -0.6328759968854034 -0.1769920911971156
60809 805.8670079999999 -0.7531696160157669 0.02991444634229697 -0.6564489986000164 -0.03025504334374265
60809 1225.867008 -0.7269984666454952 0.1990390940622096 -0.6463483500267736 0.11870332323764599
60809 1645.867008 -0.6629038400422914 0.35869925272353537 -0.602593813518812 0.26224805215981445
60809 2065.867008 -0.5637359169642371 0.5002796338338239 -0.5270059462681435 0.3926663169837779
60809 2485.867008 0.4345001871499341 -0.615866640071507 0.4233279937742025 -0.5027039672618606
60809 2905.867008 0.2821763586979962 -0.6989220168369178 0.2971329172576587 -0.5861710897464222
60809 3325.867008 0.11521343065400814 -0.7449018557665109 0.1554287463536242 -0.6385052822643545
60809 3745.867008 -0.057196566265728416 -0.7515944128107459 0.006054240106396867 -0.6571131847831196
60809 4165.867008 -0.22582249253746667 -0.7191294982349148 -0.14293550453911913 -0.6414252943053562
60809 4585.867008 -0.3820143104824303 -0.6497454343074243 -0.2838306874147649 -0.5927360947883569
60809 5005.867008 -0.5180709360454891 -0.5474327735574517 -0.4096312273309895 -0.5139281284921594
60809 5425.867008 -0.627470289189614 -0.4175748513617502 -0.5142753166647919 -0.40918599482856516
60809 5845.867008 -0.7050013252651841 -0.26663716508725016 -0.592765847342764 -0.28373650415937596
60809 6265.867008 -0.7468380222526037 -0.10193599724401674 -0.6412515544675449 -0.14366093719812822
60809 6685.867008 -0.750646629184261 0.06853856514353092 -0.6571255826774961 0.004251090816940293
60809 7105.867008 -0.7157573830609615 0.23629730029547624 -0.6391819824370236 0.15264779000912537
60809 7525.867008 -0.643397086967509 0.39261523119407665 -0.587836683874107 0.29383924483982515
60809 7945.867008 -0.5369052131417194 0.5289765434603765 -0.5053493876670719 0.4201649734978781
60809 8365.867008 0.4017644322447872 -0.6377139996615915 0.3959077253804185 -0.524560071491095
60809 8785.867008 0.24534533620179677 -0.7126962200219881 0.26546089240540094 -0.6011657663022119
60809 9205.867008 0.07633471841301137 -0.7498915740621869 0.12126919684007943 -0.6458555719455428
60809 9625.867008000001 -0.09600917312288855 -0.7476303677751952 -0.028723360050779096 -0.6565105029197772
60809 10045.867008000001 -0.26254367336525936 -0.7065488274870838 -0.17650057808276126 -0.6330143125466866
60809 10465.867008000001 -0.41480790111881766 -0.6293139272465463 -0.31449241511145887 -0.577055376008483
60809 10885.867008 -0.5453555511377365 -0.5202603613987183 -0.4359002378090173 -0.4918408908158948
60809 11305.867008 -0.6479545490397719 -0.3850390553643846 -0.5348990931991999 -0.3818151232172998
60809 11725.867008 -0.7176985343470338 -0.23032178059413594 -0.606751014695975 -0.252416119424792
60809 12145.867008 -0.7510843079667888 -0.06358911334728379 -0.6478814451992172 -0.10990186511761277
60809 12565.867008 -0.7461342094576847 0.1070370407294733 -0.6559891444373461 0.03879504825608032
60809 12985.867008000001 -0.7025837176149111 0.2729838493367521 -0.630220255575511 0.18622128558797427
60809 13405.867008000001 -0.6221233707959112 0.42552051430977056 -0.5714002516858295 0.32464835712575574
60809 13825.867008000001 -0.5085842055639328 0.5562629106206303 -0.4822345978868382 0.4465013692248743
60809 14245.867008000001 0.3679163805624709 -0.657830172318346 0.36734502885736386 -0.5449354375292628
60809 14665.867008 0.20785054405214703 -0.7245270219419542 0.23303518276815743 -0.6144536999688105
60809 15085.867008 0.037270621692689784 -0.7528486857692935 0.08678324354893857 -0.6513819353752555
60809 15505.867008 -0.13453243806013873 -0.7416654460556423 -0.06339314158416497 -0.654075453473657
60809 15925.867008 -0.2985348163395377 -0.6921055733046944 -0.2095485691446136 -0.6228613296739043
60809 16345.867008 -0.4464837518269735 -0.607245077103408 -0.3442708489498564 -0.5598064471328736
60809 16765.867008 -0.5712001202131071 -0.4917439155450794 -0.4609725941684856 -0.4684256735262301
60809 17185.867008 -0.6667456756540642 -0.35150242308530405 -0.5540738617826495 -0.35340968613073814
60809 17605.867008 -0.7285212010153745 -0.1933866160519341 -0.6190985765220478 -0.22039834153521254
60809 18025.867008 -0.7533528202620381 -0.025036051979787765 -0.6527519144777292 -0.07581333952648495
60809 18445.867008 -0.7396268749021837 0.14530359534411372 -0.6530462295029779 0.07327737191280466
60809 18865.867008 -0.6874957499361408 0.30898954753655883 -0.6194921167869568 0.21932754175367808
60809 19285.867008 -0.5991261791394188 0.4573106764903568 -0.5533363219648904 0.3545894547672006
60809 19705.867008 0.4788446614846566 -0.5820496400318136 0.4577327219501805 -0.47160021412480235
60809 20125.867008 0.333052809373281 -0.676148908465268 0.3377273993422078 -0.5637718363694133
60809 20545.867008 0.16980694333467053 -0.7343757049964175 0.19995652757604193 -0.6259994512665984
60809 20965.867008 -0.0018551028157546483 -0.7537646269751541 0.05207998187234372 -0.6550748973993173
60809 21385.867008 -0.17264519961070862 -0.7337211667069705 -0.0978494074098934 -0.6498248826007459
60809 21805.867008 -0.33368555141827905 -0.6758476732666863 -0.2419822690963246 -0.6110061020625568
60809 22225.867008 -0.4769495374634846 -0.58360845158964 -0.37307988838891964 -0.5410468656467958
60809 22645.867008 -0.5955311650014308 -0.46196784703244803 -0.4847784013592318 -0.4437547085900395
60809 23065.867008 -0.6837894746229495 -0.3170603940661219 -0.5717464476147098 -0.324053484087837
60809 23485.867008 -0.7374373263638044 -0.15594075176777586 -0.6297700284915155 -0.18777215671472797
60809 23905.867008 -0.7536353438000691 0.01360060704774545 -0.65584085520745 -0.0414917426007266
60809 24325.867008 -0.7311445114754614 0.18320519706655417 -0.6482964802252421 0.10758825602581418
60809 24745.867008 -0.6705500327479161 0.3441775208847599 -0.6070257407294132 0.2518416919243046
60809 25165.867008 -0.574504850959274 0.4878598978382439 -0.5337059194660989 0.38352951363925886
60809 25585.867008 0.4478238600424128 -0.6062315989268884 0.43194367347127216 -0.4953399860574597
60809 26005.867008 0.2973323821440933 -0.6925936364064961 0.30719487169081794 -0.580980912031202
60809 26425.867008 0.13138018000722226 -0.742205773208344 0.1663851457603855 -0.6357561024384817
60809 26845.867008 -0.0408817589924474 -0.7526446409381341 0.01731787983597635 -0.6569283197478833
60809 27265.867008 -0.21020729589243403 -0.7238367234927291 -0.13195048501992113 -0.6437875115128507
60809 27685.867008 -0.3678848560743948 -0.6578374317192995 -0.2736819224245371 -0.5975021769316723
60809 28105.867008 -0.506123181696605 -0.5584789724782374 -0.4008244172728879 -0.5208458013335687
60809 28525.867008 -0.6182912810010939 -0.43101364791884317 -0.5072444808635781 -0.41790688410118
60809 28945.867008 -0.6990526044268162 -0.28180444709791114 -0.5878581207814632 -0.29382739775455335
60809 29365.867008 -0.744433971232906 -0.1180831553106037 -0.6387218972260761 -0.15462460641896067
60809 29785.867008 -0.7519387475632038 0.05221883306686724 -0.657123878059158 -0.007037206172053117
60809 30205.867008 -0.7207178217300825 0.22064060221826318 -0.6417386745350245 0.14161574665070667
60809 30625.867008 -0.6518040985671506 0.3784554503847126 -0.5928470776416833 0.2836463144426249
60809 31045.867008 -0.5483364756209449 0.5170849390415756 -0.5125680652782048 0.4113687564423542
60809 31465.867008 0.41561293113858155 -0.6287463216930826 0.4049509601238138 -0.5176472489278937
60809 31885.867008 0.26085931329584744 -0.7071379391131616 0.27583284255357376 -0.5965103491997644
60809 32305.867008 0.09267364120011332 -0.7480230841558763 0.1324040092228573 -0.6436942132242273
60809 32725.867008 -0.0797144653028349 -0.7495198161541078 -0.017420679399080104 -0.6569339153545585
60809 33145.867008 -0.2471348556962202 -0.7120631221984152 -0.16561533354700247 -0.6359732969230457
60809 33565.867008 -0.401058481815501 -0.638141741160846 -0.3045724004651672 -0.5823769099362844
60809 33985.867008 -0.5339430779828643 -0.5319380962680973 -0.42743503162925967 -0.49924537549080106
60809 34405.867008 -0.6394406616650535 -0.3989770213448446 -0.528304483245458 -0.39093138736983435
60809 34825.867008 -0.712511646049676 -0.24582975776641033 -0.6023564147533542 -0.2627958029451275
60809 35245.867008 -0.7495037192586137 -0.07990178632102543 -0.645918705528468 -0.12103266174319562
60809 35665.867008 -0.7482725415768121 0.09073892696239148 -0.6565820670360223 0.02747070990339046
60809 36085.867008 -0.7083710473451639 0.25754310135304564 -0.6333698899651867 0.17528431964684624
60809 36505.867008 -0.6312919957580021 0.4117631192968712 -0.5769709232583702 0.31468413273181306
60809 36925.867008 -0.5206682235093189 0.5449423701388617 -0.4899475070532214 0.43805690793254637
60809 37345.867008 0.38227005950097837 -0.6495709903199642 0.37678734319541624 -0.538477880837829
60809 37765.867008 0.22369330912518812 -0.7197728576807924 0.24368933267194226 -0.6103309314958176
60809 38185.867008 0.05374665446521196 -0.7518337418801572 0.09807030723039448 -0.6497996126068515
60809 38605.867008 -0.11829557937988418 -0.7444113406242037 -0.05207580504963336 -0.6550923769802898
60809 39025.867008 -0.2833729735050589 -0.6984346970027754 -0.19878475236607618 -0.6263971217496935
60809 39445.867008 -0.4331574635926598 -0.6168056435712935 -0.3345986353432315 -0.5656581679946142
60809 39865.867008 -0.5603649193790546 -0.5040362555917711 -0.4528677824262007 -0.47628707920613156
60809 40285.867008 -0.6589348491725526 -0.3659070408732937 -0.5479331603128196 -0.36288586885534846
60809 40705.867008 -0.7241291533958968 -0.2091908116431997 -0.615228029664714 -0.2310208757689982
60809 41125.867008 -0.7526188098751824 -0.041456891422174326 -0.6513578397915949 -0.0870587027108787
60809 41545.867008 -0.7426203841153955 0.12909602267736892 -0.6542239483976318 0.06196940671169475
60809 41965.867008 -0.6941019746615398 0.29383899779090955 -0.6232119040389895 0.2085378018784179
60809 42385.867008 -0.6090316963552579 0.4440306039218553 -0.5594306230046131 0.34489794673221813
60809 42805.867008 0.4915391585615711 -0.5713684468517287 0.4658930229360987 -0.4635418478652061
60809 43225.867008 0.3478523137274245 -0.6686523233390795 0.34751726783452974 -0.5577943948127772
60809 43645.867008 0.18590620492905202 -0.7304634896464921 0.21083749170158772 -0.6224223046737074
60809 44065.867008 0.014677702128105452 -0.7536232970440733 0.06345930320427205 -0.6540714089833672
60809 44485.867008 -0.156549906723065 -0.7373240678909795 -0.08657764198711705 -0.6514212596482006
60809 44905.867008 -0.31885316989104184 -0.6829723766136107 -0.23139641459553517 -0.6150911218230368
60809 45325.867008 -0.46412364786537985 -0.5938637359817734 -0.36370499632083075 -0.5473881422073077
60809 45745.867008 -0.585342249248504 -0.4748203149036038 -0.47707230631843395 -0.45202005966943026
60809 46165.867008 -0.676737493775864 -0.3318626834959466 -0.5660852424462157 -0.33382783302990304
60809 46585.867008 -0.7338778137775005 -0.17195873398957626 -0.6264361344732134 -0.19857320482914206
60809 47005.867008 -0.7537650900394374 -0.002835631577521551 -0.6550141505873516 -0.05278835820259893
60809 47425.867008 -0.7349881357198518 0.16718687467043375 -0.6500429070825543 0.0963597853912671
60809 47845.867008 -0.6779445257067203 0.32941482272742784 -0.6112838521467109 0.24126571811267664
60809 48265.867008 -0.5850872066025549 0.47514463695294124 -0.5402769205061082 0.3741809506285872
60809 48685.867008 0.4610408478972496 -0.596261250636993 0.4404867860943586 -0.48773481404884045
60809 49105.867008 0.3124722834401658 -0.6859148189174434 0.31724346441981227 -0.5755332462630242
60809 49525.867008 0.14761959071565114 -0.7391664254711179 0.17738931504048458 -0.632751517424227
60809 49945.867008 -0.024412115562735877 -0.7533799967854862 0.0286817338937763 -0.6565058927367668
60809 50365.867008 -0.19436823481025112 -0.7282728607913092 -0.12082615060845539 -0.6459416930812969
60809 50785.867008 -0.35348282680791615 -0.6657111776462918 -0.26336368193041676 -0.6020947518030084
60809 51205.867008 -0.49387704154335554 -0.5693646767154015 -0.39182257473708704 -0.5276214577436641
60809 51625.867008 -0.6088054093090879 -0.44435059852204484 -0.49999644167568236 -0.42651152094726646
60809 52045.867008 -0.6927923530805797 -0.29691937844022614 -0.582720731102996 -0.3038324995166464
60809 52465.867008 -0.7417172207615441 -0.13422327467160125 -0.6359541262355376 -0.16553557408060826
60809 52758.0 0.06645226776382546 0.37686961341526465 -0.9098437319534375 0.16042996608587587
60809 52878.0 0.07420896755296792 0.3754173192905789 -0.9063433407475835 0.17915527955912397
60809 52998.0 0.0819342822755353 0.3738051746085905 -0.9024576240561081 0.1978047057247079
60809 53118.0 0.08962488954996364 0.3720338705432435 -0.8981882367109463 0.21637021462264885
60809 53238.0 0.09727749773667904 0.3701041661978426 -0.893536994339205 0.23484385098262564
60809 53358.0 0.1048887680606308 0.3680169085995145 -0.888505923132966 0.2532175465429197
60809 53393.000256 0.06645226776382546 0.37686961341526465 -0.9098437319534375 0.16042996608587587
60809 53513.000256 0.07420896386456223 0.3754173241954594 -0.9063433403684531 0.1791552727268274
60809 53633.000256 0.08193425722829585 0.37380518833140935 -0.902457632995879 0.19780464938024678
60809 53753.000256 0.08962472126019626 0.372033923263194 -0.8981883280453177 0.21636981453886953
60809 53873.000256 0.09727710356466142 0.37010428588190347 -0.8935372356190726 0.23484290761303056
60809 53993.000256 0.10488815663988509 0.3680171027310086 -0.8885063326638228 0.2532160806711245
60809 54113.000256 0.11245465086787704 0.36577326726733655 -0.8830977564233424 0.2714815298520701
60809 54233.000256 0.11997337536119367 0.36337373955677 -0.8773138037683406 0.2896314974627182
60809 54353.000256 0.12744113925562534 0.36081954584703363 -0.8711569302330292 0.3076582751478234
60809 54473.000256 0.13485477302570778 0.3581117781056746 -0.8646297489713771 0.3255542071113047
60809 54593.000256 0.1422111297954948 0.3552515935299609 -0.8577350296479828 0.34331169332180705
60809 54713.000256 0.1495070866411812 0.3522402140295586 -0.8504756972658452 0.36092319269430656
60809 54833.000256 0.15673954588427857 0.3490789256826056 -0.842854830932329 0.37838122624451537
60809 54953.000256 0.16390543637505017 0.3457690781654766 -0.8348756625638893 0.39567838021530527
60809 55073.000256 0.17100171476567413 0.3423120841569371 -0.8265415755304066 0.4128073091734766
60809 55193.000256 0.1780253667728048 0.3387094187166697 -0.8178561032397823 0.42976073907636403
60809 55313.000256 0.18497340842911772 0.3349626186388874 -0.8088229276635741 0.4465314703068741
60809 55433.000256 -0.19184288732360605 -0.3310732817813004 0.7994458778042359 -0.46311238067634997
60809 55553.000256 -0.19863088383015234 -0.3270430663698435 0.78972892810481 -0.47949642839409173
60809 55673.000256 -0.2053345123241106 -0.32287369027948926 0.7796761968016508 -0.49567665500287333
60809 55793.000256 -0.21195092238663585 -0.3185669302916876 0.7692919442208055 -0.5116461882795164
60809 55913.000256 -0.21847729999627058 -0.3141246213286026 0.7585805710188358 -0.5273982450996957
60809 56033.000256 -0.22491086870765428 -0.3095486556647531 0.7475466163685529 -0.5429261342662002
60809 56153.000256 -0.23124889081689057 -0.3048409821162232 0.7361947560903728 -0.5582232592999066
60809 56273.000256 -0.2374886685133462 -0.30000360520803393 0.7245298007298618 -0.5732831211925631
60809 56393.000256 -0.2436275450174466 -0.29503858431979446 0.7125566935820578 -0.5880993211208028
60809 56513.000256 -0.24966290570425906 -0.2899480328102381 0.7002805086630999 -0.6026655631204836
60809 56633.000256 -0.25559217921239374 -0.2847341171208243 0.6877064486297754 -0.6169756567206736
60809 56753.000256 -0.2614128385379859 -0.2793990558588585 0.6748398426474255 -0.6310235195365459
60809 56873.000256 -0.26712240211328403 -0.273945118860419 0.6616861442068354 -0.6448031798203782
60809 56993.000256 -0.2727184348695713 -0.26837462623346964 0.6482509288904992 -0.6583087789699769
60809 57113.000256 -0.2781985492839477 -0.26268994738148405 0.6345398920888522 -0.6715345739936908
60809 57233.000256 -0.28356040640960073 -0.2568935000079216 0.6205588466669174 -0.6844749399312784
60809 57353.000256 -0.2888017168891193 -0.2509877491018657 0.6063137205818435 -0.6971243722298612
60809 57473.000256 -0.29392024195041144 -0.24497520590518992 0.5918105544518458 -0.7094774890741216
60809 57593.000256 -0.2989137943847614 -0.23885842686154682 0.5770554990770048 -0.72152903366997
60809 57713.000256 -0.3037802395065174 -0.23264001254750638 0.5620548129124395 -0.7332738764808286
60809 57833.000256 -0.3085174960939212 -0.22632260658617645 0.5468148594943658 -0.7447070174156634
60809 57953.000256 -0.3131235373105126 -0.21990889454360285 0.5313421048195927 -0.7558235879678853
60809 58073.000256 -0.317596391606558 -0.21340160280836534 0.5156431146791798 -0.7666188533040841
60809 58193.000256 -0.3219341435998779 -0.20680349745474705 0.49972455194706267 -0.7770882143015715
60809 58313.000256 -0.3261349349354718 -0.2001173830899892 0.48359317382467476 -0.7872272095335806
60809 58433.000256 -0.3301969651233655 -0.19334610168568606 0.4672558290418969 -0.7970315172015702
60809 58553.000256 -0.33411849235483604 -0.18649253139315095 0.4507194550132939 -0.8064969570144858
60809 58673.000256 -0.33789783429635173 -0.179559585341941 0.433991074948438 -0.8156194920149743
60809 58793.000256 -0.3415333688605218 -0.17255021042278781 0.41707779491857744 -0.8243952303499162
60809 58913.000256 -0.3450235349518101 -0.16546738605727299 0.399986800886099 -0.8328204269814921
60809 59033.000256 -0.3483668331870015 -0.1583141229552304 0.38272535569854177 -0.8408914853377936
60809 59153.000256 -0.35156182659070867 -0.151093461858095 0.3653007960434755 -0.8486049589048748
60809 59273.000256 -0.3546071412659465 -0.14380847226742138 0.34772052936230163 -0.8559575527602429
60809 59393.000256 -0.3575014670388749 -0.13646225115946803 0.3299920307252151 -0.8629461250457013
60809 59513.000256 -0.36024355807664954 -0.12905792168686286 0.3121228396700956 -0.8695676883776323
60809 59633.000256 -0.362832233477881 -0.121598631868131 0.29412055700718964 -0.8758194111933303
60809 59753.000256 -0.36526637783513133 -0.11408755326544213 0.2759928415907122 -0.8816986190324855
60809 59873.000256 -0.36754494176898383 -0.10652787965094844 0.25774740705840926 -0.8872027957529067
60809 59993.000256 -0.36966694243321385 -0.09892282566217112 0.239392018540334 -0.8923295846794922
60809 60113.000256 -0.37163146399052377 -0.09127562544692194 0.22093448933821053 -0.8970767896854747
60809 60233.000256 -0.37343765805834817 -0.0835895312982946 0.20238267757685688 -0.9014423762049628
60809 60353.000256 -0.37508474412423176 -0.07586781228028974 0.18374448282922817 -0.9054244721758308
60809 60473.000256 -0.37657200993029993 -0.06811375284465186 0.16502784271669083 -0.9090213689120553
60809 60593.000256 -0.37789881182636703 -0.060330651439525 0.14624072948621453 -0.9122315219046327
60809 60713.000256 -0.3790645750912322 -0.052521819110535634 0.12739114656620282 -0.9150535515502751
60809 60833.000256 -0.3800687942217762 -0.0446905780949575 0.1084871251027893 -0.9174862438071076
60809 60953.000256 -0.38091103318946035 -0.036840260409589945 0.08953672047840978 -0.9195285507766806
60809 61073.000256 -0.38159092566388503 -0.02897420643301826 0.07054800881455262 -0.9211795912116475
60809 61193.000256 -0.38210817520308366 -0.02109576348295209 0.05152908346067559 -0.9224386509485298
60809 61313.000256 -0.38246255541030566 -0.013208284389303023 0.03248805147119954 -0.923305183265054
60809 61433.000256 -0.382653910057016 -0.005315126063720259 0.013433030072655113 -0.9237788091616256
60809 61553.000256 -0.38268215317193244 0.002580351933714397 -0.005627856876987152 -0.9238593175665676
60809 61673.000256 -0.3825472690959576 0.01047478882993177 -0.024686482434762125 -0.9235466654648218
60809 61793.000256 -0.38224931250286814 0.018364824075726503 -0.04373472012279957 -0.9228409779499026
60809 61913.000256 -0.3817884083857193 0.026247098783298797 -0.0627644474799738 -0.9217425481989494
60809 62033.000256 -0.3811647520089308 0.03411825716378599 -0.08176754961306154 -0.92025183737081
60809 62153.000256 -0.38037860882608254 0.04197494796403028 -0.10073592274522938 -0.9183694744271601
60809 62273.000256 -0.3794303143634803 0.049813825901892005 -0.11966147775983345 -0.9160962558767388
60809 62393.000256 -0.3783202740696084 0.057631553099385634 -0.13853614373743742 -0.9134331454428448
60809 62513.000256 -0.37704896313061154 0.0654248005129155 -0.15735187148397495 -0.9103812736543225
60809 62633.000256 -0.37561692625201476 0.07319024935991363 -0.17610063704804313 -0.9069419373603227
60809 62753.000256 -0.3740247774068913 0.08092459254117947 -0.19477444522534043 -0.9031165991691938
60809 62873.000256 -0.3722731995507697 0.08862453605821624 -0.21336533304824748 -0.8989068868119262
60809 62993.000256 -0.37036294430356703 0.09628680042487457 -0.2318653732586217 -0.8943145924306354
60809 63113.000256 -0.3682948315988775 0.10390812207263905 -0.25026667776195244 -0.8893416717926171
60809 63233.000256 -0.3660697493009952 0.11148525474884377 -0.26856140106091336 -0.8839902434305998
60809 63353.000256 -0.3636886527900491 0.11901497090721128 -0.286741743666626 -0.8782625877098134
60809 63473.000256 -0.36115256451563293 0.12649406309000283 -0.3047999554857452 -0.872161145822635
60809 63593.000256 -0.3584625735194141 0.13391934530116892 -0.3227283391816612 -0.8656885187115465
60809 63713.000256 -0.35561983492711413 0.14128765436988702 -0.3405192535081919 -0.8588474659212142
60809 63833.000256 -0.35262556941036216 0.14859585130384104 -0.35816511661402534 -0.8516409043805765
60809 63953.000256 -0.3494810626188777 0.15584082263167104 -0.3756584093163878 -0.8440719071158247
60809 64073.000256 -0.34618766458348443 0.1630194817340141 -0.39299167834238297 -0.8361437018952206
60809 64193.000256 -0.34274678909048295 0.17012877016257233 -0.41015753953648476 -0.8278596698067321
60809 64313.000256 -0.33915991302787857 0.17716565894666578 -0.42714868103277587 -0.819223343769497
60809 64433.000256 -0.3354285757040214 0.18412714988675827 -0.4439578663905518 -0.8102384069801306
60809 64553.000256 -0.33155437813921024 0.19101027683444102 -0.4605779376919598 -0.8009086912949397
60809 64673.000256 -0.327538982330815 0.1978121069584007 -0.4770018186004554 -0.791238175549076
60809 64793.000256 -0.3233841104925092 0.2045297419958925 -0.4932225173788507 -0.7812309838137064
60809 64913.000256 -0.31909154426814934 0.21116031948929545 -0.5092331298659495 -0.7708913835921863
60809 65033.000256 -0.3146631239209658 0.21770101400723563 -0.5250268424104958 -0.7602237839563984
60809 65153.000256 -0.3101007474986311 0.22414903834983155 -0.5405969347614642 -0.7492327336243026
60809 65273.000256 -0.3054063699749814 0.23050164473742 -0.5559367829132128 -0.7379229189801305
60809 65393.000256 -0.30058200236897337 0.2367561259824403 -0.571039861904826 -0.72629916203818
60809 65513.000256 -0.29562971084139533 0.2429098166441212 -0.5858997485730103 -0.7143664183511398
60809 65633.000256 -0.2905516157695112 0.2489600941660238 -0.6005101242588886 -0.7021297748629844
60809 65753.000256 -0.2853498908003332 0.25490437999590493 -0.6148647774674414 -0.6895944477075313
60809 65873.000256 -0.2800267618832221 0.26074014068694873 -0.6289576064779066 -0.6767657799544317
60809 65993.000256 -0.27458450628272213 0.26646488897994475 -0.6427826219039245 -0.6636492393039382
60809 66113.000256 -0.2690254515719776 0.27207618486595003 -0.6563339492029554 -0.6502504157314589
60809 66233.000256 -0.2633519746071428 0.27757163662930134 -0.6696058311347348 -0.6365750190824415
60809 66353.000256 -0.25756650048321716 0.28294890187063565 -0.68259263016817 -0.6226288766184316
60809 66473.000256 -0.25167150147173006 0.2882056885095008 -0.6952888308359939 -0.6084179305152391
60809 66593.000256 -0.24566949594078336 0.2933397557661512 -0.7076890420363612 -0.5939482353142516
60809 66713.000256 -0.23956304725790367 0.298348915122116 -0.71978799928064 -0.5792259553279163
60809 66833.000256 -0.2333547626761699 0.30323103125913703 -0.7315805668866417 -0.564257362000434
60809 66953.000256 -0.2270472922040916 0.3079840229761393 -0.7430617401165649 -0.54904883122466
60809 67073.000256 -0.22064332745962548 0.31260586408381286 -0.7542266472589898 -0.533606840616217
60809 67193.000256 -0.21414560050884607 0.3170945842764353 -0.7650705516541301 -0.5179379667459276
60809 67313.000256 -0.20755688268966635 0.32144826998062176 -0.7755888536617617 -0.5020488823314396
60809 67433.000256 -0.2008799834211287 0.3256650651805708 -0.7857770925710066 -0.48594635338925773
60809 67553.000256 -0.19411774899866308 0.32974317221940863 -0.7956309484513822 -0.46963723634814963
60809 67673.000256 -0.1872730613758229 0.33368085257631236 -0.805146243944407 -0.45312847512497567
60809 67793.000256 -0.18034883693298578 0.33747642761896285 -0.8143189459950632 -0.4364270981641168
60809 67913.000256 -0.1733480252334557 0.34112827933094564 -0.8231451675225114 -0.4195402154415071
60809 68033.000256 -0.1662736077674872 0.34463485101371355 -0.8316211690293793 -0.402475015434434
60809 68153.000256 -0.15912859668472704 0.3479946479627025 -0.8397433601489679 -0.3852387620582656
60809 68273.000256 -0.15191603351551197 0.35120623811715274 -0.8475083011298075 -0.3678387915712252
60809 68393.000256 -0.14463898788156945 0.3542682526832844 -0.8549127042568948 -0.3502825094484321
60809 68513.000256 -0.13730055619656228 0.3571793867304055 -0.8619534352090592 -0.3325773872263541
60809 68633.000256 -0.12990386035705956 0.35993839975953423 -0.8686275143517808 -0.3147309593191084
60809 68753.000256 -0.1224520464243144 0.36254411624417426 -0.874932117965003 -0.29675081980763296
60809 68873.000256 -0.11494828329742685 0.36499542614283326 -0.8808645794053024 -0.27864461920321687
60809 68993.000256 -0.10739576137838465 0.3672912853829681 -0.8864223902018767 -0.2604200611866835
60809 69113.000256 -0.09979769122946533 0.36943071631591 -0.8916032010858662 -0.24208489932463423
60809 69233.000256 -0.092157302223542 0.3714128081425757 -0.8964048229524584 -0.22364693376412895
60809 69353.000256 -0.08447784118774475 0.3732367173094537 -0.9008252277553858 -0.2051140079072576
60809 69473.000256 -0.07676257104110956 0.3749016678747874 -0.9048625493332472 -0.18649400506718178
60809 69593.000256 -0.06901476942660774 0.3764069518444611 -0.9085150841673825 -0.16779484510701645
60809 69713.000256 -0.06123772733820275 0.37775192947754543 -0.9117812920707902 -0.14902448106322652
60809 69833.000256 -0.05343474774339536 0.37893602956113154 -0.9146597968078319 -0.13019089575504347
60809 69953.000256 -0.045609144201830036 0.37995874965427157 -0.917149386644402 -0.1113020983815506
60809 70073.000256 -0.03776423948051497 0.380819656300933 -0.9192490148282733 -0.09236612110804768
60809 70193.000256 -0.029903364166142914 0.38151838521171094 -0.9209577999994626 -0.0733910156432347
60809 70313.000256 -0.02202985527518403 0.3820546414143556 -0.9222750265303427 -0.05438484980910023
60809 70433.000256 -0.014147054862200803 0.3824281993728081 -0.9232001447955028 -0.03535570410500004
60809 70553.000256 -0.006258308626991879 0.38263890307489096 -0.9237327713711901 -0.016311668267661266
60809 70673.000256 0.0016330354789330568 0.38268666608859025 -0.9238726891643261 0.0027391621713205904
60809 70793.000256 0.00952362864588757 0.38257147158680543 -0.9236198474711685 0.021788689328565557
60809 70913.000256 0.017410122599006886 0.3822933723408585 -0.9229743619656084 0.04082881641095266
60809 71033.000256 0.02528917099027239 0.38185249068257854 -0.9219365146173288 0.05985145115523824
60809 71153.000256 0.033157430788732144 0.38124901843532555 -0.9205067535399214 0.07884850926292512
60809 71273.000256 0.04101156366837189 0.3804832168137831 -0.9186856927693832 0.09781191782880712
60809 71393.000256 0.04884823739244482 0.3795554162933076 -0.9164741119733181 0.116733618759907
60809 71513.000256 0.05666412719059376 0.37846601644893946 -0.9138729560928428 0.13560557217580846
60809 71633.000256 0.0644559171133215 0.37721548576794817 -0.91088333492487 0.15441975975269087
60809 71753.000256 0.07222030129131077 0.3758043614529115 -0.9075065226851523 0.17316818783559806
60809 71873.000256 0.07995397472165312 0.37423325144352815 -0.9037439629052954 0.19184286526333597
60809 71993.000256 0.08765367938224071 0.37250282477075697 -0.8995972453281287 0.210435914773607
60809 72113.000256 0.09531613682160557 0.37061382522700304 -0.8950681387564574 0.22893941031431125
60809 72233.000256 0.1029380961257371 0.3685670617997812 -0.890158568153512 0.24734549291461555
60809 72353.000256 0.11051632305355309 0.3663634106821278 -0.8848706195250228 0.2656463445136854
60809 72473.000256 0.11804760179915108 0.36400381477418287 -0.8792065387821919 0.28383419227068035
60809 72593.000256 0.12552873625248145 0.3614892832705438 -0.8731687308150364 0.3019013116603869
60809 72713.000256 0.1329565513101001 0.3588208912075333 -0.866759758472506 0.31984002968584035
60809 72833.000256 0.14032789418644961 0.3559997789808006 -0.859982341474508 0.3376427280881973
60809 72953.000256 0.1476396357180624 0.3530271518353203 -0.8528393552602729 0.3553018465351982
60809 73073.000256 0.1548886716588783 0.3499042793283762 -0.8453338297745476 0.37280988578380536
60809 73193.000256 0.16207192396600908 0.34663249476621066 -0.8374689481924509 0.39015941081504
60809 73313.000256 0.16918634207555058 0.3432131946144874 -0.8292480455836558 0.40734305394016457
60809 73433.000256 0.17622890416792059 0.3396478378832557 -0.8206746075167265 0.42435351787662895
60809 73553.000256 0.1831966184224775 0.33593794548667133 -0.8117522686041461 0.44118357879321135
60809 73673.000256 -0.19008652426100356 -0.33208509957800764 0.8024848109887711 -0.45782608932317514
60809 73793.000256 -0.1968956935796363 -0.3280909428602342 0.7928761627724111 -0.474273981544606
60809 73913.000256 -0.20362123196896847 -0.32395717787274586 0.7829303963871306 -0.49052026992699943
60809 74033.000256 -0.2102602799219589 -0.3196855662545615 0.772651726909896 -0.5065580542433366
60809 74153.000256 -0.216810014029214 -0.31527792798438614 0.7620445103213024 -0.5223805224467035
60809 74273.000256 -0.2232676481614088 -0.31073614059800164 0.7511132417088647 -0.5379809535107474
60809 74393.000256 -0.2296304346383584 -0.3060621383833034 0.7398625534156376 -0.5533527202330635
60809 74513.000256 -0.23589566538450493 -0.3012579115534172 0.7282972131346257 -0.568489292000837
60809 74633.000256 -0.2420606730703983 -0.29632550539824254 0.7164221219496538 -0.5833842375178964
60809 74753.000256 -0.24812283223980988 -0.29126701941475514 0.7042423123232604 -0.5980312274924507
60809 74873.000256 -0.25407956042216784 -0.28608460641650846 0.6917629460321724 -0.61242403728469
60809 74993.000256 -0.25992831922986337 -0.28078047162252856 0.6789893120509365 -0.6265565495135812
60809 75113.000256 -0.26566661544014303 -0.275356871726106 0.6659268243842565 -0.6404227566219766
60809 75233.000256 -0.2712920020611586 -0.2698161139436844 0.6525810198485588 -0.6540167633993733
60809 75353.000256 -0.27680207938179385 -0.264160555044216 0.6389575558033401 -0.6673327894615012
60809 75473.000256 -0.28219449600488683 -0.2583926003593191 0.625062207832833 -0.6803651716859421
60809 75593.000256 -0.28746694986342064 -0.2525147027745075 0.6109008673785004 -0.6931083666030295
60809 75713.000256 -0.2926171892192862 -0.24652936170183765 0.5964795393228918 -0.7055569527411942
60809 75833.000256 -0.29764301364417506 -0.24043912203425108 0.581804339525368 -0.7177056329259665
60809 75953.000256 -0.3025422749821623 -0.23424657308192393 0.5668814923102312 -0.7295492365317902
60809 76073.000256 -0.30731287829351756 -0.2279543474909238 0.5517173279077936 -0.7410827216857946
60809 76193.000256 -0.31195278277929556 -0.22156512014449165 0.53631827984893 -0.7523011774226434
60809 76313.000256 -0.3164600026861166 -0.21508160704725274 0.520690882313826 -0.7631998257895003
60809 76433.000256 -0.3208326081907192 -0.20850656419282418 0.5048417674356543 -0.7737740239000589
60809 76553.000256 -0.3250687262635099 -0.20184278641521594 0.488777662560332 -0.7840192659365068
60809 76673.000256 -0.3291665415108573 -0.1950931062243963 0.4725053874628093 -0.7939311850986319
60809 76793.000256 -0.33312429699581797 -0.1882603926257454 0.45603185151935804 -0.8035055554999407
60809 76913.000256 -0.33694029503731165 -0.1813475499225932 0.4393640508338298 -0.8127382940111347
60809 77033.000256 -0.34061289798686617 -0.17435751650239223 0.42250906531909316 -0.8216254620490367
60809 77153.000256 -0.3441405289812259 -0.16729326360910052 0.4054740557396669 -0.8301632673068374
60809 77273.000256 -0.34752167266952666 -0.16015779410322703 0.38826626071953496 -0.8383480654238028
60809 77393.000256 -0.35075487591601856 -0.15295414120863182 0.3708929937122417 -0.8461763615957606
60809 77513.000256 -0.3538387484782117 -0.14568536724410838 0.3533616399292582 -0.8536448121278706
60809 77633.000256 -0.3567719636599209 -0.13835456234065346 0.33567965322824106 -0.8607502259275557
60809 77753.000256 -0.35955325893786855 -0.13096484314567455 0.3178545529645586 -0.8674895659353417
60809 77873.000256 -0.362181436561229 -0.12351935151484204 0.29989392080775346 -0.8738599504922686
60809 77993.000256 -0.3646553641234607 -0.11602125319214972 0.2818053975244279 -0.8798586546427832
60809 78113.000256 -0.3669739751059656 -0.10847373647850574 0.26359667972839074 -0.8854831113722531
60809 78233.000256 -0.36913626939299277 -0.10088001088927541 0.24527551659923402 -0.8907309127781422
60809 78353.000256 -0.37114131375720893 -0.0932433058012834 0.22684970657071646 -0.8955998111738307
60809 78473.000256 -0.3729882423153748 -0.08556686908980743 0.2083270939904184 -0.900087720124079
60809 78593.000256 -0.37467625695356255 -0.07785396575609119 0.18971556575216092 -0.9041927154111865
60809 78713.000256 -0.37620462772140306 -0.07010787654597966 0.1710230479028704 -0.9079130359308796
60809 78833.000256 -0.37757269319483805 -0.06233189656026576 0.15225750222559384 -0.9112470845170482
60809 78953.000256 -0.37877986080691917 -0.05452933385733211 0.1334269228003626 -0.9141934286944927
60809 79073.000256 -0.3798256071462376 -0.046703508048727985 0.11453933254476317 -0.9167508013588723
60809 79193.000256 -0.38070947822254864 -0.03885774888831973 0.09560277973611134 -0.9189181013831296
