CIC_MEM_VERS = 1.0
CREATION_DATE = 2025-01-28T14:22:26.358647
ORIGINATOR = CS Group

META_START
OBJECT_NAME = BLUE1
OBJECT_ID = BLUE1
USER_DEFINED_PROTOCOL = NONE
USER_DEFINED_CONTENT = LLA
USER_DEFINED_SIZE = 3.0
USER_DEFINED_TYPE = REAL
USER_DEFINED_UNIT = [deg] [km]
TIME_SYSTEM = UTC
META_STOP

60702 35151.901344 0.1209874656724068 -20.615290475454945 631.9848460127859
60702 35571.901344 25.80701299465313 -24.378377771105036 636.7808057898645
60702 35991.901344 51.253380686033424 -30.382067384173663 637.5532692059121
60702 36411.901344 75.50067453885671 -52.442500249702654 629.871482267589
60702 36831.901344 74.38414867367418 -171.34620398215378 611.8478326974029
60702 37251.901344 49.71952443275271 168.69449365020444 587.180072521589
60702 37671.901344 23.78743653836311 162.88016628613104 564.4432498173331
60702 38091.901344 -2.4822193437086852 159.0968064766852 552.8422720229945
60702 38511.901344 -28.763586309140194 155.14385296188408 556.5497919841264
60702 38931.901344 -54.69808848277154 148.33143170592712 572.3242197739958
60702 39351.901344 -78.60168830412316 116.83636383679084 592.297331147319
60702 39771.901344 -70.76065114358312 2.478882241264457 609.2136730518308
60702 40191.901344 -45.8369448368678 -12.460332813930032 620.3821770067291
60702 40611.901344 -20.2171055078927 -17.653778325809665 627.4694835079147
60702 41031.901344 5.515600737484856 -21.285830482024846 633.1109224648242
60702 41451.901344 31.171479887550642 -25.262785149864268 637.2986631959972
60702 41871.901344 56.52146718185581 -32.43369534428133 636.5384509877547
60702 42291.901344 79.6454312895661 -68.8621133261222 626.6143574525654
60702 42711.901344 69.49195032077084 -179.104409299448 606.6705641163173
60702 43131.901344 44.32196827563152 167.15566700341262 581.6266365406434
60702 43551.901344 18.285279011660986 162.08420036783926 560.6526452133119
60702 43971.901344 -8.013643134634574 158.4022675300863 552.2765842679612
60702 44391.901344 -34.25662325758892 154.17344196273595 559.1290959546586
60702 44811.901344 -60.038277790957814 145.81319893630243 576.5860979913745
60702 45231.901344 -81.709287554311 89.96900077888998 596.4530502668092
60702 45651.901344 -65.68875980976927 -2.8844767872549686 612.232717192063
60702 46071.901344 -40.48094026412587 -13.779385933247545 622.2824196697846
60702 46491.901344 -14.818167002262784 -18.396725517870703 628.8277876549349
60702 46911.901344 10.91212986441518 -21.970468269273006 634.1937521068518
60702 47331.901344 36.529079553921896 -26.262418614842634 637.6094698348802
60702 47751.901344 61.74471611213984 -35.17101977929003 635.133530296305
60702 48171.901344 82.09383770073667 -99.95523494122176 622.9334401582219
60702 48591.901344 64.36696919887311 176.09083948980827 601.2978405695991
60702 49011.901344 38.889853552867486 165.88547321333755 576.2913235454259
60702 49431.901344 12.768024334525533 161.34018672810652 557.4629050685006
60702 49851.901344 -13.546347259467904 157.6866954317402 552.4317397144943
60702 50271.901344 -39.73508272730714 153.05939501312744 562.2109259841587
60702 50691.901344 -65.30247477965717 142.3088418407162 580.964143400589
60702 51111.901344 -81.80826779448235 51.142562056941074 600.4098757159819
60702 51531.901344 -60.48583891029843 -6.448473572436411 614.9659556642193
60702 51951.901344 -35.10632046642978 -14.893967875625556 624.0084552388695
60702 52371.901344 -9.41307821529339 -19.100713383363683 630.1344548853116
60702 52791.901344 16.307315276048204 -22.682883632110677 635.2094557308743
60702 53211.901344 41.875277514290644 -27.420337370331907 637.679032356739
60702 53631.901344 66.8899666843387 -39.0467841605433 633.302147386448
60702 54051.901344 81.26164597936636 -137.70340008011593 618.8315372884877
60702 54471.901344 59.11820749483373 172.82441073182085 595.7896094079232
60702 54891.901344 33.430554496813436 164.8023714863747 571.2791690735659
60702 55311.901344 7.240111597881688 160.6293248294343 554.9727001326917
60702 55731.901344 -19.07549557062794 156.93364806464473 553.3431957938952
60702 56151.901344 -45.19166724610338 151.74343428962104 565.7701533984397
60702 56571.901344 -70.43240507717076 137.05645071263393 585.4492813313454
60702 56991.901344 -78.82515481788246 23.38759322330072 604.2204579294108
60702 57411.901344 -55.213070162353304 -9.002198940232091 617.5120778148885
60702 57831.901344 -29.72149861017519 -15.863216392482991 625.6419483470371
60702 58251.901344 -4.0080843852978925 -19.78156895813728 631.3960706032041
60702 58671.901344 21.695145281995345 -23.439433160804818 636.074508177254
60702 59091.901344 47.201976060282675 -28.800900061723915 637.3864314195034
60702 59511.901344 71.88601885836961 -44.98734414575931 630.9676994545789
60702 59931.901344 77.79304036749082 -161.17693303202088 614.3376421210043
60702 60351.901344 53.79599872703869 170.44312624110603 590.2680407946291
60702 60771.901344 27.952049434467565 163.85255400443745 566.7455913171506
60702 61191.901344 1.7083110046584071 159.9359827922396 553.2477397285681
60702 61611.901344 -24.59414321552953 156.12465399196125 554.9466581585802
60702 62031.901344 -50.61622852905489 150.13889421314033 569.6648057917196
60702 62451.901344 -75.29489685350127 128.36811902363885 589.8535159720319
60702 62871.901344 -74.44845488138613 9.104712943212768 607.7249602514323
60702 63291.901344 -49.89879234555584 -10.941132299555829 619.7671043658861
60702 63711.901344 -24.329368200848357 -16.728012357715166 627.1326645590135
60702 64131.901344 1.3956437099560408 -20.45331248454067 632.6055616405994
60702 64551.901344 27.07411247802972 -24.260281917376865 636.8196050353803
60702 64971.901344 52.50211280774907 -30.504346545366218 636.8260229849801
60702 65391.901344 76.56359699878675 -55.10501266277013 628.3121840587509
60702 65811.901344 73.24721591379966 -173.27098541538732 609.6830088528561
60702 66231.901344 48.427784725174796 168.61530081598372 584.9438360226558
60702 66651.901344 22.462687272242462 163.0016459371361 562.816967316429
60702 67071.901344 -3.8191671861932464 159.2488104792422 552.3190848471158
60702 67491.901344 -30.09358891248374 155.23849852616723 557.1944712309834
60702 67911.901344 -55.993231168091896 148.1076332302569 573.7951769047569
60702 68331.901344 -79.5240533393954 112.20032524776664 594.0477926647268
60702 68751.901344 -69.56197173078922 1.2810729374951444 610.80823691343
60702 69171.901344 -44.561240527780946 -12.477375260533067 621.6428964991958
60702 69591.901344 -18.935002737305012 -17.514492813535277 628.3782241703068
60702 70011.901344 6.794841060525399 -21.12598921605879 633.6117909549374
60702 70431.901344 32.44201718732083 -25.16736334438133 637.2307969197307
60702 70851.901344 57.76668412224224 -32.688338716741136 635.7294429943753
60702 71271.901344 80.44726320832822 -74.39363954569674 625.0444100258682
60702 71691.901344 68.28118465214247 179.8678766545982 604.6182305425222
60702 72111.901344 43.019457878907176 167.14878018061108 579.6614880082237
60702 72531.901344 16.95662872789984 162.22072070986871 559.4431905106368
60702 72951.901344 -9.348759918582045 158.5527546076974 552.2425006766197
60702 73371.901344 -35.57872823718268 154.24184351037698 560.2351452152097
60702 73791.901344 -61.31193379993698 145.4058210014686 578.3706725563694
60702 74211.901344 -82.06918162827102 81.3757785642181 598.3165518867366
60702 74631.901344 -64.46035185603097 -3.5397355938116277 613.7768831095077
60702 75051.901344 -39.209606543056026 -13.739958460274003 623.3859457232054
60702 75471.901344 -13.542355236297215 -18.24514095560097 629.5120197655356
60702 75891.901344 12.185049469555457 -21.813547895283897 634.4410104968197
60702 76311.901344 37.79289069292793 -26.196068477079876 637.2925539192113
60702 76731.901344 62.97252638869014 -35.63516081088536 634.1198585309334
60702 77151.901344 82.22587751675522 -109.0424036600577 621.2701730383254
60702 77571.901344 63.123910408191094 175.51902767278253 599.3332057955776
60702 77991.901344 37.58528093267822 165.9300369534034 574.625951437598
60702 78411.901344 11.443409191876839 161.48748235840733 556.7052038068978
60702 78831.901344 -14.871770882459735 157.8317039722051 552.8725773924514
60702 79251.901344 -41.041546905478825 153.08898069615435 563.6616671542027
60702 79671.901344 -66.53936301219423 141.5856867191567 582.8850651131683
60702 80091.901344 -81.31781238617525 43.30183880471526 602.2148208906017
60702 80511.901344 -59.24884608132804 -6.806101975079403 616.3271763467267
60702 80931.901344 -33.84291233813702 -14.813837601535127 624.8674768656407
60702 81351.901344 -8.14601282694471 -18.94135368594037 630.5418066926057
60702 81771.901344 17.571712775813882 -22.53400512810126 635.1653692462577
60702 82191.901344 43.12962572869418 -27.398844851522515 637.0950932390219
60702 82611.901344 68.08655083280024 -39.88544676260184 632.1024643824074
60702 83031.901344 80.60771330326591 -144.4185841569648 617.1257859735096
60702 83451.901344 57.8590591016743 172.51248377950512 593.9727495744332
60702 83871.901344 32.127337475075954 164.88543277656092 569.9353963372021
60702 84291.901344 5.922377523883982 160.7836039201206 554.599408696018
60702 84711.901344 -20.38924893870052 157.06823189587837 554.0910648441785
60702 85131.901344 -46.481141871633305 151.71517872565946 567.3446578452689
60702 85551.901344 -71.61278693309264 135.73480164526717 587.278315591592
60702 85971.901344 -77.87392135939697 19.4480232457462 605.7881923195557
60702 86391.901344 -53.97164756270951 -9.18239537644983 618.5867576661966
60703 411.901344 -28.462079472350165 -15.753373461639562 626.2362489768268
60703 831.901344 -2.745621085441435 -19.61827438261783 631.5871607292887
60703 1251.901344 22.954512047640787 -23.30409931715442 635.8478205011631
60703 1671.901344 48.4485818370194 -28.84625555184212 636.6362473810223
60703 2091.901344 73.02679964138628 -46.55483397748736 629.6358413122276
60703 2511.901344 76.77742206435138 -164.4432179367308 612.5727593688364
60703 2931.901344 52.52477500573624 170.2899772295985 588.5040792228161
60703 3351.901344 26.646931050946304 163.96378026075394 565.5685814277996
60703 3771.901344 0.3928360399341829 160.09339430174066 553.1049232538221
60703 4191.901344 -25.901697483497205 156.24250695606634 555.898767717202
60703 4611.901344 -51.89315002462643 150.0225786809601 571.3166232269477
60703 5031.901344 -76.37024184451661 125.77841014186201 591.615474914727
60703 5451.901344 -73.33084721010049 7.193159349474415 609.1435257686217
60703 5871.901344 -48.65207789081863 -11.008262950873203 620.682339814498
60703 6291.901344 -23.070154389920216 -16.596329205220666 627.5871171530395
60703 6711.901344 2.6567525311061435 -20.289193828234 632.6592821688936
60703 7131.901344 28.331188457154184 -24.14392314932392 636.4298425361217
60703 7551.901344 53.7421325162183 -30.648006048733556 635.871784956024
60703 7971.901344 77.58078076590989 -58.240226090323354 626.7542116381163
60703 8391.901344 72.09462659165598 -174.9024384841953 607.7350786085382
60703 8811.901344 47.1431202395564 168.5615050460371 583.1028173067017
60703 9231.901344 21.14982763116137 163.13090222947076 561.6935574180568
60703 9651.901344 -5.139402911534214 159.40346144882875 552.3109167996162
60703 10071.901344 -31.402514619155205 155.32987924495947 558.2664791565721
60703 10491.901344 -57.262767369165694 147.85259917223638 575.4821549085572
60703 10911.901344 -80.33905813823567 106.77510964701284 595.7690581716636
60703 11331.901344 -68.37190114376038 0.2748854186125647 612.1701061645605
60703 11751.901344 -43.30469784911376 -12.472708303054928 622.5308285974122
60703 12171.901344 -17.67034081795151 -17.369947218113218 628.8383796182442
60703 12591.901344 8.059247329533843 -20.96689133260868 633.6751194207629
60703 13011.901344 33.699969601318344 -25.08019410112065 636.8222392364811
60703 13431.901344 58.998808913943776 -32.98748602597983 634.7106772641193
60703 13851.901344 81.12639686225046 -80.87050803238026 623.3920999348211
60703 14271.901344 67.06650708641095 178.99318864899624 602.6006544311973
60703 14691.901344 41.72356746819809 167.16055727015134 577.7951216134957
60703 15111.901344 15.636436695560036 162.3609176256609 558.3157630510061
60703 15531.901344 -10.674505839338163 158.70006469874002 552.1912547119716
60703 15951.901344 -36.89117516025959 154.29654545524434 561.1600705155574
60703 16371.901344 -62.57299972703943 144.92679235561022 579.8446466897128
60703 16791.901343999998 -82.21824143980959 72.22070269835848 599.8380765409114
60703 17211.901343999998 -63.22673087857414 -4.100498305139061 615.0417164049076
60703 17631.901343999998 -37.937910357663604 -13.689088129800036 624.3232346473039
60703 18051.901344 -12.266527930003788 -18.094191430440755 630.1446599398515
60703 18471.901344 13.457398412046478 -21.66371870110164 634.7097167727661
60703 18891.901344 39.054924125834816 -26.14805873822547 637.0122800087256
60703 19311.901344 64.1931701730368 -36.18557851644418 633.1065090047367
60703 19731.901344 82.14031899662425 -118.1893733396774 619.5383793087883
60703 20151.901343999998 61.873082400725195 175.02860310849016 597.2104694170503
60703 20571.901343999998 36.27670129118234 165.98498454008438 572.6797097101097
60703 20991.901343999998 10.11313585428863 161.63384419024464 555.5582496708836
60703 21411.901343999998 -16.205638877817655 157.9690061191751 552.853176375259
60703 21831.901344 -42.358764330179724 153.09621390396353 564.6291549629622
60703 22251.901344 -67.78120196166658 140.72392118305413 584.4007245130597
60703 22671.901344 -80.65969577993589 36.37705544923334 603.8065856172698
60703 23091.901344 -57.98973452047168 -7.11999001447051 617.7204685908077
60703 23511.901344 -32.561672411584496 -14.730185183506173 625.9887932305197
60703 23931.901343999998 -6.864562679443972 -18.78595441292393 631.3800187694842
60703 24351.901343999998 18.846518356595876 -22.394339659157225 635.5926364376692
60703 24771.901343999998 44.39024007354996 -27.399427175223675 636.873284611514
60703 25191.901343999998 69.27828845095911 -40.869267631574225 631.0643978735118
60703 25611.901344 79.82749660439096 -150.16736519769148 615.3412241164305
60703 26031.901344 56.58915502547942 172.24060617507067 591.8324590115202
60703 26451.901344 30.81293079867208 164.97175517686694 568.0907332096285
60703 26871.901344 4.589930771786092 160.93433263728852 553.672421755417
60703 27291.901343999998 -21.721570097891494 157.19372638292546 554.3199537728043
60703 27711.901343999998 -47.7913300820807 151.6598648339076 568.511941048005
60703 28131.901343999998 -72.79867359986825 134.15541808039484 588.9184814154593
60703 28551.901343999998 -76.84678630840486 16.070191904807373 607.455935796994
60703 28971.901344 -52.705395284626476 -9.344621425459433 620.0339957345986
60703 29391.901344 -27.182670639104312 -15.645195626492338 627.3946626182334
60703 29811.901344 -1.4683010398310379 -19.460249671622186 632.424692150929
60703 30231.901344 24.223367494258724 -23.177256432654303 636.2474566983044
60703 30651.901344 49.69950659012166 -28.914346975013526 636.3762169183526
60703 31071.901343999998 74.15094778222544 -48.38796492753527 628.5661132970695
60703 31491.901343999998 75.71801002011449 -167.21113903767898 610.801850249309
60703 31911.901343999998 51.248856290290504 170.15648583260415 586.4834468338646
60703 32331.901343999998 25.335840549613884 164.0745342944067 563.970471946279
60703 32751.901344 -0.9319771853378621 160.2465768537612 552.4675232687387
60703 33171.901344 -27.222217967520656 156.3520992100308 556.3648095649467
60703 33591.901344 -53.184816914846124 149.87581912987997 572.60359928065
60703 34011.901344 -77.42237308596695 122.66718471328736 593.2445052273465
60703 34431.901344 -72.17717340148897 5.5180912536624955 610.7221274676581
60703 34851.901344 -47.38817006825595 -11.068503955844141 622.0038904785335
60703 35271.901344 -21.797885824979545 -16.46809822932886 628.6028464312332
60703 35691.901344 3.926030062674121 -20.130031144208452 633.3369097012348
60703 36111.901344 29.591384026536403 -24.035180363543258 636.6319223444356
60703 36531.901344 54.980062076798724 -30.81941069932773 635.3739657099452
60703 36951.901344 78.54623930199323 -61.94693984330102 625.449321919025
60703 37371.901344 70.9295635006191 -176.3097302789393 605.8112520279182
60703 37791.901344 45.861029583592526 168.52019779304965 581.0887678877355
60703 38211.901344 19.838643357296903 163.26004173037646 560.2693410408166
60703 38631.901344 -6.460235981332443 159.55560982178898 551.9644316678647
60703 39051.901344 -32.71430288907451 155.41488609685157 559.0366609640745
60703 39471.901344 -58.53499411903952 147.5590277867406 576.9962041766469
60703 39891.901344 -81.04842126719375 100.36306765750584 597.5209424266907
60703 40311.901344 -67.16902680064204 -0.6137312022735323 613.7807685350067
60703 40731.901344 -42.044774861113645 -12.46096579566127 623.8036553885327
60703 41151.901344 -16.405806097254974 -17.22551487973981 629.7358299686643
60703 41571.901344 9.319907222877557 -20.80902626950893 634.1667062257372
60703 41991.901344 34.95106039538216 -24.997028175524637 636.7527475988762
60703 42411.901344 60.22031282043018 -33.32177165053767 633.884065156551
60703 42831.901344 81.66443267888293 -88.2673418606942 621.7787887948012
60703 43251.901344 65.853388691913 178.2302374383932 600.4929588109483
60703 43671.901344 40.43552660034815 167.18208682585004 575.8007930852121
60703 44091.901344 14.324047673956919 162.50264201529328 557.114498355269
60703 44511.901344 -11.992392816041596 158.84690011550006 552.1660229259884
60703 44931.901344 -38.19493539722156 154.34584924882282 562.2140091592476
60703 45351.901344 -63.82077161351914 144.38962771760518 581.5205031368226
60703 45771.901344 -82.15680658944417 63.04260456123273 601.6192832188274
60703 46191.901344 -62.000754269836655 -4.5859255458790695 616.5681198711691
60703 46611.901344 -36.679446704822986 -13.627228207892363 625.4436327206234
60703 47031.901344 -11.005394644868247 -17.939033931121223 630.8380424651333
60703 47451.901344 14.714413802657324 -21.511965764667387 634.9396239557274
60703 47871.901344 40.30163143753827 -26.103767265229838 636.6420453442158
60703 48291.901344 65.39523254676043 -36.800646298788216 631.9893139368882
60703 48711.901344 81.85526906831224 -126.8122167390725 617.7047425347643
60703 49131.901344 60.630003811314 174.6091802810238 595.0378065258346
60703 49551.901344 34.98027226546251 166.05194715511462 570.8125488278107
60703 49971.901344 8.796910603192245 161.78392703227647 554.6127098815301
60703 50391.901344 -17.5231315669027 158.10596112871696 553.0873043937796
60703 50811.901344 -43.6569301638561 153.093743265106 565.8432669792605
60703 51231.901344 -68.99471119016735 139.74819084401778 586.105311317083
60703 51651.901344 -79.88693955381555 30.577035464147695 605.4978017699436
60703 51744.000096 0.5253341394263521 8.977334398329747 321.8645354517031
60703 51834.000096 1.0394872627404357 14.892313365215324 321.94378698676536
60703 51924.000096 1.5425136690209222 20.808921443248273 322.3594284825889
60703 52014.000096 2.0289964038143316 26.727500690784076 322.2554440723669
60703 52104.000096 2.493816715442093 32.64990703013071 322.11726981692374
60703 52194.000096 2.9319733104666565 38.576666406287536 321.8727476964405
60703 52284.000096 3.3387538885006753 44.50838013124129 321.52491351136905
60703 52374.000096 3.7097647510248795 50.44544767070273 321.0774243418431
60703 52464.000096 4.0409802579605865 56.38806349997293 320.53512246682504
60703 52554.000096 4.328788438082666 62.33621458631643 319.9038663689737
60703 52644.000096 4.570032607175846 68.28968553123045 319.1902989866886
60703 52734.000096 4.76204864451065 74.24807142195499 318.40162469590786
60703 52824.000096 4.902697695436057 80.21079799826344 317.54547604261643
60703 52914.000096 4.99039391804605 86.17714874938787 316.62992478909297
60703 53004.000096 5.024126562311201 92.1462984429588 315.6636235902166
60703 53094.000096 5.00347541030302 98.11735209647577 314.6559885536355
60703 53184.000096 4.928618644897167 104.08938758800304 313.61729964607053
60703 53274.000096 4.8003326022039285 110.06149934379722 312.55863452843363
60703 53364.000096 4.619983433823574 116.03284028624894 311.49164222899157
60703 53454.000096 4.389511188025386 122.00265964728325 310.4282467609234
60703 53544.000096 4.111407023504908 127.97033508563679 309.3803909151319
60703 53634.000096 3.788684206071064 133.93539828129082 308.3598769526211
60703 53724.000096 3.424843386536032 139.89755345659245 307.3782785152081
60703 53814.000096 3.023832610066205 145.856688158111 306.44685061781644
60703 53904.000096 2.5900026213499183 151.8128755377241 305.57638373793014
60703 53994.000096 2.1280582037946165 157.76636768510883 304.77700927704217
60703 54084.000096 1.643006369068049 163.7175803040939 304.0580099966825
60703 54174.000096 1.1401021250294467 169.66706982142335 303.42768154745005
60703 54264.000096 0.6247923607729949 175.61550443260393 302.8932426028718
60703 54354.000096 0.10265822928757895 -178.4363694888793 302.4607521099228
60703 54444.000096 -0.4206436345949377 -172.4877644626347 302.1350031556428
60703 54534.000096 -0.9394406710034064 -166.53789131537403 301.9194147623374
60703 54624.000096 -1.4481042725333004 -160.585999402438 301.8159835736146
60703 54714.000096 -1.9411095123280429 -154.63141556727274 301.8253403062501
60703 54804.000096 -2.4130942729591887 -148.6735795930233 301.94688637954346
60703 54894.000096 -2.8589173271215143 -142.7120743363422 302.17892226472105
60703 54984.000096 -3.27371486479834 -136.7466495371834 302.518682128133
60703 55074.000096 -3.6529548640261593 -130.7772389049791 302.96226669344287
60703 55164.000096 -3.9924886142372675 -124.80397009544383 303.50455854353373
60703 55254.000096 -4.2885986629082815 -118.82716675994048 304.1392320934215
60703 55344.000096 -4.538042471634868 -112.84734157522324 304.85890418080396
60703 55434.000096 -4.738091110163428 -106.86517960249643 305.6553607099516
60703 55524.000096 -4.8865623510229055 -100.8815124846368 306.51973268500666
60703 55614.000096 -4.981847526762382 -94.89728526227357 307.4425390397486
60703 55704.000096 -5.0229314737117825 -88.91351821672454 308.4136344020043
60703 55794.000096 -5.009404849539527 -82.93126584639258 309.42219984177785
60703 55884.000096 -4.941468164359399 -76.95157428800636 310.45690646581704
60703 55974.000096 -4.819927109050523 -70.9754380150888 311.5062620154638
60703 56064.000096 -4.646179237149849 -65.00375699595789 312.55900718689463
60703 56154.000096 -4.422192657303928 -59.03729645239199 313.60437297576107
60703 56244.000096 -4.150477894650977 -53.07665213232391 314.63209021863366
60703 56334.000096 -3.8340542524988903 -47.122223852761806 315.6322022536426
60703 56424.000096 -3.476411783892511 -41.174198887567506 316.594855614559
60703 56514.000096 -3.081469536356467 -35.232545203773455 317.51024453219446
60703 56604.000096 -2.6535303712484333 -29.297013464831437 318.3687685551207
60703 56694.000096 -2.1972326147408165 -23.367146581246526 319.16131931176176
60703 56784.000096 -1.717499057208434 -17.44229614749168 319.8795447156609
60703 56874.000096 -1.2194841351287542 -11.521645655862045 320.51598420975523
60703 56964.000096 -0.7085202159275341 -5.604240335739286 321.06407814416826
60703 57054.000096 -0.19006365357502186 0.3109772151386209 321.5181387618752
60703 57144.000096 0.33035915685045175 6.225127304655461 321.87337124927353
60703 57234.000096 0.8472058416439624 12.139351618249243 322.1259606877525
60703 57324.000096 1.354972494158395 18.054773612972113 322.27285005362614
60703 57414.000096 1.8482484939007973 23.97246604476945 322.3816489125629
60703 57504.000096 2.3217556373327697 29.893221457303834 322.3533480368606
60703 57594.000096 2.770436859096226 35.8179547641439 322.19068353494714
60703 57684.000096 3.189481229947349 41.74736788847289 321.9210670353677
60703 57774.000096 3.574375734765286 47.681945583000086 321.5471405502986
60703 57864.000096 3.920955348105769 53.62196604498143 321.0723273739411
60703 57954.000096 4.2254494167934595 59.56749789025854 320.50120358905104
60703 58044.000096 4.484525446820105 65.5184023477156 319.83956158485546
60703 58134.000096 4.695329627431229 71.47434403145526 319.09440024713825
60703 58224.000096 4.855522838386575 77.4348101086326 318.2738329722084
60703 58314.000096 4.963310871337942 83.3991370402301 317.38691390663854
60703 58404.000096 5.0174679425508915 89.36654355833821 316.44339537122534
60703 58494.000096 5.017353090503446 95.33616810789144 315.4534540907669
60703 58584.000096 4.962919474630424 101.30710882186331 314.42745419924614
60703 58674.000096 4.854716731867067 107.2784642934534 313.37582312397967
60703 58764.000096 4.693886411177922 113.24937376301511 312.30907736675294
60703 58854.000096 4.482150291202799 119.21905550564429 311.23795716281256
60703 58944.000096 4.221791348880086 125.1868419892266 310.17355853440796
60703 59034.000096 3.91562741864574 131.15220993937976 309.12734180149283
60703 59124.000096 3.566978068230975 137.11480324408535 308.11096284734367
60703 59214.000096 3.1796256610967366 143.07444703140916 307.1359762685486
60703 59304.000096 2.7577717420922294 149.03115222382058 306.21352704511537
60703 59394.000096 2.305989725695197 154.9851109547417 305.3541331062054
60703 59484.000096 1.8291745476803658 160.9366838882474 304.5675806980354
60703 59574.000096 1.3324896953823173 166.88638051368278 303.862873127271
60703 59664.000096 0.8213119865572127 172.83483318162607 303.248152925156
60703 59754.000096 0.301174568020344 178.7827655202621 302.730565845397
60703 59844.000096 -0.2222913063921311 -175.2690437837913 302.3161030925573
60703 59934.000096 -0.7434151980543579 -169.31980021270866 302.0094843799016
60703 60024.000096 -1.2565467319091381 -163.3687335579473 301.8141096873568
60703 60114.000096 -1.7561149305893016 -157.41513693213258 301.7320502455055
60703 60204.000096 -2.236687406583369 -151.45840308523933 301.764027693036
60703 60294.000096 -2.6930290629266658 -145.49805690395925 301.90936722616544
60703 60384.000096 -3.1201597697417522 -139.5337830063809 302.16597018201236
60703 60474.000096 -3.5134103261134304 -133.5654470161366 302.530372179127
60703 60564.000096 -3.86847592291016 -127.5931088750831 302.997905927813
60703 60654.000096 -4.181466279654049 -121.61702689618164 303.56290837270313
60703 60744.000096 -4.448951612140157 -115.63765219095806 304.21887143820743
60703 60834.000096 -4.668003591149559 -109.65561414345387 304.9584777746962
60703 60924.000096 -4.836230489270722 -103.6716981479371 305.7735595441616
60703 61014.000096 -4.951805797071555 -97.68681669363752 306.6550889758262
60703 61104.000096 -5.013489727044658 -91.70197447593844 307.5932896795015
60703 61194.000096 -5.020643209412493 -85.71822820096385 308.57785822432385
60703 61284.000096 -4.973234198491015 -79.73664245026053 309.59818838971375
60703 61374.000096 -4.871836308024535 -73.75824403768448 310.64348198806937
60703 61464.000096 -4.717619920799075 -67.78397795256627 311.70272528516205
60703 61554.000096 -4.512335944820731 -61.814667680945604 312.76463471476717
60703 61644.000096 -4.258292369559622 -55.85098157021742 313.8177242708858
60703 61734.000096 -3.958323841585902 -49.893405713176534 314.85057029242455
60703 61824.000096 -3.6157547460614112 -43.94222335752398 315.85219890460485
60703 61914.000096 -3.23435673109306 -37.99750127009437 316.81241240288284
60703 62004.000096 -2.8183020509389487 -32.05908422919718 317.72189147458135
60703 62094.000096 -2.3721142622192963 -26.126599027231492 318.57205062386055
60703 62184.000096 -1.900617535524072 -20.199468588147763 319.3547833890013
60703 62274.000096 -1.4088852515471104 -14.2769353618932 320.0622969550644
60703 62364.000096 -0.9021879563691798 -8.358091890561225 320.6871611184797
60703 62454.000096 -0.3859404733810226 -2.4419160524627905 321.2225454745349
60703 62544.000096 0.13435189647271054 3.4726909704663194 321.6625037394691
60703 62634.000096 0.6531477986577081 9.386865098475468 322.0021610120726
60703 62724.000096 1.1649243406677088 15.30173896890993 322.23774476891276
60703 62814.000096 1.6642313791433379 21.21840402503064 322.3655076632639
60703 62904.000096 2.1457454399204767 27.137879702674372 322.41893142414807
60703 62994.000096 2.604314465712051 33.06097153933194 322.328476638484
60703 63084.000096 3.0350263179716888 38.98844642019794 322.1225283285892
60703 63174.000096 3.4332496825336767 44.920885064560004 321.80978077687763
60703 63264.000096 3.7946829887283355 50.8586460554388 321.3933847371065
60703 63354.000096 4.1154041363257345 56.80188099832566 320.8775147282242
60703 63444.000096 4.391915067378564 62.750533938191694 320.26730419723754
60703 63534.000096 4.621182241541758 68.70434769281368 319.5687951119984
60703 63624.000096 4.800672660290703 74.66287857895398 318.7889600016157
60703 63714.000096 4.9283851425058245 80.62551939540153 317.9357556651281
60703 63804.000096 5.002876452119958 86.59152975179178 317.01815060813533
60703 63894.000096 5.023281617591244 92.5600722776776 316.0460884314613
60703 63984.000096 4.98932755434168 98.53025295643488 315.03037766938877
60703 64074.000096 4.901339110466662 104.50116367897424 313.98251078897664
60703 64164.000096 4.760236990475424 110.47192493699973 312.9144150971754
60703 64254.000096 4.567527573886558 116.44172638946661 311.8381493609293
60703 64344.000096 4.3252851942730635 122.40986305918524 310.76559320870086
60703 64434.000096 4.036127735671618 128.37576535468048 309.70821029795167
60703 64524.000096 3.7031863471942357 134.33902189519407 308.67696077165687
60703 64614.000096 3.330069802371267 140.29939487204206 307.6823747697995
60703 64704.000096 2.9208237986941055 146.25682800655557 306.73470669485766
60703 64794.000096 2.479885511135252 152.21144698563856 305.8440338516847
60703 64884.000096 2.0120339802191656 158.16355192522673 305.02019146423083
60703 64974.000096 1.5223372271443258 164.11360145150223 304.2725373842628
60703 65064.000096 1.0160971011585789 170.06218864905406 303.60964494388895
60703 65154.000096 0.49879268346776867 176.01001014370718 303.03905625138145
60703 65244.000096 -0.023977279711358348 -178.0421696173778 302.56716966346494
60703 65334.000096 -0.5465527303648738 -172.09355669023205 302.1992344751051
60703 65424.000096 -1.06327131609737 -166.14336682363464 301.93936313333853
60703 65514.000096 -1.5685278066952362 -160.19086432341544 301.79049032003246
60703 65604.000096 -2.0568334523762872 -154.235399535868 301.7542824728844
60703 65694.000096 -2.522874732118844 -148.27644353607894 301.83106041116133
60703 65784.000096 -2.961570970870195 -142.31361815746382 302.0197910289426
60703 65874.000096 -3.3681303692652205 -136.34671947125838 302.3181441946588
60703 65964.000096 -3.7381039794450714 -130.37573337951883 302.72255954642725
60703 66054.000096 -4.067437039573696 -124.40084278821391 303.2282763088475
60703 66144.000096 -4.352516899809816 -118.42242635804044 303.82934016403954
60703 66234.000096 -4.5902166202949335 -112.44104886523988 304.5186544083043
60703 66324.000096 -4.777933257847983 -106.457443030677 305.2881315196118
60703 66414.000096 -4.913619898006494 -100.47248283040521 306.12892792435815
60703 66504.000096 -4.995810619061437 -94.48714906144113 307.0316721190955
60703 66594.000096 -5.023637770896491 -88.50248901707529 307.9865931194828
60703 66684.000096 -4.996841185861893 -82.51957288117698 308.98353311850906
60703 66774.000096 -4.915769183944785 -76.53944942139381 310.0119235168108
60703 66864.000096 -4.781371474828778 -70.56310288521426 311.06083411236887
60703 66954.000096 -4.595184298127641 -64.59141231714376 312.11914039054903
60703 67044.000096 -4.359308381947482 -58.625114408306985 313.175745929624
60703 67134.000096 -4.076380504865081 -52.664771478843534 314.2197400441564
60703 67224.000096 -3.7495395419680477 -46.71074669098471 315.2404199587999
60703 67314.000096 -3.3823877990335034 -40.76318839951007 316.2272271282437
60703 67404.000096 -2.9789482213565264 -34.822024479030524 317.1697385658677
60703 67494.000096 -2.5436178558880838 -28.886966052955284 318.0578328310837
60703 67584.000096 -2.08111793230344 -22.957519134908786 318.8820223736851
60703 67674.000096 -1.5964411779917604 -17.03300276926029 319.6338046606927
60703 67764.000096 -1.0947973516331218 -11.11257305831115 320.30584475014024
60703 67854.000096 -0.581558186078384 -5.195253172362445 320.8918990344796
60703 67944.000096 -0.062202749827494054 0.7200306730494423 321.3865565713754
60703 68034.000096 0.45773630989211606 6.6344082909918285 321.78498989507636
60703 68124.000096 0.9727258105488799 12.549021959684149 322.0828881675675
60703 68214.000096 1.4772849256384581 18.46498371049218 322.27655944723983
60703 68304.000096 1.9660384562319015 24.383337670143227 322.3575878768107
60703 68394.000096 2.433761832738302 30.304914531508885 322.19023225857154
60703 68484.000096 2.875483004714907 36.23096326887783 322.05485883373035
60703 68574.000096 3.2864286622520593 42.161734685818836 321.8130493392212
60703 68664.000096 3.6621686851493203 48.09766826677831 321.4672922070654
60703 68754.000096 3.9986332070310646 54.03899142078027 321.0207845840382
60703 68844.000096 4.292158828981816 59.98572299039262 320.4778509914855
60703 68934.000096 4.539531315019344 65.93767759627087 319.8439742837097
60703 69024.000096 4.738024608342344 71.89447847440499 319.125748571099
60703 69114.000096 4.885435129003434 77.85557822566317 318.3307446780794
60703 69204.000096 4.980110238394503 83.82028631895281 317.4673435014027
60703 69294.000096 5.020969995013549 89.78780223105889 316.54461077423997
60703 69384.000096 5.007521746161844 95.75725312065852 315.5722469661413
60703 69474.000096 4.939867499654288 101.72773466683337 314.56058699123105
60703 69564.000096 4.81870422968898 107.69835326001792 313.520593741631
60703 69654.000096 4.645317249055754 113.6682674267672 312.46380215932095
60703 69744.000096 4.421566631763836 119.63672640177339 311.40220188039115
60703 69834.000096 4.149866587890828 125.60310404688708 310.34806275044406
60703 69924.000096 3.833157833089977 131.56692660373008 309.3137018674698
60703 70014.000096 3.474873368145007 137.52789291889994 308.31118822911014
60703 70104.000096 3.078898525011269 143.48588594276072 307.35200773017976
60703 70194.000096 2.6495264034314685 149.44097475451088 306.4467595108211
60703 70284.000096 2.1914097643755057 155.39340720272415 305.60498094105077
60703 70374.000096 1.7095101183120205 161.34359419757135 304.8351613673297
60703 70464.000096 1.209044379581696 167.2920872682159 304.1449097012908
60703 70554.000096 0.6954292942558622 173.2395509179288 303.5411482249941
60703 70644.000096 0.17422396002511784 179.18673075996705 303.0301864308278
60703 70734.000096 -0.3489290000048154 -174.8655820377451 302.617607200811
60703 70824.000096 -0.8683629047600282 -168.9165893378127 302.3080220222237
60703 70914.000096 -1.378446506097478 -162.96552625964728 302.1048329252145
60703 71004.000096 -1.8736431300949614 -157.01170084184628 302.01011924648145
60703 71094.000096 -2.3485692945447787 -151.05453064330223 302.0246683797044
60703 71184.000096 -2.7980526188441646 -145.0935742339707 302.14807281744686
60703 71274.000096 -3.217188626445485 -139.12855636712987 302.378794816645
60703 71364.000096 -3.6013957645262704 -133.15938625346908 302.7141612773285
60703 71454.000096 -3.946467792681307 -127.18616843396055 303.15033286272615
60703 71544.000096 -4.248622680594554 -121.2092054784425 303.68231991307397
60703 71634.000096 -4.504547242338414 -115.22899166699771 304.3040734741275
60703 71724.000096 -4.711436818941824 -109.24619732313894 305.00861070369837
60703 71814.000096 -4.86702934456715 -103.26164442418725 305.78810888127396
60703 71904.000096 -4.969633113065342 -97.27627497451743 306.6339462662724
60703 71994.000096 -5.018147559629909 -91.29111392972129 307.53673891108593
60703 72084.000096 -5.012076438814471 -85.30722823352026 308.48644994702465
60703 72174.000096 -4.9515329381499305 -79.3256832589307 309.47259961140054
60703 72264.000096 -4.837236510217085 -73.34749811254225 310.4845186514953
60703 72354.000096 -4.670501504599976 -67.3736018776971 311.511541427598
60703 72444.000096 -4.45321798254638 -61.40479343558803 312.5430741596709
60703 72534.000096 -4.187825345375174 -55.44170742619248 313.5685698319262
60703 72624.000096 -3.877279574905109 -49.48478805793753 314.5775130299238
60703 72714.000096 -3.525014988782482 -43.534271319708886 315.55950177744074
60703 72804.000096 -3.134901493655704 -37.59017539767376 316.504420953854
60703 72894.000096 -2.7111983756777347 -31.652299098982972 317.4026132161869
60703 72984.000096 -2.2585056369252317 -25.7202285261437 318.2449490130484
60703 73074.000096 -1.781713688264751 -19.793352429001047 319.02278682753
60703 73164.000096 -1.285951848166449 -13.87088609979035 319.7279245308094
60703 73254.000096 -0.7765357179158503 -7.951902540581423 320.35267506398844
60703 73344.000096 -0.25891332663425776 -2.0353686350436213 320.89011627319854
60703 73344.999744 0.5253340867984431 8.97733380083634 321.8651502781969
60703 73434.999744 1.168157830613557 16.39090509692042 342.52927036186253
60703 73524.999744 1.7838999574752223 23.717760099098026 403.9184941798932
60703 73614.999744 2.356876237507075 30.876478726080112 504.3154484663489
60703 73704.999744 2.87538819372522 37.79809191277157 641.0627075305274
60703 73794.999744 3.332324470566716 44.42953195265057 810.821428725091
60703 73884.999744 3.724971568939612 50.73466468623436 1009.853144370992
60703 73974.999744 4.054268479134017 56.69328395494044 1234.2795264317256
60703 74064.999744 4.323806952697053 62.298773052294194 1480.291807327761
60703 74154.999744 4.538831840736934 67.55516969991855 1744.2993950485888
60703 74244.999744 4.7053969939487725 72.47421225755643 2023.0206637221177
60703 74334.999744 4.829736971131656 77.07272287391598 2313.5263476549653
60703 74424.999744 4.917849794988891 81.37048602866352 2613.248316109046
60703 74514.999744 4.975253518880721 85.38864420491493 2919.965627093933
60703 74604.999744 5.0068703866902595 89.148556284818 3231.777408142066
60703 74694.999744 5.016996295043081 92.67103319377696 3547.0694736673836
60703 74784.999744 5.009322242152143 95.97586176058545 3864.479268610352
60703 74874.999744 4.986983958969304 99.081537939748 4182.86193582875
60703 74964.999744 4.952623962583871 102.00514562755943 4501.259035312829
60703 75054.999744 4.908456312336998 104.76233249030483 4818.870604174876
60703 75144.999744 4.856328541667158 107.36734736618514 5135.030726514945
60703 75234.999744 4.7977779761938475 109.83311427151871 5449.186483299009
60703 75324.999744 4.7340813394230015 112.17132594987429 5760.879998030291
60703 75414.999744 4.666297530580111 114.39254565754514 6069.733229654583
60703 75504.999744 4.5953039862253675 116.50630994878807 6375.435152849499
60703 75594.999744 4.52182728329979 118.52122803521523 6677.730983649335
60703 75684.999744 4.4464687217995245 120.44507519322244 6976.413140330271
60703 75774.999744 4.369725614081409 122.28487894842524 7271.313666713448
60703 75864.999744 4.292008950203789 124.04699757412381 7562.29788248238
60703 75954.999744 4.213658031579693 125.7371909438261 7849.259060105392
60703 76044.999744 4.134952583789017 127.36068407599767 8132.1139592977015
60703 76134.999744 4.056122781733466 128.92222387205615 8410.799077284508
60703 76224.999744 3.977357550230958 130.42612962391127 8685.267496526509
60703 76314.999744 3.8988114419927573 131.87633788740672 8955.486231364404
60703 76404.999744 3.8206103427252183 133.27644230450824 9221.43399164368
60703 76494.999744 3.74285620919136 134.62972892432526 9483.099295231004
60703 76584.999744 3.6656310095097684 135.93920753036676 9740.478872841359
60703 76674.999744 3.5890000047406394 137.2076394347545 9993.57631813367
60703 76764.999744 3.513014485932465 138.43756215312575 10242.400943929451
60703 76854.999744 3.437714060393838 139.63131132883183 10486.966811941404
60703 76944.999744 3.3631285642420403 140.7910402329755 10727.29190880433
60703 77034.999744 3.2892796646074403 141.9187371283993 10963.397445675157
60703 77124.999744 3.2161822036900065 143.0162407511099 11195.307262376018
60703 77214.999744 3.143845327715839 144.085254131731 11423.047320129699
60703 77304.999744 3.0722734363521713 145.12735695221753 11646.645269490911
60703 77394.999744 3.001466982002042 146.14401660895308 11866.130082201753
60703 77484.999744 2.9314231433642752 147.1365981321898 12081.531737470557
60703 77574.999744 2.8621363935070248 148.10637309325872 12292.880954650866
60703 77664.999744 2.7935989792982503 149.054527614787 12500.208965533484
60703 77754.999744 2.72580132622988 149.98216958502042 12703.547320499438
60703 77844.999744 2.6587323803547105 150.8903351650202 12902.927723650942
60703 77934.999744 2.5923798971379344 151.77999466674657 13098.381892767538
60703 78024.999744 2.526730685436129 152.65205787066319 13289.941440550501
60703 78114.999744 2.4617708134973015 153.50737884331002 13477.637774137467
60703 78204.999744 2.397485782778051 154.34676030814995 13661.502010308724
60703 78294.999744 2.3338606744592805 155.17095761675048 13841.56490417825
60703 78384.999744 2.270880272778276 155.98068236190676 14017.8567894783
60703 78474.999744 2.208529168656144 156.7766056695348 14190.407528814243
60703 78564.999744 2.146791846564385 157.55936120198083 14359.246472495344
60703 78654.999744 2.085652757125092 158.3295479017219 14524.4024247409
60703 78744.999744 2.025096377561371 159.08773250121223 14685.903616228448
60703 78834.999744 1.9651072617964944 159.83445182179577 14843.777682092268
60703 78924.999744 1.9056700817316 160.57021488211353 14998.051644602887
60703 79014.999744 1.8467696610051065 161.29550483423586 15148.751899862304
60703 79104.999744 1.7883910023447989 162.0107807438113 15295.904207940042
60703 79194.999744 1.730519309460894 162.7164792288113 15439.53368595198
60703 79284.999744 1.6731400042901623 163.41301596993296 15579.664803650925
60703 79374.999744 1.6162387402838188 164.1007871043809 15716.321381154934
60703 79464.999744 1.5598014123318225 164.7801705135578 15849.526588489354
60703 79554.999744 1.5038141638311109 165.45152701413633 15979.302946661088
60703 79644.999744 1.4482633913325444 166.11520146104374 16105.67233002112
60703 79734.999744 1.3931357471391947 166.77152377005547 16228.655969703022
60703 79824.999744 1.338418140175527 167.4208098669452 16348.274457953443
60703 79914.999744 1.2840977354014667 168.0633625694755 16464.547753194558
60703 80004.999744 1.2301619520064153 168.69947240791578 16577.49518567954
60703 80094.999744 1.1765984605847115 169.32941838924467 16687.135463620423
60703 80184.999744 1.1233951794654582 169.95346870971403 16793.486679683476
60703 80274.999744 1.0705402703447804 170.57188142002772 16896.566317761364
60703 80364.999744 1.0180221333474935 171.18490504700168 16996.39125994297
60703 80454.999744 0.9658294016267569 171.79277917522984 17092.9777936126
60703 80544.999744 0.9139509355946625 172.39573499196808 17186.341618619394
60703 80634.999744 0.8623758168630685 172.99399579817086 17276.497854465557
60703 80724.999744 0.8110933419623684 173.58777748836297 17363.461047469118
60703 80814.999744 0.7600930158957557 174.1772890018023 17447.24517786303
60703 80904.999744 0.7093645455778854 174.76273274718434 17527.86366679758
60703 80994.999744 0.658897833199348 175.34430500295474 17605.329383217762
60703 81084.999744 0.6086829695518973 175.92219629512792 17679.65465059128
60703 81174.999744 0.5587102273437978 176.49659175435988 17750.851253466313
60703 81264.999744 0.5089700545298631 177.06767145388488 17818.930443841266
60703 81354.999744 0.45945306767662686 177.63561072980227 17883.902947331288
60703 81444.999744 0.41015004537951116 178.20058048508756 17945.778969118724
60703 81534.999744 0.36105192174579553 178.7627474785993 18004.568199676625
60703 81624.999744 0.3121497799546002 179.3222746002613 18060.27982025618
60703 81714.999744 0.2634348459027505 179.87932113351596 18112.92250813034
60703 81804.999744 0.21489848194360142 -179.56595699393148 18162.504441587353
60703 81894.999744 0.16653218072409112 -179.01340697012685 18209.033304668865
60703 81984.999744 0.11832755912406273 -178.46287886875007 18252.51629164827
60703 82074.999744 0.07027635230057358 -177.91422542803534 18292.960111245862
60703 82164.999744 0.022370407839016147 -177.36730183794663 18330.370990577787
60703 82254.999744 -0.02539831998801894 -176.82196553487265 18364.754678836747
60703 82344.999744 -0.07303777585383196 -176.27807600314821 18396.116450702542
60703 82434.999744 -0.12055580890294998 -175.73549458274303 18424.461109480973
60703 82524.999744 -0.16796017816941688 -175.19408428249608 18449.792989970516
60703 82614.999744 -0.21525855788910156 -174.65370959829914 18472.11596105533
60703 82704.999744 -0.26245854270731783 -174.11423633566267 18491.433428024622
60703 82794.999744 -0.30956765278323983 -173.57553143611804 18507.74833461774
60703 82884.999744 -0.3565933387926691 -173.03746280693073 18521.06316479464
60703 82974.999744 -0.4035429868307467 -172.49989915361652 18531.379944231834
60703 83064.999744 -0.4504239232161668 -171.9627098147664 18538.700241543494
60703 83154.999744 -0.49724341919832654 -171.42576459869866 18543.025169227818
60703 83274.444576 -0.5228898040840892 -171.02254695359824 18621.869831328906
60703 83364.444576 -0.5943483027720393 -170.20198858848707 18621.865585288222
60703 83454.444576 -0.6656848425115242 -169.38140938983938 18621.865670108415
60703 83544.444576 -0.7368848386435743 -168.56080624013376 18621.86546758988
60703 83634.444576 -0.8079336574183982 -167.74017690128008 18621.864791380132
60703 83724.444576 -0.8788167179853222 -166.91951888417142 18621.863641116863
60703 83814.444576 -0.9495194716010656 -166.09882972126607 18621.86201657639
60703 83904.444576 -1.0200274043265185 -165.27810697000479 18621.85991759712
60703 83994.444576 -1.0903260398333396 -164.45734821487963 18621.857344078708
60703 84084.444576 -1.1604009422174355 -163.63655106938185 18621.854295982404
60703 84174.444576 -1.2302377188091047 -162.81571317791906 18621.85077333155
60703 84264.444576 -1.2998220229798159 -161.99483221771783 18621.8467762121
60703 84354.444576 -1.3691395569458764 -161.17390590068567 18621.842304773083
60703 84444.444576 -1.4381760745671461 -160.35293197526056 18621.837359227135
60703 84534.444576 -1.5069173841419625 -159.5319082282244 18621.83193985111
60703 84624.444576 -1.5753493511973855 -158.71083248648628 18621.82604698654
60703 84714.444576 -1.6434579012742956 -157.88970261884634 18621.81968104029
60703 84804.444576 -1.711229022707207 -157.0685165377115 18621.812842485106
60703 84894.444576 -1.7786487693983433 -156.24727220079302 18621.8055318602
60703 84984.444576 -1.8457032635859705 -155.4259676127593 18621.797749771893
60703 85074.444576 -1.9123786986060414 -154.60460082685583 18621.789496894242
60703 85164.444576 -1.9786613416474321 -153.7831699464877 18621.780773969633
60703 85254.444576 -2.0445375364998735 -152.96167312676735 18621.771581809448
60703 85344.444576 -2.109993706293925 -152.14010857601605 18621.761921294743
60703 85434.444576 -2.1750163562337534 -151.31847455722905 18621.75179337684
60703 85524.444576 -2.2395920763211468 -150.49676938949506 18621.74119907809
60703 85614.444576 -2.303707544070513 -149.6749914493769 18621.730139492473
60703 85704.444576 -2.367349527215294 -148.85313917223996 18621.718615786274
60703 85794.444576 -2.430504886403663 -148.03121105354592 18621.70662919885
60703 85884.444576 -2.493160577884562 -147.2092056500875 18621.694181043218
60703 85974.444576 -2.5553036561832783 -146.38712158118446 18621.681272706835
60703 86064.444576 -2.6169212767650896 -145.56495752982576 18621.66790565225
60703 86154.444576 -2.678000698687596 -144.74271224376358 18621.654081417782
60703 86244.444576 -2.7385292872409157 -143.920384536556 18621.639801618243
60703 86334.444576 -2.7984945165741735 -143.09797328855873 18621.625067945653
