CIC_OEM_VERS = 2.0
CREATION_DATE = 2025-03-13T18:00:38.253046
ORIGINATOR = ISAE-SUPAERO


META_START
OBJECT_NAME = BLUE1
OBJECT_ID = BLUE1
CENTER_NAME = Earth
REF_FRAME = EME2000
TIME_SYSTEM = UTC
START_TIME = 2025-03-13T00:00:00.000
USEABLE_START_TIME = 2025-03-13T00:00:00.000
USEABLE_STOP_TIME = 2025-03-13T23:55:00.000
STOP_TIME = 2025-03-13T23:55:00.000
INTERPOLATION = lagrange
INTERPOLATION_DEGREE = 5
META_STOP



60747 0.0 -6419.139700000001 -2718.4689 -518.64032 0.079536317 1.1506327 -7.4521999
60747 420.0 -5737.9331 -1976.759 -3489.606 3.1055486 2.3194702 -6.4525774
60747 840.0 -3900.6802000000002 -836.68016 -5756.307900000001 5.492011000000001 3.0161514 -4.1577605
60747 1260.0 -1280.5976 471.36213000000004 -6865.0951 6.7717089 3.1063679000000004 -1.0319328
60747 1680.0 1596.1793 1684.7266000000002 -6592.8236 6.6929944 2.5723725 2.3088851
60747 2100.0 4150.5936 2558.2871 -4988.4102 5.2594583 1.5143169 5.203462000000001
60747 2520.0 5860.8550000000005 2911.7624 -2368.2481000000002 2.7392395 0.13751491999999998 7.0590177
60747 2940.0 6368.9687 2668.1347 737.9420500000001 -0.36577129 -1.2790312 7.4730951
60747 3360.0 5562.018 1873.6671000000001 3690.7911000000004 -3.4107606 -2.4381207 6.3391649
60747 3780.0 3603.1653 691.18008 5877.0504 -5.7523937 -3.0934418999999997 3.8879752
60747 4200.0 898.42665 -634.44523 6843.828 -6.9002882 -3.1080786 0.63630824
60747 4620.0 -1992.1178 -1829.3385 6394.6957999999995 -6.623103100000001 -2.4825657000000003 -2.7351186
60747 5040.0 -4473.6453 -2648.3937 4627.6332 -4.9887886 -1.3505192 -5.5301553000000006
60747 5460.0 -6040.2219000000005 -2925.6655 1910.8065000000001 -2.3439018000000003 0.051856921 -7.1803423
60747 5880.0 -6377.5770999999995 -2607.4366 -1196.5599 0.76200824 1.4359301 -7.3602586
60747 6300.0 -5424.469400000001 -1761.5102 -4061.8025000000002 3.6959004 2.5221211 -6.0502606
60747 6720.0 -3379.5954 -560.9616 -6107.9986 5.8739737 3.0967677 -3.5280309
60747 7140.0 -656.7489300000001 752.15327 -6925.8863 6.870910100000001 3.049475 -0.29954058
60747 7560.0 2197.6076000000003 1914.1064 -6349.57 6.488292 2.3883173 2.9999655
60747 7980.0 4607.6374000000005 2689.393 -4488.2892 4.7874683000000005 1.238079 5.7140803
60747 8400.0 6078.7327000000005 2916.8448 -1711.3747 2.0917725000000003 -0.17596414999999999 7.2809641
60747 8820.0 6300.8442000000005 2545.0950000000003 1417.215 -1.0559971000000001 -1.5646860999999999 7.3550693
60747 9240.0 5220.666700000001 1647.3721 4251.6145 -3.9981234 -2.6352403 5.9030645999999996
60747 9660.0 3059.14 408.43171 6202.947700000001 -6.1129901 -3.1604038 3.2255455000000004
60747 10080.0 264.6034 -915.11922 6867.929400000001 -6.9599933 -3.031521 -0.11292159
60747 10500.0 -2584.8916 -2050.1730000000002 6113.2124 -6.3719030000000005 -2.2793989999999997 -3.4155824
60747 10920.0 -4904.0833 -2764.4242999999997 4099.7657 -4.4808737 -1.0634785999999998 -6.0026745
60747 11340.0 -6221.3414 -2913.7713 1245.7431000000001 -1.6855276 0.36332865 -7.3502671
60747 11760.0 -6274.062400000001 -2470.7812999999996 -1862.7803000000001 1.4355715 1.7083836 -7.1964898
60747 12180.0 -5058.8432999999995 -1528.3763999999999 -4594.5005 4.2494457 2.7014299999999998 -5.5895615
60747 12600.0 -2826.3709 -278.56439 -6400.4706 6.1990093 3.1482406000000003 -2.8642141000000003
60747 13020.0 -27.036114 1027.1191 -6919.4107 6.9038919 2.9631232 0.43646912
60747 13440.0 2777.2894 2126.202 -6044.2135 6.2204387 2.1800518 3.6631022
60747 13860.0 5019.2496 2795.0367 -3943.7608 4.2678697 0.9478669200000001 6.169552800000001
60747 14280.0 6236.3927 2893.3963 -1037.2687 1.4228812 -0.48975377 7.4308208
60747 14700.0 6170.1027 2396.4115 2082.4861 -1.7358797 -1.8364894 7.163177800000001
60747 15120.0 4827.523700000001 1403.7703000000001 4769.9185 -4.545236200000001 -2.8072502 5.4075839
60747 15540.0 2485.0562999999997 120.36686 6466.767900000001 -6.4123001 -3.196445 2.5310408000000004
60747 15960.0 -371.43125000000003 -1188.0772 6823.426 -6.9506821 -2.9249105 -0.8606394900000001
60747 16380.0 -3151.7909 -2251.9574 5770.7833 -6.058243000000001 -2.0532152000000004 -4.061812
60747 16800.0 -5286.0667 -2854.0619 3531.007 -3.9297402000000003 -0.7650754 -6.4156652
60747 17220.0 -6341.4941 -2873.5861 567.97152 -1.0117755 0.67235438 -7.4479044000000005
60747 17640.0 -6109.543000000001 -2309.6718 -2511.2835 2.0940893000000003 1.9654015 -6.9626090000000005
60747 18060.0 -4644.367700000001 -1279.4439 -5082.9494 4.7612223 2.855681 -5.074693
60747 18480.0 -2246.0286 7.9310259 -6631.1350999999995 6.4640395 3.1699511000000005 -2.1722548
60747 18900.0 602.7212 1293.6704 -6845.7903 6.8700099 2.8479038 1.1693043
60747 19320.0 3329.6986 2318.9294 -5679.7164 5.8914928 1.9493759 4.2917474
60747 19740.0 5381.3424 2874.1119 -3360.2783 3.7054845999999997 0.64648894 6.564864
60747 20160.0 6332.2204 2841.5939 -352.88027000000005 0.73935225 -0.80062912 7.5066187
60747 20580.0 5978.125599999999 2223.5858 2726.7623 -2.3982354999999997 -2.0914758 6.8992281
60747 21000.0 4386.7572 1145.4384 5240.2311 -5.046279999999999 -2.9521098 4.8580304
60747 21420.0 1886.982 -169.90126999999998 6665.8025 -6.6472749 -3.2011167 1.812003
60747 21840.0 -1002.9714 -1450.3357 6710.914900000001 -6.8725703000000005 -2.7893697000000004 -1.5988327
60747 22260.0 -3686.8784 -2432.4675 5371.1882000000005 -5.6855341 -1.8064648 -4.6668654
60747 22680.0 -5615.674900000001 -2916.3103 2927.5825 -3.3414303 -0.45859818 -6.7646417
60747 23100.0 -6399.6416 -2805.5351 -115.11021000000001 -0.33005347 0.9755953500000001 -7.4722739
60747 23520.0 -5886.066 -2125.8276 -3135.0215000000003 2.7305231 2.2042163 -6.6611759
60747 23940.0 -4185.7282000000005 -1017.4069000000001 -5521.8251 5.225915 2.9830761000000003 -4.5111561
60747 24360.0 -1644.9542 295.34853999999996 -6797.411400000001 6.6663999 3.1614528 -1.4594973
60747 24780.0 1225.6651000000002 1548.7542 -6705.6613 6.7697036 2.7048373999999997 1.8912398000000001
60747 25200.0 3848.8145 2489.9436 -5259.7971 5.5049643 1.6985829000000001 4.879180000000001
60747 25620.0 5689.9378 2925.4348999999997 -2743.9253 3.1063623 0.33708053000000004 6.895762700000001
60747 26040.0 6365.0951 2761.6393 334.62099 0.048548034000000004 -1.1052297000000002 7.5075772
60747 26460.0 5726.8899 2028.1408000000001 3343.3478 -3.0359541 -2.3268712000000003 6.5662294
60747 26880.0 3902.9899 874.78696 5657.8013 -5.4960231 -3.068449 4.2604296999999995
60747 27300.0 1271.1412 -459.69837 6798.209400000001 -6.815592400000001 -3.1744773 1.0759716000000001
60747 27720.0 -1623.4808 -1699.5176000000001 6531.853099999999 -6.72659 -2.6262387 -2.3197319000000003
60747 28140.0 -4184.7007 -2590.1101000000003 4918.9276 -5.257970500000001 -1.5414713 -5.2243195
60747 28560.0 -5889.7487 -2950.6631 2296.119 -2.7224171999999998 -0.14681063 -7.0460981
60747 28980.0 -6395.5232000000005 -2710.2981 -796.13195 0.35253837 1.2702098000000002 -7.4233623
60747 29400.0 -5606.2702 -1921.0427 -3727.3657000000003 3.3383752 2.4224983000000004 -6.2956718
60747 29820.0 -3687.9182 -744.80452 -5906.5556 5.6390083 3.0824593 -3.9050455000000004
60747 30240.0 -1029.4723000000001 580.9365200000001 -6897.595200000001 6.8043401 3.1228811999999997 -0.7332724100000001
60747 30660.0 1835.3501 1789.9278000000002 -6500.4307 6.604147 2.5352331 2.5949798
60747 31080.0 4329.2955 2637.5692999999997 -4788.707200000001 5.0648764 1.4299819 5.4193639000000005
60747 31500.0 5941.8972 2948.4605 -2101.0009 2.47674 0.022585483 7.1587468
60747 31920.0 6334.7898 2654.2527999999998 1018.1524000000001 -0.6421228800000001 -1.4006161 7.433647
60747 32340.0 5419.1984 1811.8753000000002 3925.9292000000005 -3.6423639 -2.5405577 6.167779800000001
60747 32760.0 3381.3754 594.29115 6018.425 -5.890135 -3.1551965 3.6210038
60747 33180.0 643.86341 -746.3605 6862.7178 -6.9160059 -3.1166953 0.33038515
60747 33600.0 -2226.8208 -1933.3073000000002 6288.0924 -6.5147715 -2.436903 -3.0162938
60747 34020.0 -4640.558599999999 -2723.3493 4418.4191 -4.7801718 -1.260512 -5.7292333
60747 34440.0 -6105.8508 -2956.6739 1642.5345 -2.0786979999999997 0.1674573 -7.2578735
60747 34860.0 -6329.3698 -2588.6007999999997 -1468.9194 1.0295544 1.5536343 -7.3021774
60747 35280.0 -5272.8778 -1696.9346 -4283.151900000001 3.9124086000000005 2.6185809 -5.869758200000001
60747 35700.0 -3155.4628 -463.75337 -6233.9007 5.9972211 3.1531181000000004 -3.2616994
60747 36120.0 -405.00986 862.4814100000001 -6930.8858 6.8768827 3.0544876 0.000299164
60747 36540.0 2426.442 2015.2791000000002 -6231.878 6.3747712000000005 2.3402687 3.2745075000000003
60747 36960.0 4766.9052 2760.574 -4270.549099999999 4.5750134 1.1456210000000002 5.907417000000001
60747 37380.0 6135.0105 2942.9601000000002 -1437.2025 1.8222726 -0.29435965 7.3512367
60747 37800.0 6241.6354 2520.3209 1691.6022 -1.3265470000000001 -1.6842497 7.2855110000000005
60747 38220.0 5057.7972 1576.6392 4469.3035 -4.2122393 -2.730573 5.7074619
60747 38640.0 2826.4654 306.40223 6318.8961 -6.2254057000000005 -3.2115046000000005 2.9454757
60747 39060.0 10.485406000000001 -1027.3542 6858.7088 -6.9479879 -3.0282144 -0.41831743
60747 39480.0 -2808.0276000000003 -2149.6112000000003 5981.593900000001 -6.2392442 -2.2229482 -3.6828624
60747 39900.0 -5050.8018 -2830.9492 3873.6763 -4.256187 -0.9660057799999999 -6.1775751
60747 40320.0 -6262.3593 -2934.1798 972.0528800000001 -1.415705 0.48163984 -7.3983881
60747 40740.0 -6201.8758 -2441.2992999999997 -2128.1591000000003 1.6955989 1.8236066000000002 -7.1097832
60747 41160.0 -4888.7121 -1455.2096999999999 -4798.0175 4.448037500000001 2.7907566000000004 -5.386857600000001
60747 41580.0 -2592.7989 -176.50701 -6501.3249000000005 6.297554900000001 3.1941929 -2.5862741000000002
60747 42000.0 223.16535000000002 1137.5871000000002 -6897.129400000001 6.883127900000001 2.9564674 0.7351733400000001
60747 42420.0 2993.7982 2222.7315 -5902.4276 6.0831155 2.1212754 3.9237691
60747 42840.0 5157.6754 2857.6575000000003 -3710.0840000000003 4.0394624 0.84783849 6.3385096
60747 43260.0 6267.4699 2908.7457000000004 -758.8016600000001 1.1490070000000001 -0.6108621200000001 7.470971899999999
60747 43680.0 6086.5549 2360.9067000000005 2348.4321 -1.9980024 -1.9531587 7.064231700000001
60747 44100.0 4646.286599999999 1324.6179 4968.1215999999995 -4.7398693000000005 -2.8946880000000004 5.1897599
60747 44520.0 2243.7977 13.977285 6556.2751 -6.4984841 -3.2364777 2.2406253
60747 44940.0 -622.6544200000001 -1299.7458000000001 6786.2817000000005 -6.911252800000001 -2.9096390000000003 -1.1625602
60747 45360.0 -3361.2857000000004 -2346.0516000000002 5615.49 -5.9026987 -1.9863662 -4.3127229
60747 45780.0 -5411.3177000000005 -2911.5802000000003 3290.2525 -3.6913038 -0.66084955 -6.564820200000001
60747 46200.0 -6357.6753 -2883.1566000000003 291.46809 -0.73988893 0.7924901 -7.4663074
60747 46620.0 -6014.1831 -2269.6971000000003 -2767.2094 2.3443219 2.0772017000000003 -6.8481891
60747 47040.0 -4457.3173 -1198.2091 -5266.755700000001 4.9403572 2.9370834 -4.8516399
60747 47460.0 -2005.0856 114.04561 -6705.9744 6.5373258 3.2050479000000003 -1.8850983000000001
60747 47880.0 849.28965 1403.3727 -6796.272400000001 6.822904 2.8294894 1.4645058
60747 48300.0 3532.1378 2409.9508 -5514.826599999999 5.7316422000000005 1.8801538 4.5364666
60747 48720.0 5497.8741 2927.4992 -3112.3817000000004 3.4630776 0.53951087 6.708148100000001
60747 49140.0 6337.921 2845.8188999999998 -72.164526 0.46327562 -0.92359569 7.5164016
60747 49560.0 5870.9545 2177.356 2982.3386 -2.6499152 -2.2044164 6.771688600000001
60747 49980.0 4188.6076 1058.1746 5417.5469 -5.2200077 -3.0310698000000005 4.6196338
60747 50400.0 1639.0122 -280.14351 6728.2566 -6.7066664000000005 -3.2296859 1.5132964
60747 50820.0 -1249.3932 -1560.8153 6646.1623 -6.806166500000001 -2.7620210000000003 -1.8950813000000002
60747 51240.0 -3881.197 -2520.6111 5193.3802000000005 -5.5083911 -1.729397 -4.8996471
60747 51660.0 -5718.580900000001 -2964.3442999999997 2673.893 -3.0909951 -0.34804831 -6.8871285
60747 52080.0 -6390.8731 -2804.0237 -392.48773 -0.057960569 1.0968846 -7.460912400000001
60747 52500.0 -5768.161099999999 -2075.4120000000003 -3379.7322000000004 2.9693405 2.311883 -6.5198928
60747 52920.0 -3982.9697 -928.43604 -5684.6648 5.384482 3.0559612 -4.2692706
60747 53340.0 -1398.1728 404.986 -6845.6921 6.7140071 3.1853217 -1.1649341
60747 53760.0 1467.0193000000002 1657.0438000000001 -6629.1533 6.696454800000001 2.6745127 2.1809877
60747 54180.0 4035.8495000000003 2574.8118 -5072.8597 5.323562 1.6190915000000001 5.1061217
60747 54600.0 5783.8005 2969.1029 -2483.5411000000004 2.8515987000000003 0.22372294 7.0120759
60747 55020.0 6345.4398 2754.5645 615.49135 -0.22765464 -1.2291844 7.4866573
60747 55440.0 5596.974200000001 1971.3981 3586.56 -3.2752893 -2.4351302 6.410890500000001
60747 55860.0 3689.4686 780.0210000000001 5812.771900000001 -5.6476525 -3.1380128 4.0031529
60747 56280.0 1018.3179 -572.84141 6833.0033 -6.8479051 -3.1909351999999997 0.77124194
60747 56700.0 -1863.3374 -1807.7048 6439.8485 -6.6338856999999996 -2.5867235 -2.608166
60747 57120.0 -4362.5037999999995 -2671.2707 4719.7473 -5.06052 -1.4546127 -5.437422
60747 57540.0 -5969.5869 -2988.4581000000003 2031.1384 -2.4616072 -0.030804163 -7.141081000000001
60747 57960.0 -6361.8138 -2697.3588 -1072.5743 0.62306969 1.3916403000000002 -7.3823128
60747 58380.0 -5466.5145 -1860.2637 -3959.2461000000003 3.5643035 2.5250288000000003 -6.1283561
60747 58800.0 -3470.6687 -648.57127 -6047.3005 5.776020900000001 3.1459691 -3.645774
60747 59220.0 -778.36596 693.31275 -6918.88 6.8258394 3.1349159 -0.43311878000000004
60747 59640.0 2069.9291000000003 1895.8409 -6397.3235 6.505001900000001 2.4927808000000002 2.8771907999999997
60747 60060.0 4499.6308 2715.3405000000002 -4580.9668 4.8629424 1.3405550000000002 5.626601399999999
60747 60480.0 6012.398099999999 2981.7324 -1830.0682 2.2113998 -0.09624494900000001 7.2467864
60747 60900.0 6289.920700000001 2635.6724 1296.9145 -0.91636337 -1.5242599000000001 7.3818407
60747 61320.0 5267.5521 1745.0103000000001 4154.6926 -3.8673488000000003 -2.6426601 5.9857009
60747 61740.0 3154.2441000000003 492.99122 6149.6668 -6.0181893 -3.2141635 3.3470926
60747 62160.0 388.35972 -861.07657 6869.582 -6.920767 -3.1205536 0.022550051
60747 62580.0 -2457.9782 -2037.8346000000001 6169.7991 -6.3963666 -2.3855035 -3.2940461
60747 63000.0 -4800.1767 -2796.4456 4199.9535000000005 -4.5640314 -1.1649232 -5.9202694000000005
60747 63420.0 -6161.822400000001 -2983.7094 1369.1333 -1.8099577 0.28737114 -7.3241183
60747 63840.0 -6270.9955 -2564.4142 -1741.3383000000001 1.2959296 1.6734445 -7.2316270000000005
60747 64260.0 -5112.6053 -1626.6965 -4499.5123 4.1231166 2.7143929 -5.6781095
60747 64680.0 -2925.869 -361.70863 -6350.8103 6.1111969 3.2062665000000004 -2.9877552
60747 64827.0 -14095.385 -3627.6696 -3627.6696 1.7630918999999998 -3.4252646 -3.4252646
60747 64827.001 -14095.382 -3627.6695 -3627.6695 1.9711973 -3.8295631 -3.8295631
60747 64917.001 -13911.26 -3970.5399 -3970.5388 2.1200674 -3.7891752000000003 -3.7891508
60747 65007.001 -13713.834 -4309.613200000001 -4309.6088 2.2668017 -3.7451949 -3.7451441
60747 65097.001 -13503.307 -4644.5697 -4644.5594 2.4111599000000004 -3.6977036 -3.6976242000000004
60747 65187.001 -13279.903 -4975.0973 -4975.0785000000005 2.5529098 -3.6467929 -3.6466833000000003
60747 65277.001 -13043.868 -5300.8928 -5300.8628 2.6918291 -3.5925647 -3.5924229999999997
60747 65367.001 -12795.465 -5621.6627 -5621.6184 2.8277061 -3.53513 -3.5349545
60747 65457.001 -12534.978000000001 -5937.1236 -5937.061900000001 2.9603408 -3.4746083 -3.4743975000000002
60747 65547.001 -12262.707 -6247.0034000000005 -6246.9211 3.0895458 -3.411127 -3.4108795
60747 65637.001 -11978.968 -6551.041700000001 -6550.9354 3.2151469 -3.3448204 -3.344535
60747 65727.001 -11684.093 -6848.9905 -6848.8568 3.3369838 -3.2758291 -3.2755046
60747 65817.001 -11378.428 -7140.6148 -7140.45 3.4549106000000003 -3.2042987 -3.2039341
60747 65907.001 -11062.331 -7425.692599999999 -7425.4932 3.568796 -3.1303792 -3.1299738
60747 65997.001 -10736.17 -7704.0160000000005 -7703.778200000001 3.6785239 -3.0542242 -3.0537773
60747 66087.001 -10400.324 -7975.3906 -7975.1107 3.783993 -2.9759898 -2.9755008
60747 66177.001 -10055.181 -8239.6365 -8239.3107 3.885117 -2.8958337000000003 -2.8953022
60747 66267.001 -9701.135400000001 -8496.587800000001 -8496.2122 3.9818247 -2.8139144000000003 -2.8133402999999997
60747 66357.001 -9338.5869 -8746.092900000001 -8745.6638 4.0740591 -2.7303907 -2.7297738
60747 66447.001 -8967.9403 -8988.0147 -8987.5281 4.161778 -2.6454205 -2.6447609
60747 66537.001 -8589.6033 -9222.2299 -9221.6821 4.2449525 -2.5591601 -2.5584580000000003
60747 66627.001 -8203.9856 -9448.629500000001 -9448.0165 4.3235673 -2.4717639 -2.4710195
60747 66717.001 -7811.4980000000005 -9667.117900000001 -9666.436099999999 4.3976198 -2.3833834 -2.3825972
60747 66807.001 -7412.550700000001 -9877.6134 -9876.858900000001 4.4671194 -2.2941667000000003 -2.2933393
60747 66897.001 -7007.5525 -10080.047 -10079.216 4.5320871 -2.2042584 -2.2033903
60747 66987.001 -6596.91 -10274.363 -10273.453 4.5925544 -2.1137985 -2.1128906
60747 67077.001 -6181.0265 -10460.518 -10459.524 4.6485626 -2.0229226000000002 -2.0219756
60747 67167.001 -5760.301 -10638.481 -10637.4 4.7001626 -1.931761 -1.930776
60747 67257.001 -5335.1277 -10808.231 -10807.059000000001 4.7474134 -1.8404392 -1.8394171
60747 67347.001 -4905.8951 -10969.759 -10968.494 4.7903816 -1.749077 -1.7480188
60747 67437.001 -4472.9853 -11123.067000000001 -11121.705 4.8291409000000005 -1.6577885 -1.6566955
60747 67527.001 -4036.7736 -11268.166000000001 -11266.704 4.863771 -1.5666823 -1.5655557
60747 67617.001 -3597.6277999999998 -11405.078 -11403.513 4.894357 -1.4758611000000001 -1.4747021
60747 67707.001 -3155.908 -11533.833 -11532.162 4.9209888 -1.3854219 -1.3842317000000002
60747 67797.001 -2711.9657 -11654.468 -11652.689 4.9437601 -1.2954556 -1.2942357
60747 67887.001 -2266.1440000000002 -11767.031 -11765.141 4.9627682 -1.2060478000000001 -1.2047995
60747 67977.001 -1818.7773000000002 -11871.576000000001 -11869.572 4.9781131 -1.117278 -1.1160027000000001
60747 68067.001 -1370.1905 -11968.163 -11966.043 4.9898971 -1.0292204999999999 -1.0279195
60747 68157.001 -920.6995300000001 -12056.859 -12054.621000000001 4.9982240000000004 -0.94194378 -0.94061856
60747 68247.001 -470.61076 -12137.738 -12135.380000000001 5.0031989 -0.85551133 -0.8541633200000001
60747 68337.001 -20.221124 -12210.878 -12208.398000000001 5.0049275 -0.7699813799999999 -0.7686120100000001
60747 68427.001 430.18199 -12276.363 -12273.759 5.003515999999999 -0.68540723 -0.68401793
60747 68517.001 880.32074 -12334.282000000001 -12331.551 4.9990703000000005 -0.60183741 -0.6004296
60747 68607.001 1329.9268000000002 -12384.726 -12381.868 4.9916959 -0.51931589 -0.5178909700000001
60747 68697.001 1778.7413000000001 -12427.791000000001 -12424.804 4.9814976 -0.43788225000000003 -0.43644164
60747 68787.001 2226.5147 -12463.578 -12460.461000000001 4.968579 -0.35757194 -0.35611702
60747 68877.001 2673.007 -12492.189 -12488.94 4.9530425 -0.27841644000000004 -0.27694857
60747 68967.001 3117.9869 -12513.728000000001 -12510.347 4.934989 -0.20044346999999998 -0.19896402000000002
60747 69057.001 3561.2325 -12528.305 -12524.79 4.9145177 -0.12367724 -0.12218754
60747 69147.001 4002.5305000000003 -12536.027 -12532.378 4.891725900000001 -0.048138606 -0.04663995
60747 69237.001 4441.6764 -12537.007 -12533.223 4.8667087 0.026154708 0.027661032
60747 69327.001 4878.474099999999 -12531.357 -12527.437 4.839559400000001 0.099187917 0.10070065
60747 69417.001 5312.7357999999995 -12519.191 -12515.135 4.8103686 0.17094898 0.1724669
60747 69507.001 5744.2818 -12500.625 -12496.431 4.7792251 0.24142844 0.24295034000000001
60747 69597.001 6172.9403 -12475.773000000001 -12471.442000000001 4.7462148 0.3106192 0.31214391
60747 69687.001 6598.5470000000005 -12444.752 -12440.284 4.7114215999999995 0.37851639000000004 0.38004277000000003
60747 69777.001 7020.9452 -12407.679 -12403.073 4.6749266 0.44511720000000005 0.44664414
60747 69867.001 7439.9851 -12364.67 -12359.927 4.6368087 0.5104207000000001 0.51194711
60747 69957.001 7855.5243 -12315.842 -12310.962 4.5971441 0.5744277200000001 0.57595255
60747 70047.001 8267.4269 -12261.312 -12256.295 4.5560065000000005 0.63714067 0.63866291
60747 70137.001 8675.5635 -12201.195 -12196.041000000001 4.5134675 0.69856346 0.70008211
60747 70227.001 9079.811 -12135.609 -12130.318000000001 4.4695957 0.7587013100000001 0.76021542
60747 70317.001 9480.0527 -12064.668 -12059.241 4.4244577 0.81756068 0.8190693
60747 70407.001 9876.1774 -11988.486 -11982.924 4.3781175 0.87514911 0.87665136
60747 70497.001 10268.08 -11907.179 -11901.482 4.330636900000001 0.9314751800000001 0.93297017
60747 70587.001 10655.66 -11820.858 -11815.027 4.282075300000001 0.98654832 0.9880352299999999
60747 70677.001 11038.822 -11729.637 -11723.673 4.2324899 1.0403788 1.0418568000000001
60747 70767.001 11417.479 -11633.627 -11627.53 4.1819356 1.0929776 1.0944459
60747 70857.001 11791.543 -11532.938 -11526.709 4.1304652 1.1443564 1.1458142
60747 70947.001 12160.936 -11427.679 -11421.319 4.0781296000000005 1.1945272 1.1959739
60747 71037.001 12525.582 -11317.959 -11311.47 4.0249775 1.2435028 1.2449376
60747 71127.001 12885.409 -11203.884 -11197.266 3.9710554000000005 1.2912962000000001 1.2927184
60747 71217.001 13240.35 -11085.561 -11078.815 3.9164084 1.3379209 1.3393299
60747 71307.001 13590.342 -10963.093 -10956.221 3.8610793 1.3833906 1.3847858000000002
60747 71397.001 13935.326000000001 -10836.584 -10829.588 3.8051093000000002 1.4277194 1.4291
60747 71487.001 14275.244 -10706.137 -10699.017 3.7485379 1.4709213 1.4722869
60747 71577.001 14610.045 -10571.852 -10564.61 3.6914029 1.5130108 1.5143608
60747 71667.001 14939.681 -10433.828 -10426.465 3.6337403 1.5540024000000001 1.5553362
60747 71757.001 15264.104000000001 -10292.164 -10284.682 3.5755847 1.5939105 1.5952277
60747 71847.001 15583.272 -10146.956 -10139.356 3.5169694000000002 1.6327498 1.6340499
60747 71937.001 15897.146 -9998.3007 -9990.5845 3.4579258 1.6705349 1.6718173
60747 72027.001 16205.687 -9846.2913 -9838.4604 3.3984843000000002 1.7072804000000001 1.7085447
60747 72117.001 16508.862 -9691.021 -9683.0772 3.3386738 1.7430008000000001 1.7442465999999999
60747 72207.001 16806.638 -9532.581400000001 -9524.5264 3.2785219000000003 1.7777107 1.7789375
60747 72297.001 17098.986 -9371.0629 -9362.8983 3.218055 1.8114244000000002 1.8126318000000001
60747 72387.001 17385.879 -9206.5545 -9198.2821 3.1572983 1.8441562 1.8453439
60747 72477.001 17667.292 -9039.143900000001 -9030.7655 3.0962759 1.8759203 1.8770878
60747 72567.001 17943.202 -8868.9175 -8860.4349 3.0350108000000002 1.9067307 1.9078778
60747 72657.001 18213.587 -8695.960500000001 -8687.375699999999 2.973525 1.9366014 1.9377275999999999
60747 72747.001 18478.43 -8520.357 -8511.6718 2.9118393 1.9655459000000002 1.9666510000000001
60747 72837.001 18737.713 -8342.1896 -8333.4059 2.8499737 1.9935779 1.9946614999999999
60747 72927.001 18991.420000000002 -8161.539900000001 -8152.6597 2.7879474 2.0207107 2.0217726000000003
60747 73017.001 19239.539 -7978.4883 -7969.513400000001 2.7257785 2.0469575 2.0479973
60747 73107.001 19482.057 -7793.1138 -7784.0464 2.6634843999999998 2.0723311 2.0733485999999997
60747 73197.001 19718.963 -7605.4945 -7596.3365 2.6010816 2.0968444 2.0978393
60747 73287.001 19950.249 -7415.707200000001 -7406.4607000000005 2.5385859 2.1205098 2.1214819000000005
60747 73377.001 20175.906 -7223.8278 -7214.4948 2.4760123 2.1433397 2.1442887
60747 73467.001 20395.929 -7029.9308 -7020.5135 2.4133752 2.1653462 2.1662719000000004
60747 73557.001 20610.312 -6834.0898 -6824.590200000001 2.3506882 2.186541 2.1874432
60747 73647.001 20819.052 -6636.3774 -6626.7977 2.2879644 2.2069358 2.2078143
60747 73737.001 21022.145 -6436.865 -6427.2073 2.2252163 2.226542 2.2273965
60747 73827.001 21219.59 -6235.6232 -6225.889700000001 2.1624555 2.2453707 2.2462012000000002
60747 73917.001 21411.387 -6032.7213 -6022.9141 2.0996936 2.2634328999999997 2.2642390999999997
60747 74007.001 21597.536 -5828.227900000001 -5818.3493 2.0369411 2.2807392 2.2815209
60747 74097.001 21778.037 -5622.210599999999 -5612.2627 1.9742084 2.2973001 2.2980572
60747 74187.001 21952.894 -5414.736 -5404.7211 1.9115052000000001 2.3131258 2.3138582000000003
60747 74277.001 22122.109 -5205.8697 -5195.79 1.8488408 2.3282263 2.3289337999999997
60747 74367.001 22285.687 -4995.6767 -4985.5345 1.7862242000000002 2.3426113 2.3432937000000003
60747 74457.001 22443.631 -4784.2209 -4774.0183 1.7236637000000001 2.3562903 2.3569476
60747 74547.001 22595.948 -4571.5654 -4561.3048 1.6611675000000001 2.3692727000000002 2.3699046
60747 74637.001 22742.643 -4357.772400000001 -4347.456099999999 1.5987433000000002 2.3815674 2.3821738999999997
60747 74727.001 22883.724000000002 -4142.903600000001 -4132.5338 1.5363983 2.3931833 2.3937643
60747 74817.001 23019.198 -3927.0195 -3916.5987000000005 1.4741397 2.4041289999999997 2.4046844000000003
60747 74907.001 23149.072 -3710.1802000000002 -3699.7105 1.411974 2.4144129 2.4149425
60747 74997.001 23273.356 -3492.4447999999998 -3481.9286 1.3499076 2.424043 2.4245468999999997
60747 75087.001 23392.059 -3273.8718 -3263.3115000000003 1.2879466 2.4330275 2.4335054
60747 75177.001 23505.19 -3054.5190000000002 -3043.9168 1.2260969 2.4413739000000003 2.4418258
60747 75267.001 23612.760000000002 -2834.4435 -2823.8017000000004 1.164364 2.4490898000000003 2.4495157
60747 75357.001 23714.779000000002 -2613.7016000000003 -2603.0227000000004 1.1027531 2.4561825 2.4565821999999997
60747 75447.001 23811.259000000002 -2392.3491000000004 -2381.6354 1.0412694 2.4626590000000004 2.4630324999999997
60747 75537.001 23902.211 -2170.4412 -2159.6951 0.97991765 2.4685263 2.4688735000000004
60747 75627.001 23987.648 -1948.0324 -1937.2563 0.9187025700000001 2.4737910000000003 2.4741118
60747 75717.001 24067.582000000002 -1725.1767 -1714.3728999999998 0.85762857 2.4784595 2.478754
60747 75807.001 24142.026 -1501.9274 -1491.0982 0.7966999300000001 2.4825383000000003 2.4828063000000005
60747 75897.001 24210.993000000002 -1278.3374 -1267.4852 0.73592072 2.4860333 2.4862748000000003
60747 75987.001 24274.496 -1054.4588 -1043.5861 0.67529488 2.4889504000000002 2.4891654
60747 76077.001 24332.55 -830.34345 -819.45261 0.61482618 2.4912953000000004 2.4914838
60747 76167.001 24385.170000000002 -606.04261 -595.13601 0.55451825 2.4930737 2.4932355
60747 76257.001 24432.369 -381.60703 -370.68706000000003 0.4943746 2.4942906 2.4944259000000004
60747 76347.001 24474.162 -157.08698 -146.15604000000002 0.43439859000000003 2.4949514 2.49506
60747 76437.001 24510.565000000002 67.467695 78.40720200000001 0.37459349 2.495061 2.4951429
60747 76527.001 24541.594 292.00761 302.95328 0.31496245 2.4946242 2.4946793
60747 76617.001 24567.264 516.4838 527.43323 0.25550853 2.4936456 2.4936738999999997
60747 76707.001 24587.591 740.84769 751.79847 0.19623468 2.4921295 2.4921311999999998
60747 76797.001 24602.592 965.05112 976.00084 0.1371438 2.4900804 2.4900553
60747 76887.001 24612.283 1189.0463 1199.9926 0.078238672 2.4875023 2.4874504
60747 76977.001 24616.68 1412.7858 1423.7262 0.019522049 2.4843992 2.4843205
60747 77067.001 24615.802 1636.2225 1647.1546 -0.039003399 2.4807748000000003 2.4806692
60747 77157.001 24609.666 1859.3097 1870.2311000000002 -0.09733504999999999 2.4766327 2.4765004
60747 77247.001 24598.288 2082.001 2092.9092 -0.15547033 2.4719765000000002 2.4718173
60747 77337.001 24581.687 2304.2502000000004 2315.1429 -0.21340671 2.4668094000000003 2.4666234
60747 77427.001 24559.881 2526.0114 2536.8862000000004 -0.27114170000000004 2.4611345 2.4609217
60747 77517.001 24532.888 2747.2392000000004 2758.0937000000004 -0.32867282000000003 2.454955 2.4547154
60747 77607.001 24500.726 2967.8883 2978.7199 -0.38599763000000004 2.4482735 2.4480071
60747 77697.001 24463.414 3187.9135 3198.7200000000003 -0.44311371000000005 2.4410929 2.4407997999999997
60747 77787.001 24420.972 3407.2701 3418.049 -0.5000186400000001 2.4334157 2.4330958000000003
60747 77877.001 24373.417 3625.9135 3636.6624 -0.55671001 2.4252442999999997 2.4248976
60747 77967.001 24320.77 3843.7992999999997 3854.5157999999997 -0.61318542 2.4165810000000003 2.4162075
60747 78057.001 24263.05 4060.8834 4071.5651000000003 -0.66944245 2.4074279 2.4070277
60747 78147.001 24200.277000000002 4277.121700000001 4287.7662 -0.72547867 2.3977871 2.3973600999999998
60747 78237.001 24132.471 4492.4705 4503.0752999999995 -0.78129165 2.3876603 2.3872066
60747 78327.001 24059.652000000002 4706.886 4717.4488 -0.83687894 2.3770493000000004 2.376569
60747 78417.001 23981.84 4920.3249000000005 4930.8432 -0.89223803 2.3659557 2.3654487
60747 78507.001 23899.056 5132.7436 5143.215200000001 -0.9473664199999999 2.354381 2.3538473
60747 78597.001 23811.321 5344.099099999999 5354.5214000000005 -1.0022615 2.3423264 2.3417662
60747 78687.001 23718.656 5554.348 5564.7187 -1.0569208 2.3297932 2.3292064
60747 78777.001 23621.082000000002 5763.4475 5773.7642000000005 -1.1113416 2.3167825 2.3161692
60747 78867.001 23518.621 5971.3546 5981.6149000000005 -1.1655212 2.3032952 2.3026553
60747 78901.27 23492.313000000002 6046.119900000001 6046.119900000001 -1.3656857 2.6531983 2.6531983
60747 78991.27 23366.929 6284.2617 6284.2615000000005 -1.4194825000000002 2.6390488 2.6390457
60747 79081.27 23236.767 6521.1191 6521.1185000000005 -1.4729872000000002 2.6243469 2.6243408
60747 79171.27 23101.802 6756.6283 6756.627 -1.5261873000000001 2.6091031 2.6090937
60747 79261.27 22962.063000000002 6990.741400000001 6990.7391 -1.5790719 2.5933201 2.5933074
60747 79351.27 22817.579 7223.4098 7223.4062 -1.6316300000000001 2.5770013 2.5769851
60747 79441.27 22668.38 7454.585599999999 7454.580400000001 -1.6838507999999999 2.56015 2.5601303
60747 79531.27 22514.496 7684.2210000000005 7684.2137999999995 -1.7357235000000002 2.5427697 2.5427462999999997
60747 79621.27 22355.96 7912.268400000001 7912.259 -1.7872374 2.524864 2.5248368
60747 79711.27 22192.804 8138.6809 8138.6688 -1.8383819000000001 2.5064366000000002 2.5064055
60747 79801.27 22025.063000000002 8363.4115 8363.396400000001 -1.8891463000000002 2.4874913000000003 2.4874563
60747 79891.27 21852.77 8586.413900000001 8586.3955 -1.9395202 2.4680321 2.467993
60747 79981.27 21675.961 8807.642 8807.6199 -1.9894931999999999 2.4480629 2.4480196000000003
60747 80071.27 21494.673 9027.050000000001 9027.0239 -2.0390549 2.4275879000000002 2.4275403
60747 80161.27 21308.944 9244.5927 9244.5621 -2.0881951 2.4066113000000002 2.4065593
60747 80251.27 21118.811 9460.2251 9460.1896 -2.1369038000000002 2.3851375 2.385081
60747 80341.27 20924.314000000002 9673.902699999999 9673.8619 -2.1851707 2.3631709 2.3631098
60747 80431.27 20725.494 9885.581199999999 9885.5347 -2.2329859 2.340716 2.3406502999999996
60747 80521.27 20522.391 10095.217 10095.164 -2.2803396 2.3177775 2.3177071000000002
60747 80611.27 20315.047 10302.767 10302.708 -2.3272219 2.2943601 2.2942848
60747 80701.27 20103.505 10508.188 10508.121000000001 -2.3736233 2.2704687 2.2703885
60747 80791.27 19887.81 10711.437 10711.363 -2.419534 2.2461082 2.246023
60747 80881.27 19668.004 10912.473 10912.392 -2.4649446 2.2212836000000005 2.2211934
60747 80971.27 19444.135000000002 11111.254 11111.165 -2.5098458 2.1960001000000005 2.1959047000000003
60747 81061.27 19216.248 11307.74 11307.641 -2.5542283 2.1702629000000004 2.1701623
60747 81151.27 18984.39 11501.888 11501.78 -2.5980828000000002 2.1440773 2.1439714
60747 81241.27 18748.609 11693.66 11693.542 -2.6414004 2.1174488 2.1173375
60747 81331.27 18508.954 11883.016 11882.888 -2.6841720000000002 2.0903828 2.090266
60747 81421.27 18265.474000000002 12069.916000000001 12069.777 -2.7263889 2.0628849000000002 2.0627626
60747 81511.27 18018.221 12254.322 12254.172 -2.7680423999999997 2.0349608 2.0348330000000003
60747 81601.27 17767.244 12436.197 12436.035 -2.8091237000000002 2.0066163 2.0064828
60747 81691.27 17512.596 12615.501 12615.327000000001 -2.8496246000000003 1.9778573 1.9777181000000001
60747 81781.27 17254.329 12792.199 12792.012 -2.8895365 1.9486896 1.9485447
60747 81871.27 16992.497 12966.253 12966.053 -2.9288512 1.9191194 1.9189686
60747 81961.27 16727.154 13137.628 13137.414 -2.9675607 1.8891527000000001 1.8889961000000002
60747 82051.27 16458.355 13306.289 13306.06 -3.0056569 1.8587957 1.8586332
60747 82141.27 16186.155 13472.2 13471.957 -3.0431319 1.8280547 1.8278862
60747 82231.27 15910.61 13635.327000000001 13635.069 -3.0799781 1.7969359999999999 1.7967615000000001
60747 82321.27 15631.778 13795.637 13795.363000000001 -3.1161878 1.7654461 1.7652656
60747 82411.27 15349.715 13953.097 13952.805 -3.1517535 1.7335915 1.7334049
60747 82501.27 15064.481 14107.673 14107.365 -3.1866678999999998 1.7013787 1.7011859999999999
60747 82591.27 14776.135 14259.334 14259.008 -3.2209238 1.6688145 1.6686156
60747 82681.27 14484.735 14408.049 14407.705 -3.2545140999999997 1.6359055 1.6357004
60747 82771.27 14190.342 14553.787 14553.424 -3.2874319 1.6026585 1.6024472
60747 82861.27 13893.018 14696.518 14696.136 -3.3196704 1.5690805 1.5688630000000001
60747 82951.27 13592.822 14836.212 14835.81 -3.3512228 1.5351783 1.5349545
60747 83041.27 13289.818000000001 14972.84 14972.418 -3.3820828 1.5009590000000002 1.5007289000000001
60747 83131.27 12984.068000000001 15106.375 15105.932 -3.4122439 1.4664295999999999 1.4661932
60747 83221.27 12675.636 15236.789 15236.324 -3.4416999 1.4315972 1.4313544999999999
60747 83311.27 12364.584 15364.054 15363.567000000001 -3.4704448 1.3964691 1.3962201
60747 83401.27 12050.977 15488.144 15487.635 -3.4984725 1.3610525 1.3607971
60747 83491.27 11734.880000000001 15609.035 15608.502 -3.5257773 1.3253547 1.325093
60747 83581.27 11416.359 15726.7 15726.143 -3.5523536 1.2893831 1.2891151
60747 83671.27 11095.479 15841.116 15840.535 -3.5781958 1.2531451999999998 1.2528708
60747 83761.27 10772.306 15952.258 15951.652 -3.6032987 1.2166483000000001 1.2163676
60747 83851.27 10446.907000000001 16060.105 16059.473 -3.6276571 1.1799001 1.179613
60747 83941.27 10119.35 16164.633 16163.975 -3.6512659 1.1429082000000002 1.1426148
60747 84031.27 9789.7022 16265.821 16265.137 -3.6741202 1.1056801 1.1053804
60747 84121.27 9458.0314 16363.649 16362.937 -3.6962154000000003 1.0682236 1.0679176
60747 84211.27 9124.4063 16458.095 16457.355 -3.7175468 1.0305464 1.0302341
60747 84301.27 8788.896 16549.141 16548.373 -3.7381101 0.99265631 0.99233771
60747 84391.27 8451.5697 16636.767 16635.97 -3.757901 0.9545611199999999 0.95423627
60747 84481.27 8112.4971 16720.956000000002 16720.129 -3.7769155000000003 0.9162687100000001 0.91593764
60747 84571.27 7771.7483 16801.69 16800.833 -3.7951496000000002 0.8777869899999999 0.87744973
60747 84661.27 7429.3937000000005 16878.952 16878.065 -3.8125994999999997 0.8391239100000001 0.83878048
60747 84751.27 7085.504 16952.727 16951.808 -3.8292615999999997 0.80028745 0.7999379
60747 84841.27 6740.1504 17022.999 17022.049 -3.8451325 0.7612856299999999 0.76092999
60747 84931.27 6393.404 17089.753 17088.771 -3.860209 0.72212651 0.72176483
60747 85021.27 6045.336700000001 17152.977 17151.962 -3.8744879 0.68281817 0.6824504899999999
60747 85111.27 5696.0202 17212.656 17211.608 -3.8879661999999997 0.64336874 0.64299509
60747 85201.27 5345.5268 17268.779 17267.697 -3.9006412 0.60378635 0.6034068
60747 85291.27 4993.929 17321.334 17320.217 -3.9125102000000003 0.56407918 0.5636937799999999
60747 85381.27 4641.2993 17370.31 17369.158 -3.9235709 0.52425544 0.52386424
60747 85471.27 4287.7105 17415.697 17414.510000000002 -3.9338209 0.48432335000000004 0.48392641
60747 85561.27 3933.2359 17457.485 17456.262 -3.9432579999999997 0.44429115 0.44388853
60747 85651.27 3577.9485 17495.667 17494.407 -3.9518804000000003 0.40416711 0.40375888
60747 85741.27 3221.9219 17530.233 17528.936 -3.9596863 0.36395951000000004 0.36354574
60747 85831.27 2865.2295 17561.177 17559.843 -3.9666740000000003 0.32367667 0.32325741
60747 85921.27 2507.9452 17588.493 17587.12 -3.9728422 0.28332689 0.28290224
60747 86011.27 2150.1426 17612.174 17610.763 -3.9781894 0.24291851 0.24248853
60747 86101.27 1791.8957 17632.217 17630.767 -3.9827147000000003 0.20245988 0.20202465
60747 86191.27 1433.2786 17648.616 17647.127 -3.9864171 0.16195935 0.16151896
60747 86281.27 1074.3654 17661.368 17659.839 -3.9892958 0.12142529 0.12097981000000001
60747 86371.27 715.23012 17670.471 17668.902000000002 -3.9913502 0.08086606 0.08041558600000001
