CIC_MEM_VERS = 1.0
CREATION_DATE = 2025-06-17T14:14:38.316848
ORIGINATOR = CS Group

META_START
OBJECT_NAME = BLUE2
OBJECT_ID = BLUE2
USER_DEFINED_PROTOCOL = NONE
USER_DEFINED_CONTENT = LLA
USER_DEFINED_SIZE = 3.0
USER_DEFINED_TYPE = REAL
USER_DEFINED_UNIT = [deg] [km]
TIME_SYSTEM = UTC
META_STOP

60843 50595.000192 10.574716046991322 10.728583121609057 8622.572240480948
60843 51015.000192 16.265476792676083 16.914081539633443 8623.345193024075
60843 51435.000192 21.764510199569028 23.4608975995196 8624.535762886999
60843 51855.000192 26.983960054335107 30.513438620133908 8625.87134214532
60843 52275.000192 31.817407363556978 38.22239017972783 8627.2286014634
60843 52695.000192 36.13538634004849 46.73084598119814 8628.490505765842
60843 53115.000192 39.78447308775805 56.14373910851794 8629.54483827059
60843 53535.000192 42.59451907056944 66.47709140513139 8630.293569472482
60843 53955.000192 44.39931979157425 77.59855803290564 8630.661154000118
60843 54375.000192 45.071116911233524 89.19685030524356 8630.601036143566
60843 54795.000192 44.557290640805476 100.82742118391617 8630.099828702494
60843 55215.000192 42.8980969422484 112.03602320559074 8629.178829153514
60843 55635.000192 40.21294327796445 122.48853076039393 8627.892763732338
60843 56055.000192 36.66500179496961 132.02883502207914 8626.325288956617
60843 56475.000192 32.425418433476054 140.65618019615408 8624.583277371452
60843 56895.000192 27.65057738940265 148.46684394761786 8622.788666953464
60843 57315.000192 22.473317765591233 155.60101625585315 8621.06724537497
60843 57735.000192 17.003060246297842 162.2095010755916 8619.540356928248
60843 58155.000192 11.329937283958124 168.43804102845 8618.314674505495
60843 58575.000192 5.5300334231825845 174.42274187031418 8617.473709449252
60843 58995.000192 -0.3294886191906841 -179.70869472898397 8617.071242834794
60843 59415.000192 -6.185663481818273 -173.83309980431824 8617.12716599593
60843 59835.000192 -11.97526468924482 -167.82701015044577 8617.626093252638
60843 60255.000192 -17.630327998302324 -161.5618915741977 8618.518865810245
60843 60675.000192 -23.07338016999275 -154.90045810780543 8619.726816705368
60843 61095.000192 -28.21226806211338 -147.69589897446008 8621.148431116377
60843 61515.000192 -32.934950769916775 -139.79740858754064 8622.667834472455
60843 61935.000192 -37.10563186261324 -131.06756248375288 8624.16438581253
60843 62355.000192 -40.56536509386264 -121.41799437318848 8625.522556778858
60843 62775.000192 -43.14223088996295 -110.86440697276717 8626.641485497395
60843 63195.000192 -44.6758434334292 -99.58347129405847 8627.442813680404
60843 63615.000192 -45.05411222086485 -87.92816003091652 8627.876688602943
60843 64035.000192 -44.24728382754029 -76.35952224243559 8627.926170897434
60843 64455.000192 -42.31815928403526 -65.31254308748083 8627.60758629346
60843 64875.000192 -39.401133807546245 -55.07880119986782 8626.968967222116
60843 65295.000192 -35.66466149166686 -45.771024170609685 8626.08563721538
60843 65715.000192 -31.277957443880208 -37.359718999693314 8625.053508596258
60843 66135.000192 -26.392033181769293 -29.733144508617475 8623.9806904128
60843 66555.000192 -21.133689855236735 -22.745978002211032 8622.97808765437
60843 66975.000192 -15.607052013291005 -16.247679054021663 8622.14976776982
60843 67395.000192 -9.898183446321934 -10.094772589863767 8621.583897930735
60843 67815.000192 -4.080374426982954 -4.153552553598817 8621.345015791856
60843 68235.000192 1.7808246668089553 1.7020417278835323 8621.468291032304
60843 68655.000192 7.622966913711498 7.594656056078901 8621.95627108774
60843 69075.000192 13.382277870625645 13.6484199300366 8622.778484831542
60843 69495.000192 18.98924727422042 19.99370004409051 8623.630322539133
60843 69915.000192 24.363461922955082 26.769972199371793 8624.921686005619
60843 70335.000192 29.408555618972727 34.12561407104873 8626.306270177734
60843 70755.000192 34.00721113402163 42.21019026199156 8627.659445427502
60843 71175.000192 38.01795211791125 51.15318119835532 8628.864826625111
60843 71595.000192 41.2775194378145 61.02335774594641 8629.815411484997
60843 72015.000192 43.61415391003234 71.77082338032473 8630.422596508113
60843 72435.000192 44.875618568935195 83.17547896403721 8630.623691365578
60843 72855.000192 44.967087604407155 94.84924401421735 8630.387340578842
60843 73275.000192 43.88118184025295 106.32470496363604 8629.716414517177
60843 73695.000192 41.70050789986847 117.19355505105636 8628.64816279562
60843 74115.000192 38.57086382268412 127.20744133527657 8627.2516322692
60843 74535.000192 34.663146929700424 136.29270882253428 8625.621199842764
60843 74955.000192 30.14315489028072 144.5037873119657 8623.8724995098
60843 75375.000192 25.15613530841184 151.96396503978602 8622.129347827964
60843 75795.000192 19.82308492341738 158.82155541238504 8620.515851917102
60843 76215.000192 14.243332323094082 165.22599805652277 8619.14676155048
60843 76635.000192 8.49945287024098 171.3184202011808 8618.117834247967
60843 77055.000192 2.6625325679970704 177.2304308008486 8617.498289360241
60843 77475.000192 -3.2029018147469634 -176.91306922778998 8617.325384098547
60843 77895.000192 -9.034319408768228 -170.98939681848262 8617.601596351748
60843 78315.000192 -14.766756323674482 -164.87317248147133 8618.294660931673
60843 78735.000192 -20.328223617742303 -158.4319204165889 8619.340453655826
60843 79155.000192 -25.63473401700223 -151.52350687736072 8620.64847453807
60843 79575.000192 -30.585020943539945 -143.9979000688983 8622.109462853174
60843 79995.000192 -35.05572310835103 -135.70768216042472 8623.604500280817
60843 80415.000192 -38.899181858196926 -126.53368000695306 8625.014827881994
60843 80835.000192 -41.94801498253886 -116.43076633235258 8626.231555778604
60843 81255.000192 -44.03194212292869 -105.48766258156253 8627.164827595218
60843 81675.000192 -45.00929278864625 -93.97005372542866 8627.75013626957
60843 82095.000192 -44.805069412688084 -82.2978437671463 8627.95426780771
60843 82515.000192 -43.435592450295054 -70.93726957404809 8627.777446502214
60843 82935.000192 -41.00287993061744 -60.26335220271536 8627.252756956539
60843 83355.000192 -37.662827047643184 -50.47904606414122 8626.443222436323
60843 83775.000192 -33.58759606096799 -41.620284317805776 8625.436170331459
60843 84195.000192 -28.938937606763197 -33.6100458753435 8624.335593930165
60843 84615.000192 -23.85616527385763 -26.315345098082062 8623.253128175393
60843 85035.000192 -18.45451902777338 -19.58591857493965 8622.29837825951
60843 85455.000192 -12.828632723262567 -13.273881425711629 8621.569408992704
60843 85875.000192 -7.057668690921126 -7.2405843074454905 8621.144198890981
60843 86295.000192 -1.2105341006735604 -1.356499757564338 8621.073788075684
60844 315.000192 4.649290010822841 4.502173495089381 8621.377708887489
60844 735.000192 10.459246626342503 10.45819992043526 8622.042116141867
60844 1155.000192 16.15326210925988 16.63818102588591 8623.034606994124
60844 1575.000192 21.657136253866167 23.176725157059664 8624.087626323097
60844 1995.000192 26.883356406781758 30.21813052408291 8625.492091852871
60844 2415.000192 31.725814367496184 37.91293587889065 8626.92857729312
60844 2835.000192 36.05552381802351 46.404602356880396 8628.27745970657
60844 3255.000192 39.7195059214789 55.79921973283691 8629.424579236975
60844 3675.000192 42.54781116753493 66.11512114950456 8630.269762023583
60844 4095.000192 44.37389128267932 77.22333699968758 8630.735181072523
60844 4515.0001919999995 45.06889071101462 88.81596806818148 8630.771926684041
60844 4935.0001919999995 44.57848090608765 100.45011337097762 8630.364244574437
60844 5355.0001919999995 42.94114473250565 111.67038347147745 8629.531099711483
60844 5775.0001919999995 40.2750438110563 122.13947477427513 8628.324993271795
60844 6195.0001919999995 36.74285657863338 131.6978131906172 8626.828058759813
60844 6615.0001919999995 32.5158269201662 140.34211402475358 8625.143882145461
60844 7035.0001919999995 27.750735661696442 148.16729874934356 8623.395007085723
60844 7455.000192 22.58088330808454 155.31306501528783 8621.70520818409
60844 7875.0001919999995 17.116098855650776 161.9301865338528 8620.195244474791
60844 8295.000192 11.446824127175963 168.1645575095693 8618.971687962005
60844 8715.000192 5.649348139623743 174.15245620005737 8618.118317293518
60844 9135.000192 -0.20906004439778317 -179.97830084334936 8617.689572326308
60844 9555.000192 -6.06541983359408 -174.10452062370805 8617.706360787233
60844 9975.000192 -11.856578469578496 -168.102815529292 8618.15461578479
60844 10395.000192 -17.514738296256713 -161.84481656631115 8618.986730715638
60844 10815.000192 -22.962693924149026 -155.1934552304853 8620.12574567931
60844 11235.000192 -28.10866818848672 -148.00210119491464 8621.471925221098
60844 11655.000192 -32.84109508091235 -140.11990939491346 8622.91116751751
60844 12075.000192 -37.02469774224918 -131.40887604467005 8624.324536160015
60844 12495.000192 -40.500951395683245 -121.77908078431993 8625.598102566531
60844 12915.000192 -43.09799783337389 -111.24338083237976 8626.632293005097
60844 13335.000192 -44.654833194958165 -99.97464493330908 8627.350366621202
60844 13755.000192 -45.057921507266684 -88.32250778833694 8627.703417933404
60844 14175.000192 -44.275527468678554 -76.74702406703094 8627.67561724939
60844 14595.000192 -42.36860025721813 -65.6851799528291 8627.28437559829
60844 15015.000192 -39.47038548073993 -55.43228459683144 8626.57874163085
60844 15435.000192 -35.749006518309 -46.104641077012246 8625.635090120692
60844 15855.000192 -31.373920224783518 -37.675138444620735 8624.550411612421
60844 16275.000192 -26.496633543557795 -30.033191810352776 8623.433905050015
60844 16695.000192 -21.24447549624067 -23.033816496831566 8622.397544253685
60844 17115.000192 -15.722024316631702 -16.526400059158263 8621.546396126385
60844 17535.000192 -10.01568945666054 -10.367254838386176 8620.969500954536
60844 17955.000192 -4.198997999007927 -4.422466376806542 8620.73208483664
60844 18375.000192 1.6623629913394475 1.434162953660473 8620.869767415934
60844 18795.000192 7.505902689327749 7.325318289343854 8621.38526307595
60844 19215.000192 13.267893305103142 13.375066423298385 8622.247863988034
60844 19635.000192 18.878852553419716 19.713489696459014 8623.395796449382
60844 20055.000192 24.258681507950204 26.479906061799852 8624.716667174105
60844 20475.000192 29.31147355139139 33.82265970891008 8626.155082998483
60844 20895.000192 33.92035438100469 41.89140866576349 8627.56713302207
60844 21315.000192 37.94434069143662 50.81634048656053 8628.835146591717
60844 21735.000192 41.220539753776215 60.667941654280966 8629.850632109321
60844 22155.000192 43.57716288984084 71.39925622680084 8630.523339889769
60844 22575.000192 44.86125627258721 82.79382338925363 8630.78882042447
60844 22995.000192 44.97652115178658 94.46636397730273 8630.613902133602
60844 23415.000192 43.91371671637503 105.94977968957129 8629.99964628163
60844 23835.000192 41.75384256427954 116.83339670712142 8628.981553264039
60844 24255.000192 38.64179744936261 126.86527414848746 8627.627152899195
60844 24675.000192 34.74830057395763 135.96861474372554 8626.029739957465
60844 25095.000192 30.23943234000246 144.19587798579616 8624.303019552179
60844 25515.000192 25.260897069738686 151.66945914501267 8622.571364513122
60844 25935.000192 19.93414674039082 158.5374461958062 8620.95792921943
60844 26355.000192 14.358882895525975 164.94936851841905 8619.577712260154
60844 26775.000192 8.61794920127459 171.04653592608756 8618.527010608947
60844 27195.000192 2.7825976999387216 176.9607160066818 8617.875908430273
60844 27615.000192 -3.0825730951233425 -177.1831089611876 8617.662816456119
60844 28035.000192 -8.9150496651216 -171.2622715546246 8617.891591351843
60844 28455.000192 -14.649975114765711 -165.15150456394684 8618.531499441813
60844 28875.000192 -20.21556333873416 -158.7185197293854 8619.520026353708
60844 29295.000192 -25.528134225959025 -151.82138811101547 8620.768288602312
60844 29715.000192 -30.486834123972987 -144.31017277735566 8622.168582718805
60844 30135.000192 -34.96879426832596 -136.03719884054402 8623.603430821275
60844 30555.000192 -38.826838013936786 -126.88230362677689 8624.955360221395
60844 30975.000192 -41.8938579492816 -116.7982212565325 8626.116565351764
60844 31395.000192 -43.99933988029025 -105.87031370434214 8626.99790858989
60844 31815.000192 -45.0006040707644 -94.36052745093157 8627.535957402302
60844 32235.000192 -44.82091363393161 -82.68643476100591 8627.697616114694
60844 32655.000192 -43.47462531099102 -71.31479918137417 8627.48359663926
60844 33075.000192 -41.06224186782039 -60.62368584541167 8626.927203322632
60844 33495.000192 -37.73894818402303 -50.819839071490364 8626.091613284647
60844 33915.000192 -33.67690540349271 -41.942181344546924 8625.064280002482
60844 34335.000192 -29.038262532609757 -33.91539930745983 8623.949318535066
60844 34755.000192 -23.962855628997023 -26.607189005726553 8622.858506293707
60844 35175.000192 -18.566413352733413 -19.867377472294315 8621.901629671227
60844 35595.000192 -12.943961059662849 -13.54791719626695 8621.176979939048
60844 36015.000192 -7.174942230046894 -7.509942079727686 8620.762796484616
60844 36435.000192 -1.3284406683866608 -1.623752952984289 8620.710380663439
60844 36855.000192 4.531981819685459 4.234535288524909 8621.039467095296
60844 37275.000192 10.343778776086507 10.187669567814478 8621.73625182411
60844 37695.000192 16.04098223335423 16.362139917333526 8622.754248385685
60844 38115.000192 21.549555242878156 22.892322619474673 8623.990751671012
60844 38535.000192 26.782304535555724 29.922319482506815 8625.400212548377
60844 38955.000192 31.633604930917535 37.602703637597834 8626.84795339856
60844 39375.000192 35.974957543076535 46.07730772498273 8628.211269993635
60844 39795.000192 39.65383052841687 55.453389378982834 8629.375498355808
60844 40215.000192 42.500468087729956 65.75161793917431 8630.239779172563
60844 40635.000192 44.347962019409096 76.84644219302092 8630.725465649599
60844 41055.000192 45.066328953674784 88.43340834209978 8630.78274720874
60844 41475.000192 44.599487292303635 100.07130435727089 8630.394945474764
60844 41895.000192 42.98409864344041 111.30359569908344 8629.580135894304
60844 42315.000192 40.33704209448952 121.7897474760909 8628.390008630731
60844 42735.000192 36.82048746567495 131.3666473011623 8626.906111356531
60844 43155.000192 32.60578101266617 140.0284269487351 8625.231406350844
60844 43575.000192 27.850116949682846 147.86862518486913 8623.488328368443
60844 43995.000192 22.687280846526217 155.02644186768237 8621.80060325534
60844 44415.000192 17.22753415250209 161.65263021523268 8620.289122959224
60844 44835.000192 11.561652121724805 167.89325155992955 8619.060866019796
60844 45255.000192 5.766151746049248 173.88477449071544 8618.200160662638
60844 45675.000192 -0.09156838173380931 179.7551491574553 8617.762101975199
60844 46095.000192 -5.948489055317988 -174.37238809157026 8617.7683068235
60844 46515.000192 -11.741507033618783 -168.37450536895372 8618.205420386264
60844 46935.000192 -17.402965617544503 -162.12297912530673 8619.026504961903
60844 47355.000192 -22.85589975953968 -155.48094106643103 8620.155185514539
60844 47775.000192 -28.00887904445393 -148.30193238226835 8621.492191966247
60844 48195.000192 -32.75078314741341 -140.4350794339493 8622.923739935877
60844 48615.000192 -36.94683063708558 -131.7418484055714 8624.33104398093
60844 49035.000192 -40.43890959184232 -122.13087359527384 8625.600156696824
60844 49455.000192 -43.05524601040206 -111.6123393990522 8626.631303703198
60844 49875.000192 -44.634286122725406 -100.3555072570581 8627.347428443743
60844 50295.000192 -45.06115883637659 -88.70679518213107 8627.69919549492
60844 50715.000192 -44.302269314180656 -77.12522559622991 8627.670245629502
60844 51135.000192 -42.416807748840824 -66.04960825186308 8627.277498073863
60844 51555.000192 -39.53691134603118 -55.7787689224556 8626.569539383254
60844 51975.000192 -35.830368493928994 -46.432426096572804 8625.622390363633
60844 52395.000192 -31.466847544557286 -37.98576852552453 8624.532834549089
60844 52815.000192 -26.59831150399101 -30.32934379398847 8623.410037259207
60844 53235.000192 -21.352578107514937 -23.31851314036762 8622.366121711728
60844 53655.000192 -15.834643898684408 -16.80261271850296 8621.50648007488
60844 54075.000192 -10.131233052480077 -10.637765496746162 8620.920632481262
60844 54495.000192 -4.316082521569056 -4.6898700629367545 8620.674406915323
60844 54915.000192 1.5450075424337228 1.1673898745557771 8620.804104689405
60844 55335.000192 7.389523233323843 7.0567237766890765 8621.313149929534
60844 55755.000192 13.15380227043097 13.102124223234126 8622.171511413902
60844 56175.000192 18.768521259908596 19.433515465388354 8623.317945089946
60844 56595.000192 24.153876112436414 26.19006328366186 8624.63657694374
60844 57015.000192 29.21425687219342 33.51988699917515 8626.079489268805
60844 57435.000192 33.83328192208844 41.5728033182169 8627.499570554424
60844 57855.000192 37.870453866446766 50.479706197603576 8628.778909294524
60844 58275.000192 41.16323670543121 60.31279211137563 8629.808549542546
60844 58695.000192 43.53980166783051 71.02803665973317 8630.497580197074
60844 59115.000192 44.84646768111446 82.41261312202961 8630.780736577763
60844 59535.000192 44.98545211613634 94.08405204331322 8630.623935545811
60844 59955.000192 43.94564004062988 105.57558415465137 8630.027299398482
60844 60375.000192 41.80641260365561 116.47416980920502 8629.025434470117
60844 60795.000192 38.71176414423701 126.52426421850538 8627.685093080194
60844 61215.000192 34.832240486623334 135.64590534165276 8626.09901499779
60844 61635.000192 30.33421430560111 143.8895730938674 8624.38036149489
60844 62055.000192 25.363861987334847 151.3767659131577 8622.653498706431
60844 62475.000192 20.043106131996367 158.25535185000444 8621.041532578094
60844 62895.000192 14.4720360167391 164.6749591542617 8619.659736241601
60844 63315.000192 8.733777726925602 170.77709027049553 8618.604847038161
60844 63735.000192 2.899762808480111 176.69368163824132 8617.947527509014
60844 64155.000192 -2.965325415272788 -177.45019287909955 8617.726851975029
60844 64575.000192 -8.798977793323344 -171.53187129879421 8617.947364074984
60844 64995.000192 -14.536431205117166 -165.42618888363026 8618.578977520401
60844 65415.000192 -20.106088680831782 -159.00103684728305 8619.559728542856
60844 65835.000192 -25.424563148823328 -152.11468797569114 8620.801142174198
60844 66255.000192 -30.391400212085568 -144.61730854956912 8622.19575276869
60844 66675.000192 -34.884213080407285 -136.36099708897046 8623.626140564214
60844 67095.000192 -38.75630545525481 -127.22466727804452 8624.974723199472
60844 67515.000192 -41.84086135611117 -117.15902252529584 8626.13344945621
60844 67935.000192 -43.9671775943583 -106.24619483016514 8627.012797093585
60844 68355.000192 -44.99163871123722 -94.74448530187962 8627.549017658372
60844 68775.000192 -44.835853402082385 -83.0691203724118 8627.708521260605
60844 69195.000192 -43.51228037177016 -71.68726416085043 8627.491666578926
60844 69615.000192 -41.119933533732365 -60.979860570114646 8626.93142576504
60844 70035.000192 -37.813277514911974 -51.15731826767256 8626.090720808743
60844 70455.000192 -33.76444236778615 -42.26148909043845 8625.056845205743
60844 70875.000192 -29.135940229841786 -34.218756516626854 8623.933860812436
60844 71295.000192 -24.068096906569373 -26.897511684698298 8622.833611263208
60844 71715.000192 -18.67710203621496 -20.147693004863893 8621.866079444671
60844 72135.000192 -13.058349798961679 -13.821110731579083 8621.129889066167
60844 72555.000192 -7.291546508811145 -7.778699009132071 8620.703744474155
60844 72975.000192 -1.4459379763871052 -1.890600059485041 8620.639529024267
60844 73395.000192 4.414844631661567 3.967145514298711 8620.957647911791
60844 73815.000192 10.228273785798205 9.917260511103368 8621.64501704043
60844 74235.000192 15.928490262556602 16.08611676989338 8622.65589992547
60844 74655.000192 21.44164742739054 22.607885729030617 8623.885985219162
60844 75075.000192 26.681190058242205 29.626942782334886 8624.67190156815
60844 75495.000192 31.541869258198137 37.294023879764545 8625.771276750962
60844 75915.000192 35.895300151380916 45.75303544024465 8627.14083512492
60844 76335.000192 39.58917248026641 55.1120702814295 8628.482766271063
60844 76755.000192 42.45391992946989 65.39401153721336 8629.545482237303
60844 77175.000192 44.32230857516295 76.47651223014184 8630.245296391056
60844 77595.000192 45.06332538295515 88.058352615428 8630.527525220063
60844 78015.000192 44.619282997266644 99.69991411529823 8630.370353692084
60844 78435.000192 43.02517511738348 110.94359228638162 8629.786578871372
60844 78855.000192 40.39671418650442 121.44580910447714 8628.82256238163
60844 79275.000192 36.89562283136965 131.04010872753855 8627.55447330519
60844 79695.000192 32.693363109579586 139.7181787647369 8626.08076313552
60844 80115.000192 27.947593450236113 147.57213897055937 8625.194098837217
60844 80535.000192 22.79295510042478 154.74024211614196 8623.900471755409
60844 80955.000192 17.33980451178385 161.37373248976334 8622.559771717612
60844 81375.000192 11.679084448235965 167.6189043324158 8621.451749780574
60844 81795.000192 5.88744747385129 173.61235745421936 8620.659915328863
60844 82215.000192 0.032330564944175015 179.48210695650346 8620.238318431868
60844 82635.000192 -5.823303013192831 -174.64864067635375 8620.208748193838
60844 83055.000192 -11.616499244851296 -168.65668782013447 8620.559190030777
60844 83475.000192 -17.279849249286407 -162.4140400045512 8621.245124243407
60844 83895.000192 -22.736744327958075 -155.78411349062148 8622.193552922661
60844 84315.000192 -27.896226991987916 -148.62069227515477 8623.30940703807
60844 84735.000192 -32.64775646618531 -140.7729010301955 8624.483785750277
60844 85155.000192 -36.857177023326145 -132.10160020672646 8625.603329853027
60844 85575.000192 -40.3668878943479 -122.51371630746081 8626.559941844023
60844 85995.000192 -43.005213432105116 -112.01623960714474 8627.260042902017
60845 15.000192 -44.60991367913335 -100.77408507727229 8627.632610427485
60845 435.000192 -45.06445978375166 -89.12974901603135 8627.635352962412
60845 855.000192 -44.33293991317306 -77.54093364998037 8627.258117747768
60845 1275.000192 -42.472334003676586 -66.44859527711796 8626.5246966394
60845 1695.000192 -39.61336272934483 -56.15579531845758 8625.490228008288
60845 2115.000192 -35.92335872924132 -46.78639948696969 8624.236958610629
60845 2535.000192 -31.572227952301876 -38.31840119367546 8622.867839006394
60845 2955.000192 -26.71249554186613 -30.64372787724729 8621.497876768955
60845 3375.000192 -21.47260296472897 -23.618151686447707 8620.244571562502
60845 3795.000192 -15.95810202933078 -17.09092358405079 8619.218089088003
60845 4215.0001919999995 -10.256160229291892 -10.917901232712483 8618.511975538979
60845 4635.0001919999995 -4.440842756287953 -4.964708253378343 8618.195191337662
60845 5055.0001919999995 1.4218275763385144 0.8951774187385133 8618.306142203639
60845 5475.0001919999995 7.2692106936235295 6.784571693509342 8618.849221286293
60845 5895.0001919999995 13.03761097453844 12.827469613117433 8619.794164154819
60845 6315.0001919999995 18.65776714006257 19.153707905893935 8621.078277006267
60845 6735.0001919999995 24.05001118780174 25.90227713169848 8622.611346106763
60845 7155.0001919999995 29.11904897362382 33.22124696713886 8624.282666713196
60845 7575.000192 33.748859873088165 41.260540312019415 8625.969781142587
60845 7995.0001919999995 37.79936890824036 50.15169824299094 8627.552299850113
60845 8415.000192 41.10836038743142 59.96843412711864 8628.909615945262
60845 8835.000192 43.50400378081761 70.6693430568296 8629.94657638883
60845 9255.000192 44.83202730057613 82.04486651477376 8630.58979626862
60845 9675.000192 44.993394543499775 93.71509563800444 8630.797271205787
60845 10095.000192 43.975383760670226 105.21361562816607 8630.561181305744
60845 10515.000192 41.85598043098894 116.12530627655194 8629.908293524539
60845 10935.000192 38.77840129810871 126.19139189070636 8628.897599579097
60845 11355.000192 34.91305080428648 135.3290426690064 8627.615351353763
60845 11775.000192 30.42655572513793 143.58693297561146 8626.167897422165
60845 12195.000192 25.4654981005783 151.08571444637383 8624.6729327591
60845 12615.000192 20.1521800041632 157.97303324076185 8623.267991814571
60845 13035.000192 14.587018723874912 164.39853690519587 8622.029758378396
60845 13455.000192 8.853312772048211 170.5038858488771 8621.067917626804
60845 13875.000192 3.0225808904639817 176.42111774931465 8620.45146565892
60845 14295.000192 -2.8405033799561834 -177.7246737869135 8620.219036711622
60845 14715.000192 -8.673533542319124 -171.8109087644599 8620.375922692929
60845 15135.000192 -14.411944095157628 -165.7126067900263 8620.893916882076
60845 15555.000192 -19.984438707283804 -159.29792393946036 8621.713974973523
60845 15975.000192 -25.308044294638503 -152.42541535585403 8622.751462222544
60845 16395.000192 -30.282835938082325 -144.94540496885995 8623.903536375896
60845 16815.000192 -34.78704238214259 -136.70974899869245 8625.05803713887
60845 17235.000192 -38.67456590070254 -127.59627865157374 8626.103130117534
60845 17655.000192 -41.77894478653814 -117.55327781559922 8626.936896589636
60845 18075.000192 -43.92923189198235 -106.65899774056952 8627.47607563794
60845 18495.000192 -44.98064416287175 -95.16732388061375 8627.663261280792
60845 18915.000192 -44.85272972605301 -83.49059092547753 8627.47187345667
60845 19335.000192 -43.55557140114184 -72.09638275814878 8626.908304681217
60845 19755.000192 -41.18630026818009 -61.36909415375145 8626.01266467974
60845 20175.000192 -37.898447154437854 -51.52357416063831 8624.853974219715
60845 20595.000192 -33.86407362455874 -42.605243783498615 8623.525744915507
60845 21015.000192 -29.246131735567 -34.54255705908491 8622.13805011234
60845 21435.000192 -24.185565240732323 -27.204745909115633 8620.808363485134
60845 21855.000192 -18.799165172630094 -20.441866276263614 8619.65176705716
60845 22275.000192 -13.182829428255246 -14.105525178675556 8618.7712970101
60845 22695.000192 -7.4166512808783525 -8.056371697132038 8618.249226079606
60845 23115.000192 -1.5701522288674046 -2.1643003929777445 8618.140018448577
60845 23535.000192 4.2928617927257875 3.694807445603318 8618.46555750747
60845 23955.000192 10.109782636157405 9.643729750582075 8619.213056451685
60845 24375.000192 15.814764196840907 15.80879394362926 8620.335834341595
60845 24795.000192 21.334074695514595 22.32405636669072 8621.756896106828
60845 25215.000192 26.581052821959894 29.3332973574404 8623.374996490045
60845 25635.000192 31.450831122693867 36.98704807431366 8625.07222909665
60845 26055.000192 35.81579447852329 45.429822083529736 8626.727478804312
60845 26475.000192 39.52426063678447 54.77107043313237 8628.215219964835
60845 26895.000192 42.40686630748698 65.0358337772768 8629.430059132243
60845 27315.000192 44.2960904982971 76.1050266616593 8630.285276345496
60845 27735.000192 45.05990314496185 87.6807933011469 8630.722404822172
60845 28155.000192 44.63898186744579 99.32527410612174 8630.715982484637
60845 28575.000192 43.06658310461073 110.57991102535627 8630.275231069714
60845 28995.000192 40.45716720279242 121.09809364367372 8629.443094869062
60845 29415.000192 36.971935556233305 130.70995038263678 8628.29256795638
60845 29835.000192 32.78241876157144 139.40462525864305 8626.920597595275
60845 30255.000192 28.046578163852896 147.27295742341832 8625.440046618027
60845 30675.000192 22.89910215285914 154.45313407871149 8623.974198338194
60845 31095.000192 17.45105768429398 161.0958049436967 8622.638007692944
60845 31515.000192 11.79376469723134 167.34735928327882 8621.52746497172
60845 31935.000192 6.004130983921171 173.3445614082322 8620.730030467399
60845 32355.000192 0.14972830181712218 179.21556433289766 8620.300306412473
60845 32775.000192 -5.706436570939739 -174.91637687980912 8620.260774411849
60845 33195.000192 -11.501454291458415 -168.9281150016854 8620.600177676819
60845 33615.000192 -17.168051876396 -162.69179638992784 8621.27475335885
60845 34035.000192 -22.629855518761303 -156.0710351309169 8622.212197569788
60845 34455.000192 -27.79624881676491 -148.91978960333336 8623.31802164595
60845 34875.000192 -32.55713185855519 -141.08716926179787 8624.483756153499
60845 35295.000192 -36.778843079578145 -132.4335352712192 8625.596305193523
60845 35715.000192 -40.30420172334736 -122.86442045650539 8626.54766130873
60845 36135.000192 -42.96163736555148 -112.38420250261849 8627.24416861072
60845 36555.000192 -44.58839503990346 -101.15421814593297 8627.61457568319
60845 36975.000192 -45.06664683616847 -89.51369842097375 8627.61624147415
60845 37395.000192 -44.35863739273815 -77.91919194342898 8627.238615996806
60845 37815.000192 -42.51957344232455 -66.81336254605039 8626.504931389436
60845 38235.000192 -39.67903516335138 -56.50274623620102 8625.469979137702
60845 38655.000192 -36.003990065087436 -47.114650824887136 8624.21556439448
60845 39075.000192 -31.664537614662933 -38.62942006119484 8622.844338439147
60845 39495.000192 -26.813652492269078 -30.940155989563877 8621.47114053257
60845 39915.000192 -21.58026517563371 -23.903001655746785 8620.213451668938
60845 40335.000192 -16.07034904405297 -17.36716789956248 8619.181577732727
60845 40755.000192 -10.37139042677931 -11.188326103211162 8618.469362028482
60845 41175.000192 -4.55766849227936 -5.231911871631907 8618.146205766723
60845 41595.000192 1.3046769641041274 0.6287184346538721 8618.251073913585
60845 42015.000192 7.152979030492939 6.516408605690642 8618.788997457887
60845 42435.000192 12.92360380813401 12.555082911513779 8619.730371179994
60845 42855.000192 18.54744469889467 18.87442217506347 8621.013109274763
60845 43275.000192 23.945089606094736 25.613218068659737 8622.547477285843
60845 43695.000192 29.021606948944694 32.91939525194642 8624.223082581279
60845 44115.000192 33.66143248119107 40.9429791471074 8625.91744866576
60845 44535.000192 37.72497763999421 49.816182920821326 8627.510197096819
60845 44955.000192 41.05039505536629 59.614385671682456 8628.879892488125
60845 45375.000192 43.4658356370747 70.29906708287325 8629.930984153352
60845 45795.000192 44.816331654231625 81.66429730906871 8630.58934229362
60845 46215.000192 45.00138925978591 93.3330443063127 8630.8121341846
60845 46635.000192 44.00641691307453 104.83933706853706 8630.590704571448
60845 47055.000192 41.907760875090396 115.7657775710622 8629.951029354437
60845 47475.000192 38.84770228814471 125.85000286536902 8628.951410565984
60845 47895.000192 34.99644706111189 135.00598280267607 8627.67756445171
60845 48315.000192 30.520900687578838 143.2803659619938 8626.235502971773
60845 48735.000192 25.568113512111076 150.7928721602708 8624.742841202728
60845 49155.000192 20.26094436309092 157.69080447112125 8623.53008235869
60845 49575.000192 14.700226022917319 164.12390557003846 8622.388683961779
60845 49995.000192 8.969499826489068 170.23408357904728 8621.478298779306
60845 50415.000192 3.1404458158218502 176.15355600717362 8620.904620108606
60845 50835.000192 -2.722185548494567 -177.99249942030863 8620.70572787843
60845 51255.000192 -8.556004925012267 -172.08151725834313 8620.886720008206
60845 51675.000192 -14.296556693304828 -165.9886329877892 8621.419356475066
60845 52095.000192 -19.87275337052437 -159.58220090419755 8622.244676153341
60845 52515.000192 -25.201939043368455 -152.72100284062896 8623.278219974829
60845 52935.000192 -30.18461789910502 -145.25549699366 8624.417396612214
60845 53355.000192 -34.69953777233979 -137.0373466163857 8625.550358983866
60845 53775.000192 -38.60112637711167 -127.94348346779923 8626.565639320557
60845 54195.000192 -41.723263441364445 -117.92014786184951 8627.361734385524
60845 54615.000192 -43.89485567898631 -107.04226808443404 8627.855844969781
60845 55035.000192 -44.97019569803715 -95.55988364737212 8627.99106001603
60845 55455.000192 -44.86713122470879 -83.88272470165505 8627.741424010019
60845 55875.000192 -43.593742171155824 -72.47859387075141 8627.114060446465
60845 56295.000192 -41.24554318303151 -61.73476988206089 8626.149430368856
60845 56715.000192 -37.975241576214486 -51.86992561448022 8624.918045320577
60845 57135.000192 -33.95481092040228 -42.93260939165098 8623.5142115251
60845 57555.000192 -29.34755062361004 -34.853125544585964 8622.049277192196
60845 57975.000192 -24.294903179035078 -27.501488981794 8620.642203376625
60845 58395.000192 -18.914140452435475 -20.727903795858996 8619.409747296695
60845 58815.000192 -13.301551934092098 -14.383841226095603 8618.456769367942
60845 59235.000192 -7.537515992719903 -8.329742106450249 8617.867452773891
60845 59655.000192 -1.6917369436967373 -2.4353277825851376 8617.698178631854
60845 60075.000192 4.171890398881766 3.4236112000432 8617.972665677551
60845 60495.000192 9.990758045370393 9.369845229970515 8618.679791816885
60845 60915.000192 15.699110088939639 15.529599831806475 8619.77428532132
60845 61335.000192 21.223401329081465 22.036761292742046 8621.180228180325
60845 61755.000192 26.477261073759866 29.034937563659057 8622.797070205359
60845 62175.000192 31.356215398614474 36.67462510687383 8624.507530938157
60845 62595.000192 35.73311231847365 45.10069658461862 8626.18730644015
60845 63015.000192 39.456697350322585 54.423729483553025 8627.716400328409
60845 63435.000192 42.35780120953146 64.67105008454264 8628.982741048154
60845 63855.000192 44.268558536765944 75.72693880182061 8629.900029661676
60845 64275.000192 45.05584238832652 87.29699419539594 8630.407867569817
60845 64695.000192 44.658603997861555 98.94513005457873 8630.478706386368
60845 65115.000192 43.108285921025974 110.21174452194862 8630.11957921311
60845 65535.000192 40.51805840292806 120.74703805874384 8629.371208101657
60845 65955.000192 37.04860739510222 130.37757512455426 8628.304422368805
60845 66375.000192 32.87156890074477 139.0898650973793 8627.014142855873
60845 66795.000192 28.14532707551155 146.9733260675259 8625.611411583197
60845 67215.000192 23.00506487599915 154.1656297195706 8624.214791972303
60845 67635.000192 17.562218994841768 160.8174809213663 8622.875285520322
60845 68055.000192 11.908546693702542 167.0753097750277 8621.82289050943
60845 68475.000192 6.121152372280948 173.07611674327475 8621.075208202144
60845 68895.000192 0.26774050233403973 178.9481842218237 8620.687802695202
60845 69315.000192 -5.588648852617255 -175.1851916885782 8620.682748299294
60845 69735.000192 -11.385165366370884 -169.20092583539926 8621.04856211351
60845 70155.000192 -17.054690458773447 -162.9713218972797 8621.741360559256
60845 70575.000192 -22.521108481059937 -156.36021330870562 8622.688788004218
60845 70995.000192 -27.6941730578231 -149.22175853495656 8623.796346263078
60845 71415.000192 -32.46426066962494 -141.40507802948952 8624.955580506019
60845 71835.000192 -36.698246071963034 -132.77005069254116 8626.053426159844
60845 72255.000192 -40.239414449468605 -123.2208037871823 8626.98192935209
60845 72675.000192 -42.916341243386306 -112.75903225032275 8627.64752893681
60845 73095.000192 -44.56577421983555 -101.54234389057763 8627.979133861936
60845 73515.000192 -45.06856022226321 -89.90649683712137 8627.934354801328
60845 73935.000192 -44.38502282434497 -78.30671211531106 8627.50331497036
60845 74355.000192 -42.5684871677277 -67.18731815497385 8626.709281524236
60845 74775.000192 -39.74729229705754 -56.85842867599339 8625.608525208547
60845 75195.000192 -36.08797407159038 -47.450959608844194 8624.283758288779
60845 75615.000192 -31.760796071166293 -38.94775285096388 8622.838836857665
60845 76035.000192 -26.91917917984009 -31.243180424434602 8621.390090909343
60845 76455.000192 -21.692553079441055 -24.193803042321246 8620.056637148333
60845 76875.000192 -16.18732820789025 -17.648806285795125 8618.950522287016
60845 77295.000192 -10.491326508840235 -11.463672968807217 8618.167391991989
60845 77715.000192 -4.679057776654737 -5.503640542905148 8617.778463131637
60845 78135.000192 1.18320487162093 0.3580693551871551 8617.8244743591
60845 78555.000192 7.03275134254252 6.24434249482985 8618.312125474928
60845 78975.000192 12.80599263937217 12.279046875929684 8619.213308466906
60845 79395.000192 18.43395905654643 18.591722498426822 8620.467199584813
60845 79815.000192 23.837475193090533 25.3209781539149 8621.985040276424
60845 80235.000192 28.921951126850608 32.614610431685705 8623.65718503179
60845 80655.000192 33.57225700209936 40.62276515828425 8625.361567843334
60845 81075.000192 37.64926305112127 49.47833203089146 8626.976015277665
60845 81495.000192 40.99147181876463 59.25836688949078 8628.381557130215
60845 81915.000192 43.426994853888594 69.92721349949888 8629.479589356952
60845 82335.000192 44.80016065463306 81.28254386273689 8630.195402394995
60845 82755.000192 45.00902244298637 92.95017512316764 8630.484457452172
60845 83175.000192 44.03713406834898 104.46456024742284 8630.336261619836
60845 83595.000192 41.95922455370493 115.40600962956847 8629.774805173423
60845 84015.000192 38.916664675307366 125.50856279864175 8628.85633015671
60845 84435.000192 35.07948691774862 134.68298540837083 8627.66449421547
60845 84855.000192 30.6148971550482 142.9739044737402 8626.30331008256
60845 85275.000192 25.670430448622334 150.500116754687 8624.888471926231
60845 85695.000192 20.36934716187662 157.40879514579652 8623.546021331795
60845 86115.000192 14.812820762927968 163.8498120144429 8622.382410227774
60846 135.000192 9.084768381384466 169.9651607653679 8621.4686871376
60846 555.000192 3.257043878714731 175.88725256527783 8620.890873547072
60846 975.000192 -2.605508028443571 -178.2586346386132 8620.687580331933
60846 1395.000192 -8.440492542079406 -172.34993121196538 8620.86447722091
60846 1815.000192 -14.183537238741021 -166.26186553387208 8621.393914246311
60846 2235.000192 -19.763732103120756 -159.86296358338765 8622.217476205831
60846 2655.000192 -25.09870149875291 -153.0122064850771 8623.251144499613
60846 3075.000192 -30.089335926787815 -145.56016545836866 8624.392610233193
60846 3495.000192 -34.61485501481874 -137.35831030641526 8625.530113612343
60846 3915.000192 -38.53016577054503 -128.2827178352084 8626.552061594397
60846 4335.0001919999995 -41.66945727282686 -118.27770184701939 8627.35661753693
60846 4755.0001919999995 -43.861492255718844 -107.4150636949409 8627.86046724463
60846 5175.0001919999995 -44.95969363494537 -95.94122079820386 8628.00604925946
60846 5595.0001919999995 -44.88031397286104 -84.26344296403033 8627.76668140517
60846 6015.0001919999995 -43.629555643750265 -72.8497351420019 8627.148764635322
60846 6435.0001919999995 -41.30142167289721 -62.09010317808505 8626.192076334526
60846 6855.0001919999995 -38.04785747069537 -52.20684616676978 8624.966573814876
60846 7275.000192 -34.04076997157378 -43.251482639296825 8623.566179459158
60846 7695.000192 -29.44380105134829 -35.156073474760696 8622.102040486405
60846 8115.0001919999995 -24.3988743044496 -27.791375001247154 8620.693125641379
60846 8535.000192 -19.023720440968663 -21.00773010366933 8619.456405641371
60846 8955.000192 -13.414998189661206 -14.656481191713812 8618.497141854914
60846 9375.000192 -7.653349714922817 -8.597874499600403 8617.900072769815
60846 9795.000192 -1.8086421339489904 -2.7014736301453506 8617.72224299676
60846 10215.000192 4.055159798403442 3.157006295475427 8617.988086945423
60846 10635.000192 9.875466419520023 9.100313280525512 8618.687189609307
60846 11055.000192 15.586629733840194 15.254555885262153 8619.774918961288
60846 11475.000192 21.115308755873823 21.753433556307996 8621.175879259636
60846 11895.000192 26.375441561524532 28.740361109213016 8622.789888041094
60846 12315.000192 31.262967052008083 36.36577214872711 8624.499854536263
60846 12735.000192 35.65121889547652 44.77486086435253 8626.181500990477
60846 13155.000192 39.389401556955264 54.079295317389686 8627.71453869578
60846 13575.000192 42.30857107082833 64.30864667569998 8628.98664386874
60846 13995.000192 44.240554591979596 75.35056642788722 8629.910908552347
60846 14415.000192 45.05115271720441 86.91417575660203 8630.426281513537
60846 14835.000192 44.67758685419398 98.5652882272645 8630.504495505045
60846 15255.000192 43.14944785245148 109.84337893073133 8630.151875273174
60846 15675.000192 40.578557102441515 120.39551072092452 8629.408511403082
60846 16095.000192 37.125027794534944 130.04466169387644 8628.34472982398
60846 16515.000192 32.96055985693787 138.77464977296546 8627.05510873319
60846 16935.000192 28.24393694425723 146.67341741761297 8625.650522445108
60846 17355.000192 23.110830251793764 153.87808001687912 8624.249482058678
60846 17775.000192 17.673114643751827 160.53930077086636 8622.898989447747
60846 18195.000192 12.022896592807815 166.80366480305298 8621.83622597555
60846 18615.000192 6.23751913504219 172.80836833374696 8621.07726536412
60846 19035.000192 0.3848280402147089 178.68183577811956 8620.677911528064
60846 19455.000192 -5.472086803961509 -175.45258246137374 8620.660954726216
60846 19875.000192 -11.270413151997342 -169.4718453817086 8621.015647147238
60846 20295.000192 -16.943161173395428 -163.24839149475264 8621.698810263184
60846 20715.000192 -22.414442217838165 -156.64624774751317 8622.63871119758
60846 21135.000192 -27.59434250008485 -149.5197472805531 8623.741341886993
60846 21555.000192 -32.37367121719285 -141.7180055558988 8624.898561895088
60846 21975.000192 -36.619792059294966 -133.1004299383681 8625.997414965996
60846 22395.000192 -40.17641280507282 -123.56980492682005 8626.929835901907
60846 22815.000192 -42.87223065563173 -113.125278742202 8627.6019372204
60846 23235.000192 -44.543510917225035 -101.920926445717 8627.94210887349
60846 23655.000192 -45.06984015077713 -90.28921717598334 8627.907290061834
60846 24075.000192 -44.40972336258506 -78.68411891837044 8627.486822333354
60846 24495.000192 -42.61471090732275 -67.5515560763088 8626.703154321855
60846 24915.000192 -39.81198036010383 -57.20506108296698 8625.611801538256
60846 25335.000192 -36.16767906196404 -47.77899905687505 8624.294771701829
60846 25755.000192 -31.852248577163667 -39.25859688362734 8622.855437934983
60846 26175.000192 -27.01955235231984 -31.539433884603074 8621.409860332813
60846 26595.000192 -21.799507395667696 -24.478462636382552 8620.077136243162
60846 27015.000192 -16.298946205183597 -17.924839120559 8618.969537553534
60846 27435.000192 -10.606010413923881 -11.733863800954031 8618.183141198802
60846 27855.000192 -4.79542427720733 -5.770586502597974 8617.789738206407
60846 28275.000192 1.0664220839191545 0.09189405337219247 8617.830708972799
60846 28695.000192 6.916791938725828 5.976493603186017 8618.313388959352
60846 29115.000192 12.692158060115915 12.007011555145635 8619.210237816993
60846 29535.000192 18.32370496883124 18.312833508078906 8620.460885616889
60846 29955.000192 23.7325120554292 25.032368812560804 8621.976883802228
60846 30375.000192 28.824350435830976 32.313263808584296 8623.648736507901
60846 30795.000192 33.48454548088806 40.305752108231786 8625.354356320144
60846 31215.000192 37.57445750525936 49.14337070711926 8626.971467574964
60846 31635.000192 40.9329653049517 58.90479783080271 8628.380676628676
60846 32055.000192 43.38818177836451 69.55722526315965 8629.483061318431
60846 32475.000192 44.783765742602775 80.90195482192436 8630.203405398224
60846 32895.000192 45.01633270920064 92.5677499060953 8630.496645509491
60846 33315.000192 44.06756387688689 104.08961805056904 8630.351759988811
60846 33735.000192 42.01052228183331 115.04567015736008 8629.79224558917
60846 34155.000192 38.98560844346622 125.16636318315386 8628.873925908329
60846 34575.000192 35.16263033627809 134.3592173389535 8627.680153155401
60846 34995.000192 30.70906045839389 142.66678205307267 8626.314778322789
60846 35415.000192 25.772900791952253 150.20688636947253 8624.893477454756
60846 35835.000192 20.477887428272062 157.12644724168956 8623.544766556719
60846 36255.000192 14.925605766886388 163.57540737187037 8622.381726436439
60846 36675.000192 9.200250488602402 169.69597351275803 8621.459278001079
60846 37095.000192 3.373870600314375 175.6207276500337 8620.871856643778
60846 37515.000192 -2.4885934744287646 -178.5249498174447 8620.658752875273
60846 37935.000192 -8.324739832007761 -172.61848259772296 8620.826366438545
60846 38355.000192 -14.070277237269828 -166.5351894769817 8621.347769149357
60846 38775.000192 -19.65447062123693 -160.14376592551233 8622.165198764542
60846 39195.000192 -24.99522151376115 -153.30339119274922 8623.195161565529
60846 39615.000192 -29.99380317228576 -145.86475088180805 8624.335697240696
60846 40035.000192 -34.52990364035249 -137.67912776320634 8625.475188464532
60846 40455.000192 -38.45890749196598 -128.6217580353437 8626.501970568002
60846 40875.000192 -41.61531543247563 -118.63505124927266 8627.313933799935
60846 41295.000192 -43.827754473264456 -107.78770311391581 8627.827317727626
60846 41715.000192 -44.948790610108354 -96.32251018980453 8627.983979533592
60846 42135.000192 -44.89309175463023 -84.64425020332222 8627.756567968547
60846 42555.000192 -43.66498360024302 -73.22108172338763 8627.150778108642
60846 42975.000192 -41.35694878086154 -62.4457063542232 8626.205670976009
60846 43395.000192 -38.12015947352337 -52.54404937548025 8624.990584572244
60846 43815.000192 -34.12644826752064 -43.570617699857124 8623.598882496515
60846 44235.000192 -29.539796802168933 -35.459247807404445 8622.141309796409
60846 44655.000192 -24.502610420109388 -28.08144952943101 8620.736595753637
60846 45075.000192 -19.133080764036464 -21.28770972111482 8619.501648587617
60846 45495.000192 -13.528238188370944 -14.929242729504367 8618.541847609828
60846 45915.000192 -7.768990884423592 -8.866098710685497 8617.942219924846
60846 46335.000192 -1.9253707694722944 -2.967681098988913 8617.760245041662
60846 46755.000192 3.9385856170635827 2.890373114745986 8618.020900759111
60846 47175.000192 9.760305131557065 8.830792170754187 8618.714376539212
60846 47595.000192 15.474245814912486 14.9795698694383 8619.796653242855
60846 48015.000192 21.00726890871318 21.470220040138148 8621.192901715012
60846 48435.000192 26.27361923393281 28.44596349392889 8622.8034059473
60846 48855.000192 31.16964682757808 36.05716601575231 8624.511396409705
60846 49275.000192 35.569170512374704 44.44933117182428 8626.192656557769
60846 49695.000192 39.32185640292298 53.73519612642494 8627.727003574373
60846 50115.000192 42.258994160490836 63.94654898764298 8629.00161361066
60846 50535.000192 44.21211828640208 74.97439181946709 8629.929237848453
60846 50955.000192 45.045974583935255 86.53137896017826 8630.448261871104
60846 51375.000192 44.6960657290166 98.18527276998871 8630.529816903518
60846 51795.000192 43.19012816605879 109.47468531457667 8630.179641614308
60846 52215.000192 40.63862064606158 120.04357467084348 8629.43730855256
60846 52635.000192 37.20106801113977 129.7113290729192 8628.37274016066
60846 53055.000192 33.049223433054486 138.4590530453802 8627.080265424449
60846 53475.000192 28.342265375541235 146.37319146747907 8625.67069220667
60846 53895.000192 23.21635274697443 153.59028877765965 8624.262671858594
60846 54315.000192 17.78379921164162 160.26096001607755 8622.909596837599
60846 54735.000192 12.137070917943227 166.5319335407165 8621.83272001759
60846 55155.000192 6.353743148789438 172.54061115148008 8621.05980969411
60846 55575.000192 0.5018046606202452 178.4155600851478 8620.64684040592
60846 55995.000192 -5.355602851906602 -175.7198136858892 8620.617447968029
60846 56415.000192 -11.155703020921274 -169.74251185713885 8620.961660612274
60846 56835.000192 -16.831632226620187 -163.52510663311156 8621.63695066261
60846 57255.000192 -22.30772585819508 -156.9318184941877 8622.572065195207
60846 57675.000192 -27.494399464918704 -149.8171580059453 8623.673278519203
60846 58095.000192 -32.282892009850244 -142.03024374796155 8624.832527331682
60846 58515.000192 -36.54105493431431 -133.43002845943553 8625.936734864114
60846 58935.000192 -40.11302176747458 -123.91798151706476 8626.877535967556
60846 59355.000192 -42.82762193827392 -113.49073727051854 8627.56058868101
60846 59775.000192 -44.520656612123005 -102.29885700801552 8627.913702800193
60846 60195.000192 -45.07047251996454 -90.67150139574784 8627.893143893385
60846 60615.000192 -44.43376788988416 -79.06132615443676 8627.487508311107
60846 61035.000192 -42.66031484597412 -67.91578815564222 8626.718483659104
60846 61455.000192 -39.87611516201793 -57.551807993591076 8625.640835206375
60846 61875.000192 -36.24691201306625 -48.107205540592616 8624.335829620442
60846 62295.000192 -31.943313897077438 -39.569614343560026 8622.906240256176
60846 62715.000192 -27.119621037245576 -31.83584187554164 8621.467662144745
60846 63135.000192 -21.906235569983757 -24.76324659610579 8620.138922026224
60846 63555.000192 -16.410411772432486 -18.20096256894037 8619.03224719052
60846 63975.000192 -10.720611586325631 -12.004111423345822 8618.243906028425
60846 64395.000192 -4.911774744132345 -6.037556542132126 8617.846100940247
60846 64815.000192 0.9495904515986184 -0.17427375004589757 8617.88080205817
60846 65235.000192 6.800719412677258 5.708683102680833 8618.356051964121
60846 65655.000192 12.578145485645729 11.735045243635385 8619.245063571641
60846 66075.000192 18.21320629670341 18.034043695559454 8620.488194142114
60846 66495.000192 23.627235075125654 24.743886759830996 8621.997630116051
60846 66915.000192 28.726363439857458 32.01206607449295 8623.664357690528
60846 67335.000192 33.39637240123305 39.9888934959858 8625.366502170153
60846 67755.000192 37.49911543807103 48.808537605798456 8626.982516359638
60846 68175.000192 40.87385435720553 58.55127667954836 8628.391685791923
60846 68595.000192 43.34871582717027 69.18713253471533 8629.495649336977
60846 69015.000192 44.766704532920194 80.52104257612284 8630.218443544103
60846 69435.000192 45.02300918512271 92.18476046648657 8630.514417339808
60846 69855.000192 44.09743594360114 103.71391444126867 8630.371890679933
60846 70275.000192 42.06136575221811 114.68446212699293 8629.813710426293
60846 70695.000192 39.054208338898086 124.82328062121996 8628.895128336688
60846 71115.000192 35.24553179859565 134.03461728050758 8627.69906408056
60846 71535.000192 30.803068136877727 142.3589114258316 8626.329123446956
60846 71955.000192 25.87528546416943 149.91300059761647 8624.900960714942
60846 72375.000192 20.586394575427132 156.84353689579933 8623.545608857696
60846 72795.000192 15.038411629263251 163.30050942091543 8622.382767240313
60846 73215.000192 9.315793083760106 169.42635988161908 8621.454732073054
60846 73635.000192 3.4907956864992484 175.3538301354778 8620.861000457953
60846 74055.000192 -2.371542762204265 -178.79159521278854 8620.641566471142
60846 74475.000192 -8.208812241012604 -172.88733176317643 8620.803503824596
60846 74895.000192 -13.956802364268317 -166.8087877556362 8621.320492169565
60846 75315.000192 -19.54495321159948 -160.42482810416038 8622.135258421142
60846 75735.000192 -24.89144420559394 -153.59483168899163 8623.164639361776
60846 76155.000192 -29.897932818494883 -146.16960262602902 8624.306820072472
60846 76575.000192 -34.44457828370629 -138.00024481489797 8625.450131104762
60846 76995.000192 -38.38724789778737 -128.9611667318589 8626.48266033489
60846 77415.000192 -41.56076275681888 -118.99288812808764 8627.301872308353
60846 77835.000192 -43.79362640090153 -108.16100371401674 8627.823434481714
60846 78255.000192 -44.93755958624758 -96.70466673632835 8627.988530587523
60846 78675.000192 -44.905648487530456 -85.02610903859807 8627.769090059386
60846 79095.000192 -43.70033046223054 -73.59358508648891 8627.17013442452
60846 79515.000192 -41.412545624198025 -62.802468449098825 8626.230065278096
60846 79935.000192 -38.19267128379123 -52.88232898448525 8625.017788502919
60846 80355.000192 -34.212452215311416 -43.890699436321576 8623.626366383214
60846 80775.000192 -29.63620502715891 -35.76322487165728 8622.166450474135
60846 81195.000192 -24.60681755873257 -28.37218859627114 8620.756883776092
60846 81615.000192 -19.242945546841227 -21.56823005120747 8619.514873537782
60846 82035.000192 -13.641994706976227 -15.202437132536353 8618.546249408766
60846 82455.000192 -7.885142841406391 -9.13466201334739 8617.936599789276
60846 82875.000192 -2.0425900001160797 -3.2341445622735505 8617.744036614404
60846 83295.000192 3.8215522503622963 2.623560293963284 8617.99420383631
60846 83715.000192 9.644723900924772 8.56116512684408 8618.677953006347
60846 84135.000192 15.361485273445922 14.704553046703795 8619.751881760976
60846 84555.000192 20.898895515917022 21.187055978950625 8621.141689109232
60846 84975.000192 26.17150122118718 28.15170323191088 8622.748061394075
60846 85395.000192 31.07605816130802 35.748792283970054 8624.454503886423
60846 85815.000192 35.486865328227715 44.12412968632757 8626.136693130165
60846 86235.000192 39.25404720185378 53.39150485913027 8627.674862198248
60847 255.000192 42.20912984070922 63.58489988298849 8628.955376691285
60847 675.000192 44.18336395314314 74.59864457863226 8629.890907022842
60847 1095.000192 45.0404546132595 86.14892702370358 8630.419356744935
60847 1515.000192 44.71419719176156 97.80549111725186 8630.51128530866
60847 1935.000192 43.2304757351133 109.10613062107092 8630.171813258683
60847 2355.000192 40.69837995388565 119.69172399980988 8629.439885334863
60847 2775.000192 37.276838228430314 129.37806691370866 8628.384838702248
60847 3195.000192 33.13765203057807 138.14353419212316 8627.100510761507
60847 3615.000192 28.44039336646971 146.07305787519672 8625.69735475146
60847 4035.000192 23.32170945826616 153.30260273692903 8624.293553321564
60847 4455.0001919999995 17.894375325777418 159.98270742904103 8622.945655659372
60847 4875.0001919999995 12.251183367208426 166.26028599112814 8621.881919821979
60847 5295.0001919999995 6.469965603156012 172.27291821658253 8621.117600347381
60847 5715.0001919999995 0.6188545411795202 178.14931527999477 8620.711569788662
60847 6135.0001919999995 -5.238957014039034 -175.98706093159 8620.687736401816
60847 6555.0001919999995 -11.040730539545123 -170.01325576162128 8621.036485605076
60847 6975.0001919999995 -16.719731765142132 -163.80197788723854 8621.71566794232
60847 7395.000192 -22.20052463247499 -157.21764651365865 8622.654376533033
60847 7815.0001919999995 -27.393860322974135 -150.11495803996726 8623.759147998886
60847 8235.000192 -32.191416321721455 -142.34304658484717 8624.922053308836
60847 8655.000192 -36.461543985988065 -133.76042642740538 8626.029992257136
60847 9075.000192 -40.0488190398244 -124.26726766744547 8626.97440877493
60847 9495.000192 -42.78222328156451 -113.8576942769038 8627.660614419501
60847 9915.000192 -44.497112904845864 -102.67872500556845 8628.015948606726
60847 10335.000192 -45.070602907910114 -91.05613943545123 8627.996127010603
60847 10755.000192 -44.45757174948355 -79.44118843287045 8627.589215722914
60847 11175.000192 -42.70598011901346 -68.28280174869207 8626.816373260153
60847 11595.000192 -39.940614720914496 -57.90129430584445 8625.731970527824
60847 12015.000192 -36.32678405168097 -48.437992244362675 8624.417136542383
60847 12435.000192 -32.03524716750528 -39.88299459246987 8622.974600427064
60847 12855.000192 -27.220736150437617 -32.13438039629737 8621.520180258198
60847 13275.000192 -22.01413981786412 -25.049938367869913 8620.17313712005
60847 13695.000192 -16.523138502754094 -18.478791057760855 8619.046319924988
60847 14115.000192 -10.836519498236768 -12.275883598609083 8618.236768574923
60847 14535.000192 -5.0294430888117025 -6.30589130471195 8617.817559863217
60847 14955.000192 0.8314592471341952 -0.44166381742554645 8617.831588373956
60847 15375.000192 6.683390020198327 5.4397792457177365 8618.287815886993
60847 15795.000192 12.46293787253043 11.462104762723294 8619.160314588638
60847 16215.000192 18.101587866345607 17.754392690933038 8620.390190158498
60847 16635.000192 23.520920935165815 24.4546529686685 8621.890222682061
60847 17055.000192 28.62742272591848 31.71022336026534 8623.551810132354
60847 17475.000192 33.30732379754969 39.67149145170904 8625.253343246604
60847 17895.000192 37.42296516509778 48.473246888498835 8626.87263140448
60847 18315.000192 40.81399076149262 58.197352686688845 8628.289853695895
60847 18735.000192 43.308544900662476 68.8166417521328 8629.405310928936
60847 19155.000192 44.74898790936644 80.13968253283458 8630.142633794914
60847 19575.000192 45.02909211184527 91.80124379074402 8630.455330797507
60847 19995.000192 44.12679217348247 103.33761937187356 8630.330807916589
60847 20415.000192 42.11178164832933 114.3226468071077 8629.790967287172
60847 20835.000192 39.12247091928223 124.47962508258868 8628.890151886946
60847 21255.000192 35.32818273875687 133.70950867771535 8627.710474843358
60847 21675.000192 30.896907963149538 142.05060418817564 8626.354895810267
60847 22095.000192 25.977583093788667 149.6187426649327 8624.938710741635
60847 22515.000192 20.694901219703013 156.56029877318366 8623.587375036797
60847 22935.000192 15.151255035685418 163.025370551687 8622.409017501981
60847 23355.000192 9.431429350978748 169.1565552892914 8621.480238487984
60847 23775.000192 3.607868279550342 175.08678300989894 8620.884028710665
60847 24195.000192 -2.2542916074540384 -179.05835599490513 8620.660966274243
60847 24615.000192 -8.092631104625022 -173.15626784792673 8620.81870115743
60847 25035.000192 -13.843019810308178 -167.08244944372606 8621.331507215022
60847 25455.000192 -19.43507225705668 -160.7059354189688 8622.14267262055
60847 25875.000192 -24.787245336452457 -153.88630647987637 8623.169516325352
60847 26295.000192 -29.80158093360748 -146.474490757827 8624.31058530286
60847 26715.000192 -34.35871108457642 -138.32142396749086 8625.454417444038
60847 27135.000192 -38.31499024754145 -129.30070392648318 8626.489129740625
60847 27555.000192 -41.50556891819293 -119.35098098570644 8627.31202887054
60847 27975.000192 -43.75884119148518 -108.53476008270687 8627.83844620978
60847 28395.000192 -44.925697750883906 -97.08753279488741 8628.009076559152
60847 28815.000192 -44.91765036450404 -85.40892903768746 8627.795253817765
60847 29235.000192 -43.73524003806994 -73.96723198916366 8627.201363294831
60847 29655.000192 -41.46784384932619 -63.16045204743976 8626.26506967917
60847 30075.000192 -38.265022200206595 -53.221813562549585 8625.054795136728
60847 30495.000192 -34.298417105182644 -44.21190924004815 8623.663039945692
60847 30915.000192 -29.732673985852355 -36.06822663345352 8622.200134744928
60847 31335.000192 -24.711163152484456 -28.663845259824065 8620.78481069195
60847 31755.000192 -19.353007452626468 -21.84956893636095 8619.534400418213
60847 32175.000192 -13.755991951407447 -15.47636367179618 8618.555106758875
60847 32595.000192 -8.001567922735711 -9.403884318257981 8617.933118831099
60847 33015.000192 -2.160106783579242 -3.5012060228830677 8617.727323506737
60847 33435.000192 3.7042024207575737 2.356200212768194 8617.964233592555
60847 33855.000192 9.528811092919918 8.291033290810292 8618.635570604556
60847 34275.000192 15.248380664740804 14.429067418741809 8619.698715749373
60847 34695.000192 20.79016736171848 20.903453808024107 8621.079997059367
60847 35115.000192 26.06901892933901 27.85703019232343 8622.680533398367
60847 35535.000192 30.982096545092695 35.44002320723377 8624.384063481253
60847 35955.000192 35.40417989380113 43.79853579764322 8626.066169948173
60847 36375.000192 39.18585426400089 53.047397985697216 8627.607102179267
60847 36795.000192 42.158887714039615 63.22277172637949 8628.892593150224
60847 37215.000192 44.15425622311196 74.22231010631205 8629.834906212891
60847 37635.000192 45.03463270034856 85.7657554462896 8630.371345563515
60847 38055.000192 44.73210618059832 97.42487962079471 8630.471813148499
60847 38475.000192 43.270697726144974 108.73670262747635 8630.140788470177
60847 38895.000192 40.758110806919866 119.33903542942642 8629.416631671671
60847 39315.000192 37.35266266277261 129.04406065008513 8628.368194002996
60847 39735.000192 33.22619583686187 137.8273923756705 8627.088961921598
60847 40155.000192 28.538675311560244 145.77242565543207 8625.689201844594
60847 40575.000192 23.42723975584686 153.0145327589013 8624.287083368303
60847 40995.000192 18.005122593431754 159.70418013719387 8622.959122953442
60847 41415.000192 12.365469261568604 165.98844226815135 8621.89941698452
60847 41835.000192 6.586353442055555 172.00510198480876 8621.13526307307
60847 42255.000192 0.7360522466976253 177.88301911843354 8620.72854989495
60847 42675.000192 -5.122187654442616 -176.25428516571344 8620.703690921791
60847 43095.000192 -10.925662381818649 -170.28389618581414 8621.051588778433
60847 43515.000192 -16.607763181544527 -164.07865529074596 8621.730573383753
60847 43935.000192 -22.093277895895838 -157.50317696228714 8622.670135886636
60847 44355.000192 -27.293287815312958 -150.41234150443654 8623.777090598101
60847 44775.000192 -32.099902856459266 -142.65530053913614 8624.943634057598
60847 45195.000192 -36.38196869490405 -134.09013952259593 8626.056619510378
60847 45615.000192 -39.984500406725296 -124.61575029305715 8627.007267648723
60847 46035.000192 -42.73663531683778 -114.22377730376628 8627.700502555255
60847 46455.000192 -44.473295865774986 -103.05772360383384 8628.063140203029
60847 46875.000192 -45.07038167236059 -91.4399876635546 8628.050276004977
60847 47295.000192 -44.480964561552454 -79.82038063089443 8627.64933957361
60847 47715.000192 -42.75119703368353 -68.6492593936585 8626.880829501235
60847 48135.000192 -40.00464571034993 -58.25030728257149 8625.79855172229
60847 48555.000192 -36.406177610608765 -48.76835623760462 8624.483247424365
60847 48975.000192 -32.12669807399013 -40.19598215818711 8623.03733197387
60847 49395.000192 -27.321369724042217 -32.4325465377231 8621.576548978002
60847 49815.000192 -22.121568435861494 -25.336274532767824 8620.220286091415
60847 50235.000192 -16.635401524312073 -18.756279323693246 8619.081718571522
60847 50655.000192 -10.951982521486553 -12.547329292176164 8618.258397871336
60847 51075.000192 -5.146692933629827 -6.573910264510409 8617.824070385479
60847 51495.000192 0.7137121117128797 -0.7087437863755692 8617.822418612504
60847 51915.000192 6.5664018456444255 5.171186827947546 8618.26325787464
60847 52335.000192 12.34801979099679 11.189486094737447 8619.121515972738
60847 52755.000192 17.9901978596156 17.475084433357665 8620.339088019797
60847 53175.000192 23.414763847880042 24.165793703664853 8621.829413662883
60847 53595.000192 28.528556430623823 31.408795310551305 8623.48437482584
60847 54015.000192 33.2182550500224 39.35454470662377 8625.182677375744
60847 54435.000192 37.34668945999256 48.138436736606245 8626.801732320178
60847 54855.000192 40.75389056141363 57.84389350857335 8628.22238957476
60847 55275.000192 43.268031574147756 68.44653232666792 8629.343855429397
60847 55695.000192 44.730844944527725 79.75854382002508 8630.089407200763
60847 56115.000192 45.03470176406609 91.4177408558569 8630.411831272015
60847 56535.000192 44.15566955645583 102.9611416499953 8630.297777847556
60847 56955.000192 42.16174511388558 113.96051423657521 8629.768412465826
60847 57375.000192 39.19032330008305 124.13559420282445 8628.877421618134
60847 57795.000192 35.41046754199097 133.38402828144194 8627.706390951154
60847 58215.000192 30.990419672823634 141.74196689489995 8626.357918103637
60847 58635.000192 26.079582067917833 149.324215977385 8624.947166712062
60847 59055.000192 20.803131027723413 156.27686159675105 8623.59726773073
60847 59475.000192 15.2638580377676 162.75008366105968 8622.413566411547
60847 59895.000192 9.546852785703477 168.88666527881708 8621.485187713155
60847 60315.000192 3.7247579232170067 174.81971388585387 8620.88875440517
60847 60735.000192 -2.137189397618522 -179.3250734261504 8620.66549620321
60847 61155.000192 -7.976559104740865 -173.4250921311551 8620.823602691527
60847 61575.000192 -13.72929915934891 -167.35592691799425 8621.337827364894
60847 61995.000192 -19.325196912627085 -160.9867821680797 8622.151821448937
60847 62415.000192 -24.682985108064216 -154.17744237184516 8623.183108215318
60847 62835.000192 -29.705088759141788 -146.77896543953764 8624.33025721899
60847 63255.000192 -34.27261265422445 -138.64213124238088 8625.481645151409
60847 63675.000192 -38.24240141587221 -129.63974845184845 8626.525061401331
60847 64095.000192 -41.44994359858103 -119.70862719709693 8627.35735080233
60847 64515.000192 -43.723539883070934 -108.90820723008233 8627.893289047372
60847 64935.000192 -44.91327147167608 -97.47031467794633 8628.072962331176
60847 65355.000192 -44.92909153890653 -85.79192994354729 8627.867083788899
60847 65775.000192 -43.76964583241365 -74.34129412978724 8627.279495109933
60847 66195.000192 -41.52273428574937 -63.51900471952817 8626.34719349687
60847 66615.000192 -38.33708055086098 -53.56193420062971 8625.138312679434
60847 67035.000192 -34.384207515206874 -44.53375739512836 8623.744920569165
60847 67455.000192 -29.829079669196812 -36.37383195513658 8622.277129965929
60847 67875.000192 -24.815545384655092 -28.95605431819049 8620.853615816533
60847 68295.000192 -19.463193275100075 -22.131404659219204 8619.591830556517
60847 68715.000192 -13.870187876912608 -15.75073270886868 8618.598289514102
60847 69135.000192 -8.118254745403192 -9.67349788872772 8617.959689842653
60847 69555.000192 -2.277937891629107 -3.7686106275915905 8617.735607686087
60847 69975.000192 3.5864945730891584 2.088542827818251 8617.953392944697
60847 70395.000192 9.41250353130548 8.020648787666028 8618.605700025895
60847 70815.000192 15.134849292588811 14.153373465257598 8619.650871840542
60847 71235.000192 20.680982722256974 20.619687571602782 8621.01615180149
60847 71655.000192 25.9660502606215 27.562235853393627 8622.603454517814
60847 72075.000192 30.887616407939973 35.131169444557955 8624.297140698363
60847 72495.000192 35.32094058687852 43.47287731408928 8625.973017448552
60847 72915.000192 39.117071134236646 52.70321361170086 8627.512034433003
60847 73335.000192 42.10802451534672 62.86049888572227 8628.798982817372
60847 73755.000192 44.124513883859386 73.84569846807759 8629.746206574559
60847 74175.000192 45.02819303094227 85.38212722620959 8630.29039670146
60847 74595.000192 44.74945037378338 97.04363649792681 8630.40075408323
60847 75015.000192 43.31043664418981 108.36652831026048 8630.08098543187
60847 75435.000192 40.81745263712702 118.98556986892233 8629.368660064107
60847 75855.000192 37.428188604962756 128.70931716287447 8628.331881230932
60847 76275.000192 33.31451905791056 137.51059378989814 8627.063486974906
60847 76695.000192 28.63679969775422 145.4712314938588 8625.673253867126
60847 77115.000192 23.532662329185396 152.72599412028714 8624.27938873954
60847 77535.000192 18.115803394778762 159.42526702173316 8622.975071376566
60847 77955.000192 12.47971522725361 165.71629377999116 8621.91727689193
60847 78375.000192 6.702724271310327 171.7370511029346 8621.153272318998
60847 78795.000192 0.8532523283469852 177.61655218103897 8620.7453871226
60847 79215.000192 -5.005397831162695 -176.5216202480452 8620.71861127857
60847 79635.000192 -10.81055498046018 -170.55458907446598 8621.064437783025
60847 80055.000192 -16.49573411285661 -164.35532602234957 8621.741753761738
60847 80475.000192 -21.985945270503525 -157.78863919119138 8622.680511546587
60847 80895.000192 -27.192598158620182 -150.7095928169962 8623.787841560325
60847 81315.000192 -32.00823367171903 -142.9673596134753 8624.95607903188
60847 81735.000192 -36.30219142012871 -134.4196059635115 8626.0720243846
60847 82155.000192 -39.919928177208455 -124.96396298942511 8627.026658666633
60847 82575.000192 -42.69074387748079 -114.58961698749614 8627.724501994433
60847 82995.000192 -44.44913923373502 -103.43656585487922 8628.091839503382
60847 83415.000192 -45.069810849820286 -91.82380770246009 8628.083155325548
60847 83835.000192 -44.50402829402169 -80.19966547894253 8627.685251733808
60847 84255.000192 -42.79612810955108 -69.01587654467582 8626.918077332064
60847 84675.000192 -40.06844193495677 -58.599477116033285 8625.834849086868
60847 85095.000192 -36.48538221039179 -49.09882025260971 8624.516083071825
60847 85515.000192 -32.21799368824084 -40.50898381577662 8623.06401957035
60847 85935.000192 -27.421868262547573 -32.73063159215481 8621.594485696955
60847 86355.000192 -22.22887077771625 -25.622436098308224 8620.227178125753
60848 375.000192 -16.747538628750622 -19.033505162781434 8619.075787055923
60848 795.000192 -11.06731480911114 -12.818430450604916 8618.238544513206
60848 1215.000192 -5.2638050187857255 -6.841506400844617 8617.789985496
60848 1635.000192 0.596109237478005 -0.9753237503097579 8617.774623485053
60848 2055.000192 6.4495612460609335 4.903173471399038 8618.20308390113
60848 2475.000192 12.233246581470848 10.91753035111004 8619.051030004486
60848 2895.000192 17.878940829368414 17.196530266386695 8620.260974731
60848 3315.000192 23.30871506569324 23.87778827105572 8621.746822778177
60848 3735.000192 28.429757182130242 31.10832784185452 8623.400742550735
60848 4155.0001919999995 33.129192139974734 39.03866506500475 8625.101590011109
60848 4575.0001919999995 37.270337211051356 47.804783755319924 8626.72608903127
60848 4995.0001919999995 40.69361303900011 57.49163601386008 8628.155875211423
60848 5415.0001919999995 43.227233021952806 68.07759167120898 8629.2886935031
60848 5835.0001919999995 44.71232014531626 79.37844560808898 8630.04753920572
60848 6255.0001919999995 45.03986422282266 91.03507568924157 8630.38449198246
60848 6675.0001919999995 44.18407648617521 102.58528061268201 8630.285486683291
60848 7095.0001919999995 42.21125361928883 113.59881415658684 8629.770987688104
60848 7515.000192 39.25776251711357 123.79187183064292 8628.894021691522
60848 7935.0001919999995 35.49239432964102 133.05878565493984 8627.73558941099
60848 8355.000192 31.083633010499707 141.43353137688308 8626.39781395861
60848 8775.000192 26.181342195946122 149.02987331570927 8624.99546099322
60848 9195.000192 20.911182144742213 155.9935951691499 8623.650276534992
60848 9615.000192 15.376329288412423 162.47496920032984 8622.455491927922
60848 10035.000192 9.662190609584439 168.61694648056667 8621.526474510725
60848 10455.000192 3.84160305015302 174.552817202619 8620.927691394048
60848 10875.000192 -2.0200945896794313 -179.59161423272778 8620.701025925364
60848 11295.000192 -7.8604604548064 -173.6937309336781 8620.855203554176
60848 11715.000192 -13.615519532057261 -167.6292033264436 8621.365539659319
60848 12135.000192 -19.215230120750178 -161.26740357216744 8622.176215914493
60848 12555.000192 -24.578598386460012 -154.46831884158667 8623.205202866477
60848 12975.000192 -29.60842963349941 -147.08313807604145 8624.351387922447
60848 13395.000192 -34.186298720864016 -138.96249140474873 8625.503299189366
60848 13815.000192 -38.16953922422108 -129.97841221723297 8626.54868752062
60848 14235.000192 -41.393980177708656 -120.0658923714537 8627.384163475446
60848 14655.000192 -43.68783682354046 -109.28132825795826 8627.924088055954
60848 15075.000192 -44.900393188121946 -97.85288334889535 8628.107989430297
60848 15495.000192 -44.94005403296238 -86.17485785906666 8627.905932959178
60848 15915.000192 -43.80357048858147 -74.71540104512968 8627.321122244563
60848 16335.000192 -41.577156171867465 -63.877663020084405 8626.38990440714
60848 16755.000192 -38.408686145048144 -53.902162350179445 8625.179977705604
60848 17175.000192 -34.46955653604708 -44.85567472926705 8623.783120633965
60848 17595.000192 -29.925048876736145 -36.6794484262041 8622.309363296303
60848 18015.000192 -24.919491338346237 -29.248210397572198 8620.877531261587
60848 18435.000192 -19.572941543114084 -22.413123519804284 8619.605437540544
60848 18855.000192 -13.98394681999903 -16.024922838755526 8618.60013109291
60848 19275.000192 -8.234509822044192 -9.94287148442839 8617.948965324902
60848 19695.000192 -2.395349394839521 -4.035713254204591 8617.712239266668
60848 20115.000192 3.4691854492045144 1.8212526013412143 8617.918037279815
60848 20535.000192 9.296563393666496 7.750701972131388 8618.559709524356
60848 20955.000192 15.021641870638891 13.878194801390991 8619.59621221564
60848 21375.000192 20.57206441453291 20.33652192503831 8620.955283467552
60848 21795.000192 25.863274036187814 27.268133356026375 8622.539186701079
60848 22215.000192 30.79323673755609 34.82309832674367 8624.232474985885
60848 22635.000192 35.23769149141568 43.1480777772487 8625.91096157833
60848 23055.000192 39.04815291750449 52.35992470689115 8627.455373619556
60848 23475.000192 42.05689602441185 62.49908533065034 8628.75026627254
60848 23895.000192 44.09438935294987 73.46981137917106 8629.707430028875
60848 24315.000192 45.02128987822968 84.99899687973212 8630.262965879961
60848 24735.000192 44.76630147973031 96.66262407933547 8630.385360483862
60848 25155.000192 43.34970505364934 107.9963466749614 8630.077565218164
60848 25575.000192 40.87638489215618 118.63193267590609 8629.376398162432
60848 25995.000192 37.503385805839045 128.37431566417834 8628.349269012206
60848 26415.000192 33.402599401193335 137.19350901790636 8627.08843317652
60848 26835.000192 28.73476313152162 145.1697580236533 8625.703248292286
60848 27255.000192 23.637997747139632 152.43720098730714 8624.311818350787
60848 27675.000192 18.22645396846638 159.14614090272724 8623.010211026502
60848 28095.000192 12.593976373277595 165.44397798165963 8621.948179878651
60848 28515.000192 6.819143538509745 171.46888342048473 8621.178107275078
60848 28935.000192 0.9705265815391657 177.35002137247147 8620.76248279963
60848 29355.000192 -4.888513789103826 -176.7889616931905 8620.72698256029
60848 29775.000192 -10.695336645335527 -170.82522365720274 8621.063822611366
60848 30195.000192 -16.383577702334925 -164.63186401089283 8621.732600850259
60848 30615.000192 -21.878465406030013 -158.07388247487685 8622.663911016762
60848 31035.000192 -27.091733355653556 -151.00652711605736 8623.765408319248
60848 31455.000192 -31.916348590146175 -143.27899590031265 8624.929801355149
60848 31875.000192 -36.22214066002417 -134.74854804804224 8626.044090142976
60848 32295.000192 -39.85500713865133 -125.311576552566 8626.999270822147
60848 32715.000192 -42.64441578417235 -114.95483996193602 8627.69969526392
60848 33135.000192 -44.42445840277396 -103.81485397441072 8628.07131140075
60848 33555.000192 -45.068645269829226 -92.20720860404225 8628.068125094518
60848 33975.000192 -44.52645523566997 -80.57869404760301 8627.676372820304
60848 34395.000192 -42.84040868110533 -69.38237470583013 8626.915372595027
60848 34815.000192 -40.131593063397624 -58.94861167162839 8625.8377256624
60848 35235.000192 -36.5639558153849 -49.429281547620604 8624.523421197708
60848 35655.000192 -32.30867459830908 -40.82198098314861 8623.074215597711
60848 36075.000192 -27.521768455384727 -33.0286922377001 8621.605626119746
60848 36495.000192 -22.335591828129523 -25.908545433192362 8620.23720566364
60848 36915.000192 -16.85911402703733 -19.310647976948438 8619.082685769374
60848 37335.000192 -11.182109655066613 -13.089416460479699 8618.240532395528
60848 37755.000192 -5.380410652555191 -7.108953903707723 8617.785700291752
60848 38175.000192 0.4789733407438274 -1.2417194691245277 8617.763283184633
60848 38595.000192 6.333138296751066 4.635383101917267 8618.18459874523
60848 39015.000192 12.118830902433361 10.645840379597786 8619.02604291887
60848 39435.000192 17.76796988894833 16.91828910100423 8620.230815905457
60848 39855.000192 23.20286944988392 23.590146621702683 8621.713380545652
60848 40275.000192 28.331066967639053 30.808274858749567 8623.36627169137
60848 40695.000192 33.040134036606126 38.72324177549097 8625.068508169617
60848 41115.000192 37.19387872778544 47.47160395054148 8626.696521258255
60848 41535.000192 40.63311882975355 57.139819951116415 8628.132089949058
60848 41955.000192 43.186120748021565 67.70898832890953 8629.27207458899
60848 42375.000192 44.6934152809875 78.99850502887111 8630.03903177884
60848 42795.000192 45.0446251285093 90.65234795529386 8630.384360604765
60848 43215.000192 44.21210682074566 102.209159657688 8630.293305242702
60848 43635.000192 42.260443634960744 113.23673147142877 8629.785680370529
60848 44055.000192 39.324954360239204 123.44773096708053 8628.913956493927
60848 44475.000192 35.57414086525299 132.73315592493805 8627.758719843885
60848 44895.000192 31.176719593897637 141.12477952439423 8626.421857404961
60848 45315.000192 26.2830121962311 148.7353028892599 8625.018075478467
60848 45735.000192 21.019160620738788 155.7101986261197 8623.668964058548
60848 46155.000192 15.488742080352338 162.19981026855567 8622.463957071112
60848 46575.000192 9.777473516255306 168.34726960265579 8621.527481357758
60848 46995.000192 3.9583898676206912 174.2860497196596 8620.920751635154
60848 47415.000192 -1.903065604422397 -179.85793519555864 8620.686337543171
60848 47835.000192 -7.744436185689994 -173.96205288900677 8620.833643612774
60848 48255.000192 -13.501820330546888 -167.90205635265016 8621.338598019882
60848 48675.000192 -19.10534306772753 -161.54748261723614 8622.145885187309
60848 49095.000192 -24.47427901525716 -154.75851983595712 8623.173837080376
60848 49515.000192 -29.511808233428823 -147.3864894373835 8624.321539626837
60848 49935.000192 -34.09997033961115 -139.28187976962258 8625.477543893809
60848 50355.000192 -38.0965846285852 -130.3159676363457 8626.529444565465
60848 50775.000192 -41.33782258788826 -120.42195775593555 8627.37352280254
60848 51195.000192 -43.65182441682328 -109.65323855433691 8627.923652317957
60848 51615.000192 -44.88709551310014 -98.2343281248423 8628.118740638993
60848 52035.000192 -44.95051187454558 -86.55682391053266 8627.928135264998
60848 52455.000192 -43.83694054418084 -75.08872895932538 8627.354282705135
60848 52875.000192 -41.63100653609668 -64.23569696333672 8626.43273502766
60848 53295.000192 -38.47972672671684 -54.24187368489268 8625.230543692098
60848 53715.000192 -34.554361003125685 -45.17714189512779 8623.838893057184
60848 54135.000192 -30.020501987864336 -36.98465495996043 8622.367431889636
60848 54555.000192 -25.02295493655846 -29.539982442894228 8620.934820691438
60848 54975.000192 -19.682245638033827 -22.69447709184296 8619.65893716274
60848 55395.000192 -14.09730416717257 -16.298762542558222 8618.647117897197
60848 55815.000192 -8.350410450490848 -10.211906550185642 8617.987200931673
60848 56235.000192 -2.5124583384330554 -4.302485941669735 8617.740126850545
60848 56655.000192 3.352122137986655 1.5542879815192092 8617.93472859666
60848 57075.000192 9.180807360419859 7.481081874136227 8618.5651548726
60848 57495.000192 14.908551718365995 13.603350489662654 8619.591147905274
60848 57915.000192 20.46319110949756 20.05370524510498 8620.941154159533
60848 58335.000192 25.760464657277236 26.97440026526965 8622.51800556433
60848 58755.000192 30.69873945823951 34.515418330734825 8624.206630813143
60848 59175.000192 35.15423431637957 42.823681630706396 8625.882982200435
60848 59595.000192 38.978933284433346 52.0170244575432 8627.42780059753
60848 60015.000192 42.00537646016762 62.13799302342843 8628.725211432407
60848 60435.000192 44.06380067515834 73.09410913836723 8629.686615890232
60848 60855.000192 45.01388064611331 84.61585717437217 8630.24748252373
60848 61275.000192 44.78264387669896 96.2813977796157 8630.375613671544
60848 61695.000192 43.388496477514096 107.62579429040328 8630.073260808524
60848 62115.000192 40.93489099795653 118.2778461562452 8629.376598536122
60848 62535.000192 37.578210661478224 128.0388582173544 8628.35251466179
60848 62955.000192 33.49035383671585 136.87600875916158 8627.092915619174
60848 63375.000192 28.832435994749662 144.86793265403904 8625.707018394181
60848 63795.000192 23.74306742842913 152.14812724855787 8624.313128822892
60848 64215.000192 18.33685398274131 158.86680773513956 8623.00734465273
60848 64635.000192 12.707997019523248 165.17152653241305 8621.938436261613
60848 65055.000192 6.935329536654531 171.20065050549104 8621.161632327554
60848 65475.000192 1.087575661019089 177.08349542372267 8620.739311106048
60848 65895.000192 -4.7718433990419 -177.05622638339523 8620.69782799477
60848 66315.000192 -10.580314550414867 -171.09570563781227 8621.030030266093
60848 66735.000192 -16.2715917437516 -164.90816778499976 8621.69604903024
60848 67155.000192 -21.771119245611494 -158.35880333126445 8622.626865223196
60848 67575.000192 -26.990951951318603 -151.30304560354787 8623.730339139764
60848 67995.000192 -31.824480879623607 -143.59012381907135 8624.8991819329
60848 68415.000192 -36.14202494843664 -135.0769038415701 8626.020191168216
60848 68835.000192 -39.789925718098274 -125.6585644481853 8626.98397205277
60848 69255.000192 -42.597828411640776 -115.31946651345572 8627.694331538694
60848 69675.000192 -44.39943281571849 -104.19266326708944 8628.076566919392
60848 70095.000192 -45.06708218705457 -92.59032242334472 8628.08398190172
60848 70515.000192 -44.54847635340621 -80.95764892244242 8627.7021203212
60848 70935.000192 -42.88431679392257 -69.74897465014315 8626.949676399148
60848 71355.000192 -40.19443306873565 -59.297955411363624 8625.878668920273
60848 71775.000192 -36.642292200714664 -49.75999634115238 8624.568709484165
60848 72195.000192 -32.39919369593448 -41.13523393576744 8623.121242551186
60848 72615.000192 -27.621577773270012 -33.32698908550811 8621.651643929099
60848 73035.000192 -22.442285909640432 -26.194862667528728 8620.279473279528
60848 73455.000192 -16.970718484178906 -19.587968343343594 8619.118619018698
60848 73875.000192 -11.29698159760391 -13.360550088284256 8618.267853264042
60848 74295.000192 -5.497133670739954 -7.376519615344696 8617.802577792028
60848 74715.000192 0.3616869752460361 -1.5082034284114918 8617.76845480534
60848 75135.000192 6.2165380377738675 4.367536664882679 8618.17746086823
60848 75555.000192 12.004215798947111 10.374130535907643 8619.006701112985
60848 75975.000192 17.65677996400225 16.640069892469093 8620.200089589642
60848 76395.000192 23.0967850393885 23.302575170904486 8621.672759233825
60848 76815.000192 28.232114686669483 30.508345478786726 8623.317824380903
60848 77235.000192 32.95078409557771 38.407995289533076 8625.01474690815
60848 77655.000192 37.11709026784908 47.13864124597263 8626.639991967291
60848 78075.000192 40.57225051163523 56.78822978938137 8628.075988886123
60848 78495.000192 43.1445909150524 67.34056484465641 8629.218783089256
60848 78915.000192 44.674062539770496 78.6186363378834 8629.990859453066
60848 79335.000192 45.04893280939295 90.2695470610947 8630.343046888813
60848 79755.000192 44.239706623094634 101.8328339386781 8630.259958650156
60848 80175.000192 42.30924546220091 112.87436828923403 8629.760738428875
60848 80595.000192 39.391806320268856 123.10329906147831 8628.897201936174
60848 81015.000192 35.65559080875651 132.4072726253022 8627.749348874913
60848 81435.000192 31.269542809035624 140.8158361325773 8626.41859194375
60848 81855.000192 26.384441684576256 148.44061023200385 8625.019327973981
60848 82275.000192 21.12691218396035 155.4267487668786 8623.672540747317
60848 82695.000192 15.600946216648312 161.92465093657617 8622.469085105718
60848 83115.000192 9.892560554147234 168.07764568450833 8621.533891952971
60848 83535.000192 4.074997513286309 174.01938291835583 8620.926819656102
60848 83955.000192 -1.7861936342430063 179.87588972162504 8620.69117980013
60848 84375.000192 -7.628539371061572 -174.23018411692016 8620.836897621492
60848 84795.000192 -13.388210036930827 -168.1746723487026 8621.34045754809
60848 85215.000192 -18.99549614735657 -161.82727586124338 8622.147073035208
60848 85635.000192 -24.36993988016804 -155.0483844187368 8623.175514219169
60848 86055.000192 -29.415095700758172 -147.68945576849055 8624.325160232664
60849 75.000192 -34.01346880552661 -139.6008459041168 8625.48467205637
60849 495.000192 -38.02336757262668 -130.653092419485 8626.541552662311
60849 915.000192 -41.281313908288595 -120.77763716444967 8627.391793807972
60849 1335.000192 -43.61538690713555 -110.02488128657853 8627.948808228492
60849 1755.000192 -44.87333076535798 -98.61569344636756 8628.150915505885
60849 2175.000192 -44.96050538395102 -86.93892505619205 8627.966803050873
60849 2595.000192 -43.86989281224509 -75.4623688173502 8627.398281985717
60849 3015.000192 -41.68451488490328 -64.59413787216573 8626.480255450497
60849 3435.000192 -38.550511203835654 -54.58200206343822 8625.279328380264
60849 3855.000192 -34.63899069291921 -45.49897486413993 8623.88636565968
60849 4275.0001919999995 -30.115849432572855 -37.29014240939035 8622.410881916867
60849 4695.0001919999995 -25.126367648299656 -29.831936901661603 8620.971626834265
60849 5115.0001919999995 -19.791540222793913 -22.975911992025146 8619.686781386972
60849 5535.0001919999995 -14.210682203982199 -16.57258454831778 8618.664181776056
60849 5955.0001919999995 -8.466353435752227 -10.480827927892028 8617.992326316673
60849 6375.0001919999995 -2.6296255005106683 -4.569051094074794 8617.732924612357
60849 6795.0001919999995 3.234987787727364 1.2876243752457004 8617.91562373756
60849 7215.000192 9.064967612844718 7.211858011702777 8618.535363979552
60849 7635.000192 14.795362148274611 13.329001397103614 8619.55259407499
60849 8055.0001919999995 20.354196092531254 19.771487824390167 8620.896331868042
60849 8475.000192 25.657500780800596 26.681374922313285 8622.469810606679
60849 8895.000192 30.604040590009152 34.20855440358742 8624.158175224567
60849 9315.000192 35.07051164179023 42.50019818473002 8625.837418066516
60849 9735.000192 38.909367546084134 51.67509881908191 8627.387813898902
60849 10155.000192 41.95342083454253 61.777873350318515 8628.69348248926
60849 10575.000192 44.03269108191878 72.71928720568134 8629.66498795947
60849 10995.000192 45.00589048688317 84.23341803269909 8630.237147350988
60849 11415.000192 44.79838564808078 95.90064942428482 8630.376991246092
60849 11835.000192 43.426710177574385 107.25551759674086 8630.086014528275
60849 12255.000192 40.99287446307214 117.92389486974093 8629.399703315274
60849 12675.000192 37.65258549021861 127.70346152274371 8628.384365846601
60849 13095.000192 33.57773686914195 136.55854249196767 8627.131464819182
60849 13515.000192 28.92981568114413 144.56614084433804 8625.749922991025
60849 13935.000192 23.847919357620867 151.859097240542 8624.357667983784
60849 14355.000192 18.44711049743231 158.58752777545192 8623.058151793455
60849 14775.000192 12.821947631090966 164.89913361404965 8621.988279430885
60849 15195.000192 7.051518458346848 170.93247620932243 8621.20712813847
60849 15615.000192 1.2046982151622083 176.81702495282678 8620.778901188232
60849 16035.000192 -4.655031408726237 -177.32344161736134 8620.730531591611
60849 16455.000192 -10.465085287615109 -171.366146481557 8621.05549067198
60849 16875.000192 -16.159335700903572 -165.18444071290824 8621.714536095484
60849 17295.000192 -21.663442768223764 -158.64370607365976 8622.639222829377
60849 17715.000192 -26.889782752423613 -151.59956332631268 8623.737881008708
60849 18135.000192 -31.732171110973084 -143.90127828034915 8624.903543389593
60849 18555.000192 -36.06141777739729 -135.40533369030058 8626.023149449169
60849 18975.000192 -39.724312493712745 -126.00570957770837 8626.987250923026
60849 19395.000192 -42.55068601619424 -115.68438452836091 8627.699407152611
60849 19815.000192 -44.37385730840005 -104.57094992780796 8628.084492160011
60849 20235.000192 -45.06501161655927 -92.97412047019728 8628.095246185097
60849 20655.000192 -44.570068439251685 -81.33745871989133 8627.716561752974
60849 21075.000192 -42.92789592949255 -70.1165156014223 8626.96648041958
60849 21495.000192 -40.25704530175085 -59.6482321832602 8625.896354601748
60849 21915.000192 -36.72048691548816 -50.091567177221414 8624.58536346825
60849 22335.000192 -32.48963474620559 -41.44923147157408 8623.134637226844
60849 22755.000192 -27.721350245036902 -33.62591096532809 8621.659487609693
60849 23175.000192 -22.548965976349887 -26.48169168338626 8620.27965515345
60849 23595.000192 -17.082318677238888 -19.86569893383613 8619.109435557571
60849 24015.000192 -11.411850975060117 -13.632004368285244 8618.248189092477
60849 24435.000192 -5.613851974408767 -7.644326313078878 8617.77202196838
60849 24855.000192 0.24440798812336909 -1.7748556520875265 8617.727345187155
60849 25275.000192 6.099945671932843 4.099590877907175 8618.126860256498
60849 25695.000192 11.889604680358334 10.10238941038163 8618.94831608019
60849 26115.000192 17.545583538200194 16.361889068553342 8620.136145594013
60849 26535.000192 22.990674847621765 23.015114645734972 8621.605845489777
60849 26955.000192 28.133106297729128 30.20860121466295 8623.250721945964
60849 27375.000192 32.861334866462634 38.0930037209973 8624.950272143722
60849 27795.000192 37.04014671075168 46.80598584376403 8626.580648273912
60849 28215.000192 40.51116166783981 56.436957301363485 8628.024298557886
60849 28635.000192 43.102776301106005 66.97240362114636 8629.17647247061
60849 29055.000192 44.654377710001164 78.2388982050065 8629.959233396034
60849 29475.000192 45.05289381004661 89.88669382558167 8630.322764681108
60849 29895.000192 44.266983979051425 101.4562768176121 8630.25099791091
60849 30315.000192 42.35778051248814 112.51164792396499 8629.762400199177
60849 30735.000192 39.458463698153295 122.75845280644755 8628.908157469565
60849 31155.000192 35.73692124384866 132.08097219486345 8627.767730716589
60849 31575.000192 31.362316252364483 140.50650397389637 8626.442124935187
60849 31995.000192 26.485882488106178 148.14556980261244 8625.0454894122
60849 32415.000192 21.23472745440452 155.1429936213785 8623.698521776572
60849 32835.000192 15.713253332490867 161.6492316872573 8622.491342565329
60849 33255.000192 10.007784692722971 167.80780078846277 8621.552062135215
60849 33675.000192 4.191768394434579 173.75253313321022 8620.939090646581
60849 34095.000192 -1.6691386705036089 179.60956996914283 8620.696490858323
60849 34515.000192 -7.512444739718243 -174.49841922220193 8620.834863450375
60849 34935.000192 -13.274390191172717 -168.44734665406807 8621.33138956123
60849 35355.000192 -18.885428612835998 -162.10707500368883 8622.131936007241
60849 35775.000192 -24.265366681662837 -155.33819454203567 8623.15582187435
60849 36195.000192 -29.318129689459806 -147.9923006696993 8624.30282247607
60849 36615.000192 -33.926684908437 -139.91962331075408 8625.46181251502
60849 37035.000192 -37.94982779520142 -130.9899751138253 8626.520316873131
60849 37455.000192 -41.224432541997764 -121.13305794711935 8627.374165718029
60849 37875.000192 -43.57852513799843 -110.39630944727654 8627.93644776709
60849 38295.000192 -44.85910186110539 -98.9969545010616 8628.145025193748
60849 38715.000192 -44.970018668458756 -87.32106990631215 8627.968030063577
60849 39135.000192 -43.9023754330205 -75.8361869699885 8627.406702155407
60849 39555.000192 -41.73758284019775 -64.95284003638749 8626.495256005004
60849 39975.000192 -38.62089120542164 -54.922417436861274 8625.299842245438
60849 40395.000192 -34.72324941470505 -45.8210798039891 8623.910809823405
60849 40815.000192 -30.210853159386 -37.59586620951712 8622.437325921812
60849 41235.000192 -25.229457661020955 -30.124085458755324 8620.997955861261
60849 41655.000192 -19.90052879284795 -23.2574988627909 8619.710865325753
60849 42075.000192 -14.32376903167516 -16.84651836369118 8618.684050375352
60849 42495.000192 -8.582020572378235 -10.749822135195178 8618.00633632875
60849 42915.000192 -2.7465349871478515 -4.835649323751601 8617.739905335095
60849 43335.000192 3.118088020605271 1.0209705542097378 8617.914989462513
60849 43755.000192 8.949332417930828 6.942692207840146 8618.527183719365
60849 44175.000192 14.68233818486421 13.054765970799227 8619.537609295274
60849 44595.000192 20.24531687874084 19.48944803306526 8620.875913282665
60849 45015.000192 25.554590214231492 26.388598612314055 8622.445849305617
60849 45435.000192 30.509318425463306 33.902013597302656 8624.132921090883
60849 45855.000192 34.98667472306888 42.17710308870602 8625.813251260815
60849 46275.000192 38.83958497015305 51.33359693673232 8627.366939080865
60849 46695.000192 41.901142412037885 61.41815516707286 8628.677944987156
60849 47115.000192 44.00116411123864 72.34476383851684 8629.656222303649
60849 47535.000192 44.99741814887107 83.8511000188573 8630.236018873396
60849 47955.000192 44.8136229863518 95.5198166574552 8630.383680376677
60849 48375.000192 43.46443861033224 106.88498585186947 8630.100022365004
60849 48795.000192 41.05041961966594 117.5695919506362 8629.419903960503
60849 49215.000192 37.72657991714022 127.3676915644348 8628.409109402839
60849 49635.000192 33.664796002750776 136.24073500953438 8627.15872681736
60849 50055.000192 29.02692056870846 144.2640701886057 8625.777489570346
60849 50475.000192 23.952536781560234 151.56986487210276 8624.383270801885
60849 50895.000192 18.55716274926702 158.30813012095203 8623.081932490228
60849 51315.000192 12.935717762505307 164.6267100391528 8622.00709261468
60849 51735.000192 7.167546014252498 170.66436088534076 8621.219553343948
60849 52155.000192 1.3216776003611506 176.5507054884308 8620.7845796103
60849 52575.000192 -4.538342747736172 -177.59040952789732 8620.729794285597
60849 52995.000192 -10.349955146186781 -171.63623738260605 8621.049318309335
60849 53415.000192 -16.047147180111953 -165.46025306500357 8621.704462683028
60849 53835.000192 -21.555791395976218 -158.92802897926296 8622.62719680356
60849 54255.000192 -26.788581688748984 -151.89537529861047 8623.72610152005
60849 54675.000192 -31.639754460883978 -144.21160158272377 8624.894287269784
60849 55095.000192 -35.980608798376984 -135.73282344152597 8626.018600780562
60849 55515.000192 -39.65838494546293 -126.35184962945104 8626.98934204087
60849 55935.000192 -42.50310892507952 -116.04831162375707 8627.709677740038
60849 56355.000192 -44.347737357757275 -104.94836434129107 8628.103971179205
60849 56775.000192 -45.062319995284426 -93.3572585864622 8628.124359378466
60849 57195.000192 -44.5910116541155 -81.71685961105544 8627.755076199888
60849 57615.000192 -42.97084745004184 -70.48386943836161 8627.013475904136
60849 58035.000192 -40.319087666163206 -59.99847510334646 8625.950223183023
60849 58455.000192 -36.7981899613687 -50.423187618626585 8624.64392113623
60849 58875.000192 -32.57967036457693 -41.76331144800397 8623.195184247461
60849 59295.000192 -27.820804389359708 -33.92491863701794 8621.71901126363
60849 59715.000192 -22.655412402118362 -26.76859553689491 8620.335043582993
60849 60135.000192 -17.19376640219531 -20.14348789840313 8619.157717205193
60849 60555.000192 -11.526645499218686 -13.903499381837877 8618.286771826297
60849 60975.000192 -5.730569882897091 -7.912156644332085 8617.798904536827
60849 61395.000192 0.12705753609434745 -2.0415152919047594 8617.741278258118
60849 61815.000192 5.983211989210973 3.8316532880836838 8618.12744231986
60849 62235.000192 11.774783823724132 9.830671879524298 8618.93601820541
60849 62655.000192 17.434109829130612 16.083747022232455 8620.112265991966
60849 63075.000192 22.88422020343358 22.727706765774503 8621.57239934746
60849 63495.000192 28.033686373851545 29.90891875920912 8623.210275155638
60849 63915.000192 32.77140745377443 37.77807087810367 8624.905717303445
60849 64335.000192 36.96266070645199 46.47336005033894 8626.535050314473
60849 64755.000192 40.44947437064848 56.085641458414685 8627.980451295574
60849 65175.000192 43.06032484401893 66.60406360922774 8629.13693939977
60849 65595.000192 44.634048603434586 77.85878635548079 8629.925973037954
60849 66015.000192 45.05624376351496 89.50324996487075 8630.297041323825
60849 66435.000192 44.293722204832896 101.07895160400234 8630.23331445327
60849 66855.000192 42.405872011912464 112.1480677011767 8629.752492602356
60849 67275.000192 39.52477702513418 122.41274554300651 8628.905061151716
60849 67695.000192 35.81799619572601 131.75387398470417 8627.76991188877
60849 68115.000192 31.4549053424214 140.1964690705443 8626.447666168722
60849 68535.000192 26.58719261634693 147.84992948053724 8625.052332667243
60849 68955.000192 21.34245107173587 154.85873682685363 8623.70442099204
60849 69375.000192 15.825503113137513 161.37339266397865 8622.498524544311
60849 69795.000192 10.122979252018345 167.53760830075655 8621.556303881718
60849 70215.000192 4.308535719163417 173.4853973291448 8620.939453323796
60849 70635.000192 -1.5520610523651481 179.34301740228364 8620.69276547203
60849 71055.000192 -7.396299448898375 -174.76684044828437 8620.82746319168
60849 71475.000192 -13.160488752453631 -168.72016543499248 8621.32128666723
60849 71895.000192 -18.775244843997875 -162.3869813331732 8622.120553096962
60849 72315.000192 -24.160638448270536 -155.6280796674103 8623.14488419111
60849 72735.000192 -29.220965750980913 -148.2951968774702 8624.294183342105
60849 73155.000192 -33.839657273155225 -140.23844465374788 8625.457265451207
60849 73575.000192 -37.87599900797872 -131.32692462633077 8626.52140875449
60849 73995.000192 -41.16722482289319 -121.4886172474128 8627.382026161127
60849 74415.000192 -43.54131976926115 -110.76801019338544 8627.95165037036
60849 74835.000192 -44.8445464259618 -99.37867464229637 8628.167494668272
60849 75255.000192 -44.97926531752064 -87.7038682430965 8627.997002899865
60849 75675.000192 -43.93468927603505 -76.21080139543417 8627.440785828925
60849 76095.000192 -41.79060063549577 -65.31239411590904 8626.532442047815
60849 76515.000192 -38.691340363937144 -55.263658622754114 8625.337733927367
60849 76935.000192 -34.80768297743947 -46.1439324524467 8623.946763336775
60849 77355.000192 -30.306117131615995 -37.90223801726294 8622.468618451094
60849 77775.000192 -25.332871849788162 -30.41678088627497 8621.0219901109
60849 78195.000192 -20.00988544033842 -23.539539796644995 8619.725338419332
60849 78615.000192 -14.437250095947503 -17.12082465544277 8618.687096565227
60849 79035.000192 -8.698092726595124 -11.019117684029375 8617.996641275107
