CIC_OEM_VERS = 2.0
CREATION_DATE = 2024-12-08T21:18:59.468476
ORIGINATOR = ISAE-SUPAERO


META_START
OBJECT_NAME = PLEIADES1A
OBJECT_ID = PLEIADES1A
CENTER_NAME = Earth
REF_FRAME = EME2000
TIME_SYSTEM = UTC
START_TIME = 2024-12-08T12:46:11.908
USEABLE_START_TIME = 2024-12-08T12:46:11.908
USEABLE_STOP_TIME = 2024-12-10T22:56:11.908
STOP_TIME = 2024-12-10T22:56:11.908
INTERPOLATION = lagrange
INTERPOLATION_DEGREE = 5
META_STOP



60652 45971.908 -1043.9588 -3122.9949 6261.893900000001 -4.1840706 -5.2707886 -3.325658
60652 46571.908 -3186.5053 -5472.9293 3186.7994 -2.7041265 -2.2705863 -6.6130139
60652 47171.908 -4081.5532000000003 -5680.028700000001 -1140.0502 -0.17660310999999998 1.6074199000000002 -7.3250417
60652 47771.908 -3384.3073 -3671.0733999999998 -5021.7527 2.4221409 4.8623658 -5.1742775000000005
60652 48371.908 -1367.2913999999998 -230.39561 -6940.6821 4.0735357 6.2183498 -1.0058801
60652 48971.908 1182.4617 3300.3507000000004 -6149.8201 4.1375158 5.1514671 3.5539302
60652 49571.908 3270.8059 5544.1543 -2956.6926000000003 2.587527 2.0734699 6.7308398
60652 50171.908 4082.4997000000003 5624.0117 1393.5023999999999 0.026649514 -1.8159280000000002 7.2768965
60652 50771.908 3297.7867 3504.1522999999997 5199.695 -2.5438634 -4.9963611000000006 4.9793565
60652 51371.908 1230.3606000000002 21.689973000000002 6977.126700000001 -4.1140529 -6.2192259000000005 0.74680401
60652 51971.908 -1315.0546000000002 -3469.3901 6037.919400000001 -4.0847071 -5.0255172 -3.7718139
60652 52571.908 -3348.9821 -5611.8135 2747.0077 -2.4659529000000004 -1.8740809 -6.8281073
60652 53171.908 -4079.3736000000004 -5570.246700000001 -1614.6949 0.11586354 2.0120302 -7.221146399999999
60652 53771.908 -3220.2172 -3357.9442000000004 -5346.5859 2.6502756 5.1120252 -4.7982181
60652 54371.908 -1108.752 160.40845000000002 -6994.813 4.150257 6.2200122 -0.51088482
60652 54971.908 1433.3711 3616.2624 -5918.7623 4.0375616 4.9104847000000005 3.9776634
60652 55571.908 3419.492 5668.1302000000005 -2536.2962 2.3500096 1.6838204 6.918293800000001
60652 56171.908 4070.161 5507.1731 1836.271 -0.25400707 -2.2014887 7.1626186
60652 56771.908 3134.6036000000004 3199.919 5491.9245 -2.7560902 -5.225683699999999 4.612644100000001
60652 57371.908 980.54559 -351.40474 7008.130400000001 -4.1816039 -6.2126316 0.27162871
60652 57971.908 -1554.1913000000002 -3766.2002 5796.142400000001 -3.9826010000000003 -4.7859051 -4.1761083
60652 58571.908 -3485.2853999999998 -5717.899200000001 2325.8628 -2.2306627 -1.4901331 -7.0021311
60652 59171.908 -4056.9539 -5440.0339 -2051.2059 0.38963808 2.3861858000000002 -7.0974508
60652 59771.908 -3047.5737000000004 -3041.8102000000003 -5628.1903 2.8574485 5.3329632 -4.4250777
60652 60371.908 -853.5522900000001 538.96229 -7012.6078 4.2089521 6.200177 -0.03482952
60652 60971.908 1671.8913 3910.3057000000003 -5666.906 3.9253481000000003 4.6584564 4.3698689
60652 61571.908 3547.2907000000005 5761.1738 -2112.1431000000002 2.1114776 1.2977158 7.078381500000001
60652 62171.908 4038.6149 5364.4552 2267.5581 -0.5281025100000001 -2.5736704 7.0247626
60652 62771.908 2953.756 2873.8826000000004 5760.9263 -2.9597146 -5.4395377 4.2288735
60652 63371.908 720.09839 -734.49114 7008.1489 -4.2338647 -6.181896399999999 -0.21043667
60652 63971.908 -1793.3526000000002 -4057.4244 5525.1417 -3.8617964000000002 -4.5209444 -4.5661385
60652 64571.908 -3608.9236 -5801.7558 1887.9470000000001 -1.9848086 -1.0956377 -7.147970000000001
60652 65171.908 -4017.5773 -5284.4335 -2486.6814 0.6669857600000001 2.759337 -6.9401797
60652 65771.908 -2861.6531 -2709.0298 -5891.0852 3.0547241 5.534015999999999 -4.025277
60652 66371.908 -593.48851 919.58375 -7001.2386 4.2507672 6.153595999999999 0.44880169999999997
60652 66971.908 1904.9018 4191.0491 -5387.1818 3.7963542 4.383134500000001 4.7510712999999996
60652 67571.908 3661.8206 5831.756200000001 -1673.3989 1.8611142 0.89901282 7.2109439
60652 68171.908 3990.3506 5197.6967 2694.2942000000003 -0.80398004 -2.9423158 6.8538765
60652 68771.908 2762.0769 2535.6113 6008.6014000000005 -3.1516437 -5.6311645 3.8199921
60652 69371.908 458.0856 -1114.3332 6977.9728 -4.2688231 -6.1245393 -0.69689197
60652 69971.908 -2023.9393 -4330.71 5226.6268 -3.7253255 -4.234661600000001 -4.9439473
60652 70571.908 -3717.3812000000003 -5859.9155 1434.6106000000002 -1.7277103999999999 -0.6890365900000001 -7.2674349000000005
60652 71171.908 -3959.7742000000003 -5101.8926 -2918.1093 0.9453300400000001 3.1279626 -6.7504417000000005
60652 71771.908 -2652.1367 -2346.1857000000005 -6127.8342999999995 3.2502136999999998 5.7269457 -3.5986437000000002
60652 72371.908 -309.53093 1323.5168999999999 -6934.0567 4.2894127 6.0928911 0.96910993
60652 72971.908 2153.6741 4477.9017 -5033.1981 3.6448279 4.0665447 5.1577419
60652 73571.908 3774.6263 5880.3882 -1156.3766 1.5754128 0.45054161 7.3246869
60652 74171.908 3920.8232000000003 4985.0697 3174.4742 -1.1022246 -3.3305014 6.6219016
60652 74771.908 2541.7645 2149.9449 6269.3027 -3.3370884000000003 -5.7984604 3.3492143999999997
60652 75371.908 179.31253 -1517.4387 6934.117700000001 -4.2736104 -6.0165203 -1.2059718000000001
60652 75971.908 -2252.1422000000002 -4598.7714000000005 4915.7047999999995 -3.5590627 -3.9088772 -5.2986238000000005
60652 76571.908 -3810.5026000000003 -5897.7773 988.90493 -1.4578295000000001 -0.27128113000000004 -7.348913
60652 77171.908 -3884.2461000000003 -4899.3832999999995 -3322.2999 1.2217599000000001 3.4885332 -6.5333018
60652 77771.908 -2440.4945000000002 -1986.9546 -6331.8877 3.4275739 5.890176 -3.1567972
60652 78371.908 -43.151970999999996 1701.5986 -6860.039900000001 4.293681899999999 5.9893847 1.4573433
60652 78971.908 2369.9438999999998 4724.3772 -4703.746700000001 3.4801549 3.7456489000000004 5.4998442
60652 79571.908 3856.5426 5899.272599999999 -700.20225 1.3072038000000001 0.038093416 7.3910502
60652 80171.908 3836.1312000000003 4768.6871 3578.5137000000004 -1.3708258000000002 -3.6760494 6.387472300000001
60652 80771.908 2321.812 1780.4874 6462.1709 -3.5033765 -5.9447148 2.9032421
60652 81371.908 -91.99239100000001 -1897.7692 6837.170099999999 -4.2723453000000005 -5.904632400000001 -1.6938379000000001
60652 81971.908 -2470.0382000000004 -4841.8814 4561.7019 -3.3877508 -3.5781761000000003 -5.6378637
60652 82571.908 -3889.5127 -5907.2566 512.69567 -1.1820663999999999 0.14969555 -7.4014747
60652 83171.908 -3793.7411 -4671.6855000000005 -3735.0534 1.4912089000000002 3.8304189 -6.2768224
60652 83771.908 -2217.8604 -1613.4712 -6521.897 3.5836778 6.0180604 -2.6967767
60652 84371.908 223.14606 2074.0841 -6758.0689 4.277648 5.857450200000001 1.9376404
60652 84971.908 2576.627 4951.5722000000005 -4350.121 3.3014126000000004 3.4083378 5.819059500000001
60652 85571.908 3922.7477000000003 5893.2053 -237.16631 1.0336105 -0.37570592 7.4242093
60652 86171.908 3736.1626 4532.075 3969.4083 -1.6320166999999999 -4.0044352 6.1231196
60653 371.908 2094.6567 1405.5575000000001 6628.590400000001 -3.6516525000000004 -6.0616526 2.4451224000000003
60653 971.908 -358.49215000000004 -2265.764 6713.8229 -4.2507531 -5.7652094 -2.1694576000000003
60653 1571.908 -2672.6871 -5059.9654 4194.602900000001 -3.2033428 -3.2342706 -5.947081
60653 2171.908 -3948.7801000000004 -5889.0467 43.109408 -0.90538999 0.5655061899999999 -7.421307
60653 2771.908 -3686.3163 -4423.894 -4123.9708 1.7511244 4.1536132 -5.9972281
60653 3371.908 -1986.0189 -1233.1968000000002 -6678.6137 3.7244088000000004 6.1215845 -2.2289996000000003
60653 3971.908 488.82257000000004 2438.6097000000004 -6622.4935000000005 4.244957500000001 5.7016263 2.4118439
60653 4571.908 2772.1192 5159.495400000001 -3982.6824 3.1049402 3.0500922999999998 6.111102600000001
60653 5171.907999999999 3971.0353 5862.0736 219.18434 0.75504106 -0.79036309 7.4246189000000005
60653 5771.907999999999 3618.286 4273.875900000001 4336.0965 -1.8878189 -4.320399800000001 5.835958
60653 6371.907999999999 1848.4525 1010.703 6755.3533 -3.7968055 -6.1678925 1.9614737
60653 6971.907999999999 -640.0765200000001 -2643.0804 6532.645 -4.2182593 -5.6018283 -2.6726712000000004
60653 7571.908 -2879.3385 -5267.1286 3757.7903 -2.9930868 -2.8483653 -6.2639729
60653 8171.908 -3994.7401 -5835.3505000000005 -487.53524 -0.5992491700000001 1.0179468 -7.4061548
60653 8771.908 -3552.8507000000004 -4128.7579 -4542.5100999999995 2.0213673 4.4776834 -5.6556161000000005
60653 9371.908 -1730.281 -817.12729 -6829.9404 3.8479655 6.1881237 -1.7144665000000001
60653 9971.908 762.40045 2811.1909 -6466.2082 4.1818561 5.4998076000000005 2.8867166
60653 10571.908 2958.9387 5349.1207 -3590.4802000000004 2.8926896 2.6733499000000003 6.3780595
60653 11171.908 4003.4187 5805.0162 684.1342 0.47043767000000003 -1.2070734 7.3909569
60653 11771.908 3485.1873 3994.8093 4691.416200000001 -2.1395823000000003 -4.6226165 5.5120391
60653 12371.908 1605.9717 624.42827 6862.76 -3.9114430000000002 -6.230339 1.4806559
60653 12971.908 -898.7374100000001 -2988.6685 6352.7063 -4.1569582 -5.408076 -3.1252953000000003
60653 13571.908 -3053.2833 -5437.021900000001 3359.9435 -2.781547 -2.4761301 -6.5136241
60653 14171.908 -4016.3123 -5763.719700000001 -947.36011 -0.31999348 1.4236523 -7.3560912
60653 14771.908 -3413.9604 -3843.9665 -4884.8651 2.2603533000000002 4.7600984 -5.325088
60653 15371.908 -1484.3690000000001 -429.30178000000006 -6920.2982 3.9542702 6.2382021000000005 -1.2325577
60653 15971.908 1020.4542 3151.8456 -6267.3928 4.1143232 5.297156 3.3367086
60653 16571.908 3128.1706000000004 5508.2758 -3176.2725 2.6752283 2.2932792 6.6209066000000005
60653 17171.908 4017.6531 5719.955 1153.5466999999999 0.18779869 -1.6148003000000002 7.3255257
60653 17771.908 3338.9063 3698.6634 5033.1196 -2.3738325000000002 -4.8943468999999995 5.1650735
60653 18371.908 1358.0101000000002 234.90178 6944.897900000001 -4.0053386 -6.261126 0.99470741
60653 18971.908 -1151.3979 -3320.5901000000003 6148.2586 -4.0770632 -5.190571 -3.5602332000000003
60653 19571.908 -3212.4204 -5583.2874 2952.6440000000002 -2.5601219 -2.0955936000000004 -6.7316405999999995
60653 20171.908 -4020.8588 -5669.0052000000005 -1396.9124 -0.043262559000000006 1.8197088000000001 -7.2743628000000005
60653 20771.908 -3254.9263 -3534.8506 -5198.6941 2.4918225 5.0294375 -4.980857100000001
60653 21371.908 -1219.4574 -21.683302 -6968.718900000001 4.0544505 6.2734023 -0.7271377800000001
60653 21971.908 1290.868 3499.9997000000003 -6018.3652 4.0252152 5.0555687 3.8080617
60653 22571.908 3298.3559 5657.745400000001 -2715.4008 2.4275034 1.8712381 6.8419987
60653 23171.908 4014.7473 5602.154500000001 1648.0944 -0.11206526 -2.0399755 7.2177331
60653 23771.908 3165.5516000000002 3361.6845 5368.3115 -2.6117161 -5.1624134 4.775835600000001
60653 24371.908 1080.2887 -192.6864 6991.8163 -4.0934798 -6.2700002 0.45676173999999997
60653 24971.908 -1425.3258 -3670.6979 5882.6006 -3.9732254 -4.9267356 -4.0295814000000005
60653 25571.908 -3374.0961 -5715.9578 2474.725 -2.3022489 -1.6587542000000002 -6.9462333
60653 26171.908 -4005.8232000000003 -5529.8726 -1901.9517 0.26760755 2.2574736 -7.1464229999999995
60653 26771.908 -3074.2361 -3185.1151 -5536.6197 2.729597 5.288241200000001 -4.5537395
60653 27371.908 -947.1326300000001 398.08258 -7012.0506 4.121455 6.2530296 -0.19934999
60653 27971.908 1547.3811 3826.6863 -5759.7625 3.9133377 4.7900488 4.2341196
60653 28571.908 3440.7143 5768.7212 -2264.6040000000003 2.1803679000000002 1.4574676 7.0253158
60653 29171.908 3992.5053 5461.941400000001 2114.0221 -0.40485439 -2.4482812 7.0767506000000004
60653 29771.908 2987.677 3025.4056 5667.0225 -2.8301341000000004 -5.3974834000000005 4.366634200000001
60653 30371.908 820.25324 -588.6384 7010.0823 -4.1504913 -6.2425675 -0.040238929
60653 30971.908 -1665.8984 -3973.6037 5621.1737 -3.8571733 -4.659962999999999 -4.4333732
60653 31571.908 -3502.4091000000003 -5810.7098 2041.5418000000002 -2.0607572 -1.2592003999999999 -7.103185000000001
60653 32171.908 -3973.7372000000005 -5382.2542 -2338.1146000000003 0.5425325900000001 2.6384638000000002 -6.999824800000001
60653 32771.908 -2889.6058 -2847.0024 -5800.151400000001 2.9344503 5.5089869 -4.165896399999999
60653 33371.908 -679.7307800000001 794.64628 -6986.3371 4.1853328 6.235512300000001 0.29926100000000005
60653 33971.908 1797.887 4132.3742999999995 -5448.5376 3.794471 4.5141089 4.6546241
60653 34571.908 3572.2897000000003 5853.217000000001 -1772.0409 1.9200048 1.0283520000000002 7.1825849
60653 35171.908 3951.2882000000004 5287.3112 2599.6688 -0.6971401899999999 -2.8473646 6.8952126
60653 35771.908 2793.9211 2665.0602999999996 5959.8877 -3.0283168000000003 -5.596209300000001 3.9307981
60653 36371.908 556.32461 -988.08928 7011.931500000001 -4.1802158 -6.1731369 -0.53975733
60653 36971.908 -1895.6218999999999 -4259.99 5353.6419000000005 -3.7189594 -4.366797 -4.8051991
60653 37571.908 -3613.2422 -5882.340200000001 1619.0872 -1.8107811999999999 -0.85420795 -7.224593700000001
60653 38171.908 -3923.035 -5213.3337 -2745.5716 0.81509124 3.0115772 -6.82986
60653 38771.908 -2698.6152 -2505.6722999999997 -6033.192099999999 3.1279685 5.7076253 -3.7548622999999997
60653 39371.908 -418.02496 1182.4529 -6952.907200000001 4.2165161 6.1697587 0.79315404
60653 39971.908 2025.6589 4407.4181 -5146.050200000001 3.6545293 4.2169119 5.029454800000001
60653 40571.908 3677.0306 5907.8297 -1318.8237 1.6636887999999999 0.6155943899999999 7.2931576
60653 41171.908 3891.79 5099.7122 3026.1466 -0.96965351 -3.2145749 6.6988322
60653 41771.908 2592.9229 2307.6136 6193.1669 -3.2114666 -5.775891 3.5049238000000003
60653 42371.908 291.19114 -1377.4639 6960.6198 -4.2036884 -6.0962519 -1.0309300000000001
60653 42971.908 -2122.7059 -4530.7857 5035.8456 -3.5725813 -4.0612332 -5.172236700000001
60653 43571.908 -3713.898 -5928.702200000001 1156.8111999999999 -1.5500530000000001 -0.43729372 -7.3219539000000005
60653 44171.908 -3858.0508 -5017.179700000001 -3172.0716 1.0874260999999998 3.375093 -6.6171447
60653 44771.908 -2494.3146 -2144.8821000000003 -6257.5961 3.3042465 5.8743566000000005 -3.3172424
60653 45371.908 -155.29662 1565.7888 -6889.2275 4.2289092 6.0762463 1.2837742
60653 45971.908 2243.6933 4663.4815 -4821.9012999999995 3.4988487 3.900502 5.381623800000001
60653 46571.908 3765.1902000000005 5936.572700000001 -861.03393 1.4010202 0.19974766 7.3714963
60653 47171.908 3815.2855 4889.447700000001 3438.1992000000005 -1.2373112000000002 -3.5685247 6.4733794
60653 47771.908 2380.6164 1939.0088 6398.113 -3.3809369 -5.9314744 3.0632177
60653 48371.908 24.486588 -1762.3304 6876.8892000000005 -4.2092928 -5.9927497999999995 -1.5194248000000001
60653 48971.908 -2340.8895 -4782.7045 4692.962500000001 -3.4102745 -3.7359937 -5.518005100000001
60653 49571.908 -3798.3534 -5948.6857 686.24989 -1.2819366 -0.016183103 -7.3863575
60653 50171.908 -3776.0942000000005 -4797.6885999999995 -3586.8435 1.3547529999999999 3.7245413 -6.3732494
60653 50771.908 -2279.4125 -1773.4105 -6455.6320000000005 3.4650892 6.014496 -2.8637261
60653 51371.908 107.28205 1944.0757 -6800.4488 4.2194776 5.9520117 1.7645651
60653 51971.908 2450.8727000000003 4900.2489000000005 -4481.9565999999995 3.3282662999999997 3.568035 5.703971800000001
60653 52571.908 3837.2184 5942.4852 -408.23785 1.1363663 -0.21142559 7.4134091
60653 53171.908 3725.4315 4664.5964 3825.8011 -1.4937585999999998 -3.9005551 6.2230891
60653 53771.908 2163.7209 1570.7898 6569.264099999999 -3.5330638 -6.0602997 2.6163593
60653 54371.908 -236.30698999999998 -2131.7692 6761.8504 -4.1981766 -5.867043300000001 -1.9952295
60653 54971.908 -2544.5321000000004 -5008.7205 4330.4555 -3.2365835 -3.3987977000000003 -5.8384868
60653 55571.908 -3863.5466 -5938.8454 212.54829999999998 -1.0108066 0.40376265 -7.420731
60653 56171.908 -3676.0958 -4553.6547 -3987.1062 1.6149908000000002 4.0577985 -6.1023093
60653 56771.908 -2053.6973000000003 -1390.8955 -6626.9056 3.6093371000000003 6.126861 -2.3980908
60653 57371.908 371.11624 2316.4642999999996 -6675.5410999999995 4.1945784 5.8042949 2.2432790000000002
60653 57971.908 2649.2925 5117.4838 -4114.3247 3.1428846 3.2162778 6.0082982000000005
60653 58571.908 3893.2344 5920.572400000001 57.666104 0.8631072900000001 -0.6299009200000001 7.4257407
60653 59171.908 3617.3874 4412.525900000001 4207.2119 -1.7482879 -4.223025400000001 5.940767300000001
60653 59771.908 1933.7609 1186.6582 6717.6547 -3.6714086000000004 -6.1634919 2.1483440000000003
60653 60371.908 -499.51326 -2499.4106 6617.9075 -4.166746 -5.7103496 -2.4691407
60653 60971.908 -2738.8787 -5216.5203 3947.4751 -3.0458534 -3.0401876000000003 -6.1340008
60653 61571.908 -3911.4528999999998 -5902.5561 -261.47798 -0.7345492 0.82482129 -7.4209534
60653 62171.908 -3559.4647000000004 -4287.9356 -4368.4136 1.868421 4.37525 -5.803216099999999
60653 62771.908 -1818.1118999999999 -999.4576400000001 -6766.537 3.7390895 6.2145751 -1.9195504
60653 63371.908 631.55943 2678.3161 -6521.6909000000005 4.1512113 5.6311881 2.70889
60653 63971.908 2835.1385 5312.5487 -3729.8125 2.9453214 2.8517025 6.283492900000001
60653 64571.908 3932.6328 5874.1365000000005 520.72986 0.5891349300000001 -1.0430411 7.4037491
60653 65171.908 3497.0079 4145.6875 4567.6511 -1.9917611 -4.5238924 5.6317221
60653 65771.908 1701.4422 804.43227 6835.875400000001 -3.7907224999999998 -6.2373308 1.6759436
60653 66371.908 -753.76708 -2848.9117 6447.7935 -4.118041 -5.530702000000001 -2.9265298
60653 66971.908 -2915.7688 -5395.8234 3552.0281 -2.8456723999999998 -2.6722106 -6.4020267
60653 67571.908 -3944.1682 -5845.5848 -725.67759 -0.46097507000000004 1.2343678 -7.382502400000001
60653 68171.908 -3433.7916 -4014.3935 -4720.916200000001 2.1047049 4.6631469 -5.4832597
60653 68771.908 -1585.5909 -619.03003 -6872.781900000001 3.8473874 6.2719199 -1.447597
60653 69371.908 879.61419 3017.199 -6343.5247 4.0925186 5.4396149 3.1520391
60653 69971.908 3001.4369 5477.4499000000005 -3338.9118 2.7423374 2.4846909999999998 6.528268
60653 70571.908 3952.0845 5800.1356 972.60524 0.31916398 -1.4454271 7.3551314
60653 71171.908 3357.3008 3854.6325 4902.981 -2.2274097999999998 -4.8103508 5.3068239
60653 71771.908 1454.1494 406.19155 6920.451900000001 -3.8983768 -6.2906778999999995 1.1913965000000002
60653 72371.908 -1013.8764 -3199.5357000000004 6240.8348 -4.0509829 -5.3232558 -3.3796757
60653 72971.908 -3087.6476000000002 -5561.6061 3130.4041 -2.6281194 -2.2839956000000003 -6.638836100000001
60653 73571.908 -3958.6706000000004 -5757.4608 -1201.4541000000002 -0.17998243 1.6491577 -7.3124685000000005
60653 74171.908 -3284.4479 -3705.2606 -5065.4988 2.3407296 4.9438676 -5.1311692
60653 74771.908 -1332.0018 -211.27687 -6952.3123 3.9440127000000005 6.304873400000001 -0.94911716
60653 75371.908 1137.9417 3364.4010000000003 -6129.7757 4.0113909 5.2120495 3.5979023000000003
60653 75971.908 3165.0593 5631.3284 -2917.7082 2.5171348 2.0883666 6.7475399
60653 76571.908 3958.8549 5704.0202 1433.6083 0.039740578 -1.8537272 7.2652388000000006
60653 77171.908 3204.573 3545.2239 5226.4773 -2.4538325 -5.0755019 4.9485182000000005
60653 77771.908 1204.6316000000002 9.3159489 6978.822099999999 -3.9856626000000004 -6.311157000000001 0.69934201
60653 78371.908 -1263.9003 -3530.634 6011.224200000001 -3.9652256 -5.0907409 -3.8152596
60653 78971.908 -3240.6885 -5697.3274 2700.6111 -2.4012673 -1.8869635 -6.8475652
60653 79571.908 -3954.0842000000002 -5643.228700000001 -1664.1708999999998 0.10016775 2.0564045 -7.2108022
60653 80171.908 -3123.074 -3384.4354 -5379.1855000000005 2.5635856 5.200758700000001 -4.7598149
60653 80771.908 -1073.8604 195.20604 -6993.179 4.026817 6.3136985999999995 -0.43835468
60653 81371.908 1392.9933999999998 3697.2718 -5874.14 3.915149 4.959995 4.0449157
60653 81971.908 3315.5049 5756.1613 -2459.9001000000003 2.2756513 1.66879 6.9529331
60653 82571.908 3943.4784 5567.4745 1917.5758 -0.25304383 -2.2758898 7.1425778
60653 83171.908 3027.0797000000002 3200.213 5535.4205 -2.6792526 -5.3319331000000005 4.5578577
60653 83771.908 934.09085 -413.66141 7006.6678 -4.0579219 -6.3026629000000005 0.18444394
60653 84371.908 -1522.4053999999999 -3866.8529 5745.6161 -3.8545958000000002 -4.820804600000001 -4.2440023
60653 84971.908 -3388.2608999999998 -5819.6068 2249.0504 -2.1555391 -1.4692616 -7.0177285000000005
60653 85571.908 -3939.5751 -5514.4719000000005 -2122.3661 0.37930035 2.4515448 -7.0619168000000005
60653 86171.908 -2963.3871000000004 -3071.0672999999997 -5669.2567 2.7644221 5.4180939 -4.3628377
60654 371.908 -839.38188 561.83429 -7014.6035999999995 4.0778620000000005 6.2845749 0.030847723
60654 971.908 1609.5205 3975.5626 -5631.3555 3.8100686 4.7100335 4.4280552
60654 1571.908 3429.7215 5837.5736 -2047.3088 2.0507051 1.2843517 7.1148308
60654 2171.908 3905.4421 5411.4695 2340.4728 -0.51924704 -2.6567278 7.0116807
60654 2771.908 2849.2574 2862.5813 5808.7153 -2.8798674 -5.5485081 4.1573541
60654 3371.908 678.6801800000001 -806.546 7002.183 -4.107606799999999 -6.2651577 -0.30790222
60654 3971.908 -1756.0448999999999 -4162.3645 5465.960099999999 -3.7348125 -4.5446262 -4.6382062
60654 4571.908 -3509.2595 -5902.6144 1802.4863 -1.9123607999999999 -1.0607921 -7.1609283999999995
60654 5171.907999999999 -3900.5766000000003 -5352.1173 -2562.3094 0.65137307 2.833269 -6.8975839
60654 5771.907999999999 -2779.4442999999997 -2726.2235 -5931.6438 2.9593145 5.6243742 -3.9554104000000003
60654 6371.907999999999 -581.7689399999999 955.57641 -6997.564 4.1202707 6.2357258 0.52367414
60654 6971.907999999999 1840.8409 4265.2927 -5341.0279 3.6827181 4.4234435 4.8154854
60654 7571.908 3544.4119 5910.1168 -1597.3596000000002 1.8021231 0.87052638 7.243049200000001
60654 8171.908 3858.6175000000003 5238.2896 2773.721 -0.79055327 -3.0338586000000003 6.8298155
60654 8771.908 2659.9242999999997 2512.483 6055.1433 -3.0674757 -5.7414873 3.7391795
60654 9371.908 421.44103 -1196.1117 6966.326599999999 -4.1397224999999995 -6.2007433 -0.79924202
60654 9971.908 -1981.2667 -4439.9391 5161.1596 -3.5994528 -4.2480905 -5.0133349
60654 10571.908 -3614.4915 -5959.3733 1346.1293 -1.6610861000000001 -0.6459482000000001 -7.2735567
60654 11171.908 -3844.1716 -5164.8150000000005 -2992.9536000000003 0.9205886900000001 3.2044091 -6.702324
60654 11771.908 -2583.0382000000004 -2367.1137000000003 -6169.1859 3.1410668 5.806710600000001 -3.528897
60654 12371.908 -321.52929 1347.3541 -6949.996400000001 4.1441303 6.158574300000001 1.0155385000000001
60654 12971.908 2063.9009 4537.7205 -5027.0743 3.5388702 4.1158055000000004 5.1815783
60654 13571.908 3643.3997999999997 5957.2716 -1140.3348 1.5461597999999999 0.45209742999999997 7.3385187
60654 14171.908 3795.1802000000002 5042.3904 3194.3857000000003 -1.0574863 -3.3979913 6.6175024
60654 14771.908 2459.676 2151.3392000000003 6274.4637 -3.2412503999999998 -5.9100397000000005 3.3044216000000004
60654 15371.908 163.13021 -1580.8907 6899.125900000001 -4.1540451 -6.1096226 -1.2885343
60654 15971.908 -2197.2785 -4698.3822 4831.756 -3.4486176 -3.9317967 -5.368742500000001
60654 16571.908 -3703.3313 -5989.0214000000005 880.773 -1.4021186 -0.22519135 -7.355392300000001
60654 17171.908 -3770.0139 -4951.9568 -3413.505 1.1865149 3.5646084 -6.4762132
60654 17771.908 -2374.0119 -1993.3496000000002 -6381.1437000000005 3.3093876 5.964582099999999 -3.0834858
60654 18371.908 -58.661384 1737.2355 -6871.4092 4.1492201 6.052636499999999 1.505774
60654 18971.908 2278.5932000000003 4792.6597 -4689.483 3.3786513 3.7872302 5.5252817
60654 19571.908 3726.7924 5979.1135 -676.9550899999999 1.283528 0.029836496 7.4003442999999995
60654 20171.908 3715.8361 4824.5190999999995 3601.4874 -1.3188949 -3.7477306 6.3748709
60654 20771.908 2250.7563999999998 1781.3473000000001 6469.285400000001 -3.3994518 -6.0506329 2.8514681
60654 21371.908 -93.05075599999999 -1957.2096999999999 6804.692400000001 -4.1489205 -5.9900986000000005 -1.7694616
60654 21971.908 -2400.7352 -4934.4367999999995 4486.2080000000005 -3.2838051999999998 -3.5991507 -5.697286500000001
60654 22571.908 -3774.3070000000002 -5991.6756 417.86935 -1.1398433000000001 0.19444833 -7.4044425
60654 23171.908 -3679.2031 -4717.4187 -3813.2286000000004 1.4458274 3.9096236 -6.2236293
60654 23771.908 -2154.6142999999997 -1609.9392 -6560.3397 3.4642761 6.0989908999999995 -2.6253527
60654 24371.908 205.49499 2121.8907999999997 -6757.1754 4.1380607000000005 5.9215833 1.9926474
60654 24971.908 2484.6486 5027.8803 -4323.0659000000005 3.2043067 3.4400068000000004 5.848709
60654 25571.908 3795.587 5975.3689 -202.91379 1.0154468 -0.39415225 7.4273272
60654 26171.908 3622.7031 4586.473400000001 3998.2063 -1.5719052 -4.0780098 6.100086
60654 26771.908 2032.3144 1403.2459 6629.7838 -3.5441203000000003 -6.1689502 2.3908657
60654 27371.908 -353.24862 -2329.7252000000003 6663.4626 -4.1337243 -5.849770400000001 -2.2662899000000003
60654 27971.908 -2599.3715 -5150.9063 4089.8894 -3.1010185000000003 -3.23487 -6.0312458
60654 28571.908 -3827.396 -5953.8809 -92.085174 -0.8534756200000001 0.6488494899999999 -7.4333583
60654 29171.908 -3557.2722000000003 -4426.0217999999995 -4238.9224 1.7208576 4.2677752 -5.9209059
60654 29771.908 -1900.6515 -1172.3992 -6731.8893 3.6118607000000003 6.2081289 -2.112263
60654 30371.908 492.49792 2535.9943 -6611.2835000000005 4.097472300000001 5.7386489 2.4989551999999997
60654 30971.908 2695.1627000000003 5263.9957 -3928.8065 2.9977777999999997 3.0481701 6.1434571
60654 31571.908 3852.9899 5951.592900000001 279.39445 0.7301215600000001 -0.83566904 7.4098025
60654 32171.908 3512.4255000000003 4324.9083 4377.651900000001 -1.8275908 -4.4042204 5.7877702
60654 32771.908 1803.8052 1013.77 6766.2826 -3.6754124000000004 -6.2597236 1.9034280000000001
60654 33371.908 -607.55432 -2691.689 6509.9326 -4.0917883 -5.6759336000000005 -2.7288162000000002
60654 33971.908 -2780.7862999999998 -5346.967900000001 3713.8965000000003 -2.9080988000000003 -2.8710607 -6.297059
60654 34571.908 -3866.7964 -5910.5557 -541.9666500000001 -0.58927412 1.0559242999999998 -7.4066045
60654 35171.908 -3441.8146 -4164.4867 -4585.5897 1.9542513 4.5628209 -5.619584
60654 35771.908 -1676.0904 -795.44995 -6841.1348 3.7291170000000005 6.2837566 -1.6494329
60654 36371.908 739.75831 2882.2215 -6436.8023 4.0527698 5.5629018 2.9509871
60654 36971.908 2868.5872000000004 5442.2474 -3531.0793 2.8037582000000003 2.6817329 6.4094124
60654 37571.908 3881.2782 5884.994900000001 750.93005 0.45887367 -1.2536722 7.3787681
60654 38171.908 3381.9587 4035.2580000000003 4739.1281 -2.0670568 -4.703626 5.4641718
60654 38771.908 1564.6553999999999 612.8134 6876.2085 -3.7854948 -6.3184091 1.4183479
60654 39371.908 -861.86394 -3047.8977000000004 6328.0509 -4.0300979 -5.4728715 -3.1819578
60654 39971.908 -2954.0227000000004 -5525.18 3315.1928 -2.6987673 -2.4862694000000003 -6.538512300000001
60654 40571.908 -3891.0752 -5842.0576 -996.82798 -0.31884186 1.4659118000000002 -7.3466817
60654 41171.908 -3308.2429 -3877.3341 -4917.2378 2.1841519 4.8470246 -5.2925006
60654 41771.908 -1434.8428000000001 -398.75958 -6919.4316 3.8379614 6.339888200000001 -1.1613293000000002
60654 42371.908 995.66498 3232.4189 -6219.9765 3.9905126 5.3558939 3.4138752
60654 42971.908 3038.3067 5604.5553 -3091.9880000000003 2.5877097 2.2830381 6.6602891
60654 43571.908 3896.1407000000004 5791.1206 1244.9218 0.17484406000000002 -1.6821914 7.3047427
60654 44171.908 3232.4312000000004 3715.5642000000003 5096.2592 -2.3058824 -4.991430500000001 5.0952132
60654 44771.908 1311.5023999999999 195.16048 6959.3618 -3.8807289000000003 -6.346964600000001 0.90638933
60654 45371.908 -1118.8873999999998 -3401.0762000000004 6112.4475 -3.9473709 -5.2360116 -3.6348655
60654 45971.908 -3114.2947999999997 -5675.1478 2883.4528 -2.4757248 -2.0818078 -6.766690400000001
60654 46571.908 -3895.0775 -5736.511 -1470.5496 -0.038312719 1.8861241 -7.2585197
60654 47171.908 -3153.3955 -3555.7812000000004 -5247.926 2.4149819000000003 5.1225646 -4.921827100000001
60654 47771.908 -1178.4437 17.235590000000002 -6973.8741 3.9296596 6.3630315 -0.6487803
60654 48371.908 1254.6582 3581.2273999999998 -5973.1601 3.9013145000000002 5.1051431 3.8789711000000002
60654 48971.908 3197.1979 5747.496700000001 -2640.442 2.3472611000000003 1.8531005 6.8777498
60654 49571.908 3890.8762 5668.9096 1725.7933 -0.1141114 -2.1107743 7.1945303
60654 50171.908 3064.8409 3375.1866 5420.0029 -2.5360313999999997 -5.2612664 4.7054944
60654 50771.908 1046.4562 -231.28944 6999.3283 -3.9635862000000004 -6.3533235 0.38337953
60654 51371.908 -1378.9345 -3747.8465 5849.6325 -3.8482165 -4.9729516 -4.0861655
60654 51971.908 -3267.293 -5805.2352 2417.3791 -2.2327632 -1.6518210999999998 -6.9674153
60654 52571.908 -3881.7938 -5599.2682 -1959.8517 0.25484745000000003 2.316432 -7.1265538
60654 53171.908 -2974.94 -3199.6342999999997 -5563.969400000001 2.6458225000000004 5.3885369 -4.510313600000001
60654 53771.908 -912.0424 442.56483000000003 -6997.6187 4.002702 6.352008700000001 -0.1175704
60654 54371.908 1506.237 3913.3976000000002 -5701.9701 3.7914358000000004 4.8282495 4.3164181
60654 54971.908 3342.2232000000004 5865.198 -2173.5875 2.0944818 1.4121498 7.056649
60654 55571.908 3865.0175 5514.1718 2205.0598999999997 -0.41199069 -2.5448332999999996 7.0448588
60654 56171.908 2880.0413 3012.0956 5721.4399 -2.7600900999999998 -5.5128769 4.2778954
60654 56771.908 771.428 -665.2291700000001 7000.4254 -4.0302701 -6.3293327 -0.15914468
60654 57371.908 -1639.2558000000001 -4085.8186 5545.0794000000005 -3.7232781 -4.666230400000001 -4.5442388000000005
60654 57971.908 -3412.0333 -5915.9102 1924.306 -1.9646201 -1.1895850000000001 -7.1310871
60654 58571.908 -3849.1928 -5431.3881 -2447.4045 0.55553259 2.7488202999999998 -6.9496026
60654 59171.908 -2789.1937000000003 -2834.1745 -5865.4139000000005 2.8582118000000003 5.6159073 -4.0584912
60654 59771.908 -644.7875200000001 864.96223 -6997.5343 4.0486632 6.2983815000000005 0.41305234
60654 60371.908 1750.3506000000002 4227.775 -5402.0869 3.6635443000000003 4.5278467000000004 4.7305469
60654 60971.908 3462.9438999999998 5943.299 -1699.9765 1.847364 0.98640042 7.2040063000000005
60654 61571.908 3822.8621000000003 5336.8060000000005 2669.6282 -0.6901826999999999 -2.9419519000000003 6.8643294
60654 62171.908 2685.8095 2640.7644 5990.3013 -2.9592827 -5.7257127 3.8463984
60654 62771.908 499.7276 -1087.3220000000001 6967.461700000001 -4.0732363000000005 -6.2725761 -0.68388253
60654 63371.908 -1879.0121000000001 -4389.1508 5225.271 -3.5905997000000003 -4.3619666 -4.9407626
60654 63971.908 -3524.3676 -5976.6949 1434.1005 -1.7080362 -0.7504715 -7.2672163
60654 64571.908 -3794.1074 -5231.2633 -2918.9697 0.83810014 3.1490157 -6.7499802
60654 65171.908 -2586.2444 -2448.0954 -6134.0524000000005 3.0486504 5.810221899999999 -3.6072721000000003
60654 65771.908 -375.97783000000004 1284.0764 -6966.2898 4.0710621 6.2122475 0.9251976100000001
60654 66371.908 1979.6632 4519.0214000000005 -5095.704900000001 3.5168371 4.2073684 5.1021838
60654 66971.908 3566.6108 5999.387 -1242.232 1.5914631 0.5562707100000001 7.3066629999999995
60654 67571.908 3762.7146000000002 5140.6777 3094.9063 -0.96053566 -3.3226326 6.6594311
60654 68171.908 2489.9908 2275.1019 6221.0396 -3.137825 -5.905042900000001 3.4066252
60654 68771.908 245.65239000000003 -1478.6406000000002 6914.7826 -4.0890197 -6.1815262 -1.1751243999999998
60654 69371.908 -2093.3224 -4654.1854 4906.1738 -3.4455199 -4.0467834 -5.2985717
60654 69971.908 -3615.4282000000003 -6013.1685 976.95065 -1.4559021 -0.32901208000000004 -7.3542517
60654 70571.908 -3725.7771000000002 -5023.8297 -3335.6764 1.1001672 3.5139746 -6.5309751
60654 71171.908 -2381.7254 -2072.8071 -6344.9581 3.2207173 5.979325 -3.1657646
60654 71771.908 -113.86781 1681.9163 -6885.9796 4.0839834 6.1149587 1.4216874000000002
60654 72371.908 2198.0549 4784.3739000000005 -4750.4486 3.362777 3.8777163999999997 5.4578417
60654 72971.908 3656.0156 6028.2503 -765.47982 1.331216 0.12562882 7.3759555
60654 73571.908 3689.1787999999997 4922.8639 3518.2909 -1.2219048000000001 -3.6813306 6.4179637000000005
60654 74171.908 2285.8958 1900.73 6428.3597 -3.2969626 -6.051275800000001 2.9547694
60654 74771.908 -6.848828900000001 -1861.1861000000001 6831.347900000001 -4.0874452 -6.0649924 -1.6568571
60654 75371.908 -2297.0516000000002 -4899.1247 4569.7074 -3.2864305 -3.7153985 -5.6281168
60654 75971.908 -3690.8076 -6025.791 522.80769 -1.2012633000000001 0.088841367 -7.4053997
60654 76571.908 -3642.5998 -4798.329900000001 -3728.3892 1.3526902 3.8591480000000002 -6.2881735
60654 77171.908 -2168.6803 -1692.2758000000001 -6518.415599999999 3.3801244 6.1266774999999996 -2.7148296999999997
60654 77771.908 151.5354 2075.3146 -6762.4621 4.083757 5.9940052 1.9270508
60654 78371.908 2410.4467000000004 5029.7103 -4361.292 3.1916626000000003 3.5206548 5.808599
60654 78971.908 3728.3934 6020.549 -252.88238 1.0526395 -0.32974793 7.420761400000001
60654 79571.908 3590.8579 4660.9992999999995 3954.7669 -1.4926497 -4.0447943 6.1316438
60654 80171.908 2055.363 1486.2536000000002 6621.1049 -3.4492971 -6.1758495 2.4595067
60654 80771.908 -276.9593 -2264.7576000000004 6714.3732 -4.0636104 -5.9071331 -2.1584075
60654 81371.908 -2501.6773 -5137.7391 4199.4531 -3.1019052 -3.3455965 -5.9438887000000005
60654 81971.908 -3752.3704 -6010.813400000001 47.142855000000004 -0.92797736 0.53018153 -7.425755100000001
60654 82571.908 -3539.8172999999997 -4540.1353 -4122.8258 1.6128904 4.2064905 -6.0014741
