CIC_MEM_VERS = 1.0
CREATION_DATE = 2024-12-08T21:19:00.689617
ORIGINATOR = CS Group

META_START
OBJECT_NAME = PLEIADES-NEO3
OBJECT_ID = PLEIADES-NEO3
USER_DEFINED_PROTOCOL = NONE
USER_DEFINED_CONTENT = LLA
USER_DEFINED_SIZE = 3.0
USER_DEFINED_TYPE = REAL
USER_DEFINED_UNIT = [deg] [km]
TIME_SYSTEM = UTC
META_STOP

60652 45659.975616 0.12087207919573659 55.24993947829362 624.1001624384613
60652 46259.975616 36.95716596053624 49.31275029265218 627.7463956612959
60652 46859.975616 72.52712521910432 29.273346800195018 639.1961434115012
60652 47459.975616 67.47381459520072 -105.27535919046414 638.7516064698078
60652 48059.975616 31.48361803349111 -119.85765566922046 627.6773183790209
60652 48659.975616 -5.378374856478468 -125.44378046730775 623.3610812476172
60652 49259.975616 -42.14912133386075 -131.86849979861347 625.0644083731471
60652 49859.975616 -77.07776284604341 -161.66465272002515 627.8481395672951
60652 50459.975616 -62.2791850413323 70.54775650060402 627.6231443185155
60652 51059.975616 -25.947434049827145 59.17824079689886 622.8434077212498
60652 51659.975616 10.940555299969743 53.805926204254234 626.7999539190927
60652 52259.975616 47.54204619792012 46.66691833717457 640.7055759332978
60652 52859.975616 80.67134758132214 -1.7938533701873414 648.3359695475327
60652 53459.975616 57.39249449524227 -112.18887972440587 639.2750730429348
60652 54059.975616 20.955707537219563 -121.60918812158971 622.8375624185348
60652 54659.975616 -15.999416882852751 -126.89884713805921 615.7303477333323
60652 55259.975616 -52.67282894618705 -135.04944049349635 622.6496831709964
60652 55859.975616 -82.13389678174981 142.43369656841725 625.5386340152143
60652 56459.975616 -51.91685265014262 65.52938479628851 627.4605722028195
60652 57059.975616 -15.291850815040272 57.55678403515603 617.1011895951733
60652 57659.975616 21.671139363166084 52.25898201018732 620.0335718918976
60652 58259.975616 58.15289409214936 42.57604300323242 627.2002507814401
60652 58859.975616 80.10106211296599 -72.34682957898649 625.7506032041116
60652 59459.975616 46.35107559471703 -116.26198170203156 633.9860067304311
60652 60059.975616 9.672561150624206 -123.2233121282211 624.9500175725552
60652 60659.975616 -27.222393521815995 -128.6334414754932 622.094413651629
60652 61259.975616 -63.49211945045009 -140.61436799760503 623.8279058082315
60652 61859.975616 -76.02828611050055 89.12305505035309 628.0632247741438
60652 62459.975616 -40.896518333527055 62.31801287911446 624.2803556360218
60652 63059.975616 -4.102698443994831 56.02905705981364 623.9869703033288
60652 63659.975616 32.69632742620047 50.38795648687633 635.1756000028872
60652 64259.975616 68.5319835060002 34.93686839039424 647.8331136481197
60652 64859.975616 71.58980865984601 -100.02742665738035 646.2777610575785
60652 65459.975616 35.973642603021965 -118.76253830644639 630.1369429862681
60652 66059.975616 -0.871532647792532 -124.62368219663142 616.0019891027024
60652 66659.975616 -37.77606932999633 -130.63495908779942 617.6949033803028
60652 67259.975616 -73.3726559565087 -152.00686359403053 626.2435408034104
60652 67859.975616 -66.4616955168872 73.98225051096546 631.0013347343532
60652 68459.975616 -30.318088377458434 60.15106936940783 621.7374190596748
60652 69059.975616 6.598949392310033 54.615274878522655 618.6008828845276
60652 69659.975616 43.373291284221914 48.0460016908587 622.643917390324
60652 70259.975616 77.99542389847684 15.080645406090177 634.2086591811109
60652 70859.975616 61.212397399033186 -109.90391419838818 634.8730161234097
60652 71459.975616 24.909906582800204 -120.76815452601677 628.2133556621652
60652 72059.975616 -11.943636064562027 -126.10864525877003 628.171071166787
60652 72659.975616 -48.56679262256589 -133.42456606181483 635.0077304410773
60652 73259.975616 -81.2188726172635 172.26858875016458 641.048141920094
60652 73859.975616 -56.24104171523643 67.50056281503268 633.1962786031464
60652 74459.975616 -19.742678302124887 58.43041266893503 625.9365351970918
60652 75059.975616 17.157891284269766 53.15582295686191 624.4436808234925
60652 75659.975616 53.733415369424954 44.76180309618554 622.0241978026909
60652 76259.975616 81.99810686400292 -45.32117966144615 624.4241205345187
60652 76859.975616 50.8019062702672 -114.63731214305615 625.320328183529
60652 77459.975616 14.162849206329941 -122.37858216412879 625.4167470858627
60652 78059.975616 -22.669381571516737 -127.67301829981953 635.4153676731524
60652 78659.975616 -58.931704705304085 -137.60599755092565 649.5531689277097
60652 79259.975616 -79.77272070106169 105.56240518988623 651.3616014467077
60652 79859.975616 -46.03699290659281 63.881788678440955 635.3183654639953
60652 80459.975616 -9.320065265283015 56.957881663395334 615.6918666336853
60652 81059.975616 27.683022241327887 51.51376348262855 611.437942707742
60652 81659.975616 64.04522422575299 39.19915663190724 619.799408684976
60652 82259.975616 75.51628510771664 -92.01802569710037 626.1498126825246
60652 82859.975616 40.30271162188111 -117.58973312040592 628.7998786828708
60652 83459.975616 3.5161273166887583 -123.82043355323736 623.5882542727849
60652 84059.975616 -33.323940915651434 -129.50697892486977 627.8400399550426
60652 84659.975616 -69.21021435681679 -145.61435393985857 636.2062722007647
60652 85259.975616 -70.80874217758779 79.0806800193773 634.6321174095712
60652 85859.975616 -35.02212038102984 61.272687871069444 622.5895390014105
60653 59.975616 1.8608749345350053 55.47119758748028 617.1442166858374
60653 659.975616 38.70643566664386 49.384262777911346 625.3815286259436
60653 1259.975616 74.18632545662236 26.575448989869848 627.6619769768458
60653 1859.975616 65.58540117609323 -106.54999156857558 628.1342339899181
60653 2459.975616 29.407242397413107 -119.78375366919042 623.2870945254527
60653 3059.975616 -7.468321999701257 -125.27592387307429 625.9783279728763
60653 3659.975616 -44.126595671666216 -131.92669297738655 639.3999550736465
60653 4259.975616 -78.43854750244671 -166.66051065203138 647.8131128242279
60653 4859.975616 -60.735059819174865 70.04179003126328 639.9867551874587
60653 5459.975616 -24.41241323220489 59.38040530761725 623.4882586775938
60653 6059.975616 12.533048972697385 54.0369564707617 615.3701529258052
60653 6659.975616 49.27504712389463 46.57618471523345 621.855020118835
60653 7259.975616 81.57077474053189 -12.83642569873848 626.602410292499
60653 7859.975616 55.27359611286944 -112.70001723646338 625.494876732092
60653 8459.975616 18.740523436334378 -121.49474677288205 627.6928801274161
60653 9059.975616 -18.134347245945534 -126.76201053990255 620.03952994935
60653 9659.975616 -54.716639431465545 -135.4105661139263 623.607259439451
60653 10259.975616 -81.7597914975227 128.18841771613023 625.539063483345
60653 10859.975616 -49.84855706146502 65.2643044050471 623.6105424649431
60653 11459.975616 -13.155231288915882 57.70467644609456 620.3530368303446
60653 12059.975616 23.738036525691218 52.3837768597002 629.2852563340085
60653 12659.975616 60.03160281899891 42.02216848278895 644.0619307373961
60653 13259.975616 78.98206655087097 -78.9855715059203 648.8339097719369
60653 13859.975616 44.86692821614613 -116.22115378134498 636.8952388898333
60653 14459.975616 8.16712039586037 -122.97469454459377 621.3517253285231
60653 15059.975616 -28.76071153507127 -128.4459634926928 618.6365303245744
60653 15659.975616 -65.01046692847326 -141.31609799833913 625.6740151667212
60653 16259.975616 -74.67461226090437 86.14434269062627 622.1256734119594
60653 16859.975616 -39.20971169047994 62.38253300522641 612.0160538758895
60653 17459.975616 -2.2583509811228035 56.23750302721856 610.4699880756491
60653 18059.975616 34.655022599540004 50.459373905455585 626.1237283678757
60653 18659.975616 70.40689964823864 33.131733588550546 646.1795381013555
60653 19259.975616 69.75732310270226 -102.0816476274711 652.1822824844113
60653 19859.975616 34.07331349572837 -118.69240823589693 641.772816645198
60653 20459.975616 -2.653990750876901 -124.40718263799036 629.6592666513841
60653 21059.975616 -39.416860009478924 -130.54586977412296 626.9536271261484
60653 21659.975616 -74.76227217539716 -154.46207360219412 627.1176763062098
60653 22259.975616 -64.91278864300891 73.12240049888544 619.9862914446661
60653 22859.975616 -28.61793268915256 60.3050619606987 612.3144067531675
60653 23459.975616 8.385668983752685 54.82863292644789 613.9097491626458
60653 24059.975616 45.144274953334744 48.02925155849809 630.4098905590986
60653 24659.975616 79.21305958600703 9.599786128964285 646.361501808736
60653 25259.975616 59.7122674422992 -110.31972588054813 646.7398712050853
60653 25859.975616 23.461710276015896 -120.5456837734746 635.4509499304274
60653 26459.975616 -13.354700656276703 -125.85025228562868 627.5284913622884
60653 27059.975616 -49.976964883784575 -133.4247711733051 629.1224795982125
60653 27659.975616 -81.78707683328416 163.06396429963155 629.0601795659859
60653 28259.975616 -54.62531177488417 67.25627893186356 623.1360061833345
60653 28859.975616 -18.05531218325486 58.63334132033332 626.8211232765872
60653 29459.975616 18.83056570295657 53.363931453204884 623.633079189557
60653 30059.975616 55.4003722735029 44.52744066749437 626.0101779068893
60653 30659.975616 81.5086724583424 -56.33785714338042 627.244201717544
60653 31259.975616 49.09698328410951 -114.75095529688281 628.7788714787334
60653 31859.975616 12.448420473156125 -122.165784411754 622.9650611938638
60653 32459.975616 -24.456587458807025 -127.50437403008421 624.904078273967
60653 33059.975616 -60.871648939766054 -138.2401348853056 625.6431686440636
60653 33659.975616 -78.18974480076504 97.41841497580869 623.2289226543916
60653 34259.975616 -43.60781090967281 63.670781218035295 627.8360744835594
60653 34859.975616 -6.8440687854875115 57.07153453237984 620.5815661144479
60653 35459.975616 30.039979011212772 51.55052437272252 625.9257367546307
60653 36059.975616 66.12305347313878 37.965403250872704 637.8297368665517
60653 36659.975616 73.79354901951302 -95.502256555524 639.6966883812363
60653 37259.975616 38.390358827271356 -117.5720395720519 629.1611229868554
60653 37859.975616 1.5888364828302832 -123.62518034451703 622.8238736007758
60653 38459.975616 -35.24027048395024 -129.43455107861 628.7085945385319
60653 39059.975616 -70.96092489187791 -147.4110700613011 639.3636945824488
60653 39659.975616 -69.09036791884019 77.35717392243595 638.3113819074656
60653 40259.975616 -33.20026613753633 61.36531264849314 626.4014501994517
60653 40859.975616 3.654061718551647 55.684070066944145 619.8908972481287
60653 41459.975616 40.462972185926525 49.433520722732936 626.4924224322141
60653 42059.975616 75.62005406515352 23.622787908591295 634.6256889285175
60653 42659.975616 64.04410927841816 -107.31454722402798 632.1302422140716
60653 43259.975616 27.80670734188426 -119.6084536412251 622.7114796515291
60653 43859.975616 -9.100833476728127 -125.0442247064802 621.537604721169
60653 44459.975616 -45.8244594678141 -131.9386364707141 621.5947308163061
60653 45059.975616 -79.7661059709271 -173.63967147687606 630.4469261750332
60653 45659.975616 -58.689291371604924 69.36085920443705 626.1053726562164
60653 46259.975616 -22.209933282679003 59.4809916230984 619.5092389285594
60653 46859.975616 14.721572068417084 54.17811610743096 623.6610019906238
60653 47459.975616 51.28694122671983 46.34602400005584 638.9091913022436
60653 48059.975616 82.0491842762356 -24.991136979421793 645.8412614741744
60653 48659.975616 53.62998461332219 -112.91969433973351 636.8307578347801
60653 49259.975616 17.084671332861436 -121.28459494085284 622.8236143212266
60653 49859.975616 -19.856357318106454 -126.56642491991099 618.5011628535174
60653 50459.975616 -56.407273254651486 -135.69671780113995 626.605966288692
60653 51059.975616 -81.10452404121362 118.18005222714872 632.125116616619
60653 51659.975616 -48.23446542372827 65.2027244176969 626.8637952881382
60653 52259.975616 -11.539030142802924 57.93261634121685 621.4368984444253
60653 52859.975616 25.354214463160613 52.57470233251944 627.8589755675674
60653 53459.975616 61.646824360926615 41.513295247614536 637.1428715403607
60653 54059.975616 77.68755056634677 -84.44179484805827 640.839694087123
60653 54659.975616 43.05733608074201 -116.2461000184983 631.0672966361593
60653 55259.975616 6.31732601029348 -122.7726404972984 625.264035148825
60653 55859.975616 -30.570361985319945 -128.31701871611847 624.8152063132221
60653 56459.975616 -66.71442745024123 -142.33665241362272 625.7308648690296
60653 57059.975616 -73.10869632204638 83.40087763188622 628.5718617108583
60653 57659.975616 -37.52969771916203 62.463061349564036 623.8878577416164
60653 58259.975616 -0.7339077416959936 56.486152563775114 621.0746121109247
60653 58859.975616 36.11020011177311 50.61458443607414 625.8259949799757
60653 59459.975616 71.79516102432672 31.591411642318178 634.1115706512356
60653 60059.975616 68.18232143192142 -103.43228857164078 632.6318528090121
60653 60659.975616 32.17203889299925 -118.60801799449594 623.0548988256795
60653 61259.975616 -4.717825715750929 -124.23310925553402 620.5020801677844
60653 61859.975616 -41.517890212602985 -130.59012223098196 624.4864150139351
60653 62459.975616 -76.5469980975751 -158.7932626790031 623.5141408370597
60653 63059.975616 -62.907974154529676 72.08716287632954 627.6715561521852
60653 63659.975616 -26.596976801172858 60.4071172198079 621.9531486053822
60653 64259.975616 10.302324317047187 55.014827174165426 625.0367080258096
60653 64859.975616 46.9295791837852 47.96984604787688 639.056756918198
60653 65459.975616 80.33050106099324 2.37407732580162 647.063623558597
60653 66059.975616 57.97260312186454 -110.7814423782585 638.8394352778137
60653 66659.975616 21.55448809433361 -120.3952176277226 623.3452995523676
60653 67259.975616 -15.390357497345889 -125.6903327118571 616.7290169145116
60653 67859.975616 -52.063474722264054 -133.70387690705303 623.8962356398796
60653 68459.975616 -82.13866550832999 148.3328365785153 631.7210392174507
60653 69059.975616 -52.58385929325753 66.89950350354465 629.0879601429439
60653 69659.975616 -15.992961052757817 58.78018066465444 623.9837203902258
60653 70259.975616 20.886359520802955 53.501185763604425 628.9254358899091
60653 70859.975616 57.29249781173451 44.11566739763739 639.6083872938227
60653 71459.975616 80.71235766976865 -65.89921589300168 643.8264688743945
60653 72059.975616 47.556841171682116 -114.77838330754464 633.0371349781021
60653 72659.975616 10.849768396544976 -121.93668547182027 617.2721053334441
60653 73259.975616 -26.114452534669716 -127.32575791707495 617.6836553893581
60653 73859.975616 -62.47108913237749 -138.79660115506442 624.0155459414549
60653 74459.975616 -76.87926387365972 92.88264398175065 627.0773996666186
60653 75059.975616 -41.91147356445464 63.692366104720534 622.4545832675193
60653 75659.975616 -5.0871693713711865 57.28566778360649 615.9330109254197
60653 76259.975616 31.830106147369502 51.67246570569341 623.3814127512526
60653 76859.975616 67.88265642350468 36.737709407243756 627.2665031025647
60653 77459.975616 72.03571814918979 -98.1973333790936 631.3919772949645
60653 78059.975616 36.36768888384419 -117.5562778454709 626.8988477319156
60653 78659.975616 -0.44071744349342706 -123.44529848996726 626.3103817099689
60653 79259.975616 -37.18482623614865 -129.38967503243637 636.3357903173359
60653 79859.975616 -72.66171924376734 -149.61769492689504 644.9031874060094
60653 80459.975616 -67.36317692662593 75.9710215364097 639.2933808773805
60653 81059.975616 -31.345392642124438 61.4672397956784 623.1143187218549
60653 81659.975616 5.574144885117641 55.878094287804615 614.5356693401183
60653 82259.975616 42.42065286813517 49.40919624396872 621.0720488332463
60653 82859.975616 77.2764447611185 18.968247873865174 629.8126674896923
60653 83459.975616 62.05768284065438 -108.24233537835335 629.783877170697
60653 84059.975616 25.73741819412145 -119.5067546505915 624.0817089059207
60653 84659.975616 -11.144836499208573 -124.87493140563987 626.6315984273722
60653 85259.975616 -47.755082707154905 -132.0541765001959 638.7731185789847
60653 85859.975616 -80.79493863507825 178.26660939398133 645.6678944599947
60654 59.975616 -57.13108895692087 69.04258506693223 636.8126880100092
60654 659.975616 -20.665683883169418 59.69654849590635 621.8973534178708
60654 1259.975616 16.291104614289587 54.40580598110934 616.2635641991209
60654 1859.975616 52.945588600813764 46.18940693837545 624.6130797184793
60654 2459.975616 82.11082718551113 -38.237626681077856 625.6139858966834
60654 3059.975616 51.61680147415728 -113.22581743387802 624.227231388546
60654 3659.975616 14.952038618356145 -121.1430597096019 616.5433007463536
60654 4259.975616 -22.00837828920428 -126.44785665906659 621.0910930336144
60654 4859.975616 -58.481910601101575 -136.25207044652805 625.4523582720749
60654 5459.975616 -79.88480000360603 107.46333212156154 625.9479399276636
60654 6059.975616 -45.97585713381249 64.98389822466879 636.7510894792506
60654 6659.975616 -9.318017622717974 58.07659961622631 625.7109780010774
60654 7259.975616 27.560124689915565 52.653685258435786 624.470816610786
60654 7859.975616 63.798914181949016 40.49997532299451 631.5458459342491
60654 8459.975616 75.8182293135357 -90.09119231455963 631.6353195674528
60654 9059.975616 40.6380587191783 -116.391208777926 620.9583189852086
60654 9659.975616 3.784708321694876 -122.66480883302143 616.6799731490403
60654 10259.975616 -33.10267205348052 -128.34380237339187 627.2503321341919
60654 10859.975616 -69.00522225434251 -144.25331160460584 639.0714587523312
60654 11459.975616 -71.06290394566338 80.55399542189656 642.147678023105
60654 12059.975616 -35.38676512728209 62.46619822318145 632.458087703583
60654 12659.975616 1.4205337317737818 56.6506478784172 624.605588293956
60654 13259.975616 38.21608736845504 50.6145136614819 628.0866932519577
60654 13859.975616 73.67100629544622 28.752835687600612 634.4640507478251
60654 14459.975616 66.19183032652207 -104.90338788456066 630.4793393973661
60654 15059.975616 30.04340282455369 -118.54728993766156 626.4480971657536
60654 15659.975616 -6.820001960357241 -124.06457591110097 619.7377620091253
60654 16259.975616 -43.5849548990303 -130.6596843512281 624.4806326804837
60654 16859.975616 -78.1920475286329 -164.41660380984942 632.7772432130423
60654 17459.975616 -60.933914880448555 71.27926721041874 630.9784739112331
60654 18059.975616 -24.57473212543973 60.52777600412982 623.455758431762
60654 18659.975616 12.324779610614002 55.188414730497385 624.8662423058792
60654 19259.975616 48.96149161324653 47.80104373293024 634.4256824978904
60654 19859.975616 81.38657714809894 -8.721941989515011 643.4450737991007
60654 20459.975616 55.8964693299245 -111.30413731719356 637.5423494464983
60654 21059.975616 19.431596765671355 -120.26641172898206 621.7905903479596
60654 21659.975616 -17.503410865238774 -125.54469566773271 619.936224091855
60654 22259.975616 -54.084868897729145 -134.0284115668741 629.0960179713718
60654 22859.975616 -81.94558187371786 134.20594141727688 634.3885817780348
60654 23459.975616 -50.61354513442686 66.64828042906046 628.2214864699122
60654 24059.975616 -13.962150845055474 58.9440870411231 620.8736995773154
60654 24659.975616 22.95258309507505 53.633719651791736 625.5034927531685
60654 25259.975616 59.32505947680806 43.536504796464975 636.2851354626664
60654 25859.975616 79.42043038904012 -75.35974720449224 639.9299750613797
60654 26459.975616 45.416025289168324 -114.94542271129137 630.2237761347816
60654 27059.975616 8.696123557848713 -121.77942163269016 624.8851306014777
60654 27659.975616 -28.188257139302955 -127.22484836219388 624.3155399580703
60654 28259.975616 -64.44985898092914 -139.7586080865747 626.7029988573288
60654 28859.975616 -75.19402916165015 88.51292479329524 626.3896661067289
60654 29459.975616 -39.92239411285027 63.67121499654156 626.8226523032763
60654 30059.975616 -3.1163881301900584 57.47571093155238 618.1529479393206
60654 30659.975616 33.77652771989239 51.75432963745324 623.7787526487301
60654 31259.975616 69.66140500537614 35.194279297952335 633.47854081579
60654 31859.975616 70.34813881260202 -100.19344049057905 634.2753543829006
60654 32459.975616 34.52998516496563 -117.47785376477651 625.5739757542167
60654 33059.975616 -2.3231877721213343 -123.24255373761774 621.8673406272083
60654 33659.975616 -39.120528822138716 -129.36151222596004 626.2406768668416
60654 34259.975616 -74.51586391816355 -152.79901571196643 625.7533975542261
60654 34859.975616 -65.23975203061082 74.51600052028637 630.1819708043766
60654 35459.975616 -29.059280508714487 61.50530759688701 623.7711639833997
60654 36059.975616 7.821515974806133 56.02568814913832 624.7320214267097
60654 36659.975616 44.50116860628409 49.32110920697457 636.3066080101296
60654 37259.975616 78.7414301849956 13.213011258009862 643.3363136759014
60654 37859.975616 60.28447642682665 -108.86875612563779 635.7550129200849
60654 38459.975616 23.91131587167879 -119.35154067771467 622.7347854190125
60654 39059.975616 -13.028920037220763 -124.68527980768424 617.3086070259461
60654 39659.975616 -49.731016679632816 -132.22781335212736 626.8018845238419
60654 40259.975616 -81.70446981603111 165.90646843561422 633.1764339250356
60654 40859.975616 -54.94204964355817 68.51329593010648 629.4995123125333
60654 41459.975616 -18.397869122405396 59.80480216990323 622.5361358925101
60654 42059.975616 18.508701733018935 54.53019182473839 626.5869467771732
60654 42659.975616 55.0482604351855 45.79259398624863 630.0947054238959
60654 43259.975616 81.6741706058089 -52.154110940977034 636.1036061678784
60654 43859.975616 49.674634655062164 -113.43822351259458 629.9728292135281
60654 44459.975616 13.022322263100659 -120.96348333069218 622.1455861747203
60654 45059.975616 -23.88054165566383 -126.29139594075158 624.6052123735469
60654 45659.975616 -60.22780888429219 -136.74687752188112 636.2808460173092
60654 46259.975616 -78.77286543818036 101.30059623736878 640.2652147103263
60654 46859.975616 -44.500219817976294 65.0313568238497 630.8361740473941
60654 47459.975616 -7.773748073249276 58.320167022626066 623.0778342867787
60654 48059.975616 29.09833354476733 52.84001774786689 622.8103589677589
60654 48659.975616 65.34110803885608 39.752007442316575 626.4601447280302
60654 49259.975616 74.43417174973925 -93.02970980495644 633.1269842837667
60654 49859.975616 39.077204900631806 -116.2961400609984 627.3746145371896
60654 50459.975616 2.285651415506228 -122.40991375939024 624.4105219597984
60654 51059.975616 -34.508818520579986 -128.16494208795805 632.6239842242137
60654 51659.975616 -70.257178114394 -145.3345290819444 641.6838902883293
60654 52259.975616 -69.8134236108938 79.3485443237131 638.3199259528486
60654 52859.975616 -33.96784262958891 62.63740869124833 623.8193625341797
60654 53459.975616 2.883984145782092 56.9095361242649 622.2662331634773
60654 54059.975616 39.67178777894842 50.74101693254925 628.3054936703131
60654 54659.975616 74.91826812190041 26.51114231300294 639.1991141027027
60654 55259.975616 64.88733992342499 -105.5456094733227 637.6538244912842
60654 55859.975616 28.74477593330595 -118.32308547659918 626.4467526597963
60654 56459.975616 -8.128813839348718 -123.78749429230452 623.2177578826781
60654 57059.975616 -44.85786486374563 -130.54464279787564 620.931201749811
60654 57659.975616 -79.10699133274528 -168.46459419451273 623.3812079259748
60654 58259.975616 -59.644957428006286 70.99208936468538 625.2712453914859
60654 58859.975616 -23.22575526949593 60.76351058917047 623.018923048947
60654 59459.975616 13.688237405557627 55.44865595013826 622.5498045078482
60654 60059.975616 50.33500408035906 47.80116496676847 621.906324661546
60654 60659.975616 81.90300142345959 -18.550803471203988 622.748320926931
60654 61259.975616 54.20066923015835 -111.5723783648989 624.3077126895527
60654 61859.975616 17.59006108892748 -120.08975880682262 618.8299002297595
60654 62459.975616 -19.338198701259934 -125.36648705778288 625.574152924805
60654 63059.975616 -55.786484785932956 -134.29402118946678 641.0618513953171
60654 63659.975616 -81.44923459546001 124.03382858749767 647.9153063814372
60654 64259.975616 -49.159046792046745 66.61542790631749 638.0912657379197
60654 64859.975616 -12.542466205617325 59.19485469546374 623.6445013905225
60654 65459.975616 24.380794262046688 53.85586162110992 619.7016452096227
60654 66059.975616 60.79344127381785 43.1549363202941 626.3612146748673
60654 66659.975616 78.25991541830344 -80.92391677894317 630.1004308146772
60654 67259.975616 43.71306040668353 -114.95358900345002 623.5910641557904
60654 67859.975616 6.923037792476749 -121.56965573216458 619.1062869550718
60654 68459.975616 -29.96349799810084 -127.08735310620108 627.8783389203415
60654 69059.975616 -66.04645685817414 -140.61821528447078 639.0598873699978
60654 69659.975616 -73.88238961968908 86.02403752902966 642.1612230345937
60654 70259.975616 -38.518935679068726 63.80468792590856 631.9416682943855
60654 70859.975616 -1.7124501517254895 57.73988753407646 621.6273875569423
60654 71459.975616 35.139259948778864 51.934624186295835 625.039698772303
60654 72059.975616 70.91845098550502 33.99673134531065 632.8693203382651
60654 72659.975616 69.06669241787972 -101.32074659094806 631.4242180693795
60654 73259.975616 33.10668529213604 -117.30441320085019 621.748290535377
60654 73859.975616 -3.789564185137704 -122.9863757444581 619.4601879671887
60654 74459.975616 -40.59097601047561 -129.24942728612422 626.4954248018256
60654 75059.975616 -75.7458933157785 -155.36935533716832 633.2130267725844
60654 75659.975616 -63.88879094520653 73.91935005656106 631.2148148278656
60654 76259.975616 -27.642582930874628 61.711745238634556 622.6513653270226
60654 76859.975616 9.262571272443004 56.281558532929274 622.2094980643724
60654 77459.975616 45.98681890434199 49.36213031793099 625.0776123108154
60654 78059.975616 79.87060637431681 6.9731700766054034 633.1102427075309
60654 78659.975616 58.58269886411162 -109.34259203755344 629.9081888441626
60654 79259.975616 22.13512358572699 -119.1810950820607 622.1567914344987
60654 79859.975616 -14.77860683111539 -124.48178543460249 624.4238331208107
60654 80459.975616 -51.385567563300675 -132.34323752944897 633.0603821208447
60654 81059.975616 -82.06754812036372 155.28969226818842 642.8503538620093
60654 81659.975616 -53.4741084648778 68.37208632517914 637.8297949830153
60654 82259.975616 -16.963875235504066 60.04783273948504 626.0443883664071
