CIC_MEM_VERS = 1.0
CREATION_DATE = 2024-12-09T23:23:14.846069
ORIGINATOR = CS Group

META_START
OBJECT_NAME = PLEIADES-NEO4
OBJECT_ID = PLEIADES-NEO4
USER_DEFINED_PROTOCOL = NONE
USER_DEFINED_CONTENT = LLA
USER_DEFINED_SIZE = 3.0
USER_DEFINED_TYPE = REAL
USER_DEFINED_UNIT = [deg] [km]
TIME_SYSTEM = UTC
META_STOP

60653 43863.675552 0.12078577326615093 56.21295543136752 624.1385785125487
60653 44263.675552 24.705156392606803 52.594408439546385 625.7370186513285
60653 44663.675552 49.06744464987732 47.08288183697183 632.2393514834598
60653 45063.675552 72.50822443291982 30.274508899477944 637.5825917458426
60653 45463.675552 78.15688701764219 -82.59984885847624 637.5489372170215
60653 45863.675552 55.69511955262699 -112.07909180989652 631.6616903488368
60653 46263.675552 31.435113449973585 -118.90484567368885 624.1674659208815
60653 46663.675552 6.868128644352759 -122.78634435002631 620.1391952579202
60653 47063.675552 -17.758061883592834 -126.26686147341715 621.6658890216245
60653 47463.675552 -42.224080310861396 -130.92317807487805 628.8217134455573
60653 47863.675552 -66.12365665980457 -141.8884975583436 636.0104418411435
60653 48263.675552 -81.90565159717507 132.2606366381565 638.8286080160711
60653 48663.675552 -62.40744388981261 71.59255609702592 635.3897722413678
60653 49063.675552 -38.3553932767441 62.556718700132535 628.1416353213032
60653 49463.675552 -13.846104029793379 58.24172731097349 621.6544016537691
60653 49863.675552 10.779176293186593 54.79218036246001 621.4948209082431
60653 50263.675552 35.30657719833422 50.69442255955414 627.4790299948096
60653 50663.675552 59.45305211104782 42.78642570925846 634.7342880291991
60653 51063.675552 80.68296503629998 -0.9268471302755367 638.7896887228519
60653 51463.675552 68.99567776461424 -102.62654656693812 636.6430385037789
60653 51863.675552 45.25923342541233 -115.67794264412399 629.615016265274
60653 52263.675552 20.823068276323415 -120.66786527311983 622.4167613120208
60653 52663.675552 -3.7933612126415928 -124.19484809394386 620.5088235294995
60653 53063.675552 -28.37582445417363 -127.93964699430566 625.2506385100079
60653 53463.675552 -52.691986262117176 -134.09196925069713 631.8621212560998
60653 53863.675552 -75.71146757114263 -156.4545151978685 637.8488037511248
60653 54263.675552 -75.19474287292017 87.80920877759945 638.1458736882003
60653 54663.675552 -52.09453391297754 66.55636465865177 632.742139883035
60653 55063.675552 -27.77964859013461 60.52306341740919 625.591653698838
60653 55463.675552 -3.1972566459546714 56.80173425783323 621.1731684031754
60653 55863.675552 21.411748632090934 53.26410495481731 623.6160281714413
60653 56263.675552 45.831396751246274 48.2058456212284 630.1065709826065
60653 56663.675552 69.53127913580886 34.68700335106887 636.6136091942694
60653 57063.675552 80.36024748305569 -69.32307000336685 638.2500875516055
60653 57463.675552 58.88679816006744 -110.4065259567943 633.7959169523566
60653 57863.675552 34.71834239818836 -118.12813124094825 626.3377785406409
60653 58263.675552 10.175271635846975 -122.18923142480574 620.5608873680605
60653 58663.675552 -14.454240677522968 -125.64066706198506 621.3164345968248
60653 59063.675552 -38.953826743420166 -130.00079009695946 627.9796684199462
60653 59463.675552 -62.98812136379734 -139.29125843377903 635.3076676126237
60653 59863.675552 -82.03314606867156 156.18077141396498 638.8498461120007
60653 60263.675552 -65.5525810014817 74.07466338278644 636.1371387300366
60653 60663.675552 -41.627782259507434 63.45892782402097 629.0697385488813
60653 61063.675552 -17.15365184752047 58.86258939445207 622.573096664702
60653 61463.675552 7.465326109900806 55.39150589762439 621.5575495660084
60653 61863.675552 32.015249634415554 51.484486381987715 626.8137383449987
60653 62263.675552 56.24368006796636 44.52626107555559 634.0717221160371
60653 62663.675552 78.56447384861985 13.450557657094592 638.750735357057
60653 63063.675552 72.02014736586003 -98.40266655212156 637.3638985078793
60653 63463.675552 48.524464337236644 -114.57283517506127 630.6826624380745
60653 63863.675552 24.138296233468495 -120.00150475562893 623.6152605225552
60653 64263.675552 -0.4635700861041365 -123.60454903915857 620.7954802181865
60653 64663.675552 -25.060660427901954 -127.23386752337844 624.2746867928446
60653 65063.675552 -49.42992403133759 -132.8018108150274 630.971337353676
60653 65463.675552 -72.8432747764307 -150.0631796672838 637.1672887312095
60653 65863.675552 -77.87732356265398 96.42759752290534 638.0636926754379
60653 66263.675552 -55.338119041091076 67.98760983220147 633.0687581816366
60653 66663.675552 -31.08384512353136 61.25539647006408 625.7527239368342
60653 67063.675552 -6.516746259577674 57.39291133475263 620.7524208636403
60653 67463.675552 18.104171018941543 53.90990359168102 622.4791935080102
60653 67863.675552 42.56908863573065 49.21972962023668 628.6425774539749
60653 68263.675552 66.45463584500075 38.04776857723015 635.8215738948559
60653 68663.675552 81.81560447408191 -49.91722113540556 638.6403452952756
60653 69063.675552 62.06898408915939 -108.40406076278092 635.2274217351809
60653 69463.675552 38.00453473473708 -117.29366811254047 628.0818351177422
60653 69863.675552 13.494437174173008 -121.58051154443676 622.063459252531
60653 70263.675552 -11.127496774833395 -125.02813250393454 622.0640511719622
60653 70663.675552 -35.66083510564072 -129.1498266419001 626.5673259100291
60653 71063.675552 -59.80601386786029 -137.1796991027735 633.9103098128438
60653 71463.675552 -80.87597828206228 177.3322535923876 638.431619837298
60653 71863.675552 -68.65229972263333 77.21516847935763 636.8227223692686
60653 72263.675552 -44.8975169051291 64.45081551564645 630.3565237942216
60653 72663.675552 -20.46852528689492 59.5055716618889 623.8539333870356
60653 73063.675552 4.1407153344160035 55.98589736527523 621.6684384805603
60653 73463.675552 28.712562003704402 52.22837098014237 625.699995311883
60653 73863.675552 53.012645367391336 46.012103263736655 632.6180280352181
60653 74263.675552 75.98127960696723 23.024308839391676 637.7805568943206
60653 74663.675552 74.91413938563706 -92.63442754659212 637.2256478356239
60653 75063.675552 51.76286188199274 -113.33403686783622 631.1253878418217
60653 75463.675552 27.4282516223332 -119.30815406264458 623.9059520154191
60653 75863.675552 2.8382207122251586 -123.01816547677636 620.417056471723
60653 76263.675552 -21.77353861024727 -126.56514969009443 623.3983968040732
60653 76663.675552 -46.19039652900007 -131.67153228052905 630.0629914998505
60653 77063.675552 -69.86491163424205 -145.50551993877744 636.989469945405
60653 77463.675552 -80.14482612428431 109.20184163009496 638.9334977020198
60653 77863.675552 -58.54333715288784 69.64931037549864 634.678035851406
60653 78263.675552 -34.373130246153835 62.033811913992146 627.2644252406649
60653 78663.675552 -9.829219526535852 57.9920507231107 620.9747395988427
60653 79063.675552 14.79725175969162 54.53757030469289 621.6501153393174
60653 79463.675552 39.29317439053246 50.14738511150415 628.0082106298926
60653 79863.675552 63.31557996970128 40.699506463389575 635.0632872560586
60653 80263.675552 82.0797060294367 -26.07928493370115 638.2983154072114
60653 80663.675552 65.21827156749518 -105.96302950375915 635.3389058545498
60653 81063.675552 41.27382829964634 -116.39378577894404 628.193269324581
60653 81463.675552 16.788488204509765 -120.96014219117106 621.2501212990828
60653 81863.675552 -7.839247753773578 -124.43050664462756 620.4472798518962
60653 82263.675552 -32.39855698656907 -128.36143048364661 624.6838135171503
60653 82663.675552 -56.6440164690653 -135.43449400635544 630.91738302022
60653 83063.675552 -78.8686912255889 -167.86828592736018 637.3151510728928
60653 83463.675552 -71.62926902317258 81.23266418583414 637.8809866390418
60653 83863.675552 -48.1093185279136 65.53227523454181 633.0943080332328
60653 84263.675552 -23.742308950912676 60.166096190846616 627.0961827198328
60653 84663.675552 0.8350764106548952 56.5752555704138 624.5996283025332
60653 85063.675552 25.421157219498383 52.934227285016185 622.9217889787615
60653 85463.675552 49.797510301907444 47.30170487687333 625.8276771906187
60653 85863.675552 73.20341144302527 29.498989882643848 632.1445819819985
60653 86263.675552 77.53635835145718 -84.65816956100973 634.1113299475779
