CIC_AEM_VERS = 1.0
CREATION_DATE = 2024-12-09T23:23:14.576Z
ORIGINATOR = CS Group

META_START
OBJECT_NAME = PLEIADES1B
OBJECT_ID = PLEIADES1B
CENTER_NAME = null
REF_FRAME_A = EME2000
REF_FRAME_B = SC_BODY_1
ATTITUDE_DIR = A2B
TIME_SYSTEM = UTC
START_TIME = 2024-12-09T12:06:06.934752
STOP_TIME = 2024-12-09T23:59:60.0
ATTITUDE_TYPE = QUATERNION
QUATERNION_TYPE = LAST
META_STOP

60653 43566.934752 -0.6662499568350407 -0.3567334515928594 -0.3103258721706626 -0.576671563884911
60653 43966.934752 -0.7264428911522589 -0.208437852206865 -0.4247996337366208 -0.4983770247904384
60653 44366.934752 -0.7540711362458022 -0.050791492488807176 -0.5202230396724149 -0.39769955338888335
60653 44766.934752 -0.7478777951183608 0.10914821246070038 -0.592318569990751 -0.2791490335459621
60653 45166.934752 -0.7081138341924553 0.2642260637115065 -0.6378454436612737 -0.14802896703461632
60653 45566.934752 -0.63652480666131 0.40749636210634593 -0.6547355315330953 -0.010211225340333401
60653 45966.934752 -0.5362814195674398 0.5325235671972159 -0.6421881736878874 0.12812196916102833
60653 46366.934752 0.41197205360573663 -0.6335852349894482 0.6007656326604982 -0.26063275247993895
60653 46766.934752 0.26914706872896993 -0.70619591272645 0.5323181168887955 -0.38142444949822774
60653 47166.934752 0.11425111712318363 -0.7470810265385279 0.43992978005764205 -0.48505505939086824
60653 47566.934752 -0.045861475119389206 -0.7543981767102846 0.32768226943063183 -0.5669254328188695
60653 47966.934752 -0.20380669046417654 -0.7278052572556477 0.2007642078389573 -0.623262443344596
60653 48366.934752 -0.3525153804070255 -0.6685492567916527 0.06490021406504382 -0.6515848064788884
60653 48766.934752 -0.4853551520145046 -0.5793274896431195 -0.07381207725385787 -0.6506625956732482
60653 49166.934752 -0.5964134684128624 -0.4641606561989896 -0.20916525240331701 -0.6205608407881693
60653 49566.934752 -0.6807477879731524 -0.32821537771321974 -0.3351116145133937 -0.5626342691486673
60653 49966.934752 -0.734620732915151 -0.17746747022474518 -0.44609932452344536 -0.4794090825620239
60653 50366.934752 -0.7555441984801515 -0.01870212670417741 -0.5370975051280552 -0.37460574553114506
60653 50766.934752 -0.7425533256045296 0.14084846158357633 -0.6039598808657315 -0.2529994699754225
60653 51166.934752 -0.6962423116872896 0.29405790842640317 -0.6437128403604111 -0.12004319665587102
60653 51566.934752 -0.6186813792658911 0.434081688370142 -0.6545772134740885 0.01830602009938963
60653 51966.934752 -0.5133343567695716 0.5546541816827336 -0.6360494738550537 0.15584493482476933
60653 52366.934752 0.3849641466957204 -0.6503342326741874 0.5889559850625252 -0.28635439446591754
60653 52766.934752 0.23926054955894938 -0.7168666317816984 0.5153688717587249 -0.4040439922642723
60653 53166.934752 0.08284043233101179 -0.7512088503300737 0.4186228271611702 -0.503564945698734
60653 53566.934752 -0.07726804092761395 -0.7518251090890937 0.3030761526621249 -0.5804597323517846
60653 53966.934752 -0.23388092041333772 -0.718695323117813 0.17393125971726203 -0.6312880994350826
60653 54366.934752 -0.37999591204545713 -0.6533058050208363 0.036981045227269624 -0.653779040845389
60653 54766.934752 -0.5090754305394171 -0.5585797336434999 -0.10163570233777984 -0.6469165875089076
60653 55166.934752 -0.6153459518285889 -0.4387325642476538 -0.23572224162983801 -0.6109812774855303
60653 55566.934752 -0.6939853107322954 -0.29918759455113425 -0.35920094845340056 -0.5475818207215092
60653 55966.934752 -0.741461672058573 -0.1462400630114266 -0.4665170904001338 -0.4595761495150856
60653 56366.934752 -0.7556530138490605 0.013288222239646891 -0.5528904439826434 -0.3508904426786469
60653 56766.934752 -0.7359165402366258 0.17215741995771552 -0.6144098595865461 -0.2264711747717536
60653 57166.934752 -0.6831544769497933 0.32327132702788924 -0.6483438095914374 -0.09190165564092809
60653 57566.934752 -0.599734293763629 0.4598798158520769 -0.6531773059702187 0.0467839590157582
60653 57966.934752 -0.48939020133016814 0.5758754268860629 -0.6286823177412983 0.18336648251586615
60653 58366.934752 0.3570577863796646 -0.6660554785545806 0.5759390004869308 -0.3117276124939809
60653 58766.934752 0.2087093845376388 -0.7263434155525951 0.49731816339091617 -0.42607543915461293
60653 59166.934752 0.05099878004638293 -0.7540348143227734 0.3963439801060984 -0.5212888572151319
60653 59566.934752 -0.10897366188061476 -0.7478804380171721 0.27757161679725 -0.5930881797811629
60653 59966.934752 -0.2640444016892817 -0.7081573292173282 0.1463371858904881 -0.6382626254434632
60653 60366.934752 -0.4072778594749554 -0.6366382513242299 0.008524646371231773 -0.6547853178993637
60653 60766.934752 -0.5322574760876861 -0.5365166430516147 -0.1296841795777494 -0.6418986558987628
60653 61166.934752 -0.6333679520361017 -0.41227204989388405 -0.26208409580666603 -0.6001572468404355
60653 61566.934752 -0.7060402817239027 -0.26950360597180784 -0.38270162714519423 -0.531426750862097
60653 61966.934752 -0.7469956400327288 -0.11468728480804183 -0.4860834958268291 -0.4388247663478237
60653 62366.934752 -0.7544181765531629 0.04524061315000671 -0.5676215567835015 -0.3265153443296141
60653 62766.934752 -0.727985858705533 0.20309731811830498 -0.62366835661588 -0.1995641497212543
60653 63166.934752 -0.6688898844868681 0.35183115544104715 -0.651726929180566 -0.06366451345161983
60653 63566.934752 -0.5797705142446381 0.4847994017452636 -0.6505355029452328 0.07509494182523524
60653 63966.934752 -0.4646024636753697 0.5960495361169108 -0.620127066664499 0.2105039724843131
60653 64366.934752 0.3285772485989586 -0.6805565581938526 0.5618552389104557 -0.33644977828994066
60653 64766.934752 0.1778271656409077 -0.7345194509852494 0.4783431212054119 -0.44726561870985954
60653 65166.934752 0.019100822833335283 -0.7555220730303477 0.37333236212090515 -0.5380004675873812
60653 65566.934752 -0.1404611322692736 -0.7426147206611055 0.2515570670933386 -0.6045767850111841
60653 65966.934752 -0.2937178918363326 -0.6963730437711709 0.11848283540890055 -0.6440156843102214
60653 66366.934752 -0.4338130457031258 -0.6188574247271391 -0.01992496845402807 -0.6545416143149165
60653 66766.934752 -0.5544676586527021 -0.5135254140240513 -0.15745925386430473 -0.6356601670956846
60653 67166.934752 -0.6502341758522737 -0.38512324504738127 -0.2879096523111535 -0.5882037357786499
60653 67566.934752 -0.7168043460057293 -0.23943530285889392 -0.4054067968674901 -0.5143030180212925
60653 67966.934752 -0.7511921075248527 -0.08297339613904392 -0.5047008960928563 -0.41725632243093863
60653 68366.934752 -0.751835167054459 0.0771646588349126 -0.5812949042976643 -0.3014726044678929
60653 68766.934752 -0.7187241041560547 0.23379188479347524 -0.6317700862045219 -0.17217309571161848
60653 69166.934752 -0.6533561495528917 0.3799084599455364 -0.6538797399888877 -0.035165175035746545
60653 69566.934752 -0.558663809696319 0.5089828154217277 -0.6466355235980787 0.10341054570016099
60653 69966.934752 0.43888477861453934 -0.6152397117175308 0.6103498467773287 -0.2373463982559831
60653 70366.934752 0.2994182377928236 -0.6938929724095396 0.5466478841186165 -0.36060692243263126
60653 70766.934752 0.1464950904822102 -0.7414210439091168 0.4583688565802859 -0.46768794663814656
60653 71166.934752 -0.012976537912542134 -0.755668821848097 0.34950082534751487 -0.5537557351684218
60653 71566.934752 -0.1718271877813809 -0.7360042306121478 0.22495519438168976 -0.6149539418369953
60653 71966.934752 -0.32295922743328737 -0.6833135803127984 0.09031675154299944 -0.6485543714805406
60653 72366.934752 -0.4596196627218897 -0.599948250746808 -0.048384566775256176 -0.6530473151029964
60653 72766.934752 -0.5756892627914801 -0.4896276482704634 -0.18493210364735124 -0.6282091656417492
60653 73166.934752 -0.6659330646700389 -0.3573144495205333 -0.31317040432923576 -0.5751381011507332
60653 73566.934752 -0.7262855185151593 -0.20896658039244098 -0.4273299423093946 -0.49621712413025965
60653 73966.934752 -0.7540347255000996 -0.05124982441361035 -0.5222898777060674 -0.39499160988981097
60653 74366.934752 -0.747932912119905 0.10873856137332848 -0.5937862412796572 -0.27602569428456136
60653 74766.934752 -0.7082562657062578 0.2638310322674693 -0.6386211272837835 -0.14466963844324016
60653 75166.934752 -0.636778560615913 0.40709162664785875 -0.6547847089932838 -0.006815946134387073
60653 75566.934752 -0.5366942716495415 0.5321029141687669 -0.6415387628590342 0.1313535810740379
60653 75966.934752 0.41247789035965954 -0.6332550660404581 0.5994529287007007 -0.2636402806300516
60653 76366.934752 0.26973523228975116 -0.705972831236289 0.530411539523297 -0.38406882815237464
60653 76766.934752 0.11494802303867589 -0.7469768648496334 0.4375550321332895 -0.48719411863624584
60653 77166.934752 -0.044960220045619864 -0.7544557216754633 0.3250570789266759 -0.5684303282586725
60653 77566.934752 -0.20281660615441707 -0.728085371778926 0.19798199160238839 -0.6241476160898951
60653 77966.934752 -0.35157271247179706 -0.66904885250386 0.06202310705850644 -0.6518614845189891
60653 78366.934752 -0.48458294420901965 -0.5799772466821483 -0.076733010316297 -0.6503213118455458
60653 78766.934752 -0.5958974124958484 -0.4648303362881381 -0.21208052398428923 -0.6195650761571043
60653 79166.934752 -0.6804633240187637 -0.32882029238264665 -0.33788147749910574 -0.5609661194276775
60653 79566.934752 -0.734483512577603 -0.1780720102509056 -0.44848572172397577 -0.4771633748797072
60653 79966.934752 -0.7555394834197302 -0.019329553182375326 -0.5389536567422097 -0.3719078020851638
60653 80366.934752 -0.7426777404333493 0.14025507515984023 -0.6052134423872125 -0.2499499488108413
60653 80766.934752 -0.6964743399130013 0.29353822442067495 -0.6443010524566255 -0.11676882482063175
60653 81166.934752 -0.6189923606181141 0.43366054677328886 -0.654459794773471 0.021664826188381066
60653 81566.934752 -0.5136913632016967 0.5543440687641811 -0.6352147904413818 0.15914146789088854
60653 81966.934752 0.38531286515624247 -0.6501462909828734 0.5874154686968551 -0.28945960582083696
60653 82366.934752 0.23964365559558956 -0.7167557294718782 0.5132097219258515 -0.40675290278350634
60653 82766.934752 0.08319844097067375 -0.7511858390004902 0.4159138084141763 -0.5057801485582395
60653 83166.934752 -0.076927679147675 -0.751877138266378 0.2999473276675687 -0.5820605653696173
60653 83566.934752 -0.23355550740501457 -0.7188192649650516 0.170532839081997 -0.6321939892711121
60653 83966.934752 -0.37968801760210374 -0.6535037494087973 0.033478382882095946 -0.6539488180871865
60653 84366.934752 -0.5087956620611213 -0.558856042773651 -0.10507328180042184 -0.646348592614581
60653 84766.934752 -0.6151030812969832 -0.4391023950532041 -0.2389215716850698 -0.6097161377403693
60653 85166.934752 -0.6938087297224358 -0.2996474280660798 -0.3620235723317976 -0.5456920363084357
60653 85566.934752 -0.7413832901680922 -0.14674805463235382 -0.46886469994711977 -0.45714518335497245
60653 85966.934752 -0.7556843255165384 0.012707046387113542 -0.5546415340378984 -0.3480696767327154
60653 86366.934752 -0.7360764209079569 0.1715625287668752 -0.615516491761907 -0.22337692288050157
