CIC_OEM_VERS = 2.0
CREATION_DATE = 2025-02-12T09:04:53.383288
ORIGINATOR = ISAE-SUPAERO


META_START
OBJECT_NAME = PLEIADES-NEO4
OBJECT_ID = PLEIADES-NEO4
CENTER_NAME = Earth
REF_FRAME = EME2000
TIME_SYSTEM = UTC
START_TIME = 2025-02-12T04:53:26.918
USEABLE_START_TIME = 2025-02-12T04:53:26.918
USEABLE_STOP_TIME = 2025-02-12T23:54:26.918
STOP_TIME = 2025-02-12T23:54:26.918
INTERPOLATION = lagrange
INTERPOLATION_DEGREE = 5
META_STOP



60718 17606.918 -3498.8927000000003 6065.383400000001 14.686981 0.90572005 0.50347724 7.473308
60718 18026.918 -2778.0952 5657.3963 3045.9063 2.4649805000000002 -2.4082782000000003 6.7122003999999995
60718 18446.918 -1497.9872 4110.313700000001 5461.9839 3.5258672000000004 -4.8315193 4.5960971
60718 18866.918 83.510882 1736.3638999999998 6776.6255 3.8762058 -6.2793619 1.557428
60718 19286.918 1648.2584 -986.4785600000001 6726.2358 3.4475626000000004 -6.464908 -1.7934728
60718 19706.918 2881.6157000000003 -3510.8854 5320.3692 2.3247858000000003 -5.3501215 -4.7871126
60718 20126.918 3534.0567 -5327.7141 2838.4791 0.73013065 -3.1535992000000004 -6.8217572
60718 20546.918 3473.2565 -6069.0303 -216.73139 -1.0148679 -0.31553348 -7.4763329
60718 20966.918 2710.5765 -5583.9484 -3228.1067000000003 -2.5542255000000003 2.5851582 -6.6167161
60718 21386.918 1400.7888 -3971.9453 -5586.7057 -3.575342 4.9583637 -4.421887
60718 21806.918 -191.03974 -1560.352 -6817.9663 -3.8750337 6.328486600000001 -1.3418522000000002
60718 22226.918 -1744.5745 1164.705 -6676.4076 -3.3964388 6.4263294 2.0041386
60718 22646.918 -2947.8357 3655.8442000000005 -5190.9863 -2.2352247000000003 5.2333135 4.9487775
60718 23066.918 -3558.3887999999997 5411.8419 -2659.3299 -0.62188167 2.9847358 6.9005092999999995
60718 23486.918 -3452.2782 6078.0491 409.91958000000005 1.1185622000000002 0.13227699999999998 7.4603942
60718 23906.918 -2647.7441000000003 5514.0615 3394.0002000000004 2.6354986 -2.7483661 6.5192467
60718 24326.918 -1309.1982 3838.0589 5692.0893 3.6229422000000002 -5.0792581000000006 4.2561656
60718 24746.918 293.88596 1387.0068999999999 6838.678900000001 3.8782615000000003 -6.383948500000001 1.1298369000000001
60718 25166.918 1837.55 -1342.3643000000002 6606.6007 3.3473125 -6.3936539 -2.2231759
60718 25586.918 3010.5043 -3801.4213 5036.5486 2.1421893 -5.115067600000001 -5.1250553000000005
60718 26006.918 3575.8734 -5493.286 2447.448 0.50371595 -2.8029495000000004 -6.9918267
60718 26426.918 3419.3568 -6076.2492 -637.09187 -1.2359053 0.07409349400000001 -7.4433978
60718 26846.918 2573.4033 -5434.1168 -3592.908 -2.7228954 2.9300193 -6.3914352
60718 27266.918 1209.7728 -3699.065 -5824.8983 -3.6587155 5.1889787 -4.056481000000001
60718 27686.918 -396.39703000000003 -1222.5264 -6886.4854000000005 -3.859376 6.4028102 -0.91332936
60718 28106.918 -1923.2666000000002 1498.6558 -6566.4988 -3.2875868 6.3346108 2.4115425
60718 28526.918 -3064.8712 3919.4961000000003 -4928.0711 -2.0552336 4.9958611 5.2586029
60718 28946.918 -3590.784 5552.9388 -2297.1444 -0.40465404 2.6465853000000004 7.0547127000000005
60718 29366.918 -3392.7391000000002 6066.6530999999995 797.47537 1.3324002000000001 -0.24367432 7.4283976
60718 29786.918 -2509.2666 5354.745900000001 3730.5018 2.8023698 -3.0882713 6.297476
60718 30206.918 -1118.6938 3560.7519 5907.7846 3.7053912 -5.3073292 3.8920726
60718 30626.918 497.75189 1047.9261999999999 6889.4942 3.8597112000000005 -6.452959300000001 0.70203873
60718 31046.918 2013.5503999999999 -1675.8220000000001 6478.0551 3.2356736 -6.296907 -2.6282750000000004
60718 31466.918 3123.3872 -4061.9112999999998 4756.509599999999 1.9583101 -4.8701817 -5.4292194
60718 31886.918 3602.5908 -5627.8873 2072.1492 0.28430243 -2.4585746 -7.133362600000001
60718 32306.918 3354.1961 -6057.2712 -1031.891 -1.4464489 0.44842509 -7.3930311
60718 32726.918 2429.3417000000004 -5265.0776 -3927.3076 -2.8818061 3.2582706 -6.1593365
60718 33146.918 1015.6741 -3413.7417 -6031.3781 -3.7340597 5.405044299999999 -3.6900483
60718 33566.918 -601.64724 -878.0498100000001 -6923.4589000000005 -3.8362476 6.463675 -0.48632789000000004
60718 33986.918 -2098.5707 1833.3773 -6426.313400000001 -3.170494 6.2280135 2.8137907
60718 34406.918 -3175.0174 4177.3439 -4638.5604 -1.867288 4.7425123000000005 5.5551488
60718 34826.918 -3613.4962 5681.947700000001 -1916.3383999999999 -0.18353496000000002 2.2970465 7.1848723
60718 35246.918 -3323.4673 6040.8798 1192.6114 1.5415747 -0.61826595 7.3650556
60718 35666.918 -2362.2763999999997 5179.8695 4060.0188 2.9569035 -3.4114183 6.0538832000000005
60718 36086.918 -923.9715699999999 3272.7075 6105.394700000001 3.7743442000000003 -5.5139301 3.5185334
60718 36506.918 700.77506 705.25001 6915.879400000001 3.8297417 -6.5022734 0.27426492
60718 36926.918 2184.0259 -2004.0721 6328.3218 3.1130655000000003 -6.1796256000000005 -3.0246902
60718 37346.918 3226.8811 -4309.4138 4461.010700000001 1.7673595 -4.6094455 -5.715071200000001
60718 37766.918 3618.0849 -5744.496700000001 1690.5162 0.06341569100000001 -2.1067232 -7.2505379
60718 38186.918 3278.4705 -6019.2892 -1422.4492 -1.6524305 0.8200152399999999 -7.3175909
60718 38606.918 2277.7972999999997 -5080.3707 -4247.8514000000005 -3.0311331 3.5742188 -5.9069173
60718 39026.918 818.82133 -3119.5177000000003 -6217.316400000001 -3.7970367 5.6020875 -3.3125198
60718 39446.918 -804.34626 -533.3247700000001 -6937.5347 -3.8006605 6.5031062 -0.059298647
60718 39866.918 -2266.5042000000003 2159.606 -6265.4823 -3.0432665 6.101899 3.2055619
60718 40286.918 -3274.3474 4419.5425000000005 -4334.6163 -1.6733186 4.4751248 5.8331135000000005
60718 40706.918 -3623.782 5790.804 -1529.8253 0.038549943 1.9412644000000001 7.2922693
60718 41126.918 -3242.4367 5994.131 1583.6748 1.7466354 -0.9904243500000001 7.2786156
60718 41546.918 -2206.2169 4986.8346 4376.4136 3.1029240000000002 -3.7237709 5.790932300000001
60718 41966.918 -724.44753 2972.51 6283.183 3.831761 -5.7031186 3.1329611
60718 42386.918 903.4792199999999 358.6538 6919.6337 3.7871079 -6.5303414 -0.15564744
60718 42806.918 2349.1174 -2327.2843 6157.3953 2.9791523000000004 -6.0413003 -3.4125417000000002
60718 43226.918 3321.007 -4543.9171 4150.0578 1.5691252 -4.3325639 -5.9825126
60718 43646.918 3622.3129 -5843.0194 1302.583 -0.15905170000000002 -1.7472472000000001 -7.3433614
60718 44066.918 3192.0947 -5962.146 -1808.7813 -1.8539943 1.1890546 -7.2172858
60718 44486.918 2118.4931 -4879.5648 -4554.6827 -3.1713162 3.8785239000000002 -5.634266800000001
60718 44906.918 618.71166 -2815.5758 -6382.7865 -3.8481199999999998 5.7810186 -2.9234391
60718 45326.918 -1005.1473000000001 -187.18362 -6928.4376 -3.7528087 6.5217679 0.36894318
60718 45746.918 -2427.7011 2478.6425 -6083.135200000001 -2.9055984 5.9561665999999995 3.5883991
60718 46166.918 -3363.266 4647.151400000001 -4014.7786 -1.4725923 4.192709 6.0936154
60718 46586.918 -3621.5867000000003 5879.8161 -1136.0263 0.26226013000000004 1.5782298000000001 7.3771547
60718 47006.918 -3149.3939 5926.3422 1972.0918000000001 1.9479423 -1.3610296000000002 7.168283499999999
60718 47426.918 -2040.8034 4775.3339000000005 4680.6578 3.2401862 -4.0255364 5.5073490000000005
60718 47846.918 -520.07532 2659.9671000000003 6441.6202 3.8769174 -5.8742825000000005 2.7345373
60718 48266.918 1105.4332 8.4224194 6900.4847 3.7315607 -6.5367626 -0.5869741199999999
60718 48686.918 2508.3044 -2644.9805 5965.3278 2.8343019 -5.8820806 -3.7901064
60718 49106.918 3405.5004 -4765.1139 3824.4283 1.3644975 -4.0402662000000005 -6.2297842
60718 49526.918 3615.4968 -5923.6343 909.79947 -0.38170242000000004 -1.3817591 -7.4104844000000005
60718 49946.918 3095.9154 -5886.8421 -2189.0843999999997 -2.0495708 1.5532114 -7.0919307
60718 50366.918 1952.563 -4664.0712 -4846.0911 -3.3010505 4.1685335 -5.3436526
60718 50786.918 416.87984000000006 -2504.2588 -6527.2185 -3.8866350000000005 5.9399285 -2.5260166
60718 51206.918 -1202.3947 157.44194000000002 -6897.1224 -3.6928349 6.5188486 0.79440364
60718 51626.918 -2580.772 2787.5234 -5881.9822 -2.7586363 5.7915549 3.9580607
60718 52046.918 -3441.0742999999998 4857.9078 -3683.4297 -1.2672295 3.8979018 6.3331436000000005
60718 52466.918 -3607.9921000000004 5949.219599999999 -741.28057 0.48455328 1.2122656 7.4364714
60718 52886.918 -3046.813 5839.9373 2350.9127000000003 2.142017 -1.724138 7.034327
60718 53306.918 -1869.8323 4550.2853 4966.7600999999995 3.366101 -4.3111274 5.2074357000000004
60718 53726.918 -315.38867 2342.0190000000002 6577.340400000001 3.9092032 -6.0242986 2.3301309999999997
60718 54146.918 1302.6589 -338.45725 6858.417200000001 3.6642397 -6.521764500000001 -1.0139538000000001
60718 54566.918 2658.3949 -2950.8659 5754.3724 2.6809575 -5.7050997 -4.1534891
60718 54986.918 3478.2755 -4968.389700000001 3487.4297 1.1559894 -3.7370374 -6.4562643
60718 55406.918 3596.3812000000003 -5983.4767 515.04701 -0.6032360099999999 -1.0137415 -7.454314900000001
60718 55826.918 2988.9074 -5791.435 -2561.687 -2.2391723000000003 1.9113549 -6.9448336
60718 56246.918 1779.1776000000002 -4432.5839000000005 -5121.5209 -3.4208841000000003 4.444992 -5.0366621
60718 56666.918 212.28070000000002 -2183.8487999999998 -6650.4322 -3.9129912 6.0798422 -2.1205354
60718 57086.918 -1397.2011000000002 502.57029 -6843.353099999999 -3.6206258 6.4946447 1.2174387
60718 57506.918 -2726.6938999999998 3088.2106000000003 -5661.7218 -2.6019332 5.6075926 4.3143094
60718 57926.918 -3508.6169 5053.5887 -3340.5989 -1.0570492999999999 3.590287 6.5503599999999995
60718 58346.918 -3583.6974 6000.691400000001 -345.37381 0.7054973800000001 0.84305553 7.4689776000000005
60718 58766.918 -2935.4728 5736.6471 2719.9319 2.3284157 -2.0791030999999998 6.8761146
60718 59186.918 -1694.2498 4313.7265 5234.4283 3.4804164 -4.5798906 4.8915594
60718 59606.918 -111.18132000000001 2020.4664 6690.1012 3.9289287 -6.1534014 1.9212485
60718 60026.918 1494.3545000000001 -680.0192 6794.1373 3.5857446 -6.4860799 -1.4340819
60718 60446.918 2798.9215 -3243.5364 5526.1219 2.5198831 -5.5118907 -4.5009173
60718 60866.918 3539.1915 -5153.0729 3141.1777 0.94440481 -3.4247170000000002 -6.6610996
60718 61286.918 3565.2072000000003 -6022.6473 120.65513000000001 -0.82260065 -0.64507113 -7.4746681
60718 61706.918 2871.8055 -5676.937599999999 -2924.3969 -2.4217762 2.2613982999999998 -6.7767026
60718 62126.918 1599.5799 -4187.2449 -5379.3321 -3.5301837000000003 4.706162 -4.7144739
60718 62546.918 6.3319253 -1857.1037 -6751.519700000001 -3.9270726000000002 6.1997862999999995 -1.7091722
60718 62966.918 -1588.2356000000002 845.302 -6767.214 -3.5367048 6.4494983 1.6356657000000001
60718 63386.918 -2864.4632 3378.225 -5423.3075 -2.4364705 5.4058641 4.6555518000000005
60718 63806.918 -3565.3119 5232.495 -2987.6096000000002 -0.84306404 3.2719625999999997 6.745134
60718 64226.918 -3548.0908 6032.773099999999 50.714524 0.92441704 0.47284625 7.4764847
60718 64646.918 -2814.8058 5615.6359 3079.0227999999997 2.5075422 -2.4252817 6.6956488
60718 65066.918 -1513.2598 4064.8599 5484.2225 3.5837064 -4.8321800999999995 4.560841000000001
60718 65486.918 93.47496600000001 1694.4078000000002 6780.7537999999995 3.9362883 -6.2621065 1.5075252000000001
60718 65906.918 1681.4352 -1017.3838000000001 6707.942400000001 3.4958912 -6.4300208 -1.8484148
60718 66326.918 2930.6567999999997 -3524.16 5280.4023 2.350529 -5.3021321 -4.8333588
60718 66746.918 3588.7802 -5320.087 2785.2341 0.72920432 -3.1025921 -6.8445057
60718 67166.918 3522.2986 -6041.8335 -273.76759000000004 -1.0402604 -0.2753937 -7.4712284
60718 67586.918 2744.762 -5543.9254 -3277.4592000000002 -2.5976679 2.6035834 -6.586957099999999
60718 68006.918 1413.7357 -3928.3531000000003 -5619.567900000001 -3.6289595 4.9520153 -4.3769609
60718 68426.918 -200.97526000000002 -1524.3406000000002 -6830.4965 -3.9287767 6.2997292 -1.2919325
60718 68846.918 -1775.4587 1185.3217 -6668.7496 -3.4409596000000002 6.383467899999999 2.0489595
60718 69266.918 -2994.0057 3657.3062999999997 -5166.8423 -2.2622015 5.1865777 4.9816592
60718 69686.918 -3611.0759 5394.4788 -2624.5975 -0.6252932499999999 2.9432619 6.9174751
60718 70106.918 -3500.9996 6045.241 446.92475 1.1412847 0.10170440000000001 7.4595345
60718 70526.918 -2684.6629 5476.599200000001 3428.3445 2.6793319 -2.7630850999999996 6.4933556
60718 70946.918 -1326.7158000000002 3803.1655 5716.4427000000005 3.6759825999999998 -5.0685468 4.2153411
60718 71366.918 298.63897 1363.314 6849.6930999999995 3.9311558 -6.3505541 1.0888124000000001
60718 71786.918 1863.8849 -1351.0528000000002 6600.1491 3.3945967 -6.3534921 -2.2570146
60718 72206.918 3053.5861 -3793.1845000000003 5017.4247000000005 2.1729986 -5.0755536 -5.1506092
60718 72626.918 3627.0997 -5469.8061 2419.9455000000003 0.51063611 -2.7706322 -7.006068900000001
60718 73046.918 3467.8563 -6041.429099999999 -667.70365 -1.2557595 0.095174167 -7.443599000000001
60718 73466.918 2608.2203 -5392.924400000001 -3620.2227000000003 -2.766234 2.93742 -6.3755417
60718 73886.918 1222.3148 -3656.6389 -5841.6511 -3.7167121 5.181992500000001 -4.0246242
60718 74306.918 -408.82544 -1186.4774 -6887.087 -3.9179371 6.3793918000000005 -0.86968454
60718 74726.918 -1958.0635 1521.6798000000001 -6548.072400000001 -3.3335972000000003 6.296693100000001 2.4563988
60718 75146.918 -3114.6673 3924.6508 -4892.7780999999995 -2.0796189 4.9502729 5.2919947
60718 75566.918 -3645.496 5539.0307999999995 -2252.1846 -0.40427163000000005 2.6048782999999998 7.0672321
60718 75986.918 -3442.2523 6037.9139000000005 842.52562 1.3557508 -0.26984028 7.41818
60718 76406.918 -2545.0065 5319.589 3767.2624 2.8434995 -3.0919724 6.269643
60718 76826.918 -1134.6833000000001 3528.8797999999997 5930.6668 3.7570423 -5.2886466 3.8556482
60718 77246.918 504.19226000000003 1027.4883 6896.7081 3.91343 -6.4186176999999995 0.6658133
60718 77666.918 2041.5602 -1680.6927 6470.874 3.2818611 -6.2565034 -2.6591285
60718 78086.918 3167.4363 -4050.1455 4737.3337 1.9874966 -4.8326128 -5.4521663
60718 78506.918 3653.9515 -5601.9285 2045.5553 0.28897859 -2.4292358 -7.1455392
60718 78926.918 3401.8451 -6021.3297 -1060.8177 -1.468628 0.46607274000000004 -7.3916319
60718 79346.918 2462.3882000000003 -5224.1499 -3952.3651 -2.9269213 3.2622343000000003 -6.1424809
60718 79766.918 1025.9495 -3372.9916000000003 -6045.5303 -3.7926883 5.3949395 -3.6579552
60718 80186.918 -616.3248000000001 -844.8626 -6921.6257000000005 -3.8941133 6.437831 -0.4437686
60718 80606.918 -2135.091 1852.7740000000001 -6406.2168 -3.2147788 6.1889936 2.8561009
60718 81026.918 -3225.6912 4178.7989 -4602.918 -1.8894884 4.6977818 5.5849351
60718 81446.918 -3668.2311 5665.2062000000005 -1872.6775 -0.18117744 2.258362 7.1937145000000005
60718 81866.918 -3372.3112 6011.0087 1235.0861000000002 1.5664517 -0.63996586 7.3523760000000005
60718 82286.918 -2396.8102999999996 5145.5571 4093.5802000000003 2.9990385 -3.4103611000000003 6.0256179
60718 82706.918 -938.4338100000001 3243.485 6125.3315999999995 3.8265066 -5.4916296 3.4835821
60718 83126.918 708.84936 688.5460600000001 6921.0261 3.8833632 -6.466386900000001 0.24043404000000002
60718 83546.918 2213.404 -2004.8980000000001 6320.082 3.1583278 -6.1397346 -3.0534026
60718 83966.918 3273.7067 -4296.4857999999995 4445.3069000000005 1.7927332 -4.5697806000000005 -5.733524999999999
60718 84386.918 3670.9161000000004 -5716.8336 1671.4270000000001 0.0664763 -2.0806403 -7.257722
60718 84806.918 3327.0418 -5983.5433 -1442.4578999999999 -1.6759287999999999 0.83255875 -7.3148903
60718 85226.918 2311.3265 -5042.158 -4264.9327 -3.0771633 3.5726734 -5.892563600000001
60718 85646.918 828.6460000000001 -3082.2158 -6223.9948 -3.8580159 5.5915732 -3.2825769
60718 86066.918 -820.38749 -503.10420000000005 -6928.737400000001 -3.8601934 6.4795821 -0.016606937
