CIC_MEM_VERS = 1.0
CREATION_DATE = 2025-02-12T09:04:53.725419
ORIGINATOR = CS Group

META_START
OBJECT_NAME = PLEIADES1A
OBJECT_ID = PLEIADES1A
USER_DEFINED_PROTOCOL = NONE
USER_DEFINED_CONTENT = LLA
USER_DEFINED_SIZE = 3.0
USER_DEFINED_TYPE = REAL
USER_DEFINED_UNIT = [deg] [km]
TIME_SYSTEM = UTC
META_STOP

60718 14424.8256 29.624731208857554 115.61553703187076 702.755484227037
60718 14844.8256 54.682777709921744 108.6402566973506 703.5286972811776
60718 15264.8256 77.89460098201911 78.47508969229398 702.5474798410922
60718 15684.8256 71.67642276575702 -34.12512613970176 701.331911172726
60718 16104.8256 47.358761726135505 -50.768131162776164 696.9002397031577
60718 16524.8256 22.113714274368597 -56.36546351134962 693.4297788699838
60718 16944.8256 -3.318920634584125 -60.166653884827134 696.3650352619268
60718 17364.8256 -28.679002725657767 -64.17267192279341 706.4620513606209
60718 17784.8256 -53.691498169542065 -70.90288540987194 719.4902802731773
60718 18204.8256 -77.00206326084263 -97.95350660157236 728.668066715101
60718 18624.8256 -72.88716140096612 148.00084573716325 729.2876187649842
60718 19044.8256 -48.88241569111912 129.7607997668932 721.6010844359798
60718 19464.8256 -23.8107971684721 123.9551613768944 710.5347882464977
60718 19884.8256 1.5322339223863468 120.12324297668732 702.1670393444967
60718 20304.8256 26.90354414865355 116.18668992385095 699.9013837070183
60718 20724.8256 52.03344176118088 109.79417593792904 702.1326376742618
60718 21144.8256 75.76544587446087 86.05019374954627 704.1932041922304
60718 21564.8256 74.07173446450089 -29.5728080258263 706.3747300942795
60718 21984.8256 50.07741043976442 -49.795957216919064 706.0931268771106
60718 22404.8256 24.93825430322327 -55.817350868076794 703.1132719812445
60718 22824.8256 -0.4283423207489392 -59.686192732660686 701.120777398529
60718 23244.8256 -25.79593565060995 -63.583233615791755 703.0745165105913
60718 23664.8256 -50.90844807706783 -69.7527185304746 708.984978307126
60718 24084.8256 -74.75873184069901 -91.26638056958988 713.560920101197
60718 24504.8256 -75.15371688733195 153.04028116804452 712.6536735868973
60718 24924.8256 -51.35636534733014 130.70163070688994 706.4119216947032
60718 25344.8256 -26.22743189640039 124.4435448084157 699.0726457860919
60718 25764.8256 -0.8305632447449344 120.52749910863514 696.6728759487185
60718 26184.8256 24.564187229858856 116.66597233198306 701.5125218490288
60718 26604.8256 49.704839854554265 110.70925107850333 702.8599342724818
60718 27024.8256 73.7398913904915 91.06387398661833 709.3198424375078
60718 27444.8256 76.11541703745226 -24.227191279845627 710.4847827367729
60718 27864.8256 52.492901948392195 -48.83008629562604 706.6562428052172
60718 28284.8256 27.394891839914674 -55.3133005740458 701.7108392229012
60718 28704.8256 2.027522534894534 -59.268751723316704 700.7901522714468
60718 29124.8256 -23.33872498265714 -63.091885462767465 706.0475956130714
60718 29544.8256 -48.46061032755716 -68.83914740940247 714.6870381176005
60718 29964.8256 -72.55355854873517 -86.61450176865162 721.9784543815222
60718 30384.8256 -77.25540514597591 159.68167716336654 722.3811647260487
60718 30804.8256 -53.97544412546961 131.80706786151129 715.417032785782
60718 31224.8256 -28.95111457108138 125.00740509842674 705.3278972160908
60718 31644.8256 -3.597593280669288 120.9896088224356 697.9535831063696
60718 32064.8256 21.813585178819892 117.1976231233488 697.8808942245679
60718 32484.8256 47.02359510937291 111.65431973961921 703.3489477168322
60718 32904.8256 71.32621494752499 95.4535484548669 709.3622343064307
60718 33324.8256 78.21728544625171 -16.221138577406553 710.7720673504253
60718 33744.8256 55.16006769247287 -47.64494329366557 706.9685842703335
60718 34164.8256 30.11562873001129 -54.739028339755 701.5358487075384
60718 34584.8256 4.75694028951607 -58.81117648590644 699.739438716586
60718 35004.8256 -20.627462083946163 -62.57470134010278 704.4568051392879
60718 35424.8256 -45.79867805670664 -67.94116449618926 712.7962845591607
60718 35844.8256 -70.13086653412802 -82.79394181727255 720.8338666942182
60718 36264.8256 -79.18666118871735 169.0162291978454 722.4640624637452
60718 36684.8256 -56.59843092757223 133.05768838310595 716.5763929538679
60718 37104.8256 -31.64113735016285 125.59146906351602 706.9477045685885
60718 37524.8256 -6.309838785930523 121.44607226315023 697.5501795163269
60718 37944.8256 19.11074407857653 117.70382857054841 697.327858748616
60718 38364.8256 44.35702763245353 112.50948381449852 703.0790355570363
60718 38784.8256 68.85522353491233 98.84884436405805 710.0185863870923
60718 39204.8256 80.00204472163723 -5.210047264414137 712.4292902452764
60718 39624.8256 57.81168333020912 -46.30182055165858 709.1783521287098
60718 40044.8256 32.844707710637344 -54.133882049926875 703.4489533497702
60718 40464.8256 7.511819549558152 -58.346746687239936 700.5659683330459
60718 40884.8256 -17.87688117486618 -62.0671847022622 704.0479044896035
60718 41304.8256 -43.099491042090776 -67.11029533393439 709.1433117532445
60718 41724.8256 -67.62858043690171 -79.74968714347098 717.9198787865089
60718 42144.8256 -80.73587125380759 -178.13555541359594 721.1913316628587
60718 42564.8256 -59.20755561349173 134.4834996355339 717.0899024051525
60718 42984.8256 -34.326389931601454 126.20553211180356 708.7801830092615
60718 43404.8256 -9.021837662755557 121.90666691730802 702.4185585017004
60718 43824.8256 16.371359333720033 118.2017927027442 701.3187596590104
60718 44244.8256 41.622037960044175 113.3130773433608 705.9003804372554
60718 44664.8256 66.26264325236423 101.63689892636637 711.3366187259024
60718 45084.8256 81.31775777069862 10.133010966185195 712.638525324482
60718 45504.8256 60.49973304828429 -44.72649460826471 708.1383751191904
60718 45924.8256 35.59436294145175 -53.48978178436137 700.6996139827587
60718 46344.8256 10.255408985610883 -57.87857296503539 696.5235563596964
60718 46764.8256 -15.167188765680542 -61.578829841111805 699.1797956673221
60718 47184.8256 -40.42606943217289 -66.35045576928268 707.7796018339869
60718 47604.8256 -65.09845881906988 -77.2930591882309 716.6674629449573
60718 48024.8256 -81.67701291616541 -161.46381023352015 720.7042642688532
60718 48444.8256 -61.79319791283952 136.12848015277015 717.4108968340993
60718 48864.8256 -36.99703931505525 126.85329599908876 709.4590259914827
60718 49284.8256 -11.722350882296832 122.37204661065425 702.6344523720066
60718 49704.8256 13.674754602302118 118.68201019230041 701.0372748822261
60718 50124.8256 38.950215548413965 114.04219758805229 706.3096616043291
60718 50544.8256 63.70264189419982 103.8635050229239 712.8284397171666
60718 50964.8256 81.85586089761433 28.575680700519992 715.3197827234826
60718 51384.8256 63.1290882997487 -42.9114149075815 711.4737567285614
60718 51804.8256 38.33975644752496 -52.80629134683485 704.0230015471454
60718 52224.8256 13.040950155910823 -57.39723734648196 698.3540681596912
60718 52644.8256 -12.376412374550508 -61.088693582377935 698.9792022568246
60718 53064.8256 -37.67612012279151 -65.62578011406507 703.317796122405
60718 53484.8256 -62.515935965555435 -75.23639668240328 707.7320209209057
60718 53904.8256 -81.81072736382065 -142.8233327790166 711.8441223799862
60718 54324.8256 -64.26848672394742 137.98814771854524 710.4516538788569
60718 54744.8256 -39.52809569691034 127.50900723917098 705.3973870454525
60718 55164.8256 -14.257090575377772 122.81956066881135 701.7323571754584
60718 55584.8256 11.131506430949035 119.12982322097925 703.6781182480995
60718 56004.8256 36.4002752157541 114.69557196405343 710.9744884202315
60718 56424.8256 61.20755334135186 105.67191483509365 718.5406098504617
60718 56844.8256 81.52978948855787 46.99681049418821 721.328962184269
60718 57264.8256 65.68441634804647 -40.792180846822035 716.6650165261358
60718 57684.8256 41.03684811779504 -52.08537044412123 706.8988885860409
60718 58104.8256 15.786536088979938 -56.91276852030897 701.9940128346143
60718 58524.8256 -9.59574712843888 -60.60961228490111 702.4630190213204
60718 58944.8256 -34.90995831045369 -64.94596174724836 702.0836185206884
60718 59364.8256 -59.83409778412194 -73.45474913396724 705.1049264669739
60718 59784.8256 -81.066188586421 -124.63838431641626 709.6563290017685
60718 60204.8256 -66.8752174320146 140.35236085019503 708.5582413883401
60718 60624.8256 -42.24914312416113 128.25939595444214 703.7910511306864
60718 61044.8256 -16.992978715271164 123.30669220854405 700.230857226301
60718 61464.8256 8.403302688905317 119.59711631998215 702.3084774044858
60718 61884.8256 33.697327058527 115.34124475889915 710.4192510282619
60718 62304.8256 58.58281611969307 107.28031398371063 719.4013606888781
60718 62724.8256 80.40373356962728 63.08134856286524 723.9101746272302
60718 63144.8256 68.26616071189878 -38.15561803764924 720.5371636115949
60718 63564.8256 43.79221379738589 -51.29038731732252 711.0318023182106
60718 63984.8256 18.57732693626883 -56.40959699413149 701.0469807368013
60718 64404.8256 -6.835145261835566 -60.140940736432334 696.3081813471696
60718 64824.8256 -32.20552744729684 -64.32074850440148 698.6811039051711
60718 65244.8256 -57.22109740310301 -71.97718645525812 704.9459138166541
60718 65664.8256 -79.65274157141015 -110.68226403639699 710.0340804638782
60718 66084.8256 -69.38968951908562 143.20210144457087 709.6315626286032
60718 66504.8256 -44.93204117323384 129.06389697968666 705.0519228383425
60718 66924.8256 -19.71301968283166 123.80492152916663 700.9588775806093
60718 67344.8256 5.677125551419787 120.05881799874378 702.0488950501549
60718 67764.8256 30.992481972443 115.95097197477197 709.2759285197961
60718 68184.8256 55.95235230636472 108.66625988669122 718.0701687734927
60718 68604.8256 78.73422985236157 75.01187283274284 723.1072952354388
60718 69024.8256 70.7444470801436 -34.943884804460886 720.514873268553
60718 69444.8256 46.45727652919357 -50.44916434461797 711.5066521972378
60718 69864.8256 21.27971794950665 -55.905369137152675 701.8463603862476
60718 70284.8256 -4.121854941418324 -59.68368135483655 696.7742334712733
60718 70704.8256 -29.505110368271165 -63.72998426790569 698.7122079108176
60718 71124.8256 -54.580020577789966 -70.68328173414967 704.9441669243494
60718 71544.8256 -77.78637688686162 -100.42754264427869 710.2548509181386
60718 71964.8256 -71.85508691348407 146.7967723524146 710.2268708545155
60718 72384.8256 -47.61384813391665 129.94457876810358 705.6372985006681
60718 72804.8256 -22.431646614509667 124.31930072777769 700.9493042606683
60718 73224.8256 2.9552205188237126 120.51668720238145 701.106894362264
60718 73644.8256 28.295049992707447 116.52910334227184 707.3787165356839
60718 74064.8256 53.32436746783546 109.87773712930401 716.2273418293009
60718 74484.8256 76.73360398072714 83.61165153209839 722.3687890147537
60718 74904.8256 73.14024090511974 -30.883016300059353 721.1599114774853
60718 75324.8256 49.10738967453512 -49.530974663043324 713.1591514703941
60718 75744.8256 23.982897000009856 -55.384121006225996 703.4615522186151
60718 76164.8256 -1.396345725407245 -59.22700731613865 698.588477422324
60718 76584.8256 -26.78096771717868 -63.162009483810955 699.9062640521231
60718 77004.8256 -51.89982738841939 -69.52751577418208 705.669726724541
60718 77424.8256 -75.62172117307261 -92.92552997555848 710.5849687655394
60718 77844.8256 -74.26174535537275 151.49167997369065 710.4720544033429
60718 78264.8256 -50.313247067708446 130.9217461332555 705.5330301822402
60718 78684.8256 -25.167979215727172 124.8551451349616 700.0596413354059
60718 79104.8256 0.22008633692926463 120.97496664818748 699.2042068758981
60718 79524.8256 25.58950658536953 117.08363733854735 704.9263433676617
60718 79944.8256 50.690897827302756 110.95527322782488 712.8478125180311
60718 80364.8256 74.53667426718262 89.88692502009675 720.4589874306827
60718 80784.8256 75.41659054303612 -25.624224441783156 721.2651112259853
60718 81204.8256 51.727907230071395 -48.52510683870794 715.0448846593654
60718 81624.8256 26.663165465516233 -54.84671904765086 706.1765000870117
60718 82044.8256 1.3075090813341768 -58.773589453988684 698.7905543267938
60718 82464.8256 -24.08219564400798 -62.62123703109786 701.0487392325222
60718 82884.8256 -49.23179837583885 -68.50031680826487 707.8016111802949
60718 83304.8256 -73.29155696127452 -87.40413722889267 713.6312352076327
60718 83724.8256 -76.5499156256463 157.79180367439926 714.1431882677819
60718 84144.8256 -53.04380130216939 132.0231977972502 708.8901496859389
60718 84564.8256 -27.964338568748726 125.42349756200542 702.0507570230196
60718 84984.8256 -2.5948814146216517 121.44452192337091 699.1300562406525
60718 85404.8256 22.790954433852193 117.63241185392219 702.8162312187767
60718 85824.8256 47.956392426172016 111.95655806185225 704.5128320691779
60718 86244.8256 72.15804455958457 94.70506860505236 714.3141952995901
