CIC_OEM_VERS = 2.0
CREATION_DATE = 2024-12-09T23:23:14.624900
ORIGINATOR = ISAE-SUPAERO


META_START
OBJECT_NAME = PLEIADES-NEO3
OBJECT_ID = PLEIADES-NEO3
CENTER_NAME = Earth
REF_FRAME = EME2000
TIME_SYSTEM = UTC
START_TIME = 2024-12-09T01:38:58.408
USEABLE_START_TIME = 2024-12-09T01:38:58.408
USEABLE_STOP_TIME = 2024-12-09T23:58:58.408
STOP_TIME = 2024-12-09T23:58:58.408
INTERPOLATION = lagrange
INTERPOLATION_DEGREE = 5
META_STOP



60653 5938.407999999999 3937.5995000000003 5790.1202 14.675402 0.84781187 -0.59627009 7.473357200000001
60653 6338.407999999999 3905.6276000000003 5028.5428 2910.7449 -1.0042782 -3.1509974 6.780993400000001
60653 6738.407999999999 3158.9759 3346.8436 5272.7895 -2.6704863 -5.1262951999999995 4.845936200000001
60653 7138.407999999999 1835.0209 1053.511 6668.9278 -3.8463971000000003 -6.162357 2.0268298000000002
60653 7538.408 176.10573000000002 -1432.1301 6844.7465 -4.3196319 -6.073230400000001 -1.1615244
60653 7938.408 -1514.8997 -3656.2304 5767.7137999999995 -4.0041519 -4.8744446 -4.1407075
60653 8338.408 -2929.3491000000004 -5212.5588 3633.6755000000003 -2.9543177999999997 -2.7800964 -6.365145000000001
60653 8738.408 -3806.4412 -5813.1236 832.9143 -1.3614842 -0.17314392 -7.4232839
60653 9138.408 -3985.1910000000003 -5347.1418 -2121.3997999999997 0.48182409000000004 2.4669926 -7.1175201
60653 9538.408 -3433.3089 -3900.8567000000003 -4685.7703 2.234166 4.651489400000001 -5.5054114
60653 9938.408 -2253.0927 -1740.5727 -6390.719400000001 3.5746003 5.9814634 -2.8876234
60653 10338.408 -661.39778 737.65396 -6925.594400000001 4.2604169 6.2175763 0.25432804
60653 10738.408 1050.9629 3081.2924 -6193.4685 4.1687012 5.3189113 3.3497966999999997
60653 11138.408 2571.3069 4862.1186 -4327.3892000000005 3.3148541000000002 3.4465482 5.8362061999999995
60653 11538.408 3621.1426 5753.1726 -1667.084 1.8522927 0.93930848 7.2560516
60653 11938.408 4007.3839 5590.0223 1299.0916000000002 0.04866770300000001 -1.7426026 7.3431866
60653 12338.408 3658.7862999999998 4401.7484 4026.6312000000003 -1.7624423 -4.1033527 6.0822603
60653 12738.408 2640.689 2407.9989 6015.4839 -3.247983 -5.7093267 3.7081331
60653 13138.408 1140.2178000000001 -25.63626 6902.7205 -4.137898600000001 -6.2701139 0.6597183700000001
60653 13538.408 -568.3201 -2454.6209 6527.2153 -4.2724268 -5.6865907 -2.5082933
60653 13938.408 -2173.0256 -4435.4141 4957.0885 -3.6264982 -4.0633525 -5.2210233
60653 14338.408 -3380.4155 -5605.2305 2478.0602999999996 -2.3152309 -1.6928112000000002 -6.980785200000001
60653 14738.408 -3968.25 -5747.8826 -455.92926 -0.5778595900000001 0.9910921600000001 -7.4600349
60653 15138.408 -3828.5224 -4836.809200000001 -3305.8208 1.2650310999999999 3.4929404 -6.5687066000000005
60653 15538.408 -2987.4614 -3039.5615000000003 -5549.0802 2.8735505 5.3518924 -4.4738803
60653 15938.408 -1600.3649 -686.71727 -6775.475200000001 3.954065 6.2296138 -1.563492
60653 16338.408 78.886855 1791.5475000000001 -6761.8199 4.312057 5.9696544000000005 1.6306954
60653 16738.408 1743.6701 3942.6852000000003 -5510.5217 3.8826802 4.6189295 4.5291759
60653 17138.408 3089.6651 5373.0217 -3249.134 2.7416826000000003 2.4199695 6.6020916
60653 17538.408 3869.4773 5818.843 -391.10019 1.0963204000000002 -0.22608002 7.4649599
60653 17938.408 3939.9281 5197.9434 2538.8652 -0.75031657 -2.8310252 6.955402100000001
60653 18338.408 3287.6097999999997 3623.387 5002.3465 -2.4570629 -4.9144291 5.1709824
60653 18738.408 2034.4426 1386.6916 6548.8494 -3.71106 -6.0950261 2.4421561
60653 19138.408 409.81279 -1103.2567 6896.6963 -4.2861493 -6.1617765 -0.72959103
60653 19538.408 -1289.5729 -3391.8827 5982.932900000001 -4.0790708 -5.1038571 -3.7687122
60653 19938.408 -2753.3286000000003 -5060.8665 3973.6307 -3.125874 -3.1109898 -6.1222446
60653 20338.408 -3712.9594 -5803.129599999999 1234.5303000000001 -1.5982428 -0.54421939 -7.3566794
60653 20738.408 -3992.2464 -5482.1587 -1730.9069 0.22378513000000003 2.1244072000000003 -7.238916100000001
60653 21138.408 -3539.5237 -4155.9281 -4378.322 2.0029728 4.4013482999999995 -5.7924717
60653 21538.408 -2439.175 -2069.2422 -6222.6697 3.4125506999999997 5.8691489 -3.286685
60653 21938.408 -893.31698 395.42684 -6927.5962 4.1967921 6.2631132 -0.18371735
60653 22338.408 815.52696 2787.9549 -6365.183 4.2150303000000005 5.5140813 2.9524126
60653 22738.408 2375.364 4671.3146 -4637.5317000000005 3.4629789 3.7561577 5.552250600000001
60653 23138.408 3500.6537000000003 5700.0133 -2058.8572 2.075265 1.3067864999999999 7.1381192
60653 23538.408 3984.3498 5684.1647 897.5876999999999 0.30534866 -1.3851163 7.4133505
60653 23938.408 3737.6016 4626.3364 3688.6677000000004 -1.5193752 -3.8215887 6.3268763
60653 24338.408 2806.3599 2721.0641 5803.1973 -3.0631601 -5.555057700000001 4.082123
60653 24738.408 1362.3682 318.60878 6854.662700000001 -4.0446235999999995 -6.270790600000001 1.0941606
60653 25138.408 -330.27931 -2142.0349 6651.9088 -4.2874722 -5.8417443 -2.09229
60653 25538.408 -1962.5783999999999 -4211.5424 5231.6862 -3.7473287 -4.3449558 -4.899124700000001
60653 25938.408 -3236.0827000000004 -5511.0288 2852.356 -2.5199962 -2.049612 -6.8123401999999995
60653 26338.408 -3916.5422000000003 -5800.6089 -50.718512000000004 -0.82898074 0.62474951 -7.4763703
60653 26738.408 -3878.9802000000004 -5026.7482 -2944.4073 1.0139489 3.1844571 -6.766345
60653 27138.408 -3130.3327999999997 -3331.2723 -5297.3904 2.6687056 5.1578394 -4.8162306
60653 27538.408 -1809.5445 -1026.9731 -6679.4487 3.8324058 6.1845698 -1.9874353000000002
60653 27938.408 -158.3844 1464.8682 -6839.0015 4.2954170000000005 6.0815578 1.2018884
60653 28338.408 1521.6296000000002 3689.3133 -5747.1350999999995 3.9743763 4.8680069999999995 4.1731793
60653 28738.408 2923.4885 5239.4585 -3602.331 2.9256227 2.7614897000000003 6.3846599
60653 29138.408 3789.7362000000003 5829.697099999999 -795.8910500000001 1.3387198 0.14478415 7.4275443999999995
60653 29538.408 3961.2951000000003 5351.3213 2156.6897000000004 -0.4945433 -2.4997632 7.1046793
60653 29938.408 3406.4664 3891.5981 4712.9295999999995 -2.2348585 -4.6831949999999996 5.478161600000001
60653 30338.408 2228.4348999999997 1719.8738 6404.8189 -3.5631880000000002 -6.0061024 2.850601
60653 30738.408 643.39884 -766.01453 6924.0208 -4.239057300000001 -6.2306419 -0.2944778
60653 31138.408 -1059.0503 -3112.1058 6176.4121 -4.1412531 -5.3178962 -3.3858683000000003
60653 31538.408 -2568.0026000000003 -4889.6729000000005 4297.8428 -3.2862053 -3.4314992 -5.8615968
60653 31938.408 -3606.9397000000004 -5772.1862 1630.2601000000002 -1.8275698 -0.91282376 -7.2660899
60653 32338.408 -3984.8478 -5596.9489 -1336.4155 -0.032385649 1.7756063 -7.335686
60653 32738.408 -3632.3131000000003 -4395.7367 -4057.513 1.7670029999999999 4.1362326000000005 -6.0582603
60653 33138.408 -2614.9499 -2389.8949 -6034.3025 3.239988 5.7362229 -3.6727121000000005
60653 33538.408 -1119.9646 52.489014000000005 -6906.160900000001 4.1189046 6.286314000000001 -0.6194465699999999
60653 33938.408 579.34509 2485.3127000000004 -6514.797500000001 4.2460192 5.6893089 2.5461152
60653 34338.408 2172.8138 4464.3692 -4931.156900000001 3.5975992999999997 4.052057899999999 5.249764
60653 34738.408 3369.0807999999997 5627.2119 -2443.3118 2.2890938999999997 1.6693953 6.9951541
60653 35138.408 3947.8617999999997 5758.8072999999995 492.98538 0.55927998 -1.022399 7.4572865
60653 35538.408 3802.8248 4834.5998 3338.4415 -1.2727163000000001 -3.5263682 6.549348200000001
60653 35938.408 2961.1474 3024.6183 5571.1975999999995 -2.8689503 -5.3812014 4.441567500000001
60653 36338.408 1578.2305000000001 661.7793 6783.0386 -3.9381033000000003 -6.2495112 1.5241571
60653 36738.408 -92.831222 -1821.922 6753.416 -4.2877035999999995 -5.9765028000000004 -1.669981
60653 37138.408 -1746.9072 -3972.9153 5487.6116 -3.8543123 -4.611357699999999 -4.56129
60653 37538.408 -3081.6145 -5397.5296 3215.8119 -2.7143923 -2.3992626 -6.6210549
60653 37938.408 -3851.5823 -5833.066400000001 353.51076 -1.0751079 0.25609556 -7.467113
60653 38338.408 -3915.4547000000002 -5199.2248 -2573.8395 0.76149593 2.8647232 -6.9403485
60653 38738.408 -3260.9320000000002 -3611.2958 -5028.3415 2.4561868 4.9456415 -5.1416583000000005
60653 39138.408 -2010.5372 -1363.606 -6561.0905999999995 3.6982835 6.1179201999999995 -2.4037789
60653 39538.408 -393.05361 1133.1026000000002 -6892.959400000001 4.2637467 6.1721763 0.76983217
60653 39938.408 1296.1163000000001 3423.0558 -5963.9773 4.0512046999999995 5.1000152 3.8033922
60653 40338.408 2748.4805 5087.7285 -3942.9806000000003 3.0976708 3.0936065 6.1451439
60653 40738.408 3697.5729 5820.7023 -1197.7491000000002 1.5748636 0.51635818 7.3637872
60653 41138.408 3969.1966 5487.3006 1767.0597 -0.23815731 -2.1577635 7.2286465
60653 41538.408 3513.2687 4148.054 4407.1170999999995 -2.0054542 -4.433656699999999 5.766545900000001
60653 41938.408 2414.4197000000004 2049.6351 6238.8235 -3.4028332999999997 -5.8947892 3.2503843000000003
60653 42338.408 874.58508 -423.18424 6928.2115 -4.176886400000001 -6.2776074 0.14347523
60653 42738.408 -824.85015 -2818.7868 6350.072700000001 -4.188602700000001 -5.5146769 -2.9896308
60653 43138.408 -2373.5679 -4699.4855 4609.2635 -3.4346424000000004 -3.7424352 -5.5797828
60653 43538.408 -3487.7253 -5719.6418 2021.794 -2.0498721 -1.2806171 -7.1516387
60653 43938.408 -3962.5370000000003 -5691.512900000001 -936.51983 -0.28709278 1.4192713000000001 -7.4090434
60653 44338.408 -3710.7119 -4619.6522 -3722.8801000000003 1.5269907 3.8569113 -6.304296900000001
60653 44738.408 -2778.0948 -2700.0325000000003 -5825.313 3.0589673 5.585445 -4.0456085
60653 45138.408 -1338.2323999999999 -287.65793 -6860.4083 4.0283973 6.2891235 -1.0502044000000001
60653 45538.408 345.9225 2177.2677000000003 -6640.0646 4.2618846 5.84453 2.1347465000000003
60653 45938.408 1966.8935000000001 4244.7216 -5204.6059000000005 3.717198 4.332154900000001 4.9316035000000005
60653 46338.408 3228.2835 5536.2455 -2815.4072 2.4912967 2.0242766 6.828946
60653 46738.408 3898.2227000000003 5813.483 91.012294 0.8070632600000001 -0.65814829 7.4750442
60653 47138.408 3853.8630000000003 5025.5635999999995 2980.3469 -1.0250497 -3.2198634000000004 6.7472703
60653 47538.408 3103.5462 3316.9524 5322.7078 -2.6669863 -5.188763 4.7828931
60653 47938.408 1785.9203 1002.0278000000001 6689.6230000000005 -3.8186407 -6.206052700000001 1.9461622
60653 48338.408 142.23769000000001 -1495.8745000000001 6832.215400000001 -4.272386900000001 -6.0898877 -1.2442490000000002
60653 48738.408 -1527.3642 -3720.6547 5724.362400000001 -3.9460828 -4.8612281 -4.2095653
60653 49138.408 -2917.7242 -5265.2734 3567.3632000000002 -2.8967057 -2.7401635 -6.4082587
60653 49538.408 -3773.4144 -5845.1872 755.38575 -1.3145273 -0.11317519000000001 -7.432817600000001
60653 49938.408 -3937.0222000000003 -5353.0464 -2195.5083 0.50938507 2.5357873 -7.0911702
60653 50338.408 -3377.5552000000002 -3877.5577000000003 -4742.8595000000005 2.2386785000000002 4.7186271 -5.448406299999999
60653 50738.408 -2200.1356 -1692.6892 -6419.9372 3.5548427 6.0332576 -2.8081355
60653 51138.408 -620.81479 801.2945 -6920.8932 4.2191621999999995 6.2432086 0.34171721000000005
60653 51538.408 1071.8621 3148.9863 -6155.0086 4.1130023 5.3132032 3.4284065
60653 51938.408 2568.6826 4921.361900000001 -4261.8728 3.2547359 3.4106746 5.8906216
60653 52338.408 3595.4976 5793.305 -1587.0 1.7991013 0.88060557 7.2754028
60653 52738.408 3963.8111000000004 5604.259599999999 1379.3203999999998 0.013060847 -1.8121353999999998 7.3243346
60653 53138.408 3603.6992000000005 4385.6075 4090.5362000000005 -1.770494 -4.1680405 6.0378713
60653 53538.408 2587.0543 2367.6337000000003 6056.0879 -3.2307778 -5.7612499 3.6393662
60653 53938.408 1098.3408000000002 -82.317841 6913.5500999999995 -4.0971868 -6.2986676 0.58274969
60653 54338.408 -590.48189 -2517.4094 6508.6269 -4.2163952 -5.6886627 -2.5757214
60653 54738.408 -2171.7603 -4494.1985 4915.771900000001 -3.5675919 -4.0420606 -5.2657088000000005
60653 55138.408 -3357.0504 -5651.6516 2424.5675 -2.2665335 -1.6546139000000002 -6.997402
60653 55538.408 -3928.8884 -5776.393 -510.63589 -0.5485382 1.0401581000000002 -7.450089
60653 55938.408 -3782.0782999999997 -4844.5617999999995 -3352.1525 1.2711071 3.5464626 -6.5360765
60653 56338.408 -2943.2922000000003 -3026.379 -5578.7469 2.857535 5.4030769 -4.4237077000000005
60653 56738.408 -1566.268 -654.7654 -6782.5488 3.9206526 6.270841900000001 -1.5016627
60653 57138.408 97.11474000000001 1836.5194 -6743.0048 4.2671184 5.9920127 1.6968897
60653 57538.408 1742.9932 3992.4748 -5467.7791 3.8308661 4.6125927 4.5892941
60653 57938.408 3069.3446000000004 5417.8850999999995 -3193.0906 2.6909109 2.3861669 6.6354066000000005
60653 58338.408 3831.5125000000003 5847.174599999999 -328.92940000000004 1.0596373000000001 -0.27635569 7.46904
60653 58738.408 3890.9421 5203.8245 2596.772 -0.7672346800000001 -2.8904923 6.9310356
60653 59138.408 3237.0343 3606.4711 5045.1457 -2.4512792 -4.9720166 5.1207588
60653 59538.408 1990.5096 1348.7701000000002 6567.8138 -3.6840297 -6.1406794 2.3751698
60653 59938.408 380.23809000000006 -1155.4716 6887.323200000001 -4.2423801999999995 -6.1862989 -0.80217445
60653 60338.408 -1299.4472 -3448.6529 5945.608700000001 -4.0257325999999996 -5.101583300000001 -3.8335732
60653 60738.408 -2741.5072000000005 -5111.287 3914.11 -3.0721087000000002 -3.0815986 -6.1663366
60653 61138.408 -3681.4157000000005 -5837.7521 1163.9993000000002 -1.5539786999999998 -0.49370515000000004 -7.3697645000000005
60653 61538.408 -3946.4038 -5494.0013 -1800.0002 0.24949335 2.1854847 -7.2190349
60653 61938.408 -3485.5950000000003 -4140.0431 -4431.2548 2.0058117 4.4635622999999995 -5.7479854
60653 62338.408 -2383.5912000000003 -2024.0904 -6246.8728 3.3989659000000003 5.9295944 -3.2179923
60653 62738.408 -845.03086 462.80334999999997 -6916.3195000000005 4.1659977 6.302493900000001 -0.090451403
60653 63138.408 847.3627700000001 2863.5483 -6315.9057 4.1653129 5.5154651 3.0477088
60653 63538.408 2384.5443 4739.267400000001 -4553.6720000000005 3.4008551000000002 3.7169912 5.625941
60653 63938.408 3484.3166 5745.5983 -1953.9176000000002 2.0124706000000003 1.2364937 7.169703800000001
60653 64338.408 3945.262 5698.4438 1005.1558000000001 0.25693676 -1.4677389 7.3946774
60653 64738.408 3684.2694 4608.4777 3779.9541000000004 -1.5408088 -3.8964968 6.2644294
60653 65138.408 2751.0939 2677.571 5863.7568 -3.0518692 -5.607492199999999 3.9943400000000002
60653 65538.408 1317.6334 259.65751 6878.6863 -4.0046324 -6.2954351 1.0026810000000002
60653 65938.408 -355.03949 -2205.4275000000002 6641.566400000001 -4.2298471 -5.8399071000000005 -2.1704694
60653 66338.408 -1963.0727 -4269.5741 5194.4457999999995 -3.685821 -4.3205488999999995 -4.954644
60653 66738.408 -3213.1291 -5555.237400000001 2798.0238 -2.4662633 -2.0059401 -6.8420741
60653 67138.408 -3874.8916000000004 -5823.9592999999995 -111.37747999999999 -0.79015774 0.68479142 -7.4786983000000005
60653 67538.408 -3825.2839 -5023.5188 -3000.1705 1.0346951 3.2554771000000002 -6.7391281
60653 67938.408 -3072.6464 -3299.8354 -5336.1095000000005 2.6696352 5.2282674 -4.7578813
60653 68338.408 -1755.5798 -969.97257 -6689.3223 3.8128102 6.239243900000001 -1.9030308
60653 68738.408 -116.69004 1537.1102 -6810.7618 4.2565933000000005 6.1046923 1.3058738
60653 69138.408 1543.9629 3762.4645 -5678.4216 3.9162124 4.844193100000001 4.2788303
60653 69538.408 2920.0887000000002 5294.4633 -3496.9767 2.8566997 2.6948503 6.4612942
60653 69938.408 3758.3749 5851.2227 -669.51128 1.2689259 0.045002463 7.4544199
60653 70338.408 3903.9661 5329.522 2281.7339 -0.55179413 -2.6118829999999997 7.0704832
60653 70738.408 3331.2762000000002 3827.1832000000004 4812.2330999999995 -2.2657066 -4.7811686 5.385993900000001
60653 71138.408 2147.8383 1622.9636 6458.8796 -3.5580963000000003 -6.0669879 2.7209263000000004
60653 71538.408 572.3377800000001 -877.60795 6923.715 -4.1972346 -6.2423775 -0.43119497
60653 71938.408 -1107.4103 -3218.611 6125.2492 -4.0718659 -5.2820575 -3.4989171999999997
60653 72338.408 -2585.7774 -4974.2941 4210.0106 -3.2056374 -3.3604127 -5.929441700000001
60653 72738.408 -3593.3893 -5824.3953 1526.4586000000002 -1.7540241 -0.82355594 -7.2805298
60653 73138.408 -3945.7441000000003 -5612.4389 -1435.9793 0.019749092000000003 1.8672775 -7.3017805
60653 73538.408 -3577.8898 -4376.0418 -4135.6009 1.791037 4.2188902 -5.9864212
60653 73938.408 -2556.7676 -2340.646 -6078.0842999999995 3.2354767000000004 5.8003537 -3.5748697000000003
60653 74338.408 -1068.7039 122.19434 -6907.4898 4.089592000000001 6.3229096 -0.50698841
60653 74738.408 614.66456 2562.4852 -6470.366900000001 4.1966747 5.6889554 2.6598172
60653 75138.408 2185.3862000000004 4532.8505000000005 -4843.0737 3.5339391 4.0092099 5.3463949
60653 75538.408 3354.1239 5669.747 -2323.8302000000003 2.2179839 1.5855521000000001 7.0532559
60653 75938.408 3904.7714 5761.8180999999995 624.75496 0.4923351 -1.1321446000000002 7.4583373
60653 76338.408 3736.2864 4792.6792000000005 3458.1701000000003 -1.3206721000000001 -3.6365494 6.4872676
60653 76738.408 2881.8736000000004 2943.603 5655.2768 -2.8844486000000003 -5.4646270999999995 4.3283112
60653 77138.408 1500.3405 555.9180600000001 6815.9665 -3.9154119 -6.2881707 1.3870997
60653 77538.408 -154.53972000000002 -1933.2053 6732.1872 -4.231120799999999 -5.9653645 -1.7984762
60653 77938.408 -1781.3682 -4070.946 5421.3863 -3.777464 -4.5582926 -4.6543273
60653 78338.408 -3084.1924 -5468.2757 3122.1232000000005 -2.6356037999999997 -2.3196419 -6.6644985
60653 78738.408 -3825.0662 -5869.2988 252.66853 -1.0108269 0.34645949000000004 -7.4600518000000005
60653 79138.408 -3867.7997000000005 -5199.1059000000005 -2662.8456 0.80075414 2.9529642 -6.8908138
60653 79538.408 -3203.9749 -3579.1467000000002 -5090.5763 2.4669388 5.021231 -5.0589107
60653 79938.408 -1954.6964 -1305.183 -6585.5964 3.6826308 6.1722416 -2.2995801
60653 80338.408 -348.08486 1207.3251 -6873.2823 4.2258303999999995 6.195214600000001 0.88445219
60653 80738.408 1322.1948 3498.6569 -5899.0286 3.9951073999999998 5.0817664 3.913317
60653 81138.408 2749.3107000000005 5147.2124 -3839.5989 3.0290401 3.030825 6.2283885
60653 81538.408 3670.2796000000003 5848.036 -1070.8926999999999 1.5034936 0.41797055 7.398345000000001
60653 81938.408 3914.9631000000004 5471.2936 1895.6912 -0.29876378 -2.2715529 7.2020088
60653 82338.408 3439.2839 4087.7690000000002 4512.750099999999 -2.0413375 -4.5366664000000005 5.6798915
60653 82738.408 2332.8894 1954.4401 6300.7174 -3.4033774 -5.9625766 3.1219358
60653 83138.408 800.4518800000001 -535.8794200000001 6935.2775 -4.1398603000000005 -6.296170500000001 0.003301126
60653 83538.408 -877.79864 -2928.797 6304.101000000001 -4.1218121000000005 -5.4837867 -3.1098386000000002
60653 83938.408 -2396.3962 -4789.0278 4523.362 -3.3537575000000004 -3.6733746000000003 -5.6564233999999995
60653 84338.408 -3478.654 -5777.2982 1917.0149 -1.9733427 -1.1907102999999999 -7.173567200000001
60653 84738.408 -3926.4125 -5711.8347 -1039.7173 -0.23055158 1.5133045 -7.3805356
60653 85138.408 -3657.2226 -4603.407200000001 -3806.0669 1.5556513 3.9428777 -6.2360116
60653 85538.408 -2720.0117999999998 -2654.149 -5875.3301 3.0577407 5.6522707 -3.9493556
60653 85938.408 -1285.9297 -220.0641 -6868.4313 4.0015526 6.3294186 -0.93841608
60653 86338.408 383.16894 2254.1075 -6602.3198 4.2144703 5.84924 2.249361
