CIC_OEM_VERS = 2.0
CREATION_DATE = 2025-01-28T14:09:26.013826
ORIGINATOR = ISAE-SUPAERO


META_START
OBJECT_NAME = PLEIADES1B
OBJECT_ID = PLEIADES1B
CENTER_NAME = Earth
REF_FRAME = EME2000
TIME_SYSTEM = UTC
START_TIME = 2025-01-28T04:07:04.879
USEABLE_START_TIME = 2025-01-28T04:07:04.879
USEABLE_STOP_TIME = 2025-01-28T23:57:04.879
STOP_TIME = 2025-01-28T23:57:04.879
INTERPOLATION = lagrange
INTERPOLATION_DEGREE = 5
META_STOP



60703 14824.879 -1868.2412 6824.8557 14.657069 1.033502 0.26608754 7.4291625
60703 15244.879 -1265.6438 6265.4307 3031.122 1.7874422 -2.8827563 6.6951822000000005
60703 15664.879 -415.93364 4482.6167000000005 5454.0762 2.1914987999999997 -5.4650462 4.6513743000000005
60703 16084.879 514.94311 1825.4629 6810.7033 2.1677942 -6.97809 1.702022
60703 16504.879 1345.5146000000002 -1187.3585 6837.137900000001 1.7217598 -7.131016300000001 -1.5784397
60703 16924.879 1913.8086 -3968.6130000000003 5527.6372 0.9393306800000001 -5.893144500000001 -4.5544248
60703 17344.879 2107.965 -5974.332 3134.1467000000002 -0.028935208 -3.4998835 -6.6464599
60703 17764.879 1889.709 -6810.6549 126.84599000000001 -0.993193 -0.4159052 -7.4350758
60703 18184.879 1301.1344 -6312.291 -2905.4233 -1.762734 2.7489215 -6.7633758
60703 18604.879 457.32921999999996 -4574.888900000001 -5364.7605 -2.1875666000000002 5.3737504 -4.769914
60703 19024.879 -476.66586 -1940.4785 -6772.934 -2.1840956 6.9485501 -1.8362558
60703 19444.879 -1317.2556000000002 1071.7567 -6854.8798 -1.7527044 7.15789 1.4506660999999998
60703 19864.879 -1900.5464 3874.7525 -5594.1112 -0.97864795 5.9678975 4.453378
60703 20284.879 -2112.234 5920.089400000001 -3236.7649 -0.012509823000000002 3.6095867 6.5852103
60703 20704.879 -1910.665 6807.1658 -244.50727 0.95631951 0.54454112 7.4258996
60703 21124.879 -1335.4402 6363.0491 2795.7822 1.7369829 -2.6226534999999997 6.8110936
60703 21544.879 -499.49282 4676.9809000000005 5289.5061 2.177169 -5.2705336 4.8674529
60703 21964.879 433.66425 2080.9303999999997 6751.5905 2.1930075 -6.8867131 1.9806470999999999
60703 22384.879 1282.6558 -919.25973 6899.447099999999 1.7830879 -7.1641461 -1.2882114
60703 22804.879 1882.5534 -3740.8281 5704.2529 1.0260704 -6.0494813 -4.3101265
60703 23224.879 2116.035 -5834.1637 3396.2937 0.066717744 -3.7521125000000004 -6.4988773
60703 23644.879 1936.31 -6788.018 423.96070000000003 -0.90870282 -0.71395168 -7.4206163
60703 24064.879 1377.5388 -6413.1639000000005 -2631.6227999999996 -1.7079011000000002 2.4697082 -6.8867098
60703 24484.879 548.85476 -4781.7846 -5170.328 -2.1724088000000004 5.1690594 -5.000544700000001
60703 24904.879 -387.30379 -2214.2137000000002 -6694.2945 -2.2113367 6.8537236 -2.1360942
60703 25324.879 -1247.6563999999998 785.9043800000001 -6906.1646 -1.8181726000000002 7.197259 1.1434425000000001
60703 25744.879 -1864.3391000000001 3632.7972999999997 -5765.1858 -1.0695554 6.1342023 4.1998111
60703 26164.879 -2116.4822999999997 5769.327200000001 -3494.0379 -0.11102200999999999 3.8702568000000004 6.4352153
60703 26584.879 -1954.4701000000002 6776.9051 -537.42084 0.86962965 0.8480472 7.4089964
60703 27004.879 -1410.0971000000002 6458.798 2524.7436000000002 1.6791972000000002 -2.3363668 6.929859400000001
60703 27424.879 -590.30812 4879.5234 5093.0653 2.159306 -5.057013 5.0976716
60703 27844.879 344.42873 2350.384 6667.6143 2.2182183 -6.7866747 2.2771453999999998
60703 28264.879 1212.3174 -635.32505 6944.0278 1.8463910000000001 -7.1963313 -0.9825001099999999
60703 28684.879 1844.79 -3497.585 5868.8065 1.1153734 -6.2079986 -4.0539117000000005
60703 29104.879 2118.2853 -5679.134400000001 3649.0317999999997 0.16487139 -4.0070186 -6.3422386
60703 29524.879 1978.1529 -6751.5653 715.3808 -0.82096516 -1.0156795 -7.3954262
60703 29944.879 1450.9293 -6502.8634 -2358.582 -1.6479407000000001 2.1807778 -6.997974
60703 30364.879 639.40021 -4979.9983 -4969.2491 -2.1520354000000004 4.9498943 -5.2261831
60703 30784.879 -297.34733 -2481.9919 -6604.517 -2.2344292 6.7470073 -2.4316093999999997
60703 31204.879 -1175.8583 500.923 -6945.1898 -1.8801594000000001 7.2234845 0.83565133
60703 31624.879 -1824.7518 3386.3343 -5925.4822 -1.1584417 6.2884252 3.9396568000000003
60703 32044.879 -2116.9103999999998 5609.696 -3744.3856 -0.20951293 4.1226842 6.2737615
60703 32464.879 -1994.8831000000002 6735.5010999999995 -828.82027 0.78090579 1.1491713 7.3782863
60703 32884.879 -1482.5957 6543.7447 2249.4573 1.6177054000000002 -2.0460936 7.0357649
60703 33304.879 -680.73616 5074.1275000000005 4887.642400000001 2.1369746 -4.8344088 5.3186613
60703 33724.879 253.72595 2616.4138 6571.8774 2.2392235 -6.6746545 2.5697867000000003
60703 34144.879 1138.9449 -349.62008000000003 6976.4163 1.9065490999999999 -7.2161636 -0.67504845
60703 34564.879 1802.9886000000001 -3247.6899 6022.9568 1.203097 -6.3559367 -3.7911035
60703 34984.879 2116.2127 -5513.7020999999995 3894.9401000000003 0.26322196000000003 -4.2547407999999995 -6.1754312
60703 35404.879 2016.1666000000002 -6702.7767 1004.755 -0.73130236 -1.3148975 -7.3580309
60703 35824.879 1521.606 -6580.2595 -2082.4293000000002 -1.5846655 1.8891898000000003 -7.097243000000001
60703 36244.879 728.82502 -5168.0818 -4760.447700000001 -2.1275099 4.7231604 -5.4422073
60703 36664.879 -206.72808 -2743.6486 -6503.8189 -2.2533072 6.629015900000001 -2.7217979
60703 37084.879 -1101.7526 216.98579999999998 -6972.0185 -1.9386586000000001 7.2369063 0.52791219
60703 37504.879 -1781.6682 3135.6272000000004 -6074.763900000001 -1.2452485999999998 6.4306279 3.6738116
60703 37924.879 -2113.3579 5441.3877 -3987.1659 -0.30783833 4.3664221 6.1018345
60703 38344.879 -2031.6718 6682.8225 -1117.6970000000001 0.69035043 1.4468541000000001 7.334444
60703 38764.879 -1552.5941 6617.2313 1971.087 1.552781 -1.7531429 7.1287434
60703 39184.879 -770.3081500000001 5259.5307 4674.2222 2.11037 -4.6037767999999994 5.5297447
60703 39604.879 162.06519 2877.4326 6464.952700000001 2.2560089 -6.5510758 2.8573706000000003
60703 40024.879 1062.9966000000002 -63.742774 6996.6765000000005 1.9633483 -7.2232867 -0.36697569
60703 40444.879 1757.4968000000001 -2992.4709 6166.403200000001 1.2889493 -6.4924435 -3.5222662999999996
60703 40864.879 2110.0370000000003 -5338.8004 4133.617700000001 0.36149996 -4.4944433 -5.9983886
60703 41284.879 2050.4641 -6642.2304 1291.7782 -0.63986991 -1.6110103999999998 -7.3080922
60703 41704.879 1589.6428 -6645.754900000001 -1803.3131 -1.5181315 1.5951742 -7.184169
60703 42124.879 817.1761300000001 -5346.365 -4543.9569 -2.0989018 4.4890184 -5.648439000000001
60703 42544.879 -115.43308 -2999.4176 -6392.2265 -2.2680134 6.4999814 -3.0065855000000004
60703 42964.879 -1025.3539 -66.010545 -6986.6896 -1.9937182 7.2378362 0.22025451000000001
60703 43384.879 -1735.1121 2880.6916 -6213.0194 -1.329961 6.5610684 3.4025554000000002
60703 43804.879 -2105.8241000000003 5264.4776 -4222.2195 -0.40590419000000005 4.6014745 5.9198186999999995
60703 44224.879 -2064.7959 6618.9018 -1403.7432 0.59804711 1.7409003 7.277793300000001
60703 44644.879 -1620.0217 6679.161400000001 1690.0597 1.4844901 -1.4579883 7.2088894
60703 45064.879 -858.928 5435.4172 4453.2097 2.0795144 -4.3656139000000005 5.7306737000000005
60703 45484.879 69.528728 3132.9459 6347.087500000001 2.268489 -6.416257 3.1394273
60703 45904.879 984.51037 221.73328 7004.842000000001 2.0166707 -7.217754 -0.058806987
60703 46324.879 1708.3031 -2732.4687999999996 6298.9704 1.372827 -6.617318 -3.2478512999999998
60703 46744.879 2099.7177 -5154.839599999999 4364.7256 0.45967585000000005 -4.725731700000001 -5.8114256
60703 47164.879 2081.015 -6570.1732 1576.0591000000002 -0.54664532 -1.9035688 -7.2456689
60703 47584.879 1655.0239 -6699.4242 -1521.6172 -1.4482933 1.2990995 -7.2586731
60703 48004.879 904.45497 -5514.790400000001 -4320.1043 -2.0661880000000004 4.2477157 -5.8446963
60703 48424.879 -23.449013 -3249.2388 -6270.0313 -2.2785412000000003 6.3599417 -3.2857367
60703 48844.879 -947.17327 -343.83095000000003 -6985.0476 -2.0451531 7.2313772 -0.076131039
60703 49264.879 -1685.7679 2627.59 -6333.6117 -1.4083830000000002 6.6754538000000005 3.1464893000000003
60703 49684.879 -2094.3937 5083.661700000001 -4441.2336 -0.4972923 4.8131794 5.7434196
60703 50104.879 -2093.7468 6546.893099999999 -1677.5572 0.5098396000000001 2.0129126 7.2126284
60703 50524.879 -1682.1480000000001 6724.907400000001 1415.95 1.4175252 -1.177406 7.2761012
60703 50944.879 -940.48961 5583.8225999999995 4231.8204000000005 2.0502363999999997 -4.142969 5.9177366000000005
60703 51364.879 -15.63319 3354.6597 6220.6695 2.2803364999999998 -6.2929196 3.3982493
60703 51784.879 912.30438 470.91774 6992.9202000000005 2.0651854 -7.2111906 0.21877418
60703 52204.879 1662.438 -2504.6632999999997 6398.6503 1.4476853 -6.7234222 -3.0016604000000005
60703 52624.879 2088.4621 -4991.8225 4553.7354000000005 0.5471698 -4.923429199999999 -5.6381665000000005
60703 53044.879 2106.777 -6504.3538 1817.6267 -0.46164061 -2.1588366999999997 -7.1742549
60703 53464.879 1713.2717 -6745.4137 -1274.6146 -1.3809869000000001 1.0297528 -7.3053885
60703 53884.879 983.69203 -5663.4538 -4116.4475 -2.0303638 4.0132992 -6.0119768
60703 54304.879 61.86699900000001 -3475.5313 -6153.3862 -2.2832023 6.2146057 -3.5385168
60703 54724.879 -871.73639 -611.8721400000001 -6989.259599999999 -2.0889553000000003 7.1954789 -0.37716826
60703 55144.879 -1635.6066 2371.1212 -6460.5306 -1.4884113 6.7742537 2.8527308
60703 55564.879 -2081.1355 4892.6258 -4671.2413 -0.59792948 5.0339825000000005 5.5267074
60703 55984.879 -2121.2765 6461.0481 -1969.7857 0.41017537 2.3102582000000003 7.1239669
60703 56404.879 -1747.734 6769.3692 1116.7964 1.3391279999999999 -0.86671986 7.3293
60703 56824.879 -1033.2147 5756.9062 3984.9772000000003 2.0066344 -3.8735250999999997 6.1016202
60703 57244.879 -117.31592 3622.3226 6074.436 2.2825049 -6.1224229999999995 3.6833508000000004
60703 57664.879 821.44726 782.24552 6977.902400000001 2.1137765 -7.1778648 0.5473286
60703 58084.879 1600.1797 -2210.0933 6518.6522 1.5328294 -6.8350876 -2.6989581
60703 58504.879 2067.0474 -4771.7773 4785.396900000001 0.65174196 -5.1568831 -5.4209588
60703 58924.879 2131.3433999999997 -6403.514700000001 2118.8856 -0.35819977999999997 -2.4660369 -7.0812344000000005
60703 59344.879 1777.4025000000001 -6779.045 -965.1732800000001 -1.2991256000000002 0.7073397 -7.3597782
60703 59764.879 1074.9386000000002 -5823.7311 -3856.5721000000003 -1.9868299 3.740969 -6.203638600000001
60703 60184.879 162.31664 -3731.4719 -5995.2007 -2.2862177999999997 6.0478518 -3.8235459
60703 60604.879 -782.2597900000001 -909.48285 -6959.8776 -2.137376 7.1654644 -0.69872384
60703 61024.879 -1574.1578000000002 2090.2318999999998 -6562.3678 -1.5710012 6.8817759 2.55991
60703 61444.879 -2058.6146000000003 4681.732900000001 -4880.008 -0.69754003 5.2536263 5.3182385000000005
60703 61864.879 -2140.7657999999997 6358.3203 -2241.6312000000003 0.31291552 2.5972616 7.0362859
60703 62284.879 -1804.4094 6791.9491 836.14783 1.2620325000000001 -0.56635875 7.3753684999999995
60703 62704.879 -1115.6792 5899.1983 3750.2037000000005 1.9633534 -3.6143669000000003 6.2710002000000005
60703 63124.879 -209.35155 3856.341 5931.77 2.2808498 -5.951182200000001 3.9461302000000003
60703 63544.879 737.73446 1063.6763 6957.2963 2.1546143000000004 -7.1273708 0.8569891199999999
60703 63964.879 1541.5424 -1935.56 6628.0788 1.609696 -6.9187459 -2.3994187
60703 64384.879 2045.5138000000002 -4558.1398 5006.687 0.74999269 -5.3622361000000005 -5.1948807
60703 64804.879 2150.2684 -6291.2321 2405.4546 -0.25952148999999997 -2.7518605 -6.9830736
60703 65224.879 1834.23 -6792.7484 -666.9623 -1.2206981000000001 0.40454653 -7.4033631
60703 65644.879 1158.5385 -5962.3141 -3608.2243 -1.943214 3.4839312000000002 -6.3684617
60703 66064.879 255.70117000000002 -3963.0856000000003 -5840.6140000000005 -2.2841864999999997 5.876904000000001 -4.0843846
60703 66484.879 -697.3728199999999 -1184.4606 -6921.1139 -2.1793560000000003 7.1242015 -0.99871661
60703 66904.879 -1514.1861000000001 1825.78 -6645.5351 -1.6456402 6.970237 2.2853272000000002
60703 67324.879 -2034.2274 4477.9906 -5064.5752 -0.7892949499999999 5.4489002 5.1185663
60703 67744.879 -2155.2882000000004 6251.9855 -2487.6812000000004 0.22242356000000002 2.8578272000000005 6.947169
60703 68164.879 -1853.6399 6799.8865000000005 578.43989 1.18976 -0.29128961 7.4092693
60703 68584.879 -1189.0592 6016.6056 3531.2574 1.9218778 -3.3745642 6.4185020999999995
60703 69004.879 -292.38160999999997 4059.506 5794.0053 2.2769511000000002 -5.788557300000001 4.1791746000000005
60703 69424.879 661.20024 1313.5853 6928.4861 2.1890775 -7.0710313 1.1352457
60703 69844.879 1486.7235 -1686.9564 6717.1638 1.6772547 -6.9820229000000005 -2.1249286
60703 70264.879 2024.1401 -4360.4908 5201.057 0.8392958300000001 -5.5385336 -4.9766076
60703 70684.879 2168.3074 -6186.7495 2672.2023 -0.16486312 -3.0121175 -6.866910700000001
60703 71104.879 1889.6903 -6806.4902 -378.5626 -1.1404013 0.11150314 -7.4194258
60703 71524.879 1241.5193000000002 -6095.0978 -3354.9638 -1.8949224999999998 3.2204219 -6.5171408
60703 71944.879 350.21035 -4190.0212 -5672.5485 -2.2787026 5.7003112 -4.3345555000000004
60703 72364.879 -609.68783 -1464.2761 -6876.2005 -2.2161392 7.0632653 -1.3015739000000002
60703 72784.879 -1450.1575 1547.0538000000001 -6731.8481 -1.7191279 7.0413515 1.9868007
60703 73204.879 -2006.4884 4255.5745 -5264.5029 -0.88555962 5.6417566 4.8868474
60703 73624.879 -2169.4494 6129.8948 -2762.2255 0.12260108 3.1345053 6.8297579
60703 74044.879 -1906.8873999999998 6801.9211 283.23845 1.1066568 0.012867943000000001 7.4299116000000005
60703 74464.879 -1270.6784 6141.2969 3273.2887 1.8720672 -3.1045423999999997 6.5714846
60703 74884.879 -386.1551 4280.9749 5622.8077 2.2697228000000003 -5.6053072 4.4318301
60703 75304.879 573.5960799999999 1587.5123999999998 6875.6687 2.225062 -7.0081482 1.4369375
60703 75724.879 1422.1198000000002 -1414.0775 6791.2358 1.7489593 -7.0495449 -1.8320775000000002
60703 76144.879 1994.8298 -4141.3539 5386.487 0.9329496500000001 -5.7227643 -4.7476082
60703 76564.879 2179.8725 -6063.7083 2932.5548 -0.06696447000000001 -3.2783583 -6.745048799999999
60703 76984.879 1939.9397 -6803.7420999999995 -94.167888 -1.0569434000000002 -0.18629816 -7.428737600000001
60703 77404.879 1320.8667 -6214.0311 -3102.3385 -1.8421306 2.9482953000000003 -6.6568351
60703 77824.879 443.32115000000005 -4408.3633 -5501.8278 -2.2671006000000005 5.5070132 -4.578621500000001
60703 78244.879 -520.98106 -1740.1215 -6822.0442 -2.2484016000000002 6.9874113 -1.6033357000000001
60703 78664.879 -1383.3908999999999 1268.5661000000002 -6804.316900000001 -1.7897958 7.100900800000001 1.6868447000000002
60703 79084.879 -1975.1078 4028.2892 -5453.1072 -0.97831108 5.8193117 4.6531226
60703 79504.879 -2179.1265 5997.3995 -3028.4954 0.024293422 3.3991424 6.704631099999999
60703 79924.879 -1955.3417 6789.2615000000005 -7.5026874 1.0236148 0.30855596 7.4403876
60703 80344.879 -1347.7198999999998 6248.4643 3015.1002000000003 1.8212793 -2.8397617 6.7124350999999995
60703 80764.879 -476.27095 4484.3972 5445.777 2.2601877 -5.4225384000000005 4.6708129
60703 81184.879 488.41789 1844.2133999999999 6811.0346 2.2574217 -6.9403189 1.724423
60703 81604.879 1358.1428999999998 -1154.9365 6847.896 1.8157951 -7.1053119 -1.551014
60703 82024.879 1963.9737 -3929.6911 5550.7948 1.0213529 -5.8893721 -4.5237532
60703 82444.879 2187.8714 -5940.1755 3171.6172 0.026825147 -3.5250736000000003 -6.6184389
60703 82864.879 1985.4718 -6793.2352 172.91520000000003 -0.97493869 -0.46851477 -7.4232008
60703 83284.879 1395.592 -6320.4665 -2859.4162 -1.7873445 2.6823833 -6.775983
60703 83704.879 533.28492 -4613.8904 -5332.086700000001 -2.2506961999999997 5.3090866 -4.8028994
60703 84124.879 -433.08837 -2007.0182 -6761.6948 -2.2747501000000003 6.898624600000001 -1.8916108
60703 84544.879 -1314.9682 991.36047 -6868.7592 -1.8548993 7.1424488 1.3909021000000001
60703 84964.879 -1940.0617 3796.0185 -5631.2131 -1.0715835 5.990006800000001 4.4063966
60703 85384.879 -2185.4618 5857.5112 -3289.1674 -0.076609251 3.6614558 6.5628741
60703 85804.879 -2002.1753 6770.034000000001 -300.23536 0.9349268700000001 0.61116883 7.4322061
60703 86224.879 -1426.0520000000001 6354.2588 2747.8546 1.7625264 -2.5571299 6.83998
