CIC_AEM_VERS = 1.0
CREATION_DATE = 2025-02-05T13:42:28.789Z
ORIGINATOR = CS Group

META_START
OBJECT_NAME = PLEIADES-NEO3
OBJECT_ID = PLEIADES-NEO3
CENTER_NAME = null
REF_FRAME_A = EME2000
REF_FRAME_B = SC_BODY_1
ATTITUDE_DIR = A2B
TIME_SYSTEM = UTC
START_TIME = 2025-02-05T05:08:25.857888
STOP_TIME = 2025-02-06T00:00:00.0
ATTITUDE_TYPE = QUATERNION
QUATERNION_TYPE = LAST
META_STOP

60711 18505.857888 -0.4162774995012213 -0.6287931773726004 -0.5483927608545575 -0.36138284870895065
60711 18925.857888 -0.5467586568517793 -0.5193634611090376 -0.6154876965800614 -0.22911015206893337
60711 19345.857888 -0.6493708862656681 -0.38345636813052897 -0.6511779191470098 -0.08512334242765225
60711 19765.857888 -0.7188713515720003 -0.2279824579459985 -0.6536423856455886 0.06324247342957236
60711 20185.857888 -0.7516983673768285 -0.06083110176613614 -0.6227423154906443 0.20842540641265295
60711 20605.857888 -0.7461432745444455 0.10949926240163717 -0.5600199550568818 0.34301279177849586
60711 21025.857888 0.7024674092499964 -0.27426760999999894 0.46866980849868406 -0.4600711115124413
60711 21445.857888 0.6230142269725013 -0.4248806370265781 0.35349709669178714 -0.5535065671699144
60711 21865.857888 0.5117700443355552 -0.5538794843033819 0.2202370074415815 -0.6187120486476569
60711 22285.857888 0.3744527867495958 -0.654610883393902 0.07574327560830801 -0.6523286426624548
60711 22705.857888 0.21804223468508885 -0.72195340148299 -0.07263343387074353 -0.6526601368743288
60711 23125.857888 0.05048036306121812 -0.7524674313338018 -0.2173382846780207 -0.6196842484203817
60711 23545.857888 -0.11972319062967551 -0.7445724774589771 -0.3509876767089312 -0.5550548029109543
60711 23965.857888 -0.28379569169182284 -0.6986731423724436 -0.46667295609701626 -0.4620954420379489
60711 24385.857888 -0.43344320650230295 -0.6170885713887597 -0.5585368584856558 -0.34549277779912557
60711 24805.857888 -0.5609476879925169 -0.5040151783381772 -0.6218390104569295 -0.21124070728562802
60711 25225.857888 -0.6598241289405605 -0.3651919432646065 -0.653368483112505 -0.0661557912636177
60711 25645.857888 -0.7249713213400516 -0.20779100443545892 -0.6515154001986966 0.08226278024778252
60711 26065.857888 -0.7531066618221207 -0.03981782866232783 -0.6164113568604462 0.22645515135059938
60711 26485.857888 -0.742814958777192 0.13018794681744464 -0.5498549950072505 0.359077317559705
60711 26905.857888 0.6946230435958093 -0.2935789154217156 0.45522797312304114 -0.47336850361192334
60711 27325.857888 0.6109794301953728 -0.44202513541874994 0.3373367410510721 -0.5634907618348463
60711 27745.857888 0.4961750542025811 -0.5679052785017722 0.20222219717868203 -0.6248200486581048
60711 28165.857888 0.35606050565814473 -0.6648051915327127 0.05676675451292752 -0.654241934763959
60711 28585.857888 0.19779216109702158 -0.7277694665107513 -0.09159174882847215 -0.6502621134356272
60711 29005.857888 0.029421005788188362 -0.7535889950144544 -0.23529082009551816 -0.6130874823304537
60711 29425.857888 -0.1404933872664236 -0.7409371938396576 -0.3669943507362956 -0.544599696517603
60711 29845.857888 -0.30334031356661784 -0.6904173117575415 -0.47999625351703445 -0.44823229067126186
60711 30265.857888 -0.45069136030589224 -0.6046167720819673 -0.5684317964909298 -0.3289394312041371
60711 30685.857888 -0.5749925269279531 -0.4879493603216726 -0.6277756414336455 -0.19283868844516838
60711 31105.857888 -0.6699977885162709 -0.3461989360517528 -0.6550326661372736 -0.04670617039573869
60711 31525.857888 -0.7306989432660922 -0.1866905760142297 -0.6487289358840796 0.10186486579778607
60711 31945.857888 -0.7539577660538518 -0.017669854007067314 -0.6092007730468441 0.24517316612056464
60711 32365.857888 -0.7386331778822084 0.1521548196648207 -0.5385313739608937 0.37583759610260886
60711 32785.857888 0.685597502127847 -0.3140913796354991 0.44040110126647947 -0.48718532440745577
60711 33205.857888 0.5976557395483976 -0.4598919902813396 0.31987887706426327 -0.5735716853785865
60711 33625.857888 0.4793850277779719 -0.5821596983488476 0.18316365446086091 -0.6306593029879399
60711 34045.857888 0.33681139292934575 -0.6747714145102867 0.03718280908136313 -0.6556363797575603
60711 34465.857888 0.17713492448952092 -0.7330778545057828 -0.11069342608870268 -0.6472766357439723
60711 34885.857888 0.008373898304199339 -0.754120242887766 -0.25301234438745396 -0.6059845630720737
60711 35305.857888 -0.16097728218787097 -0.7367608663509906 -0.3825595665819801 -0.533777030650207
60711 35725.857888 -0.32235282019875694 -0.681753309420054 -0.4927196902996688 -0.43419856194569606
60711 36145.857888 -0.4674220121007726 -0.591787964740565 -0.5777520934446801 -0.3122598051497734
60711 36565.857888 -0.5885957372148193 -0.4714658788348409 -0.6331769982204158 -0.17424658433271462
60711 36985.857888 -0.6795906139663831 -0.3269872944768394 -0.6561185487762671 -0.027282899611963975
60711 37405.857888 -0.7357853220527314 -0.16554059808802146 -0.6453746130469272 0.12127604491797771
60711 37825.857888 -0.7541553337209923 0.0043970323355030224 -0.6014598185497039 0.2635839247696578
60711 38245.857888 -0.7338267354499671 0.17387155493846482 -0.5267629862649262 0.3921578266761757
60711 38665.857888 0.6759198760773266 -0.33441642346487294 0.42509154022033724 -0.5005948054801165
60711 39085.857888 0.5834799055632894 -0.47775715177441613 0.30172252614588674 -0.5833205130529843
60711 39505.857888 0.46136172073685244 -0.5965527062043899 0.16306228545279114 -0.6361453626505987
60711 39925.857888 0.3158393756198001 -0.6848452281361793 0.01618359763193562 -0.6564835058665883
60711 40345.857888 0.15437748093691722 -0.7382089246007698 -0.1314047244342754 -0.6433878887698297
60711 40765.857888 -0.014870953095854374 -0.7540205007277728 -0.2722558727561687 -0.5975857084854327
60711 41185.857888 -0.18339912306723266 -0.7315014372817568 -0.3992756353459491 -0.521391768185865
60711 41605.857888 -0.34271571180321914 -0.6717477903319152 -0.5060338110106817 -0.41860557710260826
60711 42025.857888 -0.48468564863403907 -0.5777384749224609 -0.5870466475740714 -0.29440501044396916
60711 42445.857888 -0.6020378058616138 -0.45418710148594793 -0.6381379757804133 -0.15506282927898513
60711 42865.857888 -0.6887019318066622 -0.30734954267838704 -0.6566330048755026 -0.007681448387266901
60711 43285.857888 -0.7401687712726173 -0.14470540841203924 -0.6415279829298846 0.14018695348356303
60711 43705.857888 -0.7537404470151478 0.0254245725221696 -0.5935507755075003 0.28093843905723387
60711 44125.857888 -0.7287008250119053 0.19423612566222023 -0.5151723854563082 0.40726508367150244
60711 44545.857888 0.6663483709866137 -0.3531033737956977 0.4104045705685174 -0.5127045390417885
60711 44965.857888 0.5699426472986794 -0.4938303680558083 0.2846742181633605 -0.591825595838096
60711 45385.857888 0.44454236435690686 -0.6091935398381026 0.1445141628173715 -0.6406098454259718
60711 45805.857888 0.29657173980807394 -0.6934093704186348 -0.0029370497427773715 -0.6566734514975103
60711 46225.857888 0.13362262675707057 -0.7422462357238262 -0.15013220065325797 -0.6392775934594929
60711 46645.857888 -0.03606220694284516 -0.7533018186519539 -0.2896301041982661 -0.5893643100732956
60711 47065.857888 -0.2039341687967378 -0.7260405417901714 -0.414394171308232 -0.5094638920080415
60711 47485.857888 -0.3615216428469579 -0.6618129040677547 -0.5181020956021141 -0.4035789889170884
60711 47905.857888 -0.5007764800279069 -0.5638455348121745 -0.5954311132438883 -0.27706121941617234
60711 48325.857888 -0.6145718655475026 -0.4370729454262248 -0.6424066523208374 -0.13631711377461544
60711 48745.857888 -0.697043765054376 -0.28791684110986454 -0.6565835321308754 0.011486841980315823
60711 49165.857888 -0.7439152652405119 -0.12396521765644544 -0.6371865818258412 0.1587953490963434
60711 49585.857888 -0.7527283965647572 0.046410862130538785 -0.5851620738730096 0.2980458692583882
60711 50005.857888 -0.7230023249071327 0.21442826430566955 -0.5031693908524735 0.42202929016229396
60711 50425.857888 0.6562460480601762 -0.37151608693609295 0.39537500259499386 -0.5244001610183803
60711 50845.857888 0.5559397367526843 -0.5095319976530143 0.26736801304538577 -0.599852063485029
60711 51265.857888 0.4273422917021319 -0.6213749320011287 0.12580871940248572 -0.6445493974286761
60711 51685.857888 0.27703106460185783 -0.7014393431947472 -0.02209662777915293 -0.6563142357932459
60711 52105.857888 0.1127283964264202 -0.7456972930612062 -0.1687666608736098 -0.6346224625223167
60711 52525.857888 -0.05723930457673685 -0.751978767103011 -0.3067764063419471 -0.5806374362282607
60711 52945.857888 -0.2242960178510114 -0.7199998785386837 -0.4291573064373367 -0.4971071087923705
60711 53365.857888 -0.38000046228517725 -0.651367873184824 -0.5297094487174926 -0.3882363228565054
60711 53785.857888 -0.5164213839019312 -0.5495401443691459 -0.6032911320441774 -0.2595272509244595
60711 54205.857888 -0.6265744285811852 -0.4196692016888785 -0.6461213404079882 -0.11751365908423371
60711 54625.857888 -0.7048044859869032 -0.2683316097895603 -0.6559827507513537 0.03058454572439798
60711 55045.857888 -0.7470649557471684 -0.10320947581920181 -0.6323272678701777 0.1772116878296787
60711 55465.857888 -0.7511346358405224 0.0672843912492663 -0.576312638060156 0.3148544310424818
60711 55885.857888 -0.716791672864008 0.23430577524884805 -0.4908329292943232 0.4363410786508728
60711 56305.857888 0.6457955610544908 -0.38937970386773796 0.38022807994880653 -0.5354980361837307
60711 56725.857888 0.5418012610095474 -0.5245284204815405 0.25018215592889065 -0.6072316020517846
60711 57145.857888 0.4101596145161681 -0.6328371454060646 0.10736495502178779 -0.6478881110557758
60711 57565.857888 0.25765801895773904 -0.7087726492621531 -0.04087377431780484 -0.655425824558126
60711 57985.857888 0.09209088732314406 -0.7485119473303292 -0.18696199593775947 -0.629519138113182
60711 58405.857888 -0.07813060195356239 -0.7500799856966464 -0.32347441160756174 -0.5715242156994178
60711 58825.857888 -0.24437416333826245 -0.713420233675462 -0.443477755990272 -0.4843968604532918
60711 59245.857888 -0.3981909535316013 -0.6403968289848563 -0.5408666161394114 -0.37255760560970624
60711 59665.857888 -0.5317349904929245 -0.5347255675078221 -0.610665126861805 -0.24169106349590788
60711 60085.857888 -0.6381819603025136 -0.4017896232492468 -0.6493030061143851 -0.09846060351476679
60711 60505.857888 -0.7120872706776462 -0.2483463134934553 -0.6548071825075055 0.049833535391875836
60711 60925.857888 -0.749661207639967 -0.08218797938984397 -0.6268819535641434 0.19563288603709755
60711 61345.857888 -0.7489533400524495 0.08823746450505664 -0.5669202953950951 0.33148819428621706
60711 61765.857888 0.7099841565932474 -0.2541677716032509 0.47798811772928784 -0.45038716741757306
60711 62185.857888 0.6347215972387663 -0.40716968006939425 0.36458573804525735 -0.546277022439029
60711 62605.857888 0.5270408670599721 -0.5393534329266404 0.2325429613192589 -0.6142064555015607
60711 63025.857888 0.3923785916981993 -0.6440116229841724 0.08853440002334893 -0.6507301516379395
60711 63445.857888 0.23744035691627202 -0.7157964481303268 -0.06021520887382788 -0.6539355093369399
60711 63865.857888 0.07020859924045059 -0.7508750625692298 -0.20597904608151218 -0.6235623670329211
60711 64285.857888 -0.10059531210887529 -0.7473911977451959 -0.34112643240225266 -0.561177100237733
60711 64705.857888 -0.26612064246422895 -0.705589789615451 -0.4586584141880567 -0.47005883838020374
60711 65125.857888 -0.41784558962610246 -0.6277493105237221 -0.5525569115137791 -0.3549883461542929
60711 65545.857888 -0.5480380546660946 -0.5180150740640767 -0.6181001106824674 -0.22196154363878806
60711 65965.857888 -0.6501759846679162 -0.38209585466719076 -0.6520889602501747 -0.0778070352031299
60711 66385.857888 -0.7192038040262215 -0.22694148578361828 -0.6529330537412364 0.07015609479353689
60711 66805.857888 -0.7517405323052893 -0.060337970575208795 -0.6206681215396259 0.21451476476153755
60711 67225.857888 -0.7461584645471745 0.10941157865812765 -0.5569011660369664 0.3480484786733116
60711 67645.857888 0.7026483101483542 -0.273808192467265 0.4647488057406362 -0.4640290654109113
60711 68065.857888 0.6232785899350105 -0.4244940497474616 0.3487695346483666 -0.5564965523332436
60711 68485.857888 0.5119463651813265 -0.5537168692053068 0.21477120630261368 -0.6206302255598104
60711 68905.857888 0.3742697612504531 -0.6547157564250358 0.06959559165839312 -0.6530129230911439
60711 69325.857888 0.21730005931259685 -0.722176641702015 -0.07926453447437277 -0.6518885763512828
60711 69745.857888 0.049186261153492845 -0.7525522167114642 -0.22404931404027228 -0.6172906752207468
60711 70165.857888 -0.12144236159673465 -0.7442935295976336 -0.3573108734260941 -0.5510062017258844
60711 70585.857888 -0.28547456091990314 -0.6979896552992895 -0.4719660370981063 -0.4566867372594441
60711 71005.857888 -0.43491967671213766 -0.6160519849269539 -0.5624740187493378 -0.33903953295764705
60711 71425.857888 -0.5621510378373821 -0.5026782914583514 -0.6242240695631461 -0.20407120554573932
60711 71845.857888 -0.6606884070274726 -0.36363590632147835 -0.6540797230199864 -0.05864701516152138
60711 72265.857888 -0.7254691176212524 -0.2060631334287216 -0.650519835892751 0.08975793853162375
60711 72685.857888 -0.7532050055285231 -0.03798818560812748 -0.613747623329213 0.23356577715650542
60711 73105.857888 -0.7424916523885466 0.13203629572196451 -0.5456418748497427 0.3654415235790881
60711 73525.857888 0.693871109816637 -0.2953575572787263 0.44965926279650115 -0.4786578566173122
60711 73945.857888 0.609839901378602 -0.44359935030354686 0.330713556732904 -0.5674006119928675
60711 74365.857888 0.4946891208899072 -0.5692041289744287 0.1948638049180429 -0.6271502457661127
60711 74785.857888 0.3543428453291273 -0.6657266639511541 0.04909143823009547 -0.6548581430821686
60711 75205.857888 0.1959971968676797 -0.7282585826683011 -0.09913473266166237 -0.6491508610254401
60711 75625.857888 0.027688259232714087 -0.7536576411046031 -0.24228686380685246 -0.6103528454361027
60711 76045.857888 -0.14205891874167115 -0.7406414212221715 -0.3730955204951724 -0.5404343450988156
60711 76465.857888 -0.30462629850576883 -0.6898542414246585 -0.48489342773577326 -0.4429247199984843
60711 76885.857888 -0.4516789595970671 -0.6038845579840112 -0.5719354684893939 -0.322799284338711
60711 77305.857888 -0.575565989738935 -0.48727914418857543 -0.6297248381442193 -0.186358405549432
60711 77725.857888 -0.6701648409674498 -0.3458848364969368 -0.6554462909042206 -0.04040947354841407
60711 78145.857888 -0.7306666407381999 -0.18683382967826268 -0.6477869839433958 0.10766338111738306
60711 78565.857888 -0.7539500454187762 -0.018146766401550062 -0.6070883585550253 0.25034725640429506
60711 78985.857888 -0.7387459740155662 0.15161971647327002 -0.5353451588139204 0.38035694865068004
60711 79405.857888 0.6858214497321576 -0.3136069485871589 0.43627295874090566 -0.4908823956474591
60711 79825.857888 0.5980006423243247 -0.4594463551449341 0.315049379188916 -0.5762362078144766
60711 80245.857888 0.47962918320216036 -0.5819628307417503 0.1776483556092459 -0.6322311064833874
60711 80665.857888 0.3368053438930813 -0.6747791124192688 0.031172338999159246 -0.6559448109780643
60711 81085.857888 0.17680680501810306 -0.7331613561889075 -0.11690570001949016 -0.6461786415485159
60711 81505.857888 0.0077618922480817846 -0.7541304231926667 -0.2590398393911949 -0.6034280565669469
60711 81925.857888 -0.16173356478587173 -0.7365986299570081 -0.3879727397138139 -0.5298507956076599
60711 82345.857888 -0.3229836610938752 -0.6814567750469473 -0.49707086732452954 -0.42920714260861376
60711 82765.857888 -0.4677719805629536 -0.5915126670767764 -0.5807678260495461 -0.3066119226540524
60711 83185.857888 -0.5886563913406058 -0.4713910710674676 -0.6347671738798917 -0.16835897961278043
60711 83605.857888 -0.6794891323411958 -0.3271985271654287 -0.6563340670930321 -0.021476387594341464
60711 84025.857888 -0.7356084396081621 -0.1663224888104357 -0.6443726227378423 0.12649496574607966
60711 84445.857888 -0.7541609088417415 0.0030385749596878605 -0.599505466737469 0.2680023992226605
60711 84865.857888 -0.7342046829377168 0.17226164379724493 -0.5240195186282354 0.3958193448092582
60711 85285.857888 0.6767506844137546 -0.33272897532450624 0.4217466592104178 -0.5034180127586521
60711 85705.857888 0.5847548547828803 -0.4761957260115677 0.29793283781382823 -0.5852652513932189
60711 86125.857888 0.4629073784457835 -0.5953546628949332 0.1588812728889824 -0.6372019503068783
