CIC_OEM_VERS = 2.0
CREATION_DATE = 2025-01-28T14:22:26.054067
ORIGINATOR = ISAE-SUPAERO


META_START
OBJECT_NAME = RED1
OBJECT_ID = RED1
CENTER_NAME = Earth
REF_FRAME = EME2000
TIME_SYSTEM = UTC
START_TIME = 2025-01-28T00:00:00.000
USEABLE_START_TIME = 2025-01-28T00:00:00.000
USEABLE_STOP_TIME = 2025-01-28T23:55:00.000
STOP_TIME = 2025-01-28T23:55:00.000
INTERPOLATION = lagrange
INTERPOLATION_DEGREE = 5
META_STOP



60703 0.0 4115.9409 -679.5955799999999 -5600.1238 5.5583523999999995 -2.6587989 4.3522098
60703 420.0 5955.5425000000005 -1689.8009 -3267.0321000000004 3.0529768 -2.0694971 6.5647929000000005
60703 840.0 6595.0573 -2359.5642000000003 -273.45047 -0.058333672 -1.0657286 7.4452568
60703 1260.0 5909.1279 -2555.1534 2775.4385 -3.1514666000000005 0.14996025000000002 6.8248059
60703 1680.0 4037.1877999999997 -2237.9253 5265.8658 -5.6106092 1.3349987 4.831088800000001
60703 2100.0 1354.509 -1471.2341999999999 6695.6328 -6.946309500000001 2.2540376 1.8585208
60703 2520.0 -1600.7276000000002 -408.06284000000005 6771.521 -6.884044299999999 2.7221673 -1.5075611
60703 2940.0 -4230.0303 737.67956 5468.5973 -5.416629299999999 2.6388596 -4.593790200000001
60703 3360.0 -5991.4635 1731.8488 3042.3307999999997 -2.8204556 2.0114401 -6.7600682
60703 3780.0 -6514.134900000001 2367.8397000000004 -13.802426 0.37801530000000005 0.96282226 -7.5361279
60703 4200.0 -5684.1062 2512.1151 -3066.8431 3.5041886 -0.28777905 -6.744514100000001
60703 4620.0 -3674.4751 2135.1232000000005 -5482.1308 5.8946228000000005 -1.4746619 -4.5557899
60703 5040.0 -905.90435 1317.3423 -6763.4843 7.0568132 -2.3502460999999997 -1.4428393000000002
60703 5460.0 2049.0046 229.49101000000002 -6656.0122 6.770265500000001 -2.7395686 1.9414026
60703 5880.0 4587.9647 -905.2647800000001 -5191.4773 5.113193 -2.5710429 4.9091382999999995
60703 6300.0 6199.7614 -1857.1903 -2674.2517000000003 2.4320417 -1.8845885 6.8700737
60703 6720.0 6563.1184 -2435.2018 383.26159 -0.7300165399999999 -0.82121331 7.4395292
60703 7140.0 5608.017400000001 -2524.0452 3363.7508 -3.7398974 0.40515715 6.5104689
60703 7560.0 3527.4162 -2106.334 5667.3729 -5.9990103 1.5502263 4.2707920999999995
60703 7980.0 738.14807 -1265.3758 6828.8036 -7.0565411000000005 2.3864069 1.162376
60703 8400.0 -2199.5021 -169.14553 6607.6652 -6.6907054 2.7442653 -2.2017564000000003
60703 8820.0 -4688.7505 961.1852 5038.5796 -4.9536637 2.544226 -5.144451200000001
60703 9240.0 -6214.2361 1893.7376000000002 2432.5402999999997 -2.1793265 1.8175972999999999 -7.04954
60703 9660.0 -6453.1772 2434.1291 -677.779 1.0635851 0.70957234 -7.4994944
60703 10080.0 -5351.635700000001 2468.8782 -3646.8335 4.0881115 -0.54660306 -6.3886444000000004
60703 10500.0 -3140.294 1991.718 -5858.139099999999 6.2545246 -1.6843876 -3.9582987
60703 10920.0 -281.11996000000005 1103.9398 -6859.5087 7.121428 -2.4681838 -0.73083274
60703 11340.0 2636.2904 -9.826218 -6454.590200000001 6.5309771 -2.7432214 2.621433
60703 11760.0 5019.0469 -1121.8433 -4735.4449 4.6218159 -2.4611665 5.4211015
60703 12180.0 6388.438 -2007.4453999999998 -2056.9882 1.7889375 -1.6841243 7.1131051
60703 12600.0 6472.2044000000005 -2489.1122 1036.8201999999999 -1.3956629 -0.5707414199999999 7.3666667
60703 13020.0 5256.2352 -2470.9598 3922.0096000000003 -4.2955114000000005 0.65557635 6.1372795
60703 13440.0 2985.3236 -1956.8867 6017.8837 -6.3342624 1.7509391 3.6712503
60703 13860.0 114.34585000000001 -1049.3442 6900.0433 -7.1033562 2.4972814 0.45431720999999997
60703 14280.0 -2779.029 70.130415 6383.220700000001 -6.4357761 2.7418658000000002 -2.877591
60703 14700.0 -5104.9353 1174.9627 4561.709900000001 -4.4435315 2.4269412000000004 -5.6489828
60703 15120.0 -6379.6443 2037.6508000000001 1799.6662 -1.5161998 1.6078783 -7.2738412
60703 15540.0 -6332.0183 2477.8906 -1335.8511 1.7403146999999999 0.4509807 -7.3926328
60703 15960.0 -4968.9486 2403.3585000000003 -4193.1454 4.6342935 -0.79896056 -5.9732514000000005
60703 16380.0 -2576.3715 1830.9839 -6180.0504 6.5565819 -1.8774914000000003 -3.3247430000000002
60703 16800.0 347.05957 881.68319 -6892.5078 7.120786600000001 -2.563165 -0.013038010999999999
60703 17220.0 3200.369 -247.86561 -6194.2086 6.2323687 -2.7223969 3.2767784000000004
60703 17640.0 5405.3242 -1327.3931000000002 -4236.3555 4.0886013 -2.3301067 5.8833529
60703 18060.0 6519.907700000001 -2139.2203 -1421.1007 1.1295827999999999 -1.4699569 7.2915121
60703 18480.0 6323.2444000000005 -2520.8453 1680.9814 -2.0490452 -0.31663022 7.22724
60703 18900.0 4857.1678 -2396.4134 4444.8229 -4.813025400000001 0.8990265000000001 5.7086537
60703 19320.0 2416.1437 -1790.9221000000002 6313.938 -6.6130167 1.9354502 3.0381060000000004
60703 19740.0 -510.80591 -825.04314 6908.5285 -7.0860703 2.5856943 -0.25894705
60703 20160.0 -3333.5283 307.64572 6100.2055 -6.1214252 2.7149271 -3.5284356
60703 20580.0 -5474.3114000000005 1377.0871000000002 4042.5739 -3.8911453000000003 2.2879819 -6.102103199999999
60703 21000.0 -6485.9227 2162.283 1149.9908 -0.83792148 1.3842522 -7.4304137
60703 21420.0 -6151.8872 2498.8008 -1981.4075 2.4011114 0.18964071000000002 -7.216576
60703 21840.0 -4540.0002 2316.3197999999998 -4700.3139 5.137095400000001 -1.0423856 -5.5026378000000005
60703 22260.0 -1988.4971 1654.5848999999998 -6444.7227 6.7977974 -2.0522186000000002 -2.6616024000000005
60703 22680.0 972.24504 652.76974 -6862.2858 7.0550646 -2.6344559 0.70337015
60703 23100.0 3735.5557000000003 -482.35112 -5877.559700000001 5.8775432 -2.6774566 3.9010771
60703 23520.0 5742.9187 -1520.0186 -3699.1859 3.5188907 -2.1792857 6.2915685
60703 23940.0 6592.8024000000005 -2251.3787 -772.7947800000001 0.46037068 -1.2442008 7.4038411
60703 24360.0 6117.558900000001 -2530.2224 2309.5631000000003 -2.6839423 -0.061265643 7.0227957
60703 24780.0 4414.513900000001 -2301.2309 4927.2366 -5.287522500000001 1.1331621 5.22881
60703 25200.0 1825.185 -1610.1729 6552.7735999999995 -6.832626599999999 2.1018694 2.3773929
60703 25620.0 -1131.4144 -594.8219799999999 6854.2417000000005 -7.0045921 2.6506547 -0.97052105
60703 26040.0 -3857.6616000000004 540.8765999999999 5761.5068 -5.7504244 2.663666 -4.1475381
60703 26460.0 -5793.3096 1565.4370000000001 3486.6015 -3.3019587 2.1290192 -6.4987486
60703 26880.0 -6532.164400000001 2266.4677 490.44155 -0.15144313 1.1494600000000001 -7.5174206
60703 27300.0 -5914.8405 2496.9024 -2607.5287000000003 3.0390598 -0.07154992900000001 -6.9732203
60703 27720.0 -4069.4443 2208.9512999999997 -5162.9693 5.5913677 -1.2744167 -4.9821292
60703 28140.0 -1382.8505 1464.5506 -6649.4759 6.976106 -2.2070674 -1.976067
60703 28560.0 1588.0943 419.60555 -6769.2547 6.9254322 -2.681757 1.4111695
60703 28980.0 4236.5867 -710.99875 -5507.8606 5.4703621 -2.6092707 4.4884038
60703 29400.0 6028.6018 -1698.0075 -3129.1706000000004 2.9183303 -2.0104952000000003 6.6421926000000004
60703 29820.0 6606.4421 -2343.0887000000002 -118.21524000000001 -0.21238336000000002 -1.0091972 7.4493540000000005
60703 30240.0 5857.0688 -2517.4538 2916.7394 -3.2945293 0.19281228 6.7555576
60703 30660.0 3932.3149 -2186.6247000000003 5364.8675 -5.7148616 1.3558515 4.7022421
60703 31080.0 1217.7868 -1416.5812 6732.2178 -6.9911016 2.2488933 1.6950179
60703 31500.0 -1741.8287 -360.9645 6737.650000000001 -6.8594896 2.6918716 -1.6739201000000001
60703 31920.0 -4346.5878 767.67091 5370.2087 -5.3260435 2.589011 -4.7291815
60703 32340.0 -6058.9208 1738.4528 2898.8354 -2.6812288 1.9518208 -6.8354401
60703 32760.0 -6517.8292 2349.4765 -173.06132000000002 0.5369066699999999 0.90568522 -7.5342589
60703 33180.0 -5622.9344 2472.4659 -3208.7466 3.6484935999999997 -0.33011481 -6.6652621
60703 33600.0 -3561.2992000000004 2082.4965 -5577.2937 5.9935725 -1.4930032000000002 -4.4166794000000005
60703 34020.0 -764.40826 1262.8032 -6792.7997000000005 7.0905155 -2.3408984999999998 -1.2740827
60703 34440.0 2189.7437000000004 184.36621 -6614.384 6.7333016 -2.7049765000000003 2.1046399
60703 34860.0 4699.6308 -931.80544 -5088.2733 5.0142507 -2.5187233 5.0341939
60703 35280.0 6260.2982 -1859.8927 -2531.0092000000004 2.2917372 -1.8253662 6.9325786
60703 35700.0 6560.9088 -2413.689 537.33774 -0.88346393 -0.76709408 7.427899900000001
60703 36120.0 5543.8957 -2482.7926 3497.6424 -3.876399 0.44349198 6.4276376
60703 36540.0 3414.2951000000003 -2053.6554 5754.1496 -6.0919344 1.5654172000000002 4.1329518
60703 36960.0 598.59743 -1211.7719 6850.6585000000005 -7.0872296 2.3755409 0.99613991
60703 37380.0 -2337.3486000000003 -125.3317 6559.3916 -6.6517525 2.7092300000000002 -2.363764
60703 37800.0 -4796.4629 986.29209 4929.0414 -4.8513541 2.4916307000000004 -5.2689097
60703 38220.0 -6268.9746 1894.8322 2283.5517999999997 -2.0337764 1.7578264 -7.1093329
60703 38640.0 -6442.9626 2410.7952 -835.5794300000001 1.2216774000000001 0.65513385 -7.4807531
60703 39060.0 -5278.4008 2425.9079 -3780.6101000000003 4.224600499999999 -0.5839303 -6.2951419
60703 39480.0 -3019.5062000000003 1938.1692 -5940.3289 6.340533300000001 -1.6965388000000001 -3.8107799
60703 39900.0 -138.0054 1051.0807 -6873.8675 7.1401069 -2.4528738 -0.5611811400000001
60703 40320.0 2772.468 -51.041989 -6399.183900000001 6.4800859 -2.7041474 2.7783176
60703 40740.0 5121.012 -1143.0596 -4622.4119 4.5127179 -2.4067026 5.5340518
60703 41160.0 6436.144700000001 -2004.5001000000002 -1909.78 1.644115 -1.6255297000000002 7.160288700000001
60703 41580.0 6456.5891 -2462.7669 1188.2978 -1.547345 -0.5197754 7.3396097000000005
60703 42000.0 5180.6901 -2426.5984 4047.297 -4.424490700000001 0.6890009300000001 6.041700700000001
60703 42420.0 2864.9285 -1903.3696000000002 6091.6783 -6.4152517 1.760397 3.5256326
60703 42840.0 -26.896059 -997.30394 6906.9552 -7.1197648000000004 2.4808813 0.2866963
60703 43260.0 -2912.5177000000003 110.28406 6320.9039 -6.3827875999999995 2.7025520000000003 -3.0339353
60703 43680.0 -5202.9508 1195.0254 4441.884400000001 -4.3303485 2.3721702000000002 -5.7614621
60703 44100.0 -6421.2553 2033.3449 1646.377 -1.3655338 1.5486416 -7.3175997
60703 44520.0 -6308.0037999999995 2449.9561000000003 -1490.9560000000001 1.8963855 0.39976280000000003 -7.3572515
60703 44940.0 -4884.2323 2357.6042 -4317.793 4.7619973 -0.8310223800000001 -5.8663563000000005
60703 45360.0 -2448.8675 1777.0881000000002 -6248.7141 6.629151200000001 -1.8835297000000002 -3.1700393
60703 45780.0 490.81086 830.9835600000001 -6891.8805999999995 7.1245337 -2.5422667999999997 0.15633812
60703 46200.0 3331.1276000000003 -284.88873 -6125.4357 6.1680326999999995 -2.679383 3.42639
60703 46620.0 5496.9988 -1343.2547 -4114.2119 3.970107 -2.2741428 5.983696
60703 47040.0 6554.5203 -2130.8544 -1270.7471 0.9809867000000001 -1.4125391999999999 7.3233686
60703 47460.0 6294.2457 -2490.0872999999997 1829.1026000000002 -2.1983247 -0.26919325 7.1850297
60703 47880.0 4770.4788 -2349.4936000000002 4560.914900000001 -4.9339091 0.9272953300000001 5.6008518
60703 48300.0 2288.9598 -1737.1834 6374.4175000000005 -6.6816622 1.939121 2.8853905
60703 48720.0 -653.09758 -775.14953 6900.490900000001 -7.0878982 2.5639835 -0.42704798
60703 49140.0 -3461.9692000000005 343.70604 6024.241599999999 -6.0544649 2.6718054 -3.6781498000000004
60703 49560.0 -5562.059700000001 1391.9185 3913.2434 -3.7675703 2.2317133 -6.2018128
60703 49980.0 -6514.1008 2152.6733 993.42803 -0.68290552 1.3261799 -7.4577852
60703 50400.0 -6114.1343 2466.592 -2132.7629 2.5542348 0.14208987 -7.1648061
60703 50820.0 -4444.2199 2268.2333 -4815.0027 5.2552896 -1.0690417 -5.3831302999999995
60703 51240.0 -1854.9012 1600.7866000000001 -6499.4261 6.856673 -2.0523117 -2.5007162
60703 51660.0 1115.9852 604.55062 -6846.633400000001 7.0439638 -2.6083629 0.87163877
60703 52080.0 3860.3316 -515.05494 -5795.7002999999995 5.8000854 -2.6310308 4.04275
60703 52500.0 5823.908200000001 -1530.6248 -3568.4286 3.3914596 -2.1223332999999998 6.378934
60703 52920.0 6614.1407 -2237.8752999999997 -619.8955 0.30855836 -1.1883109 7.4202534
60703 53340.0 6075.237099999999 -2495.4415 2453.7332 -2.8302565 -0.017506195999999998 6.9655640000000005
60703 53760.0 4316.9623 -2252.1497000000004 5033.6291 -5.3998232 1.1563997 5.1090668
60703 54180.0 1691.6947 -1556.4975 6599.5739 -6.8884441 2.1001442000000003 2.2179897
60703 54600.0 -1274.1083 -547.16696 6831.1137 -6.9915986000000006 2.6241366 -1.1384926
60703 55020.0 -3980.3661 572.96134 5671.991 -5.6695169 2.6172029 -4.2901194
60703 55440.0 -5870.1639000000005 1575.3128000000002 3348.0299 -3.1682363000000002 2.0715023 -6.5853803
60703 55860.0 -6546.446900000001 2251.8861 330.97141999999997 0.0073775743 1.0926049 -7.528251
60703 56280.0 -5863.1335 2460.7544 -2754.7692 3.1886579000000004 -0.11548339 -6.9051986
60703 56700.0 -3962.6178 2158.8176000000003 -5267.4319000000005 5.6995379 -1.295854 -4.8503456
60703 57120.0 -1243.3604 1411.0235 -6690.108 7.0209158 -2.2015371 -1.8094159
60703 57540.0 1731.489 373.89522 -6738.657200000001 6.899185900000001 -2.6508172 1.5778074
60703 57960.0 4354.9698 -739.50283 -5413.234 5.3797402000000005 -2.5597716999999998 4.6215583
60703 58380.0 6098.5434000000005 -1703.5958 -2990.3564 2.7822498 -1.9527731000000002 6.7160493
60703 58800.0 6614.3336 -2324.7536 36.49962 -0.36684061 -0.95492999 7.4500551
60703 59220.0 5801.5190999999995 -2478.951 3056.1693 -3.4371568000000003 0.23301460000000002 6.6832924
60703 59640.0 3824.3319 -2135.5954 5460.8471 -5.8177298 1.3743444999999999 4.5709504
60703 60060.0 1078.7631999999999 -1363.0458999999998 6764.8913 -7.0333863 2.2421098 1.529789
60703 60480.0 -1883.9472 -315.49273999999997 6699.394700000001 -6.831411600000001 2.6608255 -1.8407261000000001
60703 60900.0 -4462.5572999999995 795.9207 5267.5455 -5.231401 2.5393277 -4.8635532999999995
60703 61320.0 -6124.1017 1743.5458 2751.8582 -2.5381885000000004 1.89312 -6.908044100000001
60703 61740.0 -6517.8837 2330.1337000000003 -334.31139 0.69831048 0.85012627 -7.5281669
60703 62160.0 -5557.5003 2432.5829 -3350.7101000000002 3.7931404000000004 -0.37053382 -6.5812399
60703 62580.0 -3444.2132 2030.4536 -5670.6287 6.0905688 -1.5094302 -4.2735496
60703 63000.0 -620.19081 1209.5856 -6818.9163 7.1206436 -2.3300044 -1.1029135
60703 63420.0 2331.4935 141.08887 -6568.9502999999995 6.6919081 -2.6694639000000002 2.2682887999999997
60703 63840.0 4810.4538 -956.29056 -4981.5244 4.9110752 -2.4663711 5.157666
60703 64260.0 6318.3911 -1860.7344 -2385.1981 2.1481111999999998 -1.7670856000000001 6.9921481000000005
60703 64680.0 6555.09 -2390.8616 692.5788299999999 -1.0391017999999999 -0.71455147 7.4125749
60703 65100.0 5475.5527999999995 -2440.9428 3631.0452000000005 -4.013543 0.48004743000000005 6.3407193
60703 65520.0 3297.0592 -2001.1018000000001 5838.7586 -6.1836957 1.5790132000000001 3.9913096
60703 65940.0 455.80652000000003 -1158.8747 6868.918000000001 -7.114939000000001 2.3635269 0.82703379
60703 66360.0 -2476.8802 -82.587752 6506.638900000001 -6.6084927 2.6736167 -2.5270461
60703 66780.0 -4903.887 1010.1865 4814.8905 -4.7441232 2.4389331000000003 -5.3926509
60703 67200.0 -6321.4155 1894.7779 2130.701 -1.8837616000000001 1.6984543 -7.166304500000001
60703 67620.0 -6428.8618 2386.5660000000003 -995.68096 1.3826862000000002 0.60149182 -7.4575144
60703 68040.0 -5200.5422 2382.4565000000002 -3914.6277000000005 4.3616293 -0.62010024 -6.196555900000001
60703 68460.0 -2894.3601000000003 1884.663 -6020.7174 6.4248076 -1.7074023999999999 -3.6587656
60703 68880.0 8.341708800000001 998.78744 -6884.7780999999995 7.1552541000000005 -2.4363984999999997 -0.38829488
60703 69300.0 2910.1159 -91.258061 -6339.3679 6.4244918 -2.6642105000000003 2.9364406
60703 69720.0 5222.414900000001 -1163.0239 -4504.906900000001 4.3988102 -2.3519274 5.6461066
60703 70140.0 6481.3841 -2000.2893000000001 -1758.8506000000002 1.4951184000000002 -1.5671551 7.2048571
60703 70560.0 6436.9811 -2435.3327999999997 1342.0842 -1.7019871000000002 -0.46942125 7.3084818
60703 70980.0 5100.3103 -2381.4853 4172.9713 -4.5544123 0.7214434700000001 5.9411951
60703 71400.0 2739.7902999999997 -1849.5613 6163.790900000001 -6.494849599999999 1.7686889000000001 3.375263
60703 71820.0 -171.82251000000002 -945.4554 6910.416200000001 -7.1326161 2.4633832000000004 0.11557709000000001
60703 72240.0 -3047.8729 149.82322 6254.0605000000005 -6.3248188 2.6623215 -3.1918062000000003
60703 72660.0 -5300.622200000001 1214.1448 4317.411700000001 -4.2118352 2.3167893 -5.872962800000001
60703 73080.0 -6460.432900000001 2027.931 1489.3725 -1.2104911 1.4892487 -7.3579573
60703 73500.0 -6280.156400000001 2420.972 -1647.9873 2.0546113 0.34900297 -7.3169851
60703 73920.0 -4795.3013 2311.1202000000003 -4442.251 4.889394 -0.86205486 -5.754484400000001
60703 74340.0 -2317.7171000000003 1722.9636 -6315.272900000001 6.699408900000001 -1.8882688 -3.0112775000000003
60703 74760.0 636.89411 780.6086600000001 -6887.7361 7.1244324 -2.5200731999999997 0.32827229
60703 75180.0 3462.4257000000002 -321.0911 -6052.503 6.0991897 -2.6353587000000003 3.5764762
60703 75600.0 5587.349700000001 -1357.972 -3988.1241 3.8473817 -2.2176603 6.0825935
60703 76020.0 6586.2116 -2121.2305 -1117.3855 0.82909232 -1.3550834 7.3522868
60703 76440.0 6261.2176 -2458.1394 1978.7456000000002 -2.3494793 -0.22211272 7.138746500000001
60703 76860.0 4679.3774 -2301.6157000000003 4676.6906 -5.0546744 0.95482112 5.4885206
60703 77280.0 2157.8647 -1682.8671000000002 6432.7587 -6.7480612 1.9417408 2.7287131
60703 77700.0 -797.98949 -725.16149 6888.9533 -7.085861 2.5410533 -0.5975553200000001
60703 78120.0 -3591.1719 379.34159000000005 5944.1927000000005 -5.9827688 2.6274627 -3.8281300000000003
60703 78540.0 -5648.6134 1405.8662 3780.2266 -3.6396214000000002 2.1745348 -6.2993774
60703 78960.0 -6539.5523 2141.9283 834.5316700000001 -0.52518495 1.2678897 -7.4810109
60703 79380.0 -6073.018900000001 2433.3453 -2284.531 2.7076495 0.095206058 -7.1082955000000005
60703 79800.0 -4345.430200000001 2219.5372 -4928.245 5.3716307 -1.0943873000000002 -5.2597035
60703 80220.0 -1719.373 1546.9793 -6551.338900000001 6.912372599999999 -2.0509269 -2.3373982
60703 80640.0 1260.1547 556.91746 -6827.539400000001 7.0290061 -2.5809580000000003 1.0405254
60703 81060.0 3983.9439 -546.7110600000001 -5710.527099999999 5.7190372 -2.5837589 4.1832703
60703 81480.0 5902.389700000001 -1539.9481 -3435.1309 3.261298 -2.0651083 6.4638515
60703 81900.0 6632.069 -2223.0860000000002 -465.6606 0.15520771 -1.1326585 7.4334489
60703 82320.0 6029.1530999999995 -2459.5664 2597.7853999999998 -2.9766377000000004 0.025577076 6.9047065000000005
60703 82740.0 4215.988200000001 -2202.35 5138.418 -5.5104259 1.1785362 4.986026799999999
60703 83160.0 1555.8325 -1502.6373999999998 6643.6202 -6.9410566000000005 2.0970014999999997 2.0565455000000004
60703 83580.0 -1417.6394 -499.94874 6804.7481 -6.9746244 2.5961361000000003 -1.3066598
60703 84000.0 -4102.2182999999995 604.03467 5579.6188 -5.5847697 2.5695545 -4.4306474
60703 84420.0 -5944.8135999999995 1583.818 3207.8887999999997 -3.0320927 2.0135298 -6.6680664
60703 84840.0 -6557.9695 2235.9552000000003 171.80087 0.16632384 1.0363238 -7.5343746000000005
60703 85260.0 -5809.1336 2423.7068 -2899.86 3.3360067 -0.15788968 -6.8333568
60703 85680.0 -3854.7477000000003 2108.5482 -5368.5402 5.804216500000001 -1.3152917 -4.716709600000001
60703 86100.0 -1104.3634 1358.1798000000001 -6727.034900000001 7.0620436 -2.1942039 -1.6429315
