CIC_AEM_VERS = 1.0
CREATION_DATE = 2025-05-13T13:35:43.232Z
ORIGINATOR = CS Group

META_START
OBJECT_NAME = RED2
OBJECT_ID = RED2
CENTER_NAME = null
REF_FRAME_A = EME2000
REF_FRAME_B = SC_BODY_1
ATTITUDE_DIR = A2B
TIME_SYSTEM = UTC
START_TIME = 2025-05-12T20:28:28.82928
STOP_TIME = 2025-05-13T23:59:60.0
ATTITUDE_TYPE = QUATERNION
QUATERNION_TYPE = LAST
META_STOP

60807 73708.82928 -0.5609032058879726 -0.5034272965820763 -0.44003194387810307 -0.4881807442408139
60807 74128.82928 -0.6593454598329689 -0.3651448030082604 -0.5381126428782861 -0.377316340764955
60807 74548.82928 -0.7243441544519125 -0.20840041846848778 -0.6088716643587294 -0.2473259141993291
60807 74968.82928 -0.7526439471516545 -0.040778242347240715 -0.648802214118976 -0.1044983766446238
60807 75388.82928 -0.7425290490668015 0.12955848210991835 -0.6556751319991866 0.04421913933100416
60807 75808.82928 -0.6940018930159423 0.29404875189839524 -0.6287049127095601 0.19138139076762112
60807 76228.82928 -0.6090130849201704 0.4440370114313796 -0.5687776171864334 0.32928136458480195
60807 76648.82928 0.49163133652711277 -0.5712709889591149 0.47864990455125456 -0.45038023379286346
60807 77068.82928 0.34800770634287564 -0.668554502741935 0.36298407515757747 -0.5478759662290844
60807 77488.82928 0.18602173619924156 -0.7304185049836154 0.2281145402156436 -0.6163184872946175
60807 77908.82928 0.014649636409439337 -0.7536101622428614 0.08154168305421361 -0.6520797999033903
60807 78328.82928 -0.15677986200131333 -0.7372624630206193 -0.06870129424508299 -0.6535627495969072
60807 78748.82928 -0.3192672622136125 -0.6827653875838648 -0.2146534073834627 -0.6211471287020076
60807 79168.82928 -0.46463354257483624 -0.5934472526121984 -0.34889892126069927 -0.5569610149952254
60807 79588.82928 -0.5858244911454006 -0.4741986438757998 -0.46486858478264 -0.4645885390351019
60807 80008.82928 -0.6770821763663407 -0.3311168625936959 -0.5570194001180852 -0.3487846579842863
60807 80428.82928 -0.7340309675107194 -0.17121982023003157 -0.6209303851055421 -0.2152388644003588
60807 80848.82928 -0.7537489301960661 -0.002240393913886595 -0.6533763622649135 -0.07040497210328903
60807 81268.82928 -0.7348890539531865 0.16754646111065738 -0.6524438070289806 0.0786342191327408
60807 81688.82928 -0.6778740490418605 0.3295246245724786 -0.6177128603128141 0.22434597754388638
60807 82108.82928 -0.585128311853777 0.47507118530431863 -0.5504914054525635 0.3590145402118977
60807 82528.82928 0.46120605466168485 -0.5961156128021429 0.45398276961227335 -0.4752207868055625
60807 82948.82928 0.31269236717095905 -0.6857962937620018 0.3332700198115743 -0.5664256534357506
60807 83368.82928 0.14777925121291866 -0.7391169872495114 0.19500737322756345 -0.6275663283327432
60807 83788.82928 -0.024417356451985624 -0.7533636278505866 0.04687079215238814 -0.6554770520610977
60807 84208.82928 -0.19458438761095534 -0.7281995976541022 -0.10307042172466731 -0.6490290827381869
60807 84628.82928 -0.3538790576024807 -0.6654842082039217 -0.24694737814923806 -0.6090298626888477
60807 85048.82928 -0.49435574144834443 -0.5689295856328396 -0.37751899152452917 -0.5379692728465124
60807 85468.82928 -0.6092419394030402 -0.44372673612476093 -0.48843943105871895 -0.43972464691841434
60807 85888.82928 -0.693084756412493 -0.2962004963604471 -0.5744180630242864 -0.31928463047238415
60807 86308.82928 -0.741825875078475 -0.13354461270953105 -0.6313023420861092 -0.182530984648934
60808 328.82928 -0.7528842397576526 0.0363690282725029 -0.656156425234794 -0.0360743805234612
60808 748.82928 -0.7252926043990423 0.2051634802453663 -0.6473923504039583 0.1128792674325181
60808 1168.82928 -0.6599055939097086 0.3641833248768458 -0.604968377749438 0.25672626459233516
60808 1588.82928 -0.5596269489250009 0.5048701998410273 -0.530622121585178 0.38776787313265154
60808 2008.82928 0.4294933743457077 -0.6193673054108766 0.4280020827745526 -0.49873219218519743
60808 2428.82928 0.2765045997316214 -0.7011840578156376 0.30259370263162594 -0.5833722435290656
60808 2848.82928 0.10912941651688626 -0.7458163835421643 0.16134541585356163 -0.6370371647508585
60808 3268.82928 -0.0634134431160106 -0.7510944175128964 0.012075928584723327 -0.6570312649805579
60808 3688.82928 -0.23186439234885645 -0.7172031960821589 -0.13714112695987274 -0.6426902756276992
60808 4108.82928 -0.3875554212768481 -0.6464543914265308 -0.2785520709488427 -0.5952363051884431
60808 4528.82928 -0.5227905681535102 -0.5429257847327574 -0.4051042701186314 -0.5175056950930109
60808 4948.82928 -0.6310848418249008 -0.4120895404656848 -0.510687864509016 -0.4136569086825962
60808 5368.82928 -0.7072961496041392 -0.260485281035923 -0.5902684633183299 -0.2888991456038124
60808 5788.82928 -0.7476901859569977 -0.09547513879083115 -0.6399650492213703 -0.1492937355402126
60808 6208.82928 -0.7500333588525662 0.0749400629773178 -0.6571387843758206 -0.0016017610190539684
60808 6628.82928 -0.7137484115226378 0.2422941848336613 -0.6405382349260216 0.14685878469659092
60808 7048.82928 -0.6401344654166906 0.3979103973971678 -0.5905123781347613 0.2884273099041498
60808 7468.82928 -0.5325791252708862 0.5333303676317874 -0.5092339202674121 0.4154503685598594
60808 7888.82928 0.396592415746221 -0.6409420618425924 0.40079545068718453 -0.5208365730649106
60808 8308.82928 0.23956400493557423 -0.7146592253657403 0.27106354682411943 -0.5986617013990428
60808 8728.82928 0.0702022484786243 -0.7504895607797396 0.12724742055771912 -0.6447054811544464
60808 9148.82928 -0.10220763374712405 -0.746807325779268 -0.022719972922054972 -0.6567466943933964
60808 9568.82928 -0.2684949080583214 -0.7043078411772268 -0.17079599710133864 -0.63457834549974
60808 9988.82928 -0.4201851405268375 -0.6257354330001188 -0.30936305938325065 -0.5798224840911491
60808 10408.82928 -0.5498437889485178 -0.5155136053358614 -0.4315702744861641 -0.49564566844500546
60808 10828.82928 -0.6512831731236995 -0.3793800583987012 -0.5315471884201652 -0.38646938582239676
60808 11248.82928 -0.719672324947267 -0.22407530410360627 -0.6045208149926036 -0.25771415761760164
60808 11668.82928 -0.7516032374331325 -0.057118315510401405 -0.6468871826553445 -0.1156159350155481
60808 12088.82928 -0.7451978848955697 0.11336686318080713 -0.6563110202822404 0.03292280874709933
60808 12508.82928 -0.7002805349943453 0.2788370751424719 -0.6318884621793687 0.18048276704056157
60808 12928.82928 -0.6186081812390575 0.43061367822804303 -0.5743725503853067 0.3193617879316485
60808 13348.82928 -0.5040543810600016 0.560370122397883 -0.48637826736955464 0.4419849407939034
60808 13768.82928 0.36259340922049 -0.6607784673106197 0.3724330355695615 -0.5414715788893563
60808 14188.82928 0.20197454869914372 -0.7261863190274631 0.23876355132032395 -0.6122513195543376
60808 14608.82928 0.03110536766659626 -0.7531280210199822 0.09280603142609434 -0.6505518277491731
60808 15028.82928 -0.14069576657862992 -0.7405204192928861 -0.05742386050112912 -0.6546271535173948
60808 15448.82928 -0.30437856805581015 -0.689554944610965 -0.2039473801978539 -0.6247184420051128
60808 15868.82928 -0.4516812042339222 -0.6033884785079474 -0.33930226578636596 -0.5628324850058819
60808 16288.82928 -0.5754435849253605 -0.48677089138068175 -0.4568492843527507 -0.47244842179764496
60808 16708.829279999998 -0.6697793889891441 -0.3456866987306092 -0.5509653871103312 -0.35823654002966354
60808 17128.829279999998 -0.7301703713423526 -0.18706450641709224 -0.6171416878407235 -0.22581903458699706
60808 17548.829279999998 -0.7535401227212501 -0.01857369302055824 -0.6520542057258621 -0.08159420427969376
60808 17968.829279999998 -0.738373514509133 0.15154565616386095 -0.6536783557217395 0.06740233252802855
60808 18388.82928 -0.684907311089493 0.3146866651852335 -0.6214696981713966 0.21365788594271515
60808 18519.000192 0.06645226776382546 0.3768696134152647 -0.9098437319534375 0.16042996608587587
60808 18639.000192 0.0714936670812044 0.37594513434014887 -0.9076138697209454 0.17260062289406766
60808 18759.000192 0.07652228262091053 0.3749531665823537 -0.905221216844444 0.18474039002615308
60808 18879.000192 0.08153717067391306 0.37389389676084134 -0.9026662213820398 0.19684698763089262
60808 18999.000192 0.08653743546153607 0.3727675152913343 -0.899949340747925 0.20891825170300596
60808 19119.000192 0.09152218250511496 0.3715742248761475 -0.8970710617043859 0.22095202142039003
60808 19239.000192 0.09649051882022933 0.37031424048170286 -0.8940319004910293 0.23294613965176725
60808 19359.000192 0.1014415543159503 0.36898778904862883 -0.8908324021242751 0.24489845633744303
60808 19479.000192 0.10637440197999326 0.36759510944341334 -0.887473140284512 0.2568068289400238
60808 19599.000192 0.11128817803776134 0.3661364524131788 -0.8839547172112369 0.26866912283202515
60808 19719.000192 0.11618200210894207 0.36461208053887584 -0.88027776359412 0.2804832116772851
60808 19839.000192 0.12105499736295211 0.36302226818626443 -0.8764429384594925 0.29224697780960185
60808 19959.000192 0.12590629067379483 0.3613673014550295 -0.8724509290518359 0.30395831260958167
60808 20079.000192 0.13073501277423244 0.3596474781255679 -0.8683024507104408 0.3156151168798526
60808 20199.000192 0.13554029840920956 0.35786310760393725 -0.8639982467412386 0.3272153012181139
60808 20319.000192 0.14032128648870898 0.35601451086459307 -0.8595390882837095 0.33875678638871226
60808 20439.000192 0.14507712023978708 0.3541020203911434 -0.8549257741730685 0.3502375036920235
60808 20559.000192 0.1498069473579122 0.3521259801150789 -0.8501591307976413 0.3616553953319346
60808 20679.000192 0.15450992015757176 0.35008674535247636 -0.8452400119514653 0.37300841478135327
60808 20799.000192 0.1591851957220192 0.3479846827387285 -0.8401692986822512 0.3842945271454475
60808 20919.000192 0.16383193605227445 0.34582017016125827 -0.8349478991346052 0.39551170952288
60808 21039.000192 0.1684493082153081 0.34359359669034567 -0.8295767483885874 0.4066579513647737
60808 21159.000192 0.1730364844913081 0.3413053625079103 -0.8240568082937184 0.4177312548313844
60808 21279.000192 0.17759264252016146 0.3389558788344369 -0.8183890672983095 0.4287296351465382
60808 21399.000192 0.18211696544700443 0.3365455678539923 -0.8125745402742803 0.43965112094961223
60808 21519.000192 -0.1866086420668554 -0.334074862637318 0.8066142683374559 -0.4504937546451141
60808 21639.000192 -0.19106686696831185 -0.3315442070630458 0.8005093186633715 -0.4612555927497834
60808 21759.000192 -0.19549084067632705 -0.32895405573709857 0.7942607842985915 -0.47193470623716915
60808 21879.000192 -0.19987976979399158 -0.326304873910199 0.7878697839676067 -0.48252918087965074
60808 21999.000192 -0.2042328671433003 -0.3235971373936034 0.7813374618753837 -0.49303711758773894
60808 22119.000192 -0.20854935190494273 -0.3208313324729668 0.774664987505476 -0.5034566327468432
60808 22239.000192 -0.21282844975703408 -0.3180079558205025 0.7678535554138701 -0.5137858585511688
60808 22359.000192 -0.21706939301280748 -0.31512751440530323 0.7609043850184856 -0.5240229433349526
60808 22479.000192 -0.22127142075720388 -0.3121905254019445 0.75381872038446 -0.5341660519007939
60808 22599.000192 -0.22543377898238456 -0.30919751609734347 0.7465978300051768 -0.5442133658451581
60808 22719.000192 -0.2295557207221341 -0.30614902379590814 0.739243006579087 -0.554163083880969
60808 22839.000192 -0.23363650618511297 -0.30304559572297657 0.7317555667823854 -0.56401342215723
60808 22959.000192 -0.2376754028869411 -0.2998877889265824 0.7241368510375694 -0.5737626145756176
60808 23079.000192 -0.24167168578114037 -0.29667617017757536 0.7163882232778704 -0.5834089131040459
60808 23199.000192 -0.2456246373888487 -0.29341131586802877 0.7085110707076164 -0.5929505880871823
60808 23319.000192 -0.24953354792732496 -0.29009381190813643 0.7005068035586342 -0.602385928553675
60808 23439.000192 -0.2533977154372141 -0.286724253621352 0.6923768548425518 -0.6117132425203946
60808 23559.000192 -0.2572164459085547 -0.2833032456380747 0.6841226800992426 -0.6209308572932526
60808 23679.000192 -0.26098905340551287 -0.27983140178766275 0.6757457571412578 -0.6300371197648866
60808 23799.000192 -0.2647148601898159 -0.27630934498893467 0.6672475857944022 -0.6390303967089626
60808 23919.000192 -0.2683931968428336 -0.27273770713911527 0.6586296876344824 -0.6479090750710984
60808 24039.000192 -0.27202340238637646 -0.26911712900125195 0.6498936057201447 -0.6566715622564543
60808 24159.000192 -0.27560482440207207 -0.2654482600901411 0.6410409043220169 -0.6653162864137859
60808 24279.000192 -0.2791368191494036 -0.2617317585567583 0.6320731686480299 -0.6738416967160604
60808 24399.000192 -0.2826187516823056 -0.25796829107120567 0.6229920045650581 -0.6822462636375135
60808 24519.000192 -0.2860499959643766 -0.25415853270421956 0.6137990383168338 -0.6905284792271411
60808 24639.000192 -0.2894299349825978 -0.25030316680723774 0.6044959162382737 -0.6986868573785308
60808 24759.000192 -0.2927579608596208 -0.24640288489103956 0.5950843044661375 -0.7067199340960627
60808 24879.000192 -0.2960334749645464 -0.24245838650299356 0.5855658886461468 -0.7146262677573704
60808 24999.000192 -0.2992558880221955 -0.2384703791029117 0.5759423736365537 -0.7224044393720551
60808 25119.000192 -0.3024246202208509 -0.2344395779375465 0.5662154832082191 -0.7300530528365881
60808 25239.000192 -0.3055391013184353 -0.2303667059137238 0.5563869597412237 -0.7375707351853792
60808 25359.000192 -0.30859877074712483 -0.22625249347015103 0.5464585639180486 -0.7449561368379529
60808 25479.000192 -0.3116030777163582 -0.22209767844793657 0.5364320744134213 -0.7522079318421494
60808 25599.000192 -0.3145514813142091 -0.21790300595975656 0.5263092875807636 -0.7593248181134133
60808 25719.000192 -0.31744345060714335 -0.21366922825780327 0.516092017135385 -0.766305517669992
60808 25839.000192 -0.3202784647380983 -0.2093971046004538 0.5057820938344121 -0.7731487768640855
60808 25959.000192 -0.3230560130228378 -0.2050874011176612 0.4953813651534942 -0.7798533666089107
60808 26079.000192 -0.3257755950446816 -0.20074089067522527 0.48489169496038703 -0.7864180826015154
60808 26199.000192 -0.32843672074742597 -0.19635835273773158 0.47431496318531474 -0.7928417455415144
60808 26319.000192 -0.33103891052650775 -0.1919405732304177 0.46365306548842183 -0.7991232013454438
60808 26439.000192 -0.33358169531853593 -0.18748834439983178 0.45290791292395705 -0.8052613213569163
60808 26559.000192 -0.3360646166887735 -0.18300246467322992 0.4420814316015707 -0.8112550025525
60808 26679.000192 -0.3384872269170202 -0.17848373851703678 0.43117556234471827 -0.817103167743048
60808 26799.000192 -0.34084908908161277 -0.17393297629410626 0.4201922603460712 -0.822804765770695
60808 26919.000192 -0.3431497771414817 -0.169350994119864 0.40913349482011374 -0.8283587717013957
60808 27039.000192 -0.345388876016245 -0.1647386137175 0.3980012486532395 -0.833764187012811
60808 27159.000192 -0.3475659816646196 -0.1600966622721024 0.3867975180508293 -0.8390200397776921
60808 27279.000192 -0.34968070116075656 -0.15542597228373903 0.3755243121817651 -0.8441253848426715
60808 27399.000192 -0.3517326527685575 -0.15072738141953843 0.36418365282037574 -0.8490793040024062
60808 27519.000192 -0.35372146601416576 -0.14600173236481462 0.3527775739856944 -0.8538809061690221
60808 27639.000192 -0.3556467817564382 -0.14124987267322045 0.3413081215781987 -0.8585293275368343
60808 27759.000192 -0.3575082522553026 -0.13647265461599506 0.32977735301424543 -0.8630237317422621
60808 27879.000192 -0.359305541238153 -0.13167093503026997 0.3181873368579656 -0.8673633100189608
60808 27999.000192 -0.36103832396420166 -0.12684557516655212 0.30654015245093824 -0.8715472813480301
60808 28119.000192 -0.36270628728669113 -0.12199744053530982 0.2948378895395772 -0.8755748926033603
60808 28239.000192 -0.3643091297130409 -0.11712740075275462 0.283082647900342 -0.8794454186920081
60808 28359.000192 -0.3658465614628801 -0.11223632938581338 0.2712765369628077 -0.8831581626895904
60808 28479.000192 -0.3673183045239244 -0.10732510379632487 0.25942167543069355 -0.8867124559706543
60808 28599.000192 -0.3687240927057119 -0.10239460498448794 0.24752019090089744 -0.8901076583339813
60808 28719.000192 -0.3700636716911574 -0.09744571743157955 0.23557421948059934 -0.8933431581227957
60808 28839.000192 -0.37133679908592077 -0.09247932894198195 0.22358590540252868 -0.8964183723398326
60808 28959.000192 -0.37254324446555287 -0.08749633048454247 0.21155740063846673 -0.8993327467572357
60808 29079.000192 -0.3736827894204359 -0.0824976160332826 0.1994908645110135 -0.9020857560212531
60808 29199.000192 -0.3747552275984648 -0.07748408240750247 0.18738846330375677 -0.9046769037516913
60808 29319.000192 -0.3757603647454782 -0.07245662911130386 0.17525236986989132 -0.9071057226360988
60808 29439.000192 -0.37669801874341785 -0.06741615817254035 0.16308476323932342 -0.9093717745186577
60808 29559.000192 -0.3775680196462027 -0.06236357398127035 0.15088782822444433 -0.9114746504837301
60808 29679.000192 -0.37837020971329344 -0.05729978312768781 0.13866375502453024 -0.9134139709340641
60808 29799.000192 -0.37910444344096067 -0.05222569423960169 0.1264147388289321 -0.9151893856636035
60808 29919.000192 -0.379770587591209 -0.047142217819488866 0.11414297941913791 -0.9168005739248912
60808 30039.000192 -0.38036852121838177 -0.04205026608111062 0.10185068076968037 -0.9182472444910477
60808 30159.000192 -0.3808981356934055 -0.03695075278579879 0.08954005064816009 -0.9195291357122817
60808 30279.000192 -0.38135933472568945 -0.031844593078358255 0.07721330021425983 -0.9206460155669365
60808 30399.000192 -0.3817520343826442 -0.026732703322699596 0.06487264361803796 -0.9215976817070343
60808 30519.000192 -0.3820761631068355 -0.0216160009371681 0.05252029759742145 -0.922383961498313
60808 30639.000192 -0.38233166173076233 -0.01649540422962628 0.04015848107504823 -0.9230047120547328
60808 30759.000192 -0.382518483489226 -0.011371832232335214 0.027789414754578905 -0.9234598202674442
60808 30879.000192 -0.3826365940293245 -0.006246204536647718 0.015415320716512991 -0.9237492028281981
60808 30999.000192 -0.3826859714180347 -0.0011194411275625069 0.0030384220136406657 -0.9238728062471934
60808 31119.000192 -0.38266660614739817 0.0040075377818551425 -0.00933905773384983 -0.9238306068653511
60808 31239.000192 -0.3825785011372977 0.009133811916117224 -0.021714894743432536 -0.923622610861006
60808 31359.000192 -0.3824216717358235 0.014258461103025701 -0.034086865475474015 -0.9232488542510131
60808 31479.000192 -0.3821961457172294 0.019380565439377145 -0.04645274703843959 -0.9227094028862647
60808 31599.000192 -0.3819019632774725 0.02449920545667132 -0.058810317594096044 -0.922004352441617
60808 31719.000192 -0.38153917702735385 0.029613462286762215 -0.07115735676255086 -0.9211338284002206
60808 31839.000192 -0.38110785198323865 0.034722417827427084 -0.08349164602706438 -0.9200979860322653
60808 31959.000192 -0.3806080655553727 0.03982515490782256 -0.09581096913854724 -0.9188970103681355
60808 32079.000192 -0.3800399075337895 0.0449207574537853 -0.10811311251963684 -0.9175311161659877
60808 32199.000192 -0.3794034800718271 0.050008310652959444 -0.12039586566829383 -0.9160005478737477
60808 32319.000192 -0.378698897667232 0.05508690111969548 -0.13265702156078696 -0.9143055795855526
60808 32439.000192 -0.3779262871408892 0.06015561705972562 -0.1448943770540581 -0.9124465149926226
60808 32559.000192 -0.37708578761315253 0.06521354843452903 -0.15710573328726257 -0.910423687328607
60808 32679.000192 -0.37617755047780915 0.07025978712541062 -0.1692888960825214 -0.908237459309386
60808 32799.000192 -0.3752017393736673 0.07529342709721082 -0.18144167634469002 -0.9058882230673718
60808 32919.000192 -0.37415853015379197 0.08031356456165457 -0.19356189046014344 -0.9033764000803044
60808 33039.000192 -0.3730481108523773 0.08531929814029016 -0.20564736069446307 -0.9007024410945726
60808 33159.000192 -0.3718706816492879 0.09030972902698303 -0.2176959155889258 -0.8978668260430753
60808 33279.000192 -0.37062645483226947 0.0952839611499289 -0.22970539035570184 -0.8948700639576548
60808 33399.000192 -0.36931565475683703 0.10024110133317951 -0.24167362727174435 -0.8917126928761068
60808 33519.000192 -0.36793851780386944 0.1051802594576147 -0.2535984760711931 -0.8883952797438137
60808 33639.000192 -0.3664952923348956 0.11010054862136599 -0.26547779433631513 -0.8849184203100073
60808 33759.000192 -0.36498623864512225 0.1150010852996243 -0.2773094478867905 -0.8812827390187089
60808 33879.000192 -0.3634116289141793 0.11988098950384352 -0.2890913111673909 -0.8774888888943501
60808 33999.000192 -0.3617717471546339 0.12473938494028193 -0.3008212676338768 -0.8735375514221191
60808 34119.000192 -0.36006688915826635 0.1295753991678308 -0.31249721013701437 -0.8694294364230881
60808 34239.000192 -0.35829736244012683 0.13438816375515594 -0.32411704130475055 -0.8651652819241075
60808 34359.000192 -0.3564634861803988 0.139176814437108 -0.33567867392243084 -0.8607458540225064
60808 34479.000192 -0.3545655911640859 0.14394049127030922 -0.34718003131084996 -0.8561719467456999
60808 34599.000192 -0.3526040197185177 0.14867833878799339 -0.35861904770230857 -0.8514443819056388
60808 34719.000192 -0.3505791256487393 0.15338950615397945 -0.36999366861436495 -0.8465640089482231
60808 34839.000192 -0.3484912741707496 0.15807314731580566 -0.3813018512213799 -0.8415317047976694
60808 34959.000192 -0.3463408418426476 0.1627284211569796 -0.39254156472370827 -0.8363483736958813
60808 35079.000192 -0.3441282164936888 0.16735449164831548 -0.4037107907144826 -0.8310149470368713
60808 35199.000192 -0.3418537971512807 0.1719505279983276 -0.41480752354390715 -0.8255323831962731
60808 35319.000192 -0.33951799396592447 0.17651570480267334 -0.425829770681045 -0.8199016673559694
60808 35439.000192 -0.33712122813413875 0.18104920219259812 -0.4367755530729792 -0.8141238113238961
60808 35559.000192 -0.33466393181938214 0.18555020598236688 -0.4476429055013071 -0.8081998533490593
60808 35679.000192 -0.33214654807098165 0.1900179078156643 -0.45842987693593434 -0.8021308579317921
60808 35799.000192 -0.3295695307411222 0.19445150531091612 -0.46913453088603085 -0.7959179156293311
60808 35919.000192 -0.3269333443998754 0.1988502022055391 -0.4797549457481909 -0.7895621428567096
60808 36039.000192 -0.324238464248333 0.20321320849906346 -0.4902892151516427 -0.7830646816830553
60808 36159.000192 -0.32148537602983074 0.2075397405951156 -0.5007354483005007 -0.7764266996233239
60808 36279.000192 -0.31867457593931875 0.2118290214422706 -0.511091770313028 -0.769649389425471
60808 36399.000192 -0.31580657053086547 0.21608028067367943 -0.5213563225577774 -0.762733968853196
60808 36519.000192 -0.3128818766233412 0.2202927547455204 -0.5315272629866402 -0.7556816804642132
60808 36639.000192 -0.30990102120434787 0.22446568707421585 -0.5416027664646427 -0.7484937913841693
60808 36759.000192 -0.30686454133226354 0.22859832817236841 -0.5515810250965979 -0.7411715930762078
60808 36879.000192 -0.30377298403663433 0.2326899357834552 -0.5614602485503868 -0.7337164011062504
60808 36999.000192 -0.30062690621682264 0.23673977501522267 -0.5712386643769015 -0.7261295549040385
60808 37119.000192 -0.2974268745388771 0.2407471184717446 -0.5809145183266728 -0.7184124175199621
60808 37239.000192 -0.29417346533078986 0.2447112463841408 -0.5904860746629621 -0.7105663753777839
60808 37359.000192 -0.2908672644760461 0.24863144673998652 -0.5999516164714959 -0.7025928380231627
60808 37479.000192 -0.28750886730558045 0.2525070154112967 -0.6093094459665465 -0.6944932378682184
60808 37599.000192 -0.28409887848804105 0.2563372562811141 -0.6185578847935499 -0.6862690299320211
60808 37719.000192 -0.2806379119185423 0.2601214813686639 -0.6276952743279783 -0.6779216915772031
60808 37839.000192 -0.2771265906058178 0.2638590109530909 -0.6367199759706158 -0.6694527222426022
60808 37959.000192 -0.27356554655782583 0.26754917369572634 -0.6456303714391189 -0.6608636431720522
60808 38079.000192 -0.2699554206658242 0.27119130676082137 -0.654424863055782 -0.6521559971394245
60808 38199.000192 -0.26629686258699453 0.2747847559348529 -0.6631018740315204 -0.6433313481698466
60808 38319.000192 -0.26259053062554394 0.278328875744251 -0.6716598487460249 -0.6343912812572406
60808 38439.000192 -0.2588370916123752 0.2818230295715995 -0.6800972530240246 -0.6253374020781965
60808 38559.000192 -0.2550372207833309 0.2852665897702739 -0.688412574407627 -0.6161713367022327
60808 38679.000192 -0.2511916016560284 0.28865893777749574 -0.6966043224247015 -0.6068947312984927
60808 38799.000192 -0.24730092590531147 0.291999464225777 -0.704671028853258 -0.5975092518389364
60808 38919.000192 -0.24336589323736402 0.2952875690527618 -0.7126112479817732 -0.5880165837980678
60808 39039.000192 -0.23938721126245044 0.2985226616093939 -0.720423556865462 -0.578418431849251
60808 39159.000192 -0.23536559536639268 0.30170416076646095 -0.7281065555783948 -0.5687165195576747
60808 39279.000192 -0.23130176858072413 0.3048314950194184 -0.7356588674614757 -0.5589125890700213
60808 39399.000192 -0.22719646145159894 0.3079041025915673 -0.743079139366235 -0.5490084008008339
60808 39519.000192 -0.22305041190743774 0.3109214315354449 -0.7503660418943754 -0.5390057331157437
60808 39639.000192 -0.21886436512540078 0.31388293983254945 -0.7575182696330304 -0.5289063820115152
60808 39759.000192 -0.21463907339660163 0.3167880954912531 -0.7645345413857739 -0.518712160792975
60808 39879.000192 -0.21037529599022461 0.3196363766429811 -0.7714136003992093 -0.5084248997469547
60808 39999.000192 -0.2060737990164149 0.32242727163656326 -0.7781542145852669 -0.4980464458131692
60808 40119.000192 -0.2017353552881172 0.32516027913080997 -0.784755176739016 -0.48757866225222246
60808 40239.000192 -0.19736074418177396 0.32783490818524397 -0.7912153047520645 -0.4770234283106933
60808 40359.000192 -0.19295075149693314 0.3304506783489554 -0.7975334418214897 -0.4663826388834091
60808 40479.000192 -0.18850616931485867 0.33300711974764424 -0.8037084566542004 -0.45565820417297326
60808 40599.000192 -0.18402779585604506 0.3355037731687406 -0.8097392436668136 -0.44485204934652217
60808 40719.000192 -0.17951643533677292 0.33794019014464716 -0.8156247231809 -0.43396611418987346
60808 40839.000192 -0.17497289782465789 0.34031593303406116 -0.8213638416136391 -0.4230023527590397
60808 40959.000192 -0.1703979990932451 0.34263057510132955 -0.8269555716638155 -0.4119627330292422
60808 41079.000192 -0.16579256047570232 0.34488370059391193 -0.8323989124931068 -0.4008492365414367
60808 41199.000192 -0.16115740871751771 0.3470749048177884 -0.837692889902743 -0.3896638580463537
60808 41319.000192 -0.15649337582842107 0.3492037942110124 -0.8428365565053152 -0.3784086051462362
60808 41439.000192 -0.15180129893334685 0.3512699864150942 -0.8478289918918976 -0.36708549793427775
60808 41559.000192 -0.14708202012263408 0.3532731103445181 -0.8526693027943019 -0.3556965686317964
60808 41679.000192 -0.1423363863013737 0.35521280625412766 -0.8573566232425318 -0.34424386122325695
60808 41799.000192 -0.1375652490379673 0.35708872580451134 -0.8618901147173805 -0.3327294310891255
60808 41919.000192 -0.132769464411947 0.3589005321253099 -0.86626896629811 -0.32115534463673184
60808 42039.000192 -0.1279498928610442 0.36064789987643925 -0.8704923948052288 -0.309523678929123
60808 42159.000192 -0.12310739902754424 0.362330515307208 -0.8745596449383268 -0.2978365213120007
60808 42279.000192 -0.11824285160396443 0.3639480763133857 -0.8784699894089255 -0.2860959690387669
60808 42399.000192 -0.11335712317808165 0.36550029249208676 -0.8822227290683269 -0.274304128893864
60808 42519.000192 -0.10845109007727453 0.36698688519450323 -0.8858171930304896 -0.26246311681429035
60808 42639.000192 -0.103525632212348 0.3684075875765938 -0.8892527387897678 -0.25057505750957126
60808 42759.000192 -0.0985816329206853 0.36976214464749274 -0.8925287523336758 -0.23864208408005053
60808 42879.000192 -0.0936199788089026 0.3710503133157992 -0.895644648250507 -0.22666633763374167
60808 42999.000192 -0.08864155959496191 0.3722718624337627 -0.898599869831833 -0.21464996690165852
60808 43119.000192 -0.08364726794976732 0.37342657283906366 -0.9013938891699302 -0.2025951278518781
60808 43239.000192 -0.07863799933830948 0.37451423739462053 -0.9040262072499838 -0.19050398330219503
60808 43359.000192 -0.07361465186035958 0.3755346610260319 -0.9064963540371636 -0.17837870253163884
60808 43479.000192 -0.06857812609072117 0.3764876607568499 -0.9088038885585088 -0.16622146089074566
60808 43599.000192 -0.06352932491911698 0.37737306574159535 -0.9109483989796044 -0.15403443941082226
60808 43719.000192 -0.058469153389716165 0.37819071729655396 -0.9129295026760285 -0.14181982441219945
60808 43839.000192 -0.05339851854027793 0.37894046892830996 -0.9147468462995955 -0.1295798071114497
60808 43959.000192 -0.04831832924106087 0.37962218636002437 -0.9164001058393187 -0.1173165832279174
60808 44079.000192 -0.043229496033376204 0.38023574755539064 -0.9178889866771734 -0.10503235258931026
60808 44199.000192 -0.038132930967950424 0.3807810427404535 -0.919213223638519 -0.0927293187366787
60808 44319.000192 -0.03302954744301248 0.38125797442300197 -0.9203725810373193 -0.0804096885286987
60808 44439.000192 -0.027920260042217412 0.3816664574097651 -0.9213668527160401 -0.06807567174544624
60808 44559.000192 -0.022805984372387986 0.3820064188213128 -0.9221958620802628 -0.05572948069166667
60808 44679.000192 -0.017687636901141994 0.38227779810467777 -0.9228594621279983 -0.04337332979970729
60808 44799.000192 -0.012566134794344196 0.38248054704356205 -0.9233575354737628 -0.031009435231988642
60808 44919.000192 -0.0074423957535619065 0.3826146297664769 -0.9236899943672485 -0.018640014483405815
60808 45039.000192 -0.0023173378533905345 0.38268002275239255 -0.9238567807067845 -0.0062672859834125415
60808 45103.72032 -5.704787349245931E-7 -0.694658370458763 0.7193398003384086 -5.907480233893976E-7
60808 45223.72032 -0.009303782769116453 -0.6945960471736902 0.7192752951372099 -0.009634349077620612
60808 45343.72032 -0.018605335272818845 -0.6944091330341848 0.7190817781932844 -0.019266388568744817
60808 45463.72032 -0.027903548424079903 -0.6940976616676262 0.7187592842998286 -0.02889496990267755
60808 45583.72032 -0.037196755509761224 -0.6936616890112413 0.7183078713029191 -0.03851836707193347
60808 45703.72032 -0.0464832897205808 -0.6931012933473256 0.7177276201806266 -0.04813485397164197
60808 45823.72032 -0.055761485427303116 -0.6924165752770295 0.7170186350162426 -0.05774270572128297
60808 45943.72032 -0.0650296785022031 -0.6916076577010373 0.7161810429787476 -0.06734019899776195
60808 46063.72032 -0.0742862066206085 -0.6906746857965778 0.7152149942993582 -0.07692561234782502
60808 46183.72032 -0.08352940956097557 -0.6896178269902565 0.7141206622438692 -0.08649722649894133
60808 46303.72032 -0.09275762950397859 -0.6884372709268356 0.7128982430807491 -0.09605332466913648
60808 46423.72032 -0.10196921133067309 -0.6871332294339454 0.7115479560450908 -0.10559219287585225
60808 46543.72032 -0.11116250292069751 -0.6857059364826823 0.7100700432982343 -0.11511212024481694
60808 46663.72032 -0.12033585544933247 -0.6841556481441932 0.7084647698832717 -0.12461139931771624
60808 46783.72032 -0.12948762368410408 -0.6824826425421953 0.7067324236763222 -0.13408832635937198
60808 46903.72032 -0.1386161662805187 -0.6806872198015004 0.704873315333649 -0.1435412016640014
60808 47023.72032 -0.14771984607692573 -0.6787697019925463 0.7028877782346412 -0.15296832986056036
60808 47143.72032 -0.15679703038871012 -0.6767304330719218 0.7007761684206029 -0.162368020217375
60808 47263.72032 -0.16584609130132932 -0.6745697788189786 0.6985388645294734 -0.1717385869455649
60808 47383.72032 -0.17486540596245229 -0.6722881267684879 0.696176267726433 -0.18107834950152957
60808 47503.72032 -0.18385335687307766 -0.6698858861393895 0.6936888016304155 -0.19038563288836613
60808 47623.72032 -0.19280833217739038 -0.6673634877596936 0.6910769122366127 -0.19965876795597864
60808 47743.72032 -0.20172872595157776 -0.6647213839874981 0.6883410678349211 -0.208896091700105
60808 47863.72032 -0.21061293849141277 -0.6619600486281739 0.6854817589243888 -0.21809594756006861
60808 47983.72032 -0.21945937659858286 -0.6590799768477367 0.6824994981236809 -0.22725668571523247
60808 48103.72032 -0.22826645386559707 -0.6560816850824743 0.6793948200776285 -0.2363766633799816
60808 48223.72032 -0.23703259095941948 -0.6529657109447812 0.6761682813598311 -0.2454542450973974
60808 48343.72032 -0.245756215903654 -0.6497326131252787 0.6728204603713744 -0.25448780303143265
60808 48463.72032 -0.2544357643591669 -0.6463829712912639 0.6693519572357276 -0.2634757172574814
60808 48583.72032 -0.2630696799033602 -0.642917385981427 0.6657633936897471 -0.2724163760515567
60808 48703.72032 -0.27165641430775045 -0.6393364784969661 0.6620554129709358 -0.28130817617772497
60808 48823.72032 -0.280194427813939 -0.6356408907890893 0.6582286797009389 -0.29014952317388276
60808 48943.72032 -0.2886821894080355 -0.6318312853428789 0.6542838797652635 -0.29893883163594354
60808 49063.72032 -0.2971181770932383 -0.6279083450576606 0.6502217201893646 -0.30767452550012087
60808 49183.72032 -0.30550087816077676 -0.6238727731237946 0.6460429290110211 -0.31635503832352874
60808 49303.72032 -0.313828789459082 -0.6197252928959595 0.6417482551490739 -0.32497881356295155
60808 49423.72032 -0.3221004176610342 -0.6154666477630123 0.6373384682686186 -0.33354430485163195
60808 49543.72032 -0.33031427952949105 -0.6110976010143385 0.6328143586425613 -0.34204997627428285
60808 49663.72032 -0.3384689021807887 -0.6066189357028506 0.6281767370097113 -0.3504943026400063
60808 49783.72032 -0.3465628233464262 -0.602031454504545 0.6234264344293136 -0.358875769753335
60808 49903.72032 -0.3545945916326915 -0.5973359795747504 0.6185643021321607 -0.3671928746831442
60808 50023.72032 -0.3625627667783506 -0.5925333524010156 0.613591211368238 -0.3754441260295592
60808 50143.72032 -0.3704659199102448 -0.5876244336527335 0.6085080532509948 -0.383628044188697
60808 50263.72032 -0.3783026337968692 -0.5826101030274701 0.603315738598215 -0.3917431616153153
60808 50383.72032 -0.3860715030998137 -0.5774912590940742 0.5980151977695719 -0.3997880230832477
60808 50503.72032 -0.39377113462306124 -0.572268819132592 0.5926073805008795 -0.40776118594361294
60808 50623.72032 -0.40140014756015124 -0.5669437189709812 0.5870932557350454 -0.4156612203808125
60808 50743.72032 -0.4089571737391282 -0.5615169128186895 0.5814738114497918 -0.4234867096662239
60808 50863.72032 -0.4164408578652448 -0.5559893730971273 0.5757500544821679 -0.4312362504095673
60808 50983.72032 -0.423849857761439 -0.5503620902670274 0.5699230103498576 -0.4389084528079545
60808 51103.72032 -0.4311828446064885 -0.5446360726527711 0.5639937230693518 -0.446501940892527
60808 51223.72032 -0.4384385031708596 -0.5388123462636715 0.5579632549709861 -0.45401535277269617
60808 51343.72032 -0.44561553205022536 -0.5328919546122423 0.5518326865108647 -0.46144734087795986
60808 51463.72032 -0.4527126438965759 -0.5268759585295135 0.5456031160797378 -0.4687965721972152
60808 51583.72032 -0.4597285656469447 -0.5207654359773819 0.5392756598088168 -0.4760617285155942
60808 51703.72032 -0.4666620387496935 -0.5145614818580507 0.5328514513725836 -0.4832415066487541
60808 51823.72032 -0.47351181938833137 -0.50826520782057 0.5263316417886054 -0.4903346186746111
60808 51943.72032 -0.4802766787028326 -0.5018777420645276 0.5197173992144033 -0.49733979216246527
60808 52063.72032 -0.48695540300845086 -0.49540022914087767 0.5130099087413647 -0.5042557703995263
60808 52183.72032 -0.49354679401198714 -0.4888338297499541 0.5062103721857423 -0.5110813126147878
60808 52303.72032 -0.5000496690254511 -0.48217972053671987 0.4993200078767945 -0.5178151942001947
60808 52423.72032 -0.5064628611771435 -0.4754390938832288 0.49234005044204193 -0.5244562069291234
60808 52543.72032 -0.5127852196200664 -0.4686131576983805 0.4852717505897216 -0.5310031591720903
60808 52663.72032 -0.5190156097377039 -0.46170313520492867 0.47811637488839737 -0.5374548761097215
60808 52783.72032 -0.5251529133470628 -0.4547102647238489 0.4708752055438352 -0.5438101999428758
60808 52903.72032 -0.5311960288990527 -0.44763579945596627 0.4635495401730397 -0.550067990100004
60808 53023.72032 -0.5371438716760071 -0.4404810072610664 0.45614069157568204 -0.5562271234415345
60808 53143.72032 -0.5429953739865091 -0.43324717043428373 0.4486499875027071 -0.562286494461461
60808 53263.72032 -0.5487494853573391 -0.4259355854799738 0.4410787704223297 -0.5682450154859374
60808 53383.72032 -0.5544051727225769 -0.4185475628830183 0.43342839728336835 -0.5741016168689184
60808 53503.72032 -0.5599614206098219 -0.41108442687759117 0.4257002392759479 -0.5798552471848067
60808 53623.72032 -0.5654172313235214 -0.4035475152133855 0.4178956815895624 -0.5855048734180961
60808 53743.72032 -0.5707716251252811 -0.39593817891944555 0.41001612316865726 -0.5910494811498808
60808 53863.72032 -0.5760236404112236 -0.38825778206550393 0.40206297646561684 -0.5964880747413027
60808 53983.72032 -0.5811723338863632 -0.38050770152084207 0.394037667191183 -0.6018196775138993
60808 54103.72032 -0.5862167807358429 -0.37268932671087174 0.38594163406250587 -0.6070433319266958
60808 54223.72032 -0.5911560747931701 -0.36480405937121785 0.37777632854859605 -0.6121580997501839
60808 54343.72032 -0.5959893287052139 -0.35685331329963715 0.36954321461352974 -0.617163062236941
60808 54463.72032 -0.6007156740941578 -0.3488385141054434 0.36124376845706124 -0.6220573202890943
60808 54583.72032 -0.6053342617161567 -0.3407610989568132 0.3528794782530321 -0.6268399946223664
60808 54703.72032 -0.6098442616167715 -0.3326225163258323 0.344451843885427 -0.6315102259267823
60808 54823.72032 -0.6142448632832284 -0.32442422573115726 0.3359623766819518 -0.6360671750240863
60808 54943.72032 -0.6185352757931949 -0.31616769747880474 0.327412599145662 -0.6405100230215522
60808 55063.72032 -0.6227147279603564 -0.3078544124005382 0.31880404468408846 -0.6448379714624787
60808 55183.72032 -0.6267824684765069 -0.2994858615903235 0.3101382573363564 -0.6490502424730819
60808 55303.72032 -0.6307377660502689 -0.2910635461386215 0.3014167914980494 -0.653146078905897
60808 55423.72032 -0.6345799095423239 -0.28258897686471407 0.292641211644023 -0.657124744479561
60808 55543.72032 -0.6383082080971317 -0.2740636740470377 0.2838130920491502 -0.6609855239149859
60808 55663.72032 -0.6419219912712335 -0.265489167151314 0.2749340165067665 -0.6647277230679741
60808 55783.72032 -0.6454206091579475 -0.2568669945567532 0.2660055780451143 -0.6683506690581297
60808 55903.72032 -0.6488034325088692 -0.24819870327928323 0.2570293786406878 -0.671853710394438
60808 56023.72032 -0.6520698528538479 -0.2394858486867391 0.2480070289232603 -0.6752362170993278
60808 56143.72032 -0.6552192826230309 -0.23072999419412626 0.23894014786023388 -0.6784975808347948
60808 56263.72032 -0.658251155241953 -0.221932711019004 0.22983036250328787 -0.6816372150007634
60808 56383.72032 -0.6611649251180323 -0.2130955782712937 0.22067930808119046 -0.6846545547206246
60808 56503.72032 -0.6639600680042586 -0.20422018190815086 0.21148862691763998 -0.6875490572182275
60808 56623.72032 -0.6666360810014843 -0.1953081146800555 0.20225996837511498 -0.6903202018194182
60808 56743.72032 -0.6691924825282856 -0.1863609762504178 0.19299498897878967 -0.692967489921207
60808 56863.72032 -0.6716288124976332 -0.17738037265139942 0.18369535185281857 -0.6954904451742949
60808 56983.72032 -0.6739446324063323 -0.16836791598182954 0.17436272640740064 -0.6978886135755527
60808 57103.72032 -0.6761395254136305 -0.1593252241284495 0.16499878805000825 -0.7001615635493555
60808 57223.72032 -0.6782130964189587 -0.15025392047691136 0.15560521788597184 -0.7023088860279253
60808 57343.72032 -0.6801649721364236 -0.14115563361923494 0.14618370241540002 -0.7043301945283449
60808 57463.72032 -0.6819948011655571 -0.13203199705903895 0.13673593322779234 -0.7062251252257165
60808 57583.72032 -0.6837022540580251 -0.12288464891557935 0.1272636066954117 -0.7079933370221404
60808 57703.72032 -0.6852870233802636 -0.11371523162665816 0.11776842366548051 -0.7096345116114784
60808 57823.72032 -0.6867488237720112 -0.10452539165043087 0.10825208915123415 -0.711148353539876
60808 57943.72032 -0.6880873920006768 -0.09531677916634512 0.09871631202207175 -0.7125345902619901
60808 58063.72032 -0.6893024870115415 -0.08609104777524035 0.08916280469283461 -0.7137929721928988
60808 58183.72032 -0.6903938899737696 -0.07684985419862274 0.07959328281222855 -0.714923272755692
60808 58303.72032 -0.6913614043222173 -0.06759485797718498 0.07000946495046141 -0.7159252884247111
60808 58423.72032 -0.6922048557950037 -0.058327721168769345 0.06041307228630264 -0.7167988387644099
60808 58543.72032 -0.6929240924668505 -0.049050108045618775 0.050805828293404506 -0.7175437664638483
60808 58663.72032 -0.6935189847781603 -0.03976368479122472 0.04118945842620384 -0.7181599373667749
60808 58783.72032 -0.6939894255598341 -0.030470119196602106 0.03156568980523024 -0.7186472404973084
60808 58903.72032 -0.6943353300538031 -0.02117108035634311 0.021936250902184897 -0.7190055880811901
60808 59023.72032 -0.6945566359292838 -0.011868238364149606 0.012302871224479274 -0.719234915562615
60808 59143.72032 -0.6946533032947322 -0.002563264008401217 0.002667280999810984 -0.7193351816166148
60808 59263.72032 -0.6946253147055069 0.00674217153264956 -0.00696878913964599 -0.7193063681570092
60808 59383.72032 -0.6944726751672307 0.016046396995776955 -0.016603608473148363 -0.7191484803399049
60808 59503.72032 -0.6941954121348489 0.025347741337488135 -0.026235446507089324 -0.71886154656275
60808 59623.72032 -0.6937935755073902 0.0346445340389452 -0.03586257329092658 -0.7184456184589398
60808 59743.72032 -0.693267237618426 0.043935105410593624 -0.045483259732804815 -0.7179007708879793
60808 59863.72032 -0.6926164932222385 0.05321778689665158 -0.05509577791503262 -0.7172271019212036
60808 59983.72032 -0.6918414594756984 0.06249091137933712 -0.06469840140928604 -0.7164247328230637
60808 60103.72032 -0.6909422759158683 0.07175281348269225 -0.074289405591393 -0.715493808027991
60808 60223.72032 -0.6899191044333286 0.08100182987610366 -0.08386706795580087 -0.7144344951128365
60808 60343.72032 -0.6887721292412482 0.09023629957727222 -0.09342966842947228 -0.7132469847649108
60808 60463.72032 -0.6875015568402066 0.0994545642546785 -0.1029754896852548 -0.7119314907456237
60808 60583.72032 -0.6861076159787914 0.10865496852933325 -0.11250281745451 -0.7104882498497678
60808 60703.72032 -0.6845905576099717 0.1178358602759821 -0.12200994083917228 -0.7089175218604128
60808 60823.72032 -0.6829506548432686 0.1269955909234962 -0.1314951526229642 -0.707219589499475
60808 60943.72032 -0.6811882028927769 0.1361325157543435 -0.14095674958165455 -0.705394758373974
60808 61063.72032 -0.6793035190209755 0.14524499420342207 -0.15039303279265415 -0.7034433569179502
60808 61183.72032 -0.6772969424784899 0.1543313901555148 -0.15980230794318034 -0.7013657363301891
60808 61303.72032 -0.6751688344396269 0.16339007224229293 -0.16918288563795103 -0.6991622705075768
60808 61423.72032 -0.6729195779339553 0.17241941413764988 -0.17853308170514284 -0.6968333559743547
60808 61543.72032 -0.67054957777389 0.18141779485170936 -0.18785121750097858 -0.6943794118072634
60808 61663.72032 -0.6680592604783978 0.1903835990232825 -0.19713562021269665 -0.6918008795566495
60808 61783.72032 -0.6654490741939992 0.19931521720695003 -0.2063846231559524 -0.6890982231647903
60808 61903.72032 -0.6627194886141171 0.20821104615279581 -0.21559656606461347 -0.68627192888253
60808 62023.72032 -0.6598709948842583 0.21706948911893312 -0.2247697954144856 -0.6833225051711928
60808 62143.72032 -0.656904105458663 0.22588895630618896 -0.23390266487358344 -0.6802504825543974
60808 62263.72032 -0.6538193540727519 0.23466786492131783 -0.2429935353676406 -0.6770564135895137
60808 62383.72032 -0.650617295697354 0.24340463933020284 -0.25204077523888857 -0.6737408728205346
60808 62503.72032 -0.647298506325053 0.25209771166250683 -0.2610427608722554 -0.6703044565569242
60808 62623.72032 -0.6438635828867607 0.26074552201098106 -0.26999787690185206 -0.6667477827874171
60808 62743.72032 -0.6403131431551766 0.26934651866915404 -0.2789045164571858 -0.6630714910802068
60808 62863.72032 -0.6366478256301232 0.2778991584093162 -0.2877610814510922 -0.6592762424643616
60808 62983.72032 -0.6328682894182246 0.2864019067631561 -0.2965659828704212 -0.6553627193054086
60808 63103.72032 -0.6289752141101304 0.29485323829725996 -0.30531764106137976 -0.6513316251783338
60808 63223.72032 -0.6249692996541529 0.30325163688649154 -0.3140144860126962 -0.6471836847369093
60808 63343.72032 -0.6208512662266613 0.3115955959847327 -0.3226549576360328 -0.6429196435796315
60808 63463.72032 -0.6166218540987318 0.31988361889408073 -0.33123750604480817 -0.6385402681117961
60808 63583.72032 -0.6122818234995335 0.32811421903158183 -0.3397605918304586 -0.6340463454041807
60808 63703.72032 -0.6078319544761872 0.3362859201940771 -0.3482226863367492 -0.6294386830480782
60808 63823.72032 -0.6032730467502007 0.3443972568209919 -0.3566222719319495 -0.6247181090067747
60808 63943.72032 -0.5986059195705727 0.35244677425492305 -0.364957842278731 -0.6198854714635771
60808 64063.72032 -0.5938314115635466 0.36043302900010193 -0.3732279026018629 -0.6149416386663631
60808 64183.72032 -0.588950380579004 0.3683545889787596 -0.3814309699537389 -0.6098874987686544
60808 64303.72032 -0.5839637035337205 0.37621003378506446 -0.3895655734773885 -0.6047239596674295
60808 64423.72032 -0.5788722762512585 0.38399795493702604 -0.3976302546673836 -0.5994519488374528
60808 64543.72032 -0.5736770132987504 0.3917169561259718 -0.4056235676282328 -0.5940724131623799
60808 64663.72032 -0.5683788478205032 0.39936565346374236 -0.4135440793304163 -0.5885863187625701
60808 64783.72032 -0.5629787313684711 0.40694267572755266 -0.42139036986400047 -0.5829946508196517
60808 64903.72032 -0.5574776337296691 0.41444666460243224 -0.42916103268974926 -0.5772984133979202
60808 65023.72032 -0.5518765427504841 0.4218762749213244 -0.43685467488781016 -0.5714986292625256
60808 65143.72032 -0.5461764641580431 0.42923017490265164 -0.4444699174037734 -0.5655963396946093
60808 65263.72032 -0.5403784213785134 0.4365070463855175 -0.4520053952922855 -0.5595926043032752
60808 65383.72032 -0.5344834553525 0.4437055850623644 -0.45945975795802013 -0.5534885008345474
60808 65503.72032 -0.5284926243475156 0.45082450070910846 -0.466831669394036 -0.547285124977316
60808 65623.72032 -0.5224070037675648 0.4578625174127454 -0.4741198084175064 -0.5409835901662876
60808 65743.72032 -0.5162276859598559 0.46481837379639623 -0.4813228689027924 -0.5345850273819791
60808 65863.72032 -0.5099557800187167 0.4716908232417301 -0.48843956001178945 -0.52809058494782
60808 65983.72032 -0.5035924115867045 0.47847863410878466 -0.495468606421567 -0.5215014283243615
60808 66103.72032 -0.4971387226529417 0.4851805899531565 -0.5024087485492736 -0.5148187399006191
60808 66223.72032 -0.49059587134875027 0.49179548974048776 -0.5092587427742269 -0.508043718782634
60808 66343.72032 -0.4839650317405507 0.4983221480583019 -0.5160173616572404 -0.5011775805792077
60808 66463.72032 -0.47724739362014046 0.5047593953250689 -0.5226833941570672 -0.4942215571849345
60808 66583.72032 -0.4704441622922898 0.5111060779965708 -0.5292556458440271 -0.48717689656047003
60808 66703.72032 -0.463556558359741 0.5173610587694903 -0.5357329391107369 -0.48004486251011513
60808 66823.72032 -0.45658581750565297 0.5235232167821843 -0.5421141133799058 -0.47282673445676415
60808 66943.72032 -0.44953319027346905 0.5295914478126608 -0.5483980253092156 -0.465523807214196
60808 67063.72032 -0.4423999418442649 0.5355646644737208 -0.5545835489932369 -0.45813739075675564
60808 67183.72032 -0.4351873518116542 0.5414417964051835 -0.5606695761623101 -0.45066880998651654
60808 67303.72032 0.427896713954171 -0.5472217904632772 0.5666550163784638 0.4431194044978286
60808 67423.72032 0.4205293360052659 -0.5529036109070679 0.5725387972282472 0.43549052833939794
60808 67543.72032 0.4130865394209117 -0.5584862395819343 0.5783198645124822 0.42778354977388944
60808 67663.72032 0.40556965914479515 -0.5639686761001034 0.5839971824329523 0.4199998510350265
60808 67783.72032 0.39798004337124054 -0.5693499380181242 0.5895697337759024 0.4121408280823377
60808 67903.72032 0.39031905330574845 -0.574629061011371 0.595036520092446 0.40420789035342514
60808 68023.72032 0.3825880629233267 -0.5798050990454315 0.6003965618757285 0.396202460513938
60808 68143.72032 0.374788458724531 -0.5848771245444353 0.6056488987349142 0.388125974205166
60808 68263.72032 0.3669216394893397 -0.589844228556233 0.610792589565894 0.3799798797893736
60808 68383.72032 0.35898901602878464 -0.5947055209144602 0.6158267127187634 0.3717656380928008
60808 68503.72032 0.3509920109344778 -0.5994601303973963 0.6207503661619661 0.36348472214646516
60808 68623.72032 0.3429320583260382 -0.6041072048835953 0.6255626676431004 0.35513861692477844
60808 68743.72032 0.33481060359635273 -0.6086459115043285 0.6302627548464083 0.3467288190818979
60808 68863.72032 0.3266291031549071 -0.6130754367926782 0.6348497855468058 0.33825683668606416
60808 68983.72032 0.3183890241689828 -0.617394986829397 0.6393229377605565 0.3297241889517101
60808 69103.72032 0.31009184430294595 -0.6216037873853851 0.6436814098924526 0.3211324059695735
60808 69223.72032 0.30173905145561364 -0.6257010840607948 0.6479244208794951 0.31248302843479925
60808 69343.72032 0.2933321434956136 -0.6296861424207764 0.6520512103311193 0.30377760737294757
60808 69463.72032 0.28487262799495766 -0.6335582481277547 0.6560610386658192 0.29501770386412945
60808 69583.72032 0.2763620219607804 -0.6373167070702419 0.6599531872441998 0.2862048887652249
60808 69703.72032 0.2678018515652287 -0.6409608454881786 0.6637269584984459 0.277340742430168
60808 69823.72032 0.2591936518736303 -0.6444900100947318 0.6673816760581315 0.26842685442843295
60808 69943.72032 0.25053896657099395 -0.64790356819452 0.6709166848723358 0.25946482326177156
60808 70063.72032 0.2418393476867768 -0.651200907798271 0.6743313513280843 0.2504562560791439
60808 70183.72032 0.2330963553180008 -0.6543814377338674 0.6776250633650608 0.24140276838992233
60808 70303.72032 0.2243115573509003 -0.6574445877537013 0.6807972305865014 0.23230598377555722
60808 70423.72032 0.21548652918093827 -0.6603898086383776 0.6838472843663383 0.2231675335995448
60808 70543.72032 0.20662285343134193 -0.6632165722967094 0.6867746779524978 0.21398905671584376
60808 70663.72032 0.19772211967023923 -0.6659243718619554 0.6895788865663309 0.20477219917583303
60808 70783.72032 0.18878592412635217 -0.6685127217843069 0.6922594074981694 0.19551861393376477
60808 70903.72032 0.17981586940333286 -0.6709811579195808 0.6948157601989674 0.1862299605508016
60808 71023.72032 0.17081356419290392 -0.6733292376140638 0.6972474863679679 0.17690790489780495
60808 71143.72032 0.16178062298668192 -0.6755565397855346 0.699554150036417 0.16755411885675256
60808 71263.72032 0.15271866578674143 -0.6776626650004229 0.7017353376472999 0.15817028002084424
60808 71383.72032 0.143629317815211 -0.6796472355470363 0.703790658131 0.1487580713935966
60808 71503.72032 0.13451420922265664 -0.6815098955048966 0.7057197429769456 0.13931918108667615
60808 71623.72032 0.12537497479541798 -0.6832503108101268 0.7075222463011881 0.12985530201664575
60808 71743.72032 0.11621325366221458 -0.6848681693168422 0.7091978449098227 0.12036813160094284
60808 71863.72032 0.10703068899946015 -0.6863631808546152 0.7107462383583805 0.11085937145252095
60808 71983.72032 0.09782892773620261 -0.6877350772818662 0.7121671490069772 0.1013307270740929
60808 72103.72032 0.0886096202576761 -0.6889836125353109 0.7134603220714265 0.09178390755093921
60808 72223.72032 0.07937442010868892 -0.6901085626752904 0.7146255256700647 0.08222062524353606
60808 72343.72032 0.07012498369600179 -0.6911097259270939 0.7156625508664451 0.0726425954791364
60808 72463.72032 0.060862969990252765 -0.6919869227181985 0.7165712117077947 0.06305153624287502
60808 72583.72032 0.0515900402273855 -0.6927399957113975 0.7173513452592734 0.053449167868361944
60808 72703.72032 0.042307857609417576 -0.6933688098338805 0.7180028116339977 0.04383721272758216
60808 72823.72032 0.03301808700522901 -0.6938732523021686 0.7185254940187991 0.03421739492081614
60808 72943.72032 0.02372239465193691 -0.6942532326429111 0.7189192986957486 0.02459143996716586
60808 73063.72032 0.014422447863032234 -0.6945086827095727 0.7191841550593253 0.014961074502075794
60808 73183.72032 0.0051199148347251516 -0.6946395566948449 0.7193200156293456 0.005328026076557332
60808 73303.72032 -0.0041835255265168896 -0.6946458312074194 0.7193268561310573 -0.004305966666351701
60808 73423.72032 -0.013486230071446715 -0.6945275050688019 0.7192046752808927 -0.013939202110276296
60808 73543.72032 -0.022786523336697635 -0.6942845991453378 0.7189534946213343 -0.023569945175898464
60808 73663.72032 -0.03208272870165124 -0.6939171570970882 0.7185733592865609 -0.033196459584997055
60808 73783.72032 -0.041373178492595176 -0.6934252448897384 0.7180643375024818 -0.042817018323886916
60808 73903.72032 -0.05065620632445374 -0.6928089508139262 0.71742652060571 -0.052429895713284866
60808 74023.72032 -0.05993014717168337 -0.6920683854718847 0.7166600230298649 -0.06203336748196631
60808 74143.72032 -0.06919333765150927 -0.6912036817572365 0.7157649822846828 -0.07162571106029474
60808 74263.72032 -0.0784441163209845 -0.6902149948303461 0.7147415589306679 -0.0812052058880685
60808 74383.72032 -0.08768082397570777 -0.6891025020895707 0.7135899365493807 -0.09077013372406673
60808 74503.72032 -0.09690180394844572 -0.6878664031383132 0.7123103217095573 -0.10031877895550599
60808 74623.72032 -0.10610540240714667 -0.6865069197480757 0.7109029439289632 -0.10984942890684532
60808 74743.72032 -0.11528996865252004 -0.6850242958173849 0.7093680556320622 -0.11936037414814214
60808 74863.72032 -0.12445385541490847 -0.6834187973266711 0.7077059321034944 -0.12884990880266708
60808 74983.72032 -0.1335954191504398 -0.681690712289125 0.7059168714373653 -0.13831633085375766
60808 75103.72032 -0.1427130203364285 -0.6798403506974944 0.7040011944823953 -0.14775794245089705
60808 75223.72032 -0.15180502376581206 -0.6778680444669274 0.7019592447829354 -0.15717305021477462
60808 75343.72032 -0.16086979884088856 -0.6757741473737758 0.6997913885158296 -0.16655996554161986
60808 75463.72032 -0.16990571986588973 -0.6735590349904843 0.6974980144232183 -0.17591700490631734
60808 75583.72032 -0.17891116633859552 -0.671223104616521 0.6950795337412602 -0.18524249016452593
60808 75703.72032 -0.18788452324092417 -0.6687667752053889 0.6925363801247804 -0.19453474885372324
60808 75823.72032 -0.19682418132836696 -0.6661904872877457 0.6898690095678939 -0.20379211449304735
60808 75943.72032 -0.2057285374181569 -0.663494702890675 0.6870779003206553 -0.2130129268818225
60808 76063.72032 -0.21459599467626847 -0.6606799054531096 0.6841635528017024 -0.2221955323968627
60808 76183.72032 -0.22342496290312294 -0.6577465997374333 0.6811264895069548 -0.2313382842884315
60808 76303.72032 -0.23221385881795834 -0.6546953117372968 0.6779672549143806 -0.24043954297481182
60808 76423.72032 -0.24096110634175158 -0.6515265885816934 0.6746864153848886 -0.2494976763353706
60808 76543.72032 -0.24966513687872596 -0.6482409984352985 0.6712845590593436 -0.25851106000215346
60808 76663.72032 -0.2583243895963757 -0.6448391303951029 0.6677622957517436 -0.26747807764994164
60808 76783.72032 -0.26693731170398627 -0.6413215943833659 0.664120256838574 -0.2763971212847429
60808 76903.72032 -0.2755023587294281 -0.637689021036981 0.660359095144446 -0.2852665915304961
60808 77023.72032 -0.28401799479454426 -0.6339420615931428 0.656479484823898 -0.29408489791431275
60808 77143.72032 -0.2924826928886749 -0.6300813877715099 0.6524821212395625 -0.3028504591497892
60808 77263.72032 -0.3008949351405538 -0.6261076916527829 0.6483677208366161 -0.31156170341862843
60808 77383.72032 -0.3092532130884285 -0.62202168555377 0.6441370210135889 -0.32021706865042227
60808 77503.72032 -0.31755602794838905 -0.6178241018989609 0.6397907799895542 -0.3288150028005752
60808 77623.72032 -0.3258018908808664 -0.6135156930886402 0.6353297766677305 -0.3373539641263299
60808 77743.72032 -0.3339893232552479 -0.6090972313635749 0.6307548104955363 -0.3458324214608421
60808 77863.72032 -0.3421168569125624 -0.6045695086663143 0.6260667013211341 -0.3542488544852539
60808 77983.72032 -0.3501830344262746 -0.5999333364990943 0.6212662892464574 -0.3626017539988026
60808 78103.72032 -0.3581864093610345 -0.5951895457784325 0.616354434476815 -0.3708896221868147
60808 78223.72032 -0.36612554652944046 -0.590338986686404 0.6113320171670548 -0.3791109728866315
60808 78343.72032 -0.3739990222467175 -0.5853825285186562 0.6061999372643571 -0.3872643318513773
60808 78463.72032 -0.38180542458338007 -0.580321059529135 0.6009591143476248 -0.39534823701163163
60808 78583.72032 -0.38954335361569653 -0.5751554867716415 0.5956104874635982 -0.40336123873481877
60808 78703.72032 -0.39721142167404494 -0.5698867359381783 0.590155014959642 -0.4113019000824067
60808 78823.72032 -0.40480825358907885 -0.5645157511941382 0.584593674313279 -0.41916879706483134
60808 78943.72032 -0.4123324869356867 -0.5590434950103639 0.5789274619584818 -0.4269605188941241
60808 79063.72032 -0.4197827722746783 -0.5534709479921252 0.5731573931087821 -0.4346756682341778
60808 79183.72032 -0.42715777339225725 -0.5477991087049828 0.567284501577163 -0.4423128614487092
60808 79303.72032 -0.4344561675371224 -0.5420289934976613 0.561309839592858 -0.44987072884675217
60808 79423.72032 -0.4416766456552976 -0.5361616363218591 0.5552344776149857 -0.45734791492578697
60808 79543.72032 -0.44881791262256 -0.5301980885491022 0.5490595041431329 -0.4647430786123701
60808 79663.72032 -0.4558786874744854 -0.5241394187846354 0.542786025524869 -0.4720548935002806
60808 79783.72032 -0.46285770363409934 -0.5179867126783594 0.5364151657602141 -0.47928204808617336
60808 79903.72032 -0.4697537091370385 -0.5117410727329004 0.5299480663031355 -0.4864232460026376
60808 80023.72032 -0.47656546685429535 -0.5054036181087472 0.5233858858600169 -0.493477206248739
60808 80143.72032 -0.48329175471238167 -0.49897548442660794 0.5167298001852483 -0.5004426634178707
60808 80263.72032 -0.4899313659110329 -0.49245782356687395 0.5099810018738229 -0.5073183679230421
60808 80383.72032 -0.4964831091383092 -0.4858518034663195 0.5031407001510729 -0.5141030862194573
60808 80503.72032 -0.5029458087831066 -0.4791586079120315 0.49621012065953757 -0.5207956010243925
60808 80623.72032 -0.5093183051450536 -0.472379436332585 0.48919050524297575 -0.5273947115343511
60808 80743.72032 -0.515599454641765 -0.4655155035864908 0.4820831117275526 -0.5338992336394671
60808 80863.72032 -0.5217881300134084 -0.45856803974795257 0.47488921370023723 -0.540308000135109
60808 80983.72032 -0.5278832205245434 -0.4515382898899755 0.4676101002844497 -0.5466198609306467
60808 81103.72032 -0.533883632163246 -0.44442751386480284 0.4602470759129377 -0.5528336832553901
60808 81223.72032 -0.5397882878374459 -0.4372369860817486 0.45280146009794753 -0.5589483518616315
60808 81343.72032 -0.5455961275684763 -0.42996799528242025 0.44527458719868446 -0.5649627692247876
60808 81463.72032 -0.5513061086817523 -0.42262184431341854 0.43766780618614876 -0.5708758557405561
60808 81583.72032 -0.5569172059946053 -0.41519984989646785 0.429982480405302 -0.5766865499191196
60808 81703.72032 -0.5624284120012152 -0.4077033423960338 0.4222199873346177 -0.5823938085763354
60808 81823.72032 -0.5678387370546083 -0.40013366558445795 0.41438171834304693 -0.5879966070218743
60808 81943.72032 -0.5731472095456839 -0.3924921764046286 0.40646907844441876 -0.5934939392442847
60808 82063.72032 -0.5783528760792203 -0.38478024473025135 0.3984834860493407 -0.5988848180929175
60808 82183.72032 -0.5834548016468637 -0.37699925312368243 0.3904263727145575 -0.604168275456729
60808 82303.72032 -0.5884520697970229 -0.3691505965914219 0.38229918288987197 -0.6093433624398753
60808 82423.72032 -0.5933437828016949 -0.36123568233719755 0.3741033736625519 -0.6144091495341288
60808 82543.72032 -0.5981290618200804 -0.35325592951283347 0.3658404144994262 -0.6193647267879747
60808 82663.72032 -0.602807047059062 -0.34521276896676334 0.3575117869865257 -0.6242092039724624
60808 82783.72032 -0.6073768979304641 -0.337107642990292 0.3491189845663708 -0.6289417107437242
60808 82903.72032 -0.6118377932050312 -0.32894200506167176 0.3406635122729822 -0.6335613968021098
60808 83023.72032 -0.6161889311631206 -0.32071731958798183 0.3321468864645959 -0.6380674320479194
60808 83143.72032 -0.620429529742058 -0.3124350616448684 0.3235706345541469 -0.6424590067336926
60808 83263.72032 -0.6245588266801536 -0.30409671671410055 0.3149362947374756 -0.6467353316130516
60808 83383.72032 -0.6285760796572736 -0.2957037804191235 0.30624541571944075 -0.6508956380859826
60808 83503.72032 -0.6324805664319524 -0.2872577582586007 0.29749955643793563 -0.6549391783405475
60808 83623.72032 -0.6362715849751108 -0.2787601653377516 0.2887002857856084 -0.6588652254910997
60808 83743.72032 -0.6399484536001894 -0.27021252609786206 0.2798491823296732 -0.6626730737127863
60808 83863.72032 -0.6435105110897791 -0.2616163740436998 0.2709478340295439 -0.6663620383724578
60808 83983.72032 -0.6469571168188436 -0.2529732514686004 0.26199783795202797 -0.6699314561560132
60808 84103.72032 -0.6502876508754902 -0.24428470917430267 0.25300079998109926 -0.6733806851932915
60808 84223.72032 -0.653501514181148 -0.23555230617954054 0.24395833451599358 -0.6767091051823001
60808 84343.72032 -0.6565981286070821 -0.22677760942329048 0.23487206416375736 -0.6799161175096461
60808 84463.72032 -0.659576937011805 -0.2179621936896387 0.22574361966131948 -0.6830011452891799
60808 84583.72032 -0.6624374033716048 -0.209107641282638 0.21657463953859424 -0.6859636334968677
60808 84703.72032 -0.6651790130785856 -0.2002155411165559 0.20736676917628988 -0.6888030492793936
60808 84823.72032 -0.6678012727991081 -0.1912874891347979 0.19812166123951225 -0.6915188818073529
60808 84943.72032 -0.6703037106164975 -0.18232508789583426 0.18884097524878443 -0.6941106424228195
60808 85063.72032 -0.6726858761519198 -0.17332994618323758 0.17952637717608172 -0.6965778647645009
60808 85183.72032 -0.6749473406459544 -0.16430367872412915 0.17017953915306147 -0.6989201048519952
60808 85303.72032 -0.6770876970373162 -0.15524790590468457 0.16080213917626335 -0.701136941167167
60808 85423.72032 -0.6791065600394669 -0.14616425347839526 0.1513958608048184 -0.7032279747333957
60808 85543.72032 -0.6810035662133844 -0.1370543522729439 0.14196239285669857 -0.7051928291907801
60808 85663.72032 -0.6827783740366022 -0.12791983789464398 0.13250342910244797 -0.707031150867509
60808 85783.72032 -0.6844306639680998 -0.11876235043208237 0.12302066795808565 -0.7087426088469493
60808 85903.72032 -0.6859601385091423 -0.10958353415853826 0.11351581217673161 -0.7103268950305203
60808 86023.72032 -0.6873665222599682 -0.10038503723348277 0.10399056853928193 -0.711783724196294
60808 86143.72032 -0.6886495619723303 -0.09116851140318628 0.09444664754415064 -0.7131128340532905
60808 86263.72032 -0.6898090265978623 -0.08193561170045684 0.08488576309610973 -0.7143139852914633
60808 86383.72032 -0.6908447073322448 -0.07268799614362889 0.07530963219434746 -0.7153869616273426
