CIC_OEM_VERS = 2.0
CREATION_DATE = 2025-05-13T13:35:43.068236
ORIGINATOR = ISAE-SUPAERO


META_START
OBJECT_NAME = RED2
OBJECT_ID = RED2
CENTER_NAME = Earth
REF_FRAME = EME2000
TIME_SYSTEM = UTC
START_TIME = 2025-05-13T00:00:00.000
USEABLE_START_TIME = 2025-05-13T00:00:00.000
USEABLE_STOP_TIME = 2025-05-13T23:55:00.000
STOP_TIME = 2025-05-13T23:55:00.000
INTERPOLATION = lagrange
INTERPOLATION_DEGREE = 5
META_STOP



60808 0.0 1141.3702 2366.6262 6477.9512 -0.37052067 -7.0538623 2.6089181
60808 420.0 875.8891800000001 -734.33013 6881.294900000001 -0.8724369900000001 -7.4592932 -0.7244552700000001
60808 840.0 433.00974 -3685.7092000000002 5886.7545 -1.2005055 -6.3500317 -3.9340509000000004
60808 1260.0 -98.23055400000001 -5883.031 3686.4937999999997 -1.2851156000000001 -3.9266496 -6.3635637
60808 1680.0 -609.06273 -6866.5001 724.7141700000001 -1.1043604 -0.6702475 -7.4923814
60808 2100.0 -993.38125 -6424.2667 -2387.4586 -0.6931877 2.7399994000000003 -7.0642778
60808 2520.0 -1171.0571000000002 -4645.5646 -5001.692599999999 -0.13820187 5.5787063 -5.164623
60808 2940.0 -1105.829 -1902.9014 -6576.0077 0.44274292000000004 7.250112100000001 -2.2029594
60808 3360.0 -812.53012 1232.8962 -6790.9627 0.9289072 7.4207564 1.1933734999999999
60808 3780.0 -352.72621000000004 4116.8005 -5611.1013 1.2223166 6.074934000000001 4.324050199999999
60808 4200.0 179.00494 6162.8431 -3285.2003 1.2659478 3.50179 6.5579415
60808 4620.0 674.54916 6959.9708 -291.24131 1.0533051 0.23085734 7.4523701
60808 5040.0 1033.9505 6351.7981 2762.0268 0.62899065 -3.0756379000000003 6.8373386
60808 5460.0 1185.1884 4464.6144 5257.907700000001 0.07894308800000001 -5.7567018 4.8441137
60808 5880.0 1097.9726 1679.2576999999999 6693.099200000001 -0.48738434 -7.2803382 1.8714739
60808 6300.0 789.3157600000001 -1444.3231 6774.5841 -0.95764578 -7.3380469999999995 -1.4938149
60808 6720.0 320.52578000000005 -4273.9067000000005 5477.4631 -1.236395 -5.900143 -4.5803683
60808 7140.0 -213.76109 -6227.2933 3056.0978999999998 -1.263317 -3.2347562 -6.750809100000001
60808 7560.0 -703.74308 -6893.503900000001 2.3142905999999996 -1.0285255 0.12165009 -7.5345272
60808 7980.0 -1047.4244 -6127.0758 -3051.5875 -0.57900771 3.4637927 -6.7495262
60808 8400.0 -1173.2705 -4086.2628 -5469.2788 -0.010056642999999999 6.0808279 -4.560754200000001
60808 8820.0 -1056.0358 -1198.3901 -6751.1788 0.55789575 7.4278174 -1.4393145
60808 9240.0 -721.32584 1936.9471 -6639.584400000001 1.0076122 7.2418486 1.9575259
60808 9660.0 -238.99744 4676.7619 -5166.2357 1.2491223 5.5801646 4.933566300000001
60808 10080.0 292.04182000000003 6465.799400000001 -2638.9388 1.2359875 2.7940676 6.8913539
60808 10500.0 764.03032 6945.7527 424.54116999999997 0.9730971700000001 -0.54578214 7.4447898
60808 10920.0 1081.9281 6024.3517 3402.4606000000003 0.5149568000000001 -3.7652677 6.4925370000000004
60808 11340.0 1182.0943 3890.3795 5693.921200000001 -0.046125400999999996 -6.2224832 4.2319764
60808 11760.0 1044.3701 973.63284 6836.3741 -0.5987904 -7.4294044999999995 1.1129486
60808 12180.0 695.77983 -2139.1362999999997 6594.5443 -1.0330992 -7.1375603000000005 -2.2487649000000003
60808 12600.0 205.78041000000002 -4815.999400000001 5008.1726 -1.2600073999999999 -5.3848153000000005 -5.178395000000001
60808 13020.0 -326.28996 -6503.4622 2391.7294 -1.2291706 -2.5055931 -7.0644852
60808 13440.0 -790.69028 -6844.4328 -720.4325200000001 -0.94294994 0.91337886 -7.4931014
60808 13860.0 -1090.6117 -5762.0085 -3682.1275 -0.45999379 4.1494606 -6.3598549
60808 14280.0 -1163.8281000000002 -3481.6574 -5876.5949 0.1170187 6.5157173 -3.9070587999999997
60808 14700.0 -996.22266 -480.32966 -6852.2749 0.6664773 7.524212 -0.6608377000000001
60808 15120.0 -623.76813 2620.4319 -6415.7547 1.0757503 6.9845675 2.6994598
60808 15540.0 -123.82045 5186.6345 -4665.2252 1.2635318 5.0255228 5.4890639000000006
60808 15960.0 401.36808 6699.552900000001 -1964.0292 1.1942821 2.0567109 7.1501301999999995
60808 16380.0 845.42608 6857.330599999999 1135.9249 0.8841443400000001 -1.3163095 7.357186899999999
60808 16800.0 1119.0827 5632.5863 4006.5611000000004 0.3968304 -4.4148098000000005 6.0781929
60808 17220.0 1167.5713 3274.4706 6068.99 -0.16994651 -6.622301800000001 3.5740852
60808 17640.0 980.9685400000001 257.3163 6906.1165 -0.70378817 -7.499265500000001 0.34123313000000005
60808 18060.0 596.04458 -2811.1874 6342.923 -1.0980727 -6.8595654 -2.981207
60808 18480.0 89.772877 -5305.8652999999995 4483.821 -1.270977 -4.8093273 -5.721323099999999
60808 18519.0 -18793.856 -4836.8951 -4836.8951 1.526882 -2.9663654999999998 -2.9663654999999998
60808 18639.0 -18603.853 -5191.0657 -5191.0651 1.6386809 -2.9363978000000004 -2.9363879
60808 18759.0 -18400.547 -5541.5261 -5541.5235999999995 1.7493258 -2.9043092 -2.9042886
60808 18879.0 -18184.051 -5888.0133 -5888.0078 1.8587135000000001 -2.8701351 -2.8701032
60808 18999.0 -17954.508 -6230.276 -6230.2659 1.9667670000000002 -2.8339016000000004 -2.8338578
60808 19119.0 -17712.083 -6568.0684 -6568.0523 2.0734085 -2.7956352000000004 -2.7955787
60808 19239.0 -17456.95 -6901.1482000000005 -6901.1245 2.1785614 -2.7553631999999997 -2.7552935
60808 19359.0 -17189.291 -7229.2765 -7229.2436 2.2821502999999996 -2.7131146 -2.713031
60808 19479.0 -16909.299 -7552.217900000001 -7552.1741 2.3841010000000002 -2.6689197 -2.6688218000000004
60808 19599.0 -16617.175 -7869.7407 -7869.684200000001 2.4843403 -2.6228104 -2.6226974000000003
60808 19719.0 -16313.129 -8181.6170999999995 -8181.546200000001 2.5827963 -2.5748195999999997 -2.5746911
60808 19839.0 -15997.379 -8487.6235 -8487.536199999999 2.6793984 -2.5249818 -2.5248373
60808 19959.0 -15670.15 -8787.5403 -8787.4347 2.7740773 -2.4733329 -2.4731718000000003
60808 20079.0 -15331.68 -9081.1524 -9081.0265 2.8667651999999997 -2.41991 -2.4197318
60808 20199.0 -14982.209 -9368.2492 -9368.100900000001 2.9573956 -2.3647512 -2.3645557
60808 20319.0 -14621.99 -9648.6249 -9648.452 3.0459035 -2.3078964 -2.3076828999999996
60808 20439.0 -14251.28 -9922.0782 -9921.8785 3.1322255 -2.2493862 -2.2491545
60808 20559.0 -13870.345000000001 -10188.413 -10188.184000000001 3.2162997 -2.1892627000000005 -2.1890123
60808 20679.0 -13479.460000000001 -10447.438 -10447.179 3.2980657 -2.127569 -2.1272997
60808 20799.0 -13078.904 -10698.969000000001 -10698.675000000001 3.3774650999999998 -2.0643494000000002 -2.0640608
60808 20919.0 -12668.965 -10942.823 -10942.494 3.4544409000000003 -1.9996492000000001 -1.999341
60808 21039.0 -12249.938 -11178.827000000001 -11178.460000000001 3.5289379 -1.9335149 -1.9331869
60808 21159.0 -11822.122 -11406.811 -11406.403 3.6009028 -1.8659938999999999 -1.8656458
60808 21279.0 -11385.824 -11626.612000000001 -11626.161 3.6702839 -1.7971346000000001 -1.7967663
60808 21399.0 -10941.359 -11838.072 -11837.576000000001 3.7370316 -1.7269865 -1.7265977000000001
60808 21519.0 -10489.044 -12041.039 -12040.495 3.801098 -1.6555998 -1.6551905
60808 21639.0 -10029.204 -12235.368 -12234.774 3.8624372 -1.5830256999999999 -1.5825958
60808 21759.0 -9562.1699 -12420.92 -12420.273000000001 3.9210053 -1.5093163 -1.5088657
60808 21879.0 -9088.275599999999 -12597.561 -12596.858 3.9767603 -1.4345245 -1.4340531
60808 21999.0 -8607.8615 -12765.165 -12764.404 4.029662200000001 -1.3587038 -1.3582117
60808 22119.0 -8121.2723 -12923.611 -12922.79 4.0796731 -1.2819086 -1.2813959
60808 22239.0 -7628.8571 -13072.786 -13071.903 4.1267572 -1.2041941 -1.2036607
60808 22359.0 -7130.969 -13212.583 -13211.634 4.1708808 -1.1256158 -1.1250619
60808 22479.0 -6627.965400000001 -13342.901 -13341.885 4.2120122 -1.0462301999999999 -1.0456559
60808 22599.0 -6120.2069 -13463.648000000001 -13462.562 4.250122 -0.9660941900000001 -0.96549967
60808 22719.0 -5608.058 -13574.736 -13573.577000000001 4.285182799999999 -0.8852651300000001 -0.88465058
60808 22839.0 -5091.886 -13676.086000000001 -13674.852 4.317169600000001 -0.80380102 -0.80316667
60808 22959.0 -4572.0612 -13767.626 -13766.314 4.3460593 -0.72176023 -0.72110635
60808 23079.0 -4048.9565000000002 -13849.288 -13847.897 4.3718313 -0.63920158 -0.63852848
60808 23199.0 -3522.9472 -13921.016 -13919.543 4.3944671 -0.55618425 -0.55549225
60808 23319.0 -2994.4105 -13982.756 -13981.199 4.4139505 -0.47276773 -0.47205721
60808 23439.0 -2463.7257000000004 -14034.466 -14032.823 4.4302674 -0.38901182 -0.38828318
60808 23559.0 -1931.2735 -14076.108 -14074.376 4.4434062 -0.30497656 -0.30423022
60808 23679.0 -1397.4357 -14107.652 -14105.829 4.4533574 -0.22072217000000002 -0.2199586
60808 23799.0 -862.59548 -14129.075 -14127.16 4.4601138 -0.13630904000000002 -0.13552875
60808 23919.0 -327.13639 -14140.362000000001 -14138.352 4.4636707 -0.05179769000000001 -0.051001204
60808 24039.0 208.55739000000003 -14141.505000000001 -14139.399 4.4640253 0.032751313000000004 0.033563432
60808 24159.0 744.10158 -14132.503 -14130.298 4.4611773999999995 0.11727736 0.11810451999999999
60808 24279.0 1279.112 -14113.362000000001 -14111.057 4.455129100000001 0.20171987 0.20256144
60808 24399.0 1813.2047 -14084.096 -14081.689 4.4458845 0.28601829 0.28687362
60808 24519.0 2345.9966 -14044.726 -14042.216 4.4334503000000005 0.37011221 0.37098061000000004
60808 24639.0 2877.1055 -13995.279 -13992.665 4.4178353 0.45394133 0.4548221
60808 24759.0 3406.1503 -13935.793 -13933.071 4.3990507 0.53744556 0.53833794
60808 24879.0 3932.7514 -13866.308 -13863.479000000001 4.3771098 0.6205650100000001 0.62146824
60808 24999.0 4456.5311 -13786.875 -13783.937 4.3520284 0.70324011 0.7041533799999999
60808 25119.0 4977.1134 -13697.550000000001 -13694.502 4.3238243 0.7854115500000001 0.78633404
60808 25239.0 5494.1248 -13598.399 -13595.239 4.2925178 0.86702042 0.86795128
60808 25359.0 6007.1944 -13489.49 -13486.219000000001 4.2581311 0.94800819 0.94894655
60808 25479.0 6515.954 -13370.904 -13367.519 4.2206889 1.0283168 1.0292617
60808 25599.0 7020.0386 -13242.724 -13239.225 4.1802179 1.1078886000000001 1.1088392
60808 25719.0 7519.0863 -13105.042 -13101.43 4.1367471 1.1866665 1.1876217999999998
60808 25839.0 8012.7391 -12957.958 -12954.23 4.0903075 1.2645941 1.2655531000000002
60808 25959.0 8500.6427 -12801.576000000001 -12797.733 4.0409325 1.3416153 1.3425772
60808 26079.0 8982.4469 -12636.009 -12632.050000000001 3.9886573 1.4176750999999999 1.4186386
60808 26199.0 9457.806 -12461.375 -12457.301 3.9335193 1.4927186 1.4936829
60808 26319.0 9926.3786 -12277.799 -12273.609 3.8755580000000003 1.5666922 1.5676561999999998
60808 26439.0 10387.829 -12085.413 -12081.108 3.8148149 1.6395428 1.6405053
60808 26559.0 10841.825 -11884.356 -11879.935 3.7513334 1.7112179 1.7121780000000002
60808 26679.0 11288.041000000001 -11674.77 -11670.234 3.6851591 1.7816661999999999 1.7826227
60808 26799.0 11726.157000000001 -11456.807 -11452.157000000001 3.6163393000000004 1.8508372 1.8517890000000001
60808 26919.0 12155.858 -11230.622 -11225.858 3.5449233 1.918681 1.919627
60808 27039.0 12576.837 -10996.378 -10991.501 3.4709623 1.9851491 1.9860881
60808 27159.0 12988.79 -10754.243 -10749.254 3.3945092 2.0501936 2.0511246
60808 27279.0 13391.422 -10504.391 -10499.29 3.3156189 2.1137679 2.1146896
60808 27399.0 13784.443000000001 -10247.0 -10241.789 3.2343478 2.1758263 2.1767376
60808 27519.0 14167.572 -9982.2549 -9976.9357 3.1507541999999997 2.2363242 2.2372239
60808 27639.0 14540.534 -9710.3461 -9704.919699999999 3.0648980999999997 2.2952181 2.2961050000000003
60808 27759.0 14903.06 -9431.4684 -9425.9364 2.976841 2.3524657 2.3533386999999997
60808 27879.0 15254.89 -9145.821800000002 -9140.1859 2.8866459 2.4080259 2.4088837
60808 27999.0 15595.772 -8853.6113 -8847.8734 2.7943777 2.4618587 2.4627002000000005
60808 28119.0 15925.460000000001 -8555.046400000001 -8549.2086 2.7001025 2.5139254 2.5147494000000004
60808 28239.0 16243.719000000001 -8250.3413 -8244.4058 2.6038878 2.5641887000000003 2.5649939
60808 28359.0 16550.318 -7939.7147 -7933.6837000000005 2.5058027000000003 2.6126122 2.6133976
60808 28479.0 16845.039 -7623.3893 -7617.2654 2.4059176000000004 2.6591613 2.6599256000000002
60808 28599.0 17127.670000000002 -7301.5923 -7295.3779 2.3043041 2.7038024999999997 2.7045445
60808 28719.0 17398.006 -6974.5543 -6968.2523 2.2010351999999997 2.7465036 2.7472222000000004
60808 28839.0 17655.855 -6642.510200000001 -6636.1235 2.0961849000000004 2.7872338 2.7879279
60808 28959.0 17901.03 -6305.698200000001 -6299.2297 1.9898286 2.825964 2.8266323000000004
60808 29079.0 18133.356 -5964.36 -5957.812900000001 1.8820424 2.8626663 2.8633077
60808 29199.0 18352.666 -5618.7405 -5612.1181 1.772904 2.8973142 2.8979274999999998
60808 29319.0 18558.802 -5269.0878 -5262.3935 1.6624914000000002 2.9298827000000003 2.9304669
60808 29439.0 18751.616 -4915.6528 -4908.890200000001 1.5508842 2.9603485000000003 2.9609024
60808 29559.0 18930.97 -4558.6891 -4551.862 1.4381623 2.9886896000000003 2.9892121
60808 29679.0 19096.734 -4198.4531 -4191.5651 1.3244068 3.0148856 3.0153756
60808 29799.0 19248.79 -3835.2031 -3828.2584 1.2096993 3.0389176000000004 3.0393741
60808 29919.0 19387.027000000002 -3469.2001 -3462.2027000000003 1.0941222 3.0607684 3.0611903000000003
60808 30039.0 19511.347 -3100.7066 -3093.6607000000004 0.97775855 3.0804221 3.0808084
60808 30159.0 19621.661 -2729.9872 -2722.8971 0.86069191 3.0978646 3.0982143
60808 30279.0 19717.889 -2357.3081 -2350.1782000000003 0.7430063800000001 3.1130834 3.1133955
60808 30399.0 19799.961 -1982.9366000000002 -1975.7716 0.6247865100000001 3.1260675 3.1263411000000003
60808 30519.0 19867.82 -1607.1416000000002 -1599.9462 0.50611721 3.1368074999999997 3.1370416
60808 30639.0 19921.415 -1230.1929 -1222.9718 0.38708376 3.1452956 3.1454893000000004
60808 30759.0 19960.708 -852.3610100000001 -845.1191 0.26777168 3.1515258 3.1516782
60808 30879.0 19985.672 -473.91720000000004 -466.65953 0.14826668 3.1554935 3.1556037999999997
60808 30999.0 19996.288 -95.13317900000001 -87.864841 0.02865465 3.1571959 3.1572632
60808 31119.0 19992.549 283.71914000000004 290.99294000000003 -0.09097848 3.1566317 3.1566552000000003
60808 31239.0 19974.456000000002 662.3677700000001 669.6417299999999 -0.21054674 3.1538011999999997 3.1537802999999998
60808 31359.0 19942.023 1040.5409 1047.8096 -0.32996422000000003 3.1487066 3.1486404
60808 31479.0 19895.274 1417.9669 1425.2250000000001 -0.4491451 3.1413515000000003 3.1412393
60808 31599.0 19834.241 1794.375 1801.6168 -0.56800375 3.1317411 3.1315823000000003
60808 31719.0 19758.969 2169.4949 2176.7147999999997 -0.6864547599999999 3.1198823000000004 3.1196763
60808 31839.0 19669.512 2543.0572 2550.2495 -0.80441301 3.1057837 3.1055299
60808 31959.0 19565.933 2914.7938 2921.9527000000003 -0.9217937500000001 3.0894554 3.0891532
60808 32079.0 19448.308 3284.4377999999997 3291.5575 -1.0385126 3.0709090999999997 3.070558
60808 32199.0 19316.72 3651.7237999999998 3658.7984 -1.1544858 3.0501582 3.0497577000000002
60808 32319.0 19171.265 4016.3881 4023.4118 -1.2696299 3.0272175000000003 3.0267673
60808 32439.0 19012.046000000002 4378.169 4385.1356 -1.3838622 3.0021036 3.0016032
60808 32559.0 18839.177 4736.8068 4743.7103 -1.4971007 2.9748345 2.9742835
60808 32679.0 18652.784 5092.043900000001 5098.8783 -1.609264 2.9454298 2.9448280000000002
60808 32799.0 18453.0 5443.6253 5450.384400000001 -1.7202714000000001 2.9139107 2.9132578
60808 32919.0 18239.969 5791.2988 5797.9765 -1.8300434 2.8802998 2.8795956
60808 33039.0 18013.842 6134.8146 6141.4047 -1.938501 2.8446214 2.8438657
60808 33159.0 17774.784 6473.9262 6480.422500000001 -2.0455664 2.8069009 2.8060936
60808 33279.0 17522.965 6808.390200000001 6814.786599999999 -2.1511625 2.7671657 2.7663067000000003
60808 33399.0 17258.567 7137.9665 7144.2567 -2.2552136999999997 2.7254442 2.7245335
60808 33519.0 16981.779 7462.4186 7468.5963 -2.3576451 2.6817664 2.680804
60808 33639.0 16692.8 7781.5135 7787.572700000001 -2.4583833 2.6361638 2.6351497
60808 33759.0 16391.837 8095.0222 8100.9565999999995 -2.5573558 2.5886691 2.5876035
60808 33879.0 16079.108 8402.7198 8408.5232 -2.6544917 2.5393165 2.5381994
60808 33999.0 15754.836000000001 8704.385300000002 8710.0516 -2.7497212 2.4881415000000002 2.4869732
60808 34119.0 15419.254 8999.802300000001 9005.3253 -2.8429759 2.4351807 2.4339615
60808 34239.0 15072.603000000001 9288.758800000001 9294.1324 -2.9341889 2.3804724000000004 2.3792025
60808 34359.0 14715.133 9571.0473 9576.2656 -3.0232948000000004 2.3240558 2.3227356
60808 34479.0 14347.099 9846.465400000001 9851.5223 -3.1102296000000003 2.2659715 2.2646014
60808 34599.0 13968.767 10114.815 10119.705 -3.1949308999999997 2.2062611000000003 2.2048416000000004
60808 34719.0 13580.408 10375.905 10380.621000000001 -3.2773379 2.1449677 2.1434992999999998
60808 34839.0 13182.300000000001 10629.546 10634.083 -3.3573916 2.0821352 2.0806184
60808 34959.0 12774.73 10875.557 10879.91 -3.4350345000000004 2.0178089 2.0162442
60808 35079.0 12357.99 11113.762 11117.924 -3.5102109 1.9520347999999998 1.950423
60808 35199.0 11932.380000000001 11343.99 11347.955 -3.5828669 1.8848603000000002 1.8832021
60808 35319.0 11498.205 11566.075 11569.838 -3.6529504000000004 1.8163335999999999 1.8146297
60808 35439.0 11055.777 11779.858 11783.414 -3.7204110999999997 1.7465039 1.7447551000000001
60808 35559.0 10605.413 11985.186 11988.53 -3.7852007 1.6754214 1.6736286
60808 35679.0 10147.438 12181.911 12185.037 -3.8472728000000003 1.6031372 1.6013011
60808 35799.0 9682.1784 12369.892 12372.796 -3.9065828000000002 1.529703 1.5278248
60808 35919.0 9209.9699 12548.996000000001 12551.671 -3.9630882 1.4551718 1.4532521999999999
60808 36039.0 8731.1511 12719.092 12721.535 -4.0167486 1.3795968 1.3776370999999998
60808 36159.0 8246.0656 12880.059000000001 12882.265 -4.0675255 1.3030325 1.3010337
60808 36279.0 7755.0617 13031.782000000001 13033.745 -4.1153826 1.2255338 1.223497
60808 36399.0 7258.491900000001 13174.152 13175.869 -4.1602855 1.1471563 1.1450827
60808 36519.0 6756.7127 13307.067000000001 13308.532000000001 -4.202202000000001 1.0679563 1.0658471
60808 36639.0 6250.0841 13430.431 13431.641 -4.2411023 0.98799062 0.98584708
60808 36759.0 5738.9699 13544.156 13545.107 -4.2769583 0.9073166199999999 0.9051400599999999
60808 36879.0 5223.736900000001 13648.161 13648.849 -4.3097446 0.8259922199999999 0.8237839800000001
60808 36999.0 4704.754900000001 13742.371000000001 13742.792 -4.3394375 0.74407576 0.74183725
60808 37119.0 4182.3965 13826.718 13826.869 -4.3660158000000004 0.66162604 0.65935869
60808 37239.0 3657.0365 13901.142 13901.019 -4.3894606000000005 0.5787021999999999 0.57640748
60808 37359.0 3129.052 13965.59 13965.19 -4.409755100000001 0.49536375 0.49304317
60808 37479.0 2598.8219 14020.015 14019.335000000001 -4.4268847 0.41167046 0.40932558
60808 37599.0 2066.7267 14064.379 14063.416000000001 -4.4408373 0.32768239 0.3253148
60808 37719.0 1533.1484 14098.65 14097.402 -4.4516028 0.24345979 0.2410711
60808 37839.0 998.46983 14122.802 14121.267 -4.4591736 0.15906306 0.15665494000000002
60808 37959.0 463.07473 14136.82 14134.994 -4.4635443 0.074552746 0.072126894
60808 38079.0 -72.65267600000001 14140.693000000001 14138.575 -4.4647118 -0.010010529 -0.012452391
60808 38199.0 -608.32795 14134.418 14132.006 -4.4626754 -0.09456611300000001 -0.097022228
60808 38319.0 -1143.5667 14118.0 14115.292 -4.4574364 -0.17905336 -0.18152194
60808 38439.0 -1677.9847 14091.45 14088.446 -4.4489988 -0.26341167000000004 -0.26589089
60808 38559.0 -2211.1987000000004 14054.789 14051.486 -4.4373685 -0.34758054 -0.35006857
60808 38679.0 -2742.8258 14008.041000000001 14004.44 -4.422554 -0.4314996 -0.43399456
60808 38799.0 -3272.4847000000004 13951.241 13947.34 -4.4045659 -0.5151086699999999 -0.5176086599999999
60808 38919.0 -3799.7952000000005 13884.43 13880.228000000001 -4.3834172 -0.59834778 -0.60085088
60808 39039.0 -4324.379 13807.655 13803.153 -4.359122999999999 -0.6811572200000001 -0.6836615100000001
60808 39159.0 -4845.8596 13720.972 13716.169 -4.331700700000001 -0.76347762 -0.7659811099999999
60808 39279.0 -5363.8628 13624.442000000001 13619.34 -4.3011702 -0.8452499299999999 -0.8477506499999999
60808 39399.0 -5878.017 13518.136 13512.734 -4.2675532 -0.92641549 -0.92891145
60808 39519.0 -6387.9531 13402.129 13396.428 -4.2308739 -1.0069161 -1.0094053
60808 39639.0 -6893.3053 13276.505000000001 13270.505000000001 -4.1911586 -1.086694 -1.0891744
60808 39759.0 -7393.7108 13141.354000000001 13135.057 -4.148435900000001 -1.165692 -1.1681614999999999
60808 39879.0 -7888.8108 12996.772 12990.18 -4.102736299999999 -1.2438535 -1.2463100999999999
60808 39999.0 -8378.2498 12842.865 12835.978000000001 -4.0540927 -1.3211223 -1.3235639000000001
60808 40119.0 -8861.6767 12679.741 12672.563 -4.0025399 -1.397443 -1.3998676
60808 40239.0 -9338.7445 12507.518 12500.050000000001 -3.948115 -1.4727609 -1.4751664
60808 40359.0 -9809.1109 12326.321 12318.565 -3.8908569 -1.547022 -1.5494064
60808 40479.0 -10272.438 12136.277 12128.237000000001 -3.8308068 -1.620173 -1.6225341000000002
60808 40599.0 -10728.395 11937.526 11929.204 -3.7680077 -1.6921614 -1.6944971
60808 40719.0 -11176.652 11730.207 11721.607 -3.7025047 -1.7629356 -1.7652439
60808 40839.0 -11616.889000000001 11514.472 11505.596 -3.6343448 -1.8324448 -1.8347235000000002
60808 40959.0 -12048.791000000001 11290.473 11281.326000000001 -3.5635768 -1.9006391000000002 -1.9028863
60808 41079.0 -12472.046 11058.373 11048.958 -3.4902515 -1.9674696 -1.9696831
60808 41199.0 -12886.351 10818.337 10808.658 -3.4144216000000003 -2.0328883 -2.0350661
60808 41319.0 -13291.409 10570.538 10560.6 -3.3361414000000003 -2.0968483 -2.0989884
60808 41439.0 -13686.929 10315.154 10304.961 -3.2554670999999997 -2.1593038 -2.1614041000000004
60808 41559.0 -14072.627 10052.367 10041.925000000001 -3.1724565 -2.2202098 -2.2222683
60808 41679.0 -14448.227 9782.3669 9771.6808 -3.0871693000000002 -2.2795227000000002 -2.2815374000000004
60808 41799.0 -14813.459 9505.347 9494.4218 -2.9996666000000003 -2.3371999999999997 -2.3391689
60808 41919.0 -15168.061 9221.506 9210.3474 -2.9100111 -2.3932001 -2.3951212
60808 42039.0 -15511.779 8931.0476 8919.6615 -2.8182674000000003 -2.447483 -2.4493544000000003
60808 42159.0 -15844.365 8634.180300000002 8622.572699999999 -2.724501 -2.5000097 -2.5018294
60808 42279.0 -16165.581 8331.117 8319.2943 -2.6287794 -2.5507424000000003 -2.5525086000000003
60808 42399.0 -16475.196 8022.0753 8010.043900000001 -2.5311713 -2.5996448 -2.6013555000000004
60808 42519.0 -16772.989 7707.276900000001 7695.0436 -2.4317466 -2.6466817000000002 -2.6483352
60808 42639.0 -17058.746 7386.947700000001 7374.5195 -2.3305768 -2.6918194 -2.6934138
60808 42759.0 -17332.261 7061.3175 7048.7017000000005 -2.2277343999999997 -2.7350255000000003 -2.736559
60808 42879.0 -17593.338 6730.6201 6717.8239 -2.1232932 -2.7762689999999997 -2.7777398
60808 42999.0 -17841.79 6395.0927 6382.1239000000005 -2.0173283 -2.8155202 -2.8169267000000002
60808 43119.0 -18077.439000000002 6054.976000000001 6041.8424 -1.9099157 -2.8527510000000005 -2.8540915
60808 43239.0 -18300.115 5710.5143 5697.223900000001 -1.8011325 -2.8879346999999997 -2.8892075
60808 43359.0 -18509.659 5361.9546 5348.5156 -1.6910567 -2.9210459 -2.9222495
60808 43479.0 -18705.920000000002 5009.5471 4995.967900000001 -1.5797674 -2.952061 -2.9531937
60808 43599.0 -18888.758 4653.5447 4639.8339000000005 -1.4673445 -2.9809577 -2.982018
60808 43719.0 -19058.041 4294.2029 4280.3692 -1.3538686 -3.0077151 -3.0087017
60808 43839.0 -19213.647 3931.7794 3917.8319 -1.2394213 -3.0323142 -3.0332256
60808 43959.0 -19355.466 3566.5345 3552.4821 -1.1240847 -3.0547372999999998 -3.055572
60808 44079.0 -19483.395 3198.7302000000004 3184.5823 -1.0079416 -3.0749682 -3.075725
60808 44199.0 -19597.343 2828.6304 2814.3965 -0.89107532 -3.0929925 -3.0936700999999998
60808 44319.0 -19697.228 2456.5007 2442.1902999999998 -0.7735698700000001 -3.1087972 -3.1093944000000002
60808 44439.0 -19782.978 2082.6083 2068.2311 -0.6555095599999999 -3.1223710000000002 -3.1228865999999997
60808 44559.0 -19854.531 1707.2213000000002 1692.7872 -0.53697916 -3.1337042000000004 -3.1341370000000004
60808 44679.0 -19911.837 1330.6091999999999 1316.1281999999999 -0.41806376 -3.1427885 -3.1431376
60808 44799.0 -19954.855 953.04228 938.5244399999999 -0.29884874 -3.1496176 -3.1498819
60808 44919.0 -19983.552 574.79141 560.24699 -0.17941968 -3.1541865 -3.1543652000000004
60808 45039.0 -19997.91 196.12805 181.56738 -0.059862321 -3.156492 -3.1565841
60808 45103.72 -19999.992000000002 -0.0011526156999999999 -0.033006595 7.6017e-06 -0.15580203 -4.4615865
60808 45223.72 -19992.823 -18.695158 -535.3589300000001 0.11958387999999999 -0.15574626 -4.4599834000000005
60808 45343.72 -19971.302 -37.375779 -1070.3008 0.23908353 -0.15557877 -4.455180500000001
60808 45463.72 -19935.45 -56.0296 -1604.4743999999998 0.35841143000000003 -0.15529965 -4.4471798
60808 45583.72 -19885.293 -74.643238 -2137.4963 0.47748183 -0.1549091 -4.4359869
60808 45703.72 -19820.868000000002 -93.203337 -2668.9839 0.59620918 -0.15440739 -4.421609900000001
60808 45823.72 -19742.22 -111.69658 -3198.5557000000003 0.7145082 -0.15379488000000002 -4.4040593
60808 45943.72 -19649.407 -130.10969 -3725.8317 0.8322939300000001 -0.15307203000000003 -4.3833476000000005
60808 46063.72 -19542.494 -148.42947 -4250.4333 0.94948175 -0.15223933 -4.3594897
60808 46183.72 -19421.558 -166.64276999999998 -4771.9841 1.0659874999999999 -0.15129741000000002 -4.332503
60808 46303.72 -19286.687 -184.73651 -5290.1096 1.1817275 -0.15024693 -4.3024066
60808 46423.72 -19137.978 -202.69772 -5804.438099999999 1.2966187 -0.14908865000000002 -4.2692225
60808 46543.72 -18975.536 -220.5135 -6314.6004 1.4105785000000002 -0.1478234 -4.2329744
60808 46663.72 -18799.479 -238.17109 -6820.230500000001 1.5235251 -0.14645209 -4.1936884
60808 46783.72 -18609.934 -255.65779999999998 -7320.9653 1.6353774 -0.14497572 -4.1513928
60808 46903.72 -18407.036 -272.9611 -7816.4456 1.7460552 -0.14339533000000002 -4.1061181
60808 47023.72 -18190.931 -290.06857 -8306.3158 1.855479 -0.14171208 -4.0578969
60808 47143.72 -17961.774 -306.96793 -8790.224300000002 1.9635702000000002 -0.13992716 -4.0067638
60808 47263.72 -17719.73 -323.64707000000004 -9267.8241 2.0702513 -0.13804186999999998 -3.9527557000000004
60808 47383.72 -17464.973 -340.09402 -9738.7723 2.1754457000000005 -0.13605755 -3.8959114
60808 47503.72 -17197.686 -356.29697999999996 -10202.731 2.279078 -0.13397564 -3.8362716999999997
60808 47623.72 -16918.06 -372.24433000000005 -10659.367 2.3810738000000002 -0.13179764 -3.7738797
60808 47743.72 -16626.297 -387.92463000000004 -11108.354 2.4813599 -0.1295251 -3.7087801000000002
60808 47863.72 -16322.605 -403.32664 -11549.368 2.5798644 -0.12715966 -3.6410199
60808 47983.72 -16007.203 -418.4393 -11982.094000000001 2.6765167 -0.12470303 -3.5706476
60808 48103.72 -15680.318000000001 -433.25178999999997 -12406.221 2.7712475 -0.12215696 -3.4977139000000004
60808 48223.72 -15342.183 -447.75347 -12821.445 2.8639888 -0.11952329 -3.4222712000000004
60808 48343.72 -14993.043 -461.93395000000004 -13227.468 2.9546742 -0.11680391000000001 -3.3443737000000002
60808 48463.72 -14633.146 -475.78306000000003 -13623.999 3.0432387 -0.11400077 -3.2640775
60808 48583.72 -14262.753 -489.29086 -14010.753 3.1296188000000003 -0.11111588 -3.1814402
60808 48703.72 -13882.128 -502.44768 -14387.453 3.2137526 -0.10815132 -3.0965211
60808 48823.72 -13491.544 -515.24408 -14753.829 3.2955798 -0.10510921999999999 -3.0093812
60808 48943.72 -13091.283 -527.67088 -15109.618 3.3750418 -0.10199176 -2.9200832
60808 49063.72 -12681.631 -539.71918 -15454.565 3.4520818 -0.098801176 -2.8286912
60808 49183.72 -12262.883 -551.38033 -15788.423 3.5266444000000003 -0.09553976 -2.7352707
60808 49303.72 -11835.338 -562.64598 -16110.952000000001 3.5986764 -0.092209852 -2.6398889
60808 49423.72 -11399.304 -573.50805 -16421.921000000002 3.6681261 -0.08881384199999999 -2.5426140999999998
60808 49543.72 -10955.093 -583.95876 -16721.106 3.7349439 -0.08535416600000001 -2.4435162999999998
60808 49663.72 -10503.024 -593.9906 -17008.295000000002 3.7990819 -0.081833306 -2.3426664
60808 49783.72 -10043.422 -603.5964 -17283.279 3.8604942 -0.078253788 -2.2401369
60808 49903.72 -9576.6165 -612.76927 -17545.863 3.9191368000000004 -0.07461817800000001 -2.1360012999999998
60808 50023.72 -9102.9419 -621.5026300000001 -17795.858 3.9749678 -0.070929084 -2.0303344
60808 50143.72 -8622.7383 -629.79021 -18033.085 4.0279472 -0.067189151 -1.9232118
60808 50263.72 -8136.350200000001 -637.6261 -18257.374 4.0780371 -0.06340106000000001 -1.8147104
60808 50383.72 -7644.1264 -645.0046500000001 -18468.564000000002 4.1252017 -0.059567526 -1.7049079999999999
60808 50503.72 -7146.420099999999 -651.92059 -18666.503 4.1694073 -0.05569129800000001 -1.5938833
60808 50623.72 -6643.5883 -658.36897 -18851.05 4.210622099999999 -0.051775154000000004 -1.481716
60808 50743.72 -6135.991599999999 -664.34515 -19022.072 4.248816799999999 -0.047821899 -1.3684864
60808 50863.72 -5623.9942 -669.84485 -19179.447 4.283964 -0.043834368 -1.2542757
60808 50983.72 -5107.9632 -674.86414 -19323.062 4.3160386 -0.039815416 -1.1391657
60808 51103.72 -4588.2687000000005 -679.3994100000001 -19452.814000000002 4.3450176 -0.035767924 -1.0232389
60808 51223.72 -4065.2836 -683.44741 -19568.61 4.370880199999999 -0.031694792 -0.90657845
60808 51343.72 -3539.3829 -687.00525 -19670.367000000002 4.393608 -0.027598937 -0.7892679
60808 51463.72 -3010.9437000000003 -690.07037 -19758.012 4.4131846999999995 -0.023483293 -0.67139132
60808 51583.72 -2480.3451 -692.6405699999999 -19831.482 4.4295964 -0.01935081 -0.5530331599999999
60808 51703.72 -1947.9677 -694.71401 -19890.724000000002 4.4428311 -0.015204446000000002 -0.43427824
60808 51823.72 -1414.1931000000002 -696.2891999999999 -19935.696 4.4528795 -0.011047171000000001 -0.31521161999999997
60808 51943.72 -879.40433 -697.36501 -19966.366 4.4597344 -0.0068819645 -0.19591863
60808 52063.72 -343.98482 -697.9406700000001 -19982.711 4.4633908 -0.0027118089 -0.07648473300000001
60808 52183.72 191.68141 -698.0157700000001 -19984.72 4.4638461 0.0014603087 0.043004502
60808 52303.72 727.2101700000001 -697.59024 -19972.391 4.461099900000001 0.0056313997 0.16246346
60808 52423.72 1262.2174 -696.66439 -19945.733 4.4551541 0.0097984765 0.28180655000000004
60808 52543.72 1796.3193 -695.23888 -19904.766 4.4460131 0.013958554 0.40094826
60808 52663.72 2329.1330000000003 -693.31474 -19849.517 4.433683200000001 0.018108652 0.51980323
60808 52783.72 2860.2761 -690.89333 -19780.028000000002 4.4181733 0.022245798 0.6382862699999999
60808 52903.72 3389.3678 -687.9763800000001 -19696.347 4.3994944 0.026367028 0.7563124800000001
60808 53023.72 3916.0285 -684.56599 -19598.534 4.377659800000001 0.030469389 0.87379729
60808 53143.72 4439.8805 -680.6646 -19486.661 4.3526852 0.034549941 0.9906564800000001
60808 53263.72 4960.5481 -676.275 -19360.805 4.3245882 0.038605762 1.1068063
60808 53383.72 5477.6576 -671.40032 -19221.059 4.293389100000001 0.042633943 1.2221635000000002
60808 53503.72 5990.8382 -666.0440699999999 -19067.521 4.25911 0.046631599 1.3366453
60808 53623.72 6499.7218 -660.21008 -18900.302 4.2217754 0.050595864 1.4501697
60808 53743.72 7003.943200000001 -653.90251 -18719.522 4.181412 0.054523895 1.5626552999999999
60808 53863.72 7503.1407 -647.1259 -18525.31 4.1380486 0.058412878 1.6740215
60808 53983.72 7996.956099999999 -639.8851 -18317.805 4.0917162 0.062260024000000004 1.7841882
60808 54103.72 8485.0351 -632.18528 -18097.156 4.042448 0.066062573 1.8930766
60808 54223.72 8967.0276 -624.03197 -17863.521 3.990279 0.069817799 2.0006085000000002
60808 54343.72 9442.5875 -615.43101 -17617.067 3.9352466 0.073523009 2.1067067
60808 54463.72 9911.373800000001 -606.3885600000001 -17357.971 3.8773902 0.07717554300000001 2.2112951
60808 54583.72 10373.050000000001 -596.91109 -17086.420000000002 3.8167511 0.080772782 2.3142986000000003
60808 54703.72 10827.284 -587.0054 -16802.606 3.7533727 0.084312144 2.4156434
60808 54823.72 11273.752 -576.67859 -16506.734 3.6873004000000003 0.087791088 2.5152566000000003
60808 54943.72 11712.131 -565.9380600000001 -16199.017 3.6185813 0.09120711799999999 2.6130667
60808 55063.72 12142.107 -554.7915 -15879.673 3.5472648 0.09455778100000001 2.7090034999999997
60808 55183.72 12563.372 -543.2469 -15548.933 3.4734017 0.09784067 2.802998
60808 55303.72 12975.624 -531.31254 -15207.034 3.3970450999999997 0.10105343000000001 2.8949828
60808 55423.72 13378.566 -518.99698 -14854.221 3.3182495 0.10419375 2.9848917000000004
60808 55543.72 13771.908 -506.30903000000006 -14490.746000000001 3.2370714 0.10725937 3.0726601000000002
60808 55663.72 14155.37 -493.2578 -14116.87 3.153569 0.1102481 3.1582249000000004
60808 55783.72 14528.674 -479.85265000000004 -13732.862000000001 3.0678020999999998 0.11315779000000001 3.2415247
60808 55903.72 14891.554 -466.10318 -13338.997 2.9798321000000003 0.11598633 3.3224995
60808 56023.72 15243.749 -452.01926000000003 -12935.558 2.8897221 0.11873171 3.4010911000000004
60808 56143.72 15585.005000000001 -437.61098 -12522.833 2.7975366 0.12139194 3.477243
60808 56263.72 15915.077000000001 -422.88868 -12101.119 2.7033418 0.12396511 3.5509003
60808 56383.72 16233.729000000001 -407.86291 -11670.719000000001 2.6072053 0.12644937 3.6220101000000002
60808 56503.72 16540.731 -392.54445000000004 -11231.941 2.5091958 0.12884294 3.6905213
60808 56623.72 16835.864 -376.9443 -10785.1 2.4093839 0.13114409000000002 3.7563844
60808 56743.72 17118.914 -361.07363000000004 -10330.516 2.307841 0.13335117 3.8195521
60808 56863.72 17389.679 -344.94385 -9868.517 2.2046401 0.13546258 3.879979
60808 56983.72 17647.964 -328.5665 -9399.4329 2.0998551 0.13747682 3.9376214000000003
60808 57103.72 17893.584 -311.95336 -8923.600900000001 1.9935614000000002 0.13939241000000002 3.9924379
60808 57223.72 18126.362 -295.11632000000003 -8441.3624 1.8858352 0.141208 4.0443891
60808 57343.72 18346.13 -278.06749 -7953.0635999999995 1.7767538 0.14292227 4.0934373
60808 57463.72 18552.732 -260.81908 -7459.055 1.6663956000000002 0.14453398 4.1395475
60808 57583.72 18746.017 -243.38348000000002 -6959.6911 1.5548399 0.14604198 4.1826862
60808 57703.72 18925.849000000002 -225.7732 -6455.330400000001 1.4421667 0.14744518 4.2228225
60808 57823.72 19092.096 -208.00087 -5946.335 1.3284571 0.14874257 4.2599273
60808 57943.72 19244.64 -190.07925 -5433.0702 1.2137927 0.1499332 4.293974
60808 58063.72 19383.371 -172.02120000000002 -4915.904500000001 1.0982558 0.15101624000000002 4.324938100000001
60808 58183.72 19508.19 -153.83969000000002 -4395.2092 0.98192953 0.15199088 4.3527971
60808 58303.72 19619.006 -135.54776 -3871.3582 0.8648974700000001 0.15285643999999998 4.377531
60808 58423.72 19715.74 -117.15853 -3344.7275 0.7472437200000001 0.15361229 4.3991219
60808 58543.72 19798.323 -98.68521799999999 -2815.6953 0.62905282 0.15425788 4.4175544
60808 58663.72 19866.695 -80.14107200000001 -2284.6414 0.5104097400000001 0.15479274 4.432815
60808 58783.72 19920.807 -61.539404000000005 -1751.9470000000001 0.39139974 0.1552165 4.4448929
60808 58903.72 19960.62 -42.893568 -1217.9947 0.27210839 0.15552885 4.4537792
60808 59023.72 19986.105 -24.216947 -683.1679 0.15262141 0.15572955 4.4594677
60808 59143.72 19997.244 -5.5229472 -147.85056 0.033024724 0.15581847 4.4619541
60808 59263.72 19994.03 13.175013000000002 387.57292 -0.086595714 0.15579555 4.461236700000001
60808 59383.72 19976.464 31.863511 922.7181 -0.20615391 0.15566079 4.457315899999999
60808 59503.72 19944.559 50.529134 1457.2007 -0.32556392 0.15541431 4.4501948
60808 59623.72 19898.338 69.158482 1990.637 -0.44473989999999997 0.15505626 4.4398782
60808 59743.72 19837.834 87.73818399999999 2522.6440000000002 -0.5635961899999999 0.15458692 4.4263738
60808 59863.72 19763.091 106.25489999999999 3052.8396000000002 -0.68204736 0.15400661 4.4096912
60808 59983.72 19674.162 124.69535 3580.8432000000003 -0.8000082599999999 0.15331577 4.389842499999999
60808 60103.72 19571.112 143.04629 4106.2757 -0.9173941200000001 0.15251488000000002 4.366842
60808 60223.72 19454.014 161.29454 4628.7599 -1.0341206 0.15160453000000002 4.3407063
60808 60343.72 19322.953 179.42702 5147.9205999999995 -1.1501036999999998 0.15058537000000002 4.3114541
60808 60463.72 19178.022 197.43071 5663.3850999999995 -1.2652602 0.14945813000000002 4.279106700000001
60808 60583.72 19019.327 215.29268 6174.7833 -1.3795074 0.14822364 4.2436872999999995
60808 60703.72 18846.98 233.00013 6681.7482 -1.4927631 0.14688277 4.2052214999999995
60808 60823.72 18661.107 250.54032999999998 7183.9157000000005 -1.6049459 0.14543649 4.1637369
60808 60943.72 18461.839 267.90071 7680.9255 -1.7159754 0.14388585 4.1192635
60808 61063.72 18249.322 285.0688 8172.420700000001 -1.8257717 0.14223196 4.0718333
60808 61183.72 18023.707000000002 302.0323 8658.0486 -1.9342561 0.14047601 4.0214805
60808 61303.72 17785.156 318.77902 9137.4606 -2.0413505 0.13861927000000002 3.9682414
60808 61423.72 17533.841 335.29694 9610.3126 -2.1469782 0.13666308000000002 3.9121543
60808 61543.72 17269.943 351.57423 10076.265 -2.2510632999999998 0.13460885 3.8532597
60808 61663.72 16993.651 367.5992 10534.984 -2.3535311 0.13245804000000003 3.7915998
60808 61783.72 16705.163 383.36036 10986.14 -2.454308 0.13021222000000002 3.7272192
60808 61903.72 16404.687 398.8464 11429.41 -2.5533218000000004 0.12787300000000001 3.6601641000000003
60808 62023.72 16092.439 414.04621000000003 11864.475 -2.6505015 0.12544205 3.5904829
60808 62143.72 15768.643 428.94889 12291.023000000001 -2.7457772 0.12292114 3.5182257
60808 62263.72 15433.532000000001 443.54376 12708.748 -2.8390808 0.12031207000000001 3.4434443999999997
60808 62383.72 15087.345000000001 457.82034000000004 13117.351 -2.9303453 0.11761672000000001 3.3661929
60808 62503.72 14730.333 471.76840000000004 13516.538 -3.0195052000000002 0.11483703 3.2865268000000003
60808 62623.72 14362.751 485.37793 13906.023000000001 -3.1064967 0.11197499999999999 3.2045033
60808 62743.72 13984.863000000001 498.63919 14285.526 -3.1912574 0.10903268 3.1201814
60808 62863.72 13596.941 511.54265000000004 14654.777 -3.2737266 0.10601219 3.0336218
60808 62983.72 13199.263 524.07907 15013.509 -3.3538453 0.1029157 2.9448866
60808 63103.72 12792.114 536.23947 15361.465 -3.4315558999999998 0.099745442 2.8540397
60808 63223.72 12375.788 548.01512 15698.396 -3.506803 0.09650368100000001 2.7611463
60808 63343.72 11950.582 559.3975899999999 16024.061 -3.5795325 0.093192752 2.6662732
60808 63463.72 11516.803 570.37871 16338.225 -3.6496925 0.089815032 2.5694885
60808 63583.72 11074.761 580.95062 16640.665 -3.7172326 0.086372946 2.4708617
60808 63703.72 10624.774 591.10574 16931.161 -3.7821047 0.082868966 2.3704636999999997
60808 63823.72 10167.164 600.8367900000001 17209.508 -3.8442623 0.079305606 2.2683666
60808 63943.72 9702.261 610.1368100000001 17475.504 -3.9036608999999998 0.075685425 2.1646435000000004
60808 64063.72 9230.3976 618.99913 17728.96 -3.960258 0.07201101900000001 2.0593691
60808 64183.72 8751.912699999999 627.4173900000001 17969.694 -4.0140132 0.068285026 1.9526188
60808 64303.72 8267.1497 635.38558 18197.533 -4.064888 0.06451011699999999 1.8444692
60808 64423.72 7776.4563 642.89797 18412.314000000002 -4.1128461 0.060689002000000006 1.734998
60808 64543.72 7280.184700000001 649.9492 18613.883 -4.1578532 0.056824419 1.6242836
60808 64663.72 6778.6908 656.53421 18802.095 -4.1998771 0.052919141 1.5124055
60808 64783.72 6272.3347 662.64828 18976.817 -4.2388879 0.048975966999999995 1.3994439
60808 64903.72 5761.4794 668.28704 19137.922 -4.2748575 0.044997723999999996 1.2854798
60808 65023.72 5246.4915 673.4464399999999 19285.295000000002 -4.3077605000000005 0.040987264 1.170595
60808 65143.72 4727.7405 678.1228000000001 19418.831000000002 -4.3375732 0.036947462 1.0548716999999999
60808 65263.72 4205.598400000001 682.3127800000001 19538.434 -4.3642744 0.032881212 0.93839303
60808 65383.72 3680.4399 686.01335 19644.018 -4.387845 0.028791428 0.82124239
60808 65503.72 3152.6415 689.22189 19735.509000000002 -4.4082683 0.024681042000000004 0.7035037700000001
60808 65623.72 2622.582 691.9361 19812.839 -4.4255296 0.020552997000000003 0.5852615600000001
60808 65743.72 2090.6414 694.15403 19875.955 -4.439616600000001 0.016410252 0.46660048000000004
60808 65863.72 1557.2014 695.87409 19924.81 -4.4505193 0.012255775 0.34760557999999997
60808 65983.72 1022.6444 697.0950600000001 19959.37 -4.4582299999999995 0.0080925408 0.22836213000000002
60808 66103.72 487.35406 697.81607 19979.61 -4.4627431 0.0039235323 0.10895557
60808 66223.72 -48.285879 698.0366 19985.516 -4.464055500000001 -0.0002482642 -0.010528546000000001
60808 66343.72 -583.8911999999999 697.75649 19977.084 -4.4621663 -0.0044198607 -0.13000460000000003
60808 66463.72 -1119.0778 696.97596 19954.319 -4.4570768 -0.0085882692 -0.249387
60808 66583.72 -1653.4618 695.69555 19917.238 -4.448790600000001 -0.012750504 -0.3685902
60808 66703.72 -2186.6599 693.9162 19865.868000000002 -4.4373138 -0.016903584 -0.48752879000000005
60808 66823.72 -2718.2898 691.63918 19800.245 -4.4226545999999995 -0.021044535 -0.60611756
60808 66943.72 -3247.9701 688.86612 19720.417 -4.404823500000001 -0.02517039 -0.72427153
60808 67063.72 -3775.321 685.59901 19626.441 -4.3838330999999995 -0.029278195 -0.84190604
60808 67183.72 -4299.9643 681.84019 19518.384000000002 -4.3596986 -0.033365006 -0.9589368100000001
60808 67303.72 -4821.5235999999995 677.59236 19396.323 -4.3324373 -0.037427897 -1.07528
60808 67423.72 -5339.625 672.85857 19260.347 -4.3020686 -0.041463957 -1.1908521
60808 67543.72 -5853.8967 667.6422 19110.553 -4.2686142 -0.045470295 -1.3055705
60808 67663.72 -6363.9699 661.947 18947.048 -4.2320981 -0.04944404 -1.4193528
60808 67783.72 -6869.4788 655.77705 18769.949 -4.192546500000001 -0.053382345000000005 -1.5321176
60808 67903.72 -7370.0608 649.1367700000001 18579.384000000002 -4.1499875 -0.057282389 -1.6437838999999999
60808 68023.72 -7865.3567 642.03092 18375.488 -4.1044518 -0.061141376000000004 -1.7542718
60808 68143.72 -8355.011400000001 634.4645899999999 18158.409 -4.0559717 -0.064956541 -1.863502
60808 68263.72 -8838.6735 626.44321 17928.301 -4.0045821 -0.06872515 -1.9713962
60808 68383.72 -9315.9962 617.97253 17685.33 -3.9503196 -0.07244450000000001 -2.0778771000000003
60808 68503.72 -9786.636900000001 609.05861 17429.670000000002 -3.8932232 -0.076111927 -2.1828682
60808 68623.72 -10250.258 599.70785 17161.504 -3.8333336 -0.0797248 -2.2862942
60808 68743.72 -10706.527 589.92694 16881.025 -3.7706938 -0.083280529 -2.3880811
60808 68863.72 -11155.116 579.7229100000001 16588.433 -3.7053485999999998 -0.086776564 -2.4881556000000002
60808 68983.72 -11595.704 569.10306 16283.939 -3.6373447000000003 -0.090210398 -2.5864461999999997
60808 69103.72 -12027.975 558.075 15967.76 -3.5667307999999998 -0.093579566 -2.6828821
60808 69223.72 -12451.617 546.64664 15640.124 -3.4935575 -0.096881654 -2.7773942000000003
60808 69343.72 -12866.328 534.82618 15301.265 -3.4178772 -0.10011429 -2.8699147
60808 69463.72 -13271.81 522.62208 14951.427 -3.3397441 -0.10327516 -2.9603771
60808 69583.72 -13667.771 510.0431 14590.86 -3.2592141000000003 -0.10636198000000001 -3.0487165000000003
60808 69703.72 -14053.927 497.09826000000004 14219.823 -3.176345 -0.10937255000000001 -3.1348694
60808 69823.72 -14430.002 483.79683 13838.581 -3.0911961000000003 -0.11230471 -3.218774
60808 69943.72 -14795.726 470.14835 13447.409 -3.0038283999999997 -0.11515634 -3.3003699
60808 70063.72 -15150.835000000001 456.16261 13046.587 -2.9143045 -0.1179254 -3.3795987000000003
60808 70183.72 -15495.075 441.84964 12636.402 -2.8226886 -0.12060991 -3.4564033
60808 70303.72 -15828.199 427.21969 12217.149 -2.7290464 -0.12320793000000001 -3.5307285000000004
60808 70423.72 -16149.968 412.28327 11789.129 -2.6334449 -0.12571759 -3.6025210000000003
60808 70543.72 -16460.15 397.05108 11352.648000000001 -2.5359528 -0.1281371 -3.6717291000000003
60808 70663.72 -16758.524 381.53404 10908.019 -2.43664 -0.13046471 -3.738303
60808 70783.72 -17044.874 365.74329 10455.562 -2.3355777 -0.13269876 -3.802195
60808 70903.72 -17318.995 349.69014000000004 9995.6016 -2.2328383 -0.13483762999999999 -3.863359
60808 71023.72 -17580.691 333.38613000000004 9528.4671 -2.1284956000000004 -0.13687979000000003 -3.9217510000000004
60808 71143.72 -17829.773 316.84292 9054.494 -2.0226245 -0.13882376 -3.9773291
60808 71263.72 -18066.063000000002 300.07241 8574.0223 -1.9153009 -0.14066816000000001 -4.0300533000000005
60808 71383.72 -18289.39 283.0866 8087.3967999999995 -1.8066018 -0.14241166000000002 -4.0798856
60808 71503.72 -18499.595 265.89769 7594.9668 -1.6966052999999999 -0.144053 -4.1267902
60808 71623.72 -18696.527000000002 248.51801 7097.0857000000005 -1.5853903 -0.14559099 -4.1707333
60808 71743.72 -18880.043 230.96003000000002 6594.1106 -1.4730366 -0.14702455 -4.2116833
60808 71863.72 -19050.013 213.23634 6086.402599999999 -1.3596249 -0.14835262000000002 -4.2496107
60808 71983.72 -19206.314000000002 195.35966000000002 5574.326 -1.2452367 -0.14957426000000001 -4.2844883000000005
60808 72103.72 -19348.834 177.34281000000001 5058.2484 -1.129954 -0.15068859 -4.3162909
60808 72223.72 -19477.471 159.19872 4538.5401 -1.0138597 -0.15169480999999999 -4.3449955000000005
60808 72343.72 -19592.132 140.94041 4015.5742000000005 -0.8970371800000001 -0.15259218000000002 -4.3705817
60808 72463.72 -19692.734 122.58098 3489.726 -0.77957026 -0.15338008 -4.393030800000001
60808 72583.72 -19779.206000000002 104.1336 2961.3729 -0.66154336 -0.15405792 -4.4123268
60808 72703.72 -19851.485 85.611499 2430.8943 -0.54304124 -0.15462522 -4.4284558
60808 72823.72 -19909.52 67.02798 1898.6707 -0.42414904000000003 -0.15508158 -4.4414061
60808 72943.72 -19953.269 48.396371 1365.0843 -0.30495215999999997 -0.15542666 -4.451168399999999
60808 73063.72 -19982.7 29.730042 830.5181 -0.18553621 -0.15566022000000002 -4.457735700000001
60808 73183.72 -19997.792 11.042387000000002 295.35575 -0.065986996 -0.15578208000000002 -4.4611032999999995
60808 73303.72 -19998.529 -7.653162 -240.0179 0.053606913 -0.15579221999999998 -4.4612701
60808 73423.72 -19984.913 -26.34323 -775.21973 0.1731618 -0.15569058000000002 -4.4582352
60808 73543.72 -19956.966 -45.014410000000005 -1309.8657 0.29259561 -0.15547716 -4.4519983000000005
60808 73663.72 -19914.699 -63.653286 -1843.5715 0.41181921 -0.15515218 -4.4425657
60808 73783.72 -19858.142 -82.246481 -2375.9539 0.53074694 -0.15471588 -4.4299443
60808 73903.72 -19787.335 -100.78066000000001 -2906.6309 0.64929336 -0.15416856 -4.414143200000001
60808 74023.72 -19702.33 -119.24251 -3435.2215 0.76737334 -0.15351062999999998 -4.3951737
60808 74143.72 -19603.187 -137.6188 -3961.3464 0.8849020400000001 -0.15274255 -4.373049600000001
60808 74263.72 -19489.979 -155.89634 -4484.6279 1.0017951 -0.15186488 -4.3477868
60808 74383.72 -19362.785 -174.06201000000001 -5004.6904 1.1179684 -0.15087824 -4.3194033
60808 74503.72 -19221.698 -192.10279 -5521.1607 1.2333387 -0.14978336 -4.2879198
60808 74623.72 -19066.819 -210.00572 -6033.6681 1.3478231 -0.14858102 -4.2533588
60808 74743.72 -18898.260000000002 -227.75797 -6541.844700000001 1.4613394000000002 -0.14727208 -4.2157453
60808 74863.72 -18716.14 -245.34679000000003 -7045.325900000001 1.573806 -0.14585749 -4.1751063
60808 74983.72 -18520.591 -262.75958 -7543.750400000001 1.6851423 -0.14433826 -4.1314711
60808 75103.72 -18311.754 -279.98383 -8036.7604 1.7952683 -0.14271549 -4.0848711
60808 75223.72 -18089.779 -297.0072 -8524.002199999999 1.9041049 -0.14099034000000002 -4.0353397
60808 75343.72 -17854.824 -313.81746999999996 -9005.1261 2.011574 -0.13916406 -3.9829128000000003
60808 75463.72 -17607.059 -330.40258 -9479.786900000001 2.1175986 -0.13723795000000003 -3.9276279
60808 75583.72 -17346.661 -346.75064000000003 -9947.6441 2.2221026000000004 -0.13521341 -3.8695249
60808 75703.72 -17073.818 -362.84992 -10408.362000000001 2.3250109 -0.13309189000000002 -3.8086455999999997
60808 75823.72 -16788.725 -378.68888000000004 -10861.61 2.4262497 -0.13087492 -3.7450337
60808 75943.72 -16491.588 -394.25615000000005 -11307.062 2.5257464 -0.12856408 -3.6787349
60808 76063.72 -16182.618 -409.54057 -11744.401 2.6234298 -0.12616104 -3.6097970999999998
60808 76183.72 -15862.04 -424.53118 -12173.31 2.7192296000000002 -0.12366753 -3.5382697
60808 76303.72 -15530.081 -439.21723 -12593.484 2.8130773 -0.12108534 -3.4642041
60808 76423.72 -15186.982 -453.58819 -13004.62 2.9049055 -0.11841633 -3.3876536
60808 76543.72 -14832.988000000001 -467.63375 -13406.423 2.9946484 -0.11566240000000001 -3.3086732000000003
60808 76663.72 -14468.352 -481.34385 -13798.606 3.0822417 -0.11282554 -3.2273196
60808 76783.72 -14093.338 -494.70865000000003 -14180.887 3.1676227 -0.1099078 -3.1436514000000004
60808 76903.72 -13708.214 -507.71857 -14552.993 3.2507301 -0.10691125 -3.0577285
60808 77023.72 -13313.256 -520.36428 -14914.655 3.3315045 -0.10383806 -2.9696127000000003
60808 77143.72 -12908.748 -532.63672 -15265.614 3.4098879 -0.10069042 -2.8793674
60808 77263.72 -12494.981 -544.5270899999999 -15605.62 3.4858242 -0.097470608 -2.7870572000000005
60808 77383.72 -12072.251 -556.02687 -15934.428 3.5592591000000002 -0.09418092300000001 -2.6927484
60808 77503.72 -11640.861 -567.1278100000001 -16251.803 3.6301399 -0.090823729 -2.5965088
60808 77623.72 -11201.121000000001 -577.82196 -16557.516 3.6984159 -0.087401433 -2.4984074
60808 77743.72 -10753.347 -588.1016500000001 -16851.349000000002 3.7640382 -0.08391649200000001 -2.3985146
60808 77863.72 -10297.86 -597.95951 -17133.091 3.8269599 -0.080371404 -2.2969021
60808 77983.72 -9834.9867 -607.38848 -17402.539 3.8871359 -0.07676871199999999 -2.1936429
60808 78103.72 -9365.059 -616.3818000000001 -17659.502 3.9445232000000003 -0.07311099900000001 -2.0888108
60808 78223.72 -8888.4143 -624.93303 -17903.794 3.9990807 -0.069400888 -1.9824813
60808 78343.72 -8405.394400000001 -633.0360300000001 -18135.241 4.0507693 -0.06564104000000001 -1.8747304
60808 78463.72 -7916.3459 -640.6850000000001 -18353.676 4.099552 -0.061834148 -1.7656355000000001
60808 78583.72 -7421.6196 -647.8744499999999 -18558.942 4.145394100000001 -0.057982942 -1.6552748
60808 78703.72 -6921.5703 -654.59924 -18750.894 4.1882626 -0.054090181 -1.5437274
60808 78823.72 -6416.5567 -660.85454 -18929.393 4.2281269 -0.050158656 -1.4310733
60808 78943.72 -5906.9411 -666.63588 -19094.311 4.2649585 -0.046191184 -1.3173932
60808 79063.72 -5393.0891 -671.9390999999999 -19245.529 4.298731 -0.042190606000000005 -1.2027687
60808 79183.72 -4875.369 -676.7604200000001 -19382.941 4.3294204 -0.03815979 -1.0872818
60808 79303.72 -4354.152400000001 -681.09636 -19506.446 4.3570045 -0.034101622 -0.97101533
60808 79423.72 -3829.8129 -684.9438299999999 -19615.956000000002 4.3814637 -0.030019010999999998 -0.85405261
60808 79543.72 -3302.7268 -688.30006 -19711.394 4.4027804999999995 -0.025914879 -0.73647744
60808 79663.72 -2773.2719 -691.1626600000001 -19792.69 4.4209397 -0.021792168 -0.61837407
60808 79783.72 -2241.8281 -693.5295600000001 -19859.786 4.4359281 -0.01765383 -0.49982713
60808 79903.72 -1708.7764 -695.3990699999999 -19912.634000000002 4.4477352 -0.013502828 -0.38092155000000005
60808 80023.72 -1174.4992 -696.76985 -19951.196 4.4563524 -0.0093421362 -0.26174253
60808 80143.72 -639.3797099999999 -697.6409100000001 -19975.445 4.4617735000000005 -0.0051747341999999995 -0.14237545000000001
60808 80263.72 -103.80161 -698.01163 -19985.362 4.463994700000001 -0.0010036067 -0.02290584
60808 80383.72 431.85095 -697.88175 -19980.941 4.4630143 0.003168259 0.096580707
60808 80503.72 967.1937800000001 -697.25134 -19962.186 4.458832999999999 0.0073378749 0.21599858
60808 80623.72 1501.8428999999999 -696.12087 -19929.108 4.4514538 0.011502255 0.33526221
60808 80743.72 2035.415 -694.49113 -19881.732 4.440881900000001 0.015658416 0.45428615000000006
60808 80863.72 2567.5272000000004 -692.3633000000001 -19820.092 4.4271248 0.019803380000000002 0.57298511
60808 80983.72 3097.7979 -689.7388900000001 -19744.232 4.410192299999999 0.023934180000000003 0.6912740199999999
60808 81103.72 3625.8468 -686.61978 -19654.206000000002 4.3900966 0.028047856 0.80906813
60808 81223.72 4151.2951 -683.0082 -19550.079 4.3668518999999995 0.032141461 0.9262830000000001
60808 81343.72 4673.7660000000005 -678.90675 -19431.925 4.3404747 0.036212061 1.0428346
60808 81463.72 5192.8845 -674.31835 -19299.829 4.3109841 0.040256741 1.1586395
60808 81583.72 5708.2784 -669.2462800000001 -19153.885000000002 4.278400899999999 0.044272602 1.2736144999999999
60808 81703.72 6219.578 -663.6941899999999 -18994.198 4.242748499999999 0.048256765 1.3876773
60808 81823.72 6726.4163 -657.6660400000001 -18820.882 4.2040522000000005 0.052206376 1.5007461000000002
60808 81943.72 7228.4299 -651.16615 -18634.062 4.1623399 0.056118603999999996 1.6127398000000002
60808 82063.72 7725.258400000001 -644.1991800000001 -18433.871 4.1176411 0.059990643 1.7235781
60808 82183.72 8216.5455 -636.77012 -18220.452 4.0699879 0.063819718 1.8331814
60808 82303.72 8701.938699999999 -628.88428 -17993.959 4.0194144000000005 0.06760308200000001 1.9414713
60808 82423.72 9181.0896 -620.54732 -17754.555 3.9659567000000004 0.07133802300000001 2.0483699
60808 82543.72 9653.6545 -611.7651999999999 -17502.409 3.9096529 0.075021862 2.1538005
60808 82663.72 10119.294 -602.54422 -17237.704 3.8505434000000003 0.07865195500000001 2.2576876
60808 82783.72 10577.674 -592.89098 -16960.629 3.7886704 0.082225698 2.3599565
60808 82903.72 11028.466 -582.81241 -16671.382 3.7240782 0.085740527 2.4605338000000003
60808 83023.72 11471.346 -572.31571 -16370.172 3.656813 0.08919392000000001 2.5593474
60808 83143.72 11905.996000000001 -561.4084200000001 -16057.212 3.5869228 0.092583396 2.6563261000000002
60808 83263.72 12332.105 -550.09835 -15732.729000000001 3.5144579 0.09590652300000001 2.7514005000000004
60808 83383.72 12749.365 -538.39361 -15396.955 3.4394699 0.099160914 2.8445022
60808 83503.72 13157.479000000001 -526.3025799999999 -15050.131000000001 3.3620127 0.10234423 2.9355642
60808 83623.72 13556.152 -513.83393 -14692.504 3.2821415000000003 0.10545419 3.0245213
60808 83743.72 13945.098 -500.99659 -14324.332 3.1999138 0.10848855 3.1113094
60808 83863.72 14324.039 -487.79978000000006 -13945.879 3.1153883 0.11144514 3.1958661000000004
60808 83983.72 14692.702000000001 -474.25296000000003 -13557.416000000001 3.0286257 0.11432183000000001 3.2781307
60808 84103.72 15050.822 -460.36582000000004 -13159.222 2.9396880000000003 0.11711656000000001 3.358044
60808 84223.72 15398.143 -446.14834 -12751.582 2.8486392 0.1198273 3.4355485
60808 84343.72 15734.414 -431.61071000000004 -12334.789 2.7555443 0.12245212 3.5105885
60808 84463.72 16059.394 -416.76335 -11909.141 2.6604702000000002 0.12498913 3.5831099
60808 84583.72 16372.85 -401.61690000000004 -11474.945 2.563485 0.1274365 3.6530607
60808 84703.72 16674.557 -386.18224 -11032.512 2.4646584 0.12979246 3.7203904000000003
60808 84823.72 16964.298 -370.47044 -10582.158 2.3640612 0.13205534 3.7850506999999998
60808 84943.72 17241.864 -354.49275 -10124.208 2.2617655 0.13422349 3.8469949000000003
60808 85063.72 17507.056 -338.26065000000006 -9658.9899 2.1578448 0.13629535 3.9061784
60808 85183.72 17759.684 -321.78578000000005 -9186.8375 2.0523738 0.13826944 3.9625586
60808 85303.72 17999.567 -305.07995 -8708.0896 1.9454280000000002 0.14014434 4.016095
60808 85423.72 18226.531 -288.15515999999997 -8223.09 1.8370842 0.14191868 4.0667489
60808 85543.72 18440.414 -271.02353999999997 -7732.1866 1.7274204 0.1435912 4.114483900000001
60808 85663.72 18641.063000000002 -253.69739 -7235.732 1.6165151000000002 0.14516068999999998 4.159265500000001
60808 85783.72 18828.332000000002 -236.18914 -6734.0823 1.5044481 0.14662602000000002 4.2010615
60808 85903.72 19002.087 -218.51135000000002 -6227.5978 1.3912999 0.14798614000000002 4.239841800000001
60808 86023.72 19162.204 -200.67672000000002 -5716.6421 1.2771517 0.14924006 4.275578400000001
60808 86143.72 19308.567 -182.69803 -5201.5818 1.1620856000000002 0.15038686999999998 4.3082456
60808 86263.72 19441.071 -164.58818 -4682.7868 1.0461842 0.15142576 4.3378198
60808 86383.72 19559.621 -146.36019000000002 -4160.6296 0.9295308400000001 0.15235598 4.3642797
