CIC_MEM_VERS = 1.0
CREATION_DATE = 2025-02-06T15:17:13.111303
ORIGINATOR = CS Group

META_START
OBJECT_NAME = Sat
OBJECT_ID = Sat
USER_DEFINED_PROTOCOL = NONE
USER_DEFINED_CONTENT = LLA
USER_DEFINED_SIZE = 3.0
USER_DEFINED_TYPE = REAL
USER_DEFINED_UNIT = [deg] [km]
TIME_SYSTEM = UTC
META_STOP

60711 21873.4992 0.12308987074692711 -52.3066161627287 503.0983600647614
60711 22293.4992 26.61972843832638 -56.099967225688395 509.8679348736939
60711 22713.4992 52.81721612147798 -62.35854208799456 519.8318819927124
60711 23133.4992 77.44061072794817 -88.8493211816269 527.0792587681816
60711 23553.4992 72.03312899833614 151.89510721128272 526.0898583225882
60711 23973.4992 46.63163838716005 135.81393056426072 517.5976730637226
60711 24393.4992 20.32963675705864 130.5593543879952 507.6259537850548
60711 24813.4992 -6.195046421576707 126.91970459715503 502.6011597640347
60711 25233.4992 -32.68691092153587 122.86413159409402 504.4522959241704
60711 25653.4992 -58.818596631852046 115.08472824064535 509.9338169790754
60711 26073.4992 -81.54069798192717 64.56669356684701 513.1620594266307
60711 26493.4992 -66.119974343651 -34.78767909528774 510.87898664696866
60711 26913.4992 -40.23878930946776 -45.78071365233549 504.9789435110184
60711 27333.4992 -13.797445109047326 -50.357455262964315 501.12267027192274
60711 27753.4992 12.755501584574853 -53.94282079780873 504.178911212568
60711 28173.4992 39.155014775916676 -58.421685054253025 514.0419627072603
60711 28593.4992 65.00105204637435 -68.75360125088271 523.4144766449797
60711 29013.4992 82.02948418691118 -160.7146542259905 526.802570874976
60711 29433.4992 60.153454628895126 141.17948244521835 521.7072401444699
60711 29853.4992 34.130979005117 132.96844218820948 511.64185078031545
60711 30273.4992 7.673420343318285 128.8348321533792 501.5110624128202
60711 30693.4992 -18.88798410182762 125.21099706956663 500.4235633657181
60711 31113.4992 -45.27857984312363 120.11448381774295 505.9150390750552
60711 31533.4992 -70.8700170112485 105.31731459709353 512.6738870781536
60711 31953.4992 -78.3537595804781 -12.062576738932673 514.398568390375
60711 32373.4992 -53.882136481424666 -41.680727662327406 510.4711626672248
60711 32793.4992 -27.65078564189017 -48.17123977054188 505.0054283055149
60711 33213.4992 -1.1414135246103507 -52.003869589935434 503.8646207234981
60711 33633.4992 25.358919649739 -55.758871888277184 509.3221904230821
60711 34053.4992 51.58808346194136 -61.78633306154544 517.9087226825648
60711 34473.4992 76.43221312712602 -85.52609945948421 524.9914161221425
60711 34893.4992 73.13163945779014 153.83888940196059 524.340591119672
60711 35313.4992 47.82493061192242 136.2988293231492 516.4146104665167
60711 35733.4992 21.531992867170022 130.87806947753342 506.7264137378502
60711 36153.4992 -4.990386430267707 127.21502396075013 503.1599203962393
60711 36573.4992 -31.48047993502549 123.21990077827323 505.93286207048004
60711 36993.4992 -57.6251116533445 115.79762012209157 512.1623949630306
60711 37413.4992 -80.91080932674376 71.77624809092202 515.8187183827752
60711 37833.4992 -67.31643576088464 -33.57262182272919 513.3451954476596
60711 38253.4992 -41.50722048915169 -45.345225392871235 506.6726523207654
60711 38673.4992 -15.086563400154503 -50.038170209194206 501.637202894788
60711 39093.4992 11.467442139684726 -53.628820803427814 503.1754921642237
60711 39513.4992 37.891261179737455 -58.01277868170224 511.1903092998247
60711 39933.4992 63.80668192334884 -67.73950701685392 520.0180254226647
60711 40353.4992 82.32445393082997 -151.82436909686868 523.7157884671201
60711 40773.4992 61.31615730313666 141.98500474219716 519.5357067264715
60711 41193.4992 35.3148647501706 133.33923181319696 510.66198042641264
60711 41613.4992 8.87213232429649 129.1329872002613 505.1566560087136
60711 42033.4992 -17.656124066808808 125.5269098064238 505.47542571564105
60711 42453.4992 -44.01919721989826 120.58037920313582 511.20846108650045
60711 42873.4992 -69.65944988519237 106.96386700748162 517.061643882591
60711 43293.4992 -79.33357634254142 -7.1845978102756805 517.5817868566126
60711 43713.4992 -55.207977393071324 -41.00814047286893 511.6500936449728
60711 44133.4992 -28.993764995753825 -47.803070999043456 503.0501707973768
60711 44553.4992 -2.4672072523995596 -51.69141686916098 499.8616072649831
60711 44973.4992 24.073032287386184 -55.41628896902564 504.4264069728925
60711 45393.4992 50.37929920655792 -61.24166753302601 507.0234184955491
60711 45813.4992 75.48700763851247 -82.87492674529148 505.52538096440304
60711 46233.4992 74.00159497741728 155.5966268087871 505.8318850338764
60711 46653.4992 48.669331478666855 136.691108653695 501.75517161240697
60711 47073.4992 22.29507096605435 131.1317581631117 497.97735631111124
60711 47493.4992 -4.271854357168958 127.44630232877724 500.8386882715633
60711 47913.4992 -30.753995312200242 123.48654326988563 511.0843802683534
60711 48333.4992 -56.851604362057735 116.28986122995624 523.8332532418391
60711 48753.4992 -80.38151822545319 76.41984099338671 531.8397361263791
60711 49173.4992 -68.2848463084356 -32.481644184009134 530.4146935066345
60711 49593.4992 -42.6504507817688 -44.93157321954937 521.015382810922
60711 50013.4992 -16.328352211985724 -49.72464397617155 509.9859853768709
60711 50433.4992 10.189087813446145 -53.31757830660618 503.6723592960409
60711 50853.4992 36.652732002055146 -57.61632330621213 503.9598976172629
60711 51273.4992 62.68521300040478 -66.84065434000262 507.30219787597287
60711 51693.4992 82.43183225976144 -143.7236342799531 508.28078556193316
60711 52113.4992 62.22487108947784 142.6730587699083 510.4248933873064
60711 52533.4992 36.18929285818738 133.64925956405062 502.8169771199608
60711 52953.4992 9.697928594892346 129.3793152054822 498.60661178802025
60711 53373.4992 -16.871162550926595 125.77583548917549 502.1133211833577
60711 53793.4992 -43.24413028844778 120.91436708063517 512.544761408957
60711 54213.4992 -68.90792109247336 107.95609688069177 522.0710965372206
60711 54633.4992 -79.92114008008178 -3.5613552861008806 525.4013825580582
60711 55053.4992 -56.11042186738414 -40.49338666454358 520.6591561037537
60711 55473.4992 -29.98859147456793 -47.49553265094002 511.86218246817214
60711 55893.4992 -3.515552681385202 -51.41824308204942 504.085695468103
60711 56313.4992 23.012029570497525 -55.11413799606731 504.1510116794634
60711 56733.4992 49.322684002905426 -60.764789406035106 509.47117508702325
60711 57153.4992 74.53257066796111 -80.55131278454702 514.284853082416
60711 57573.4992 75.01845692729847 157.8860302303382 513.7850775288708
60711 57993.4992 49.865612432828534 137.2011954567973 508.1300655928533
60711 58413.4992 23.55016718649201 131.46215730436947 502.22670424815357
60711 58833.4992 -2.9928906051728665 127.7516692689519 501.7510501007099
60711 59253.4992 -29.489573580140103 123.84824270743907 508.3701587482051
60711 59673.4992 -55.65858651170852 116.95366036989675 516.4373537708849
60711 60093.4992 -79.62635804547196 81.66982031992181 523.6171406137073
60711 60513.4992 -69.31523750316545 -31.240789353553293 523.1145645487662
60711 60933.4992 -43.69396318375867 -44.536827110312906 516.0364832948193
60711 61353.4992 -17.356351281610298 -49.441319539525196 508.0021751064475
60711 61773.4992 9.154992385670022 -53.04054294617627 506.48465006610394
60711 62193.4992 35.59041146541898 -57.26185092511925 510.23567659672733
60711 62613.4992 61.59946878607785 -66.01845676147057 515.9036306475357
60711 63033.4992 82.37616708337471 -134.50602487406863 517.6098837671793
60711 63453.4992 63.44019683988492 143.60793957962326 512.7142734253787
60711 63873.4992 37.447813296336534 134.0466740687266 504.01006968921877
60711 64293.4992 10.971283436979135 129.6904440654246 498.632120638249
60711 64713.4992 -15.603302074863285 126.09592107534998 500.8438950784408
60711 65133.4992 -42.012733963436006 121.35715366131387 507.0052164863126
60711 65553.4992 -67.81867944414057 109.22702970203278 508.7120861824538
60711 65973.4992 -80.57120421938251 1.3163970703060928 507.79508401129783
60711 66393.4992 -56.98457785287971 -39.96884778997332 504.14152432099047
60711 66813.4992 -30.769401787678227 -47.21953287704129 499.7996954712431
60711 67233.4992 -4.240141359952423 -51.1842542439956 500.43333622233564
60711 67653.4992 22.28643491873105 -54.86237675237888 508.6588411848292
60711 68073.4992 48.54449142760834 -60.382197925884725 521.2871692245764
60711 68493.4992 73.74193631659355 -78.81406162146128 530.9455041544427
60711 68913.4992 75.90389146828147 160.18939041523714 531.9186429612879
60711 69333.4992 51.015867122919495 137.71793575510122 523.8000220801607
60711 69753.4992 24.81557857618885 131.80073187132876 511.91704922751836
60711 70173.4992 -1.6781581750908088 128.0630974901404 503.247893616132
60711 70593.4992 -28.200915177647317 124.20826005849116 501.6621391880148
60711 71013.4992 -54.45640955334279 117.58545228012895 505.08377818057465
60711 71433.4992 -78.82761433279107 86.05797466347185 507.9900930607898
60711 71853.4992 -70.2465113810802 -29.99381720227968 504.66931043046645
60711 72273.4992 -44.569817794317174 -44.172842410255015 499.71325624530135
60711 72693.4992 -18.11935136139646 -49.19330270515003 493.19498979356956
60711 73113.4992 8.498368408467428 -52.81520471741764 494.7897174682384
60711 73533.4992 35.00432392199826 -57.008975824554334 505.02008698714303
60711 73953.4992 61.04177394601549 -65.55271359848953 518.503816873866
60711 74373.4992 82.27128885459052 -129.74089433730694 527.3263988461363
60711 74793.4992 64.13082089931606 144.23455368841633 527.5396800907077
60711 75213.4992 38.2941289078598 134.36464158535264 520.968419160949
60711 75633.4992 11.94801839160342 129.96106898297487 513.546246873669
60711 76053.4992 -14.529855260646238 126.38324781586056 510.45816871823763
60711 76473.4992 -40.90025296691492 121.75471138088474 512.1874583200738
60711 76893.4992 -66.71239414859879 110.39344552776305 514.4505840875139
60711 77313.4992 -81.24456850305246 7.94741775365706 512.2729230142846
60711 77733.4992 -58.19916416904028 -39.25640127367594 505.19270731074084
60711 78153.4992 -32.014082316374044 -46.856230669313156 498.23885494306006
60711 78573.4992 -5.466644480090131 -50.88578922306179 495.6108569322015
60711 78993.4992 21.109510903446704 -54.54794298836362 501.6036647308318
60711 79413.4992 47.43411832420073 -59.91830317228501 513.974522739319
60711 79833.4992 72.78418493137437 -76.97958497162762 524.6530409521513
60711 80253.4992 76.7624740927468 162.77945436928172 528.0972911487032
60711 80673.4992 52.013561591494096 138.20275755038344 523.1469618545173
60711 81093.4992 25.83627806828896 132.10241819126426 514.3325904009566
60711 81513.4992 -0.6284040322869456 128.33661630032574 507.76986212477703
60711 81933.4992 -27.115085930736655 124.52521810265726 507.4306168340726
60711 82353.4992 -53.34411442012807 118.14874168967698 511.0608804119659
60711 82773.4992 -77.9324450834994 90.0257032943168 513.1194879884551
60711 83193.4992 -71.35331680742988 -28.380618471781062 509.7897808988996
60711 83613.4992 -45.79328667723698 -43.706521523998546 505.7877347460448
60711 84033.4992 -19.413963906221067 -48.866845728833226 499.3876944103748
60711 84453.4992 7.162978705562131 -52.50139942082687 498.32431398246223
60711 84873.4992 33.662660911522664 -56.61503183354988 505.42671003514323
60711 85293.4992 59.76940437314084 -64.71122937436427 512.8745819122687
60711 85713.4992 81.91746339520009 -120.81962875933738 517.8431636014765
60711 86133.4992 65.25111006150438 145.22228999402475 516.1878765608329
60712 153.4992 39.37244894844581 134.73756226824622 509.9341235351925
60712 573.4992 12.958434461063828 130.2360871782395 504.9593558739881
60712 993.4992 -13.571612148361796 126.65187615012708 505.70878246852925
60712 1413.4992 -39.97333640256978 122.10091369574286 511.4246420501328
60712 1833.4992 -65.81072247564504 111.29878237427026 519.1886717345801
60712 2253.4992 -81.70344187340878 14.137847697883718 521.6397315087771
60712 2673.4992 -59.25382619305265 -38.587513554009256 516.6987708695611
60712 3093.4992 -33.17455654490662 -46.50405609288414 507.9149957807487
60712 3513.4992 -6.703278857718424 -50.586243006766836 504.83133646984504
60712 3933.4992 19.82333540336379 -54.2203954722135 505.4233373249119
60712 4353.4992 46.16227715361546 -59.422577634792304 511.27782509481403
60712 4773.4992 71.65482013815677 -75.08240658749561 516.8192089779943
60712 5193.4992 77.70546098265852 166.09593437430271 516.8213237229708
60712 5613.4992 53.073436981021366 138.7250754995909 510.6310814700034
60712 6033.4992 26.81773604780172 132.39968211742 502.54554205818505
60712 6453.4992 0.2804043132283803 128.5914889366317 499.9538947018043
60712 6873.4992 -26.24933473782349 124.80346370617113 505.2513941711898
60712 7293.4992 -52.532906070497354 118.58355641246416 506.5889434534731
60712 7713.4992 -77.30731303594402 92.42847277936932 506.40516911654464
60712 8133.4992 -72.03406448691875 -27.2437849142282 505.12469907345724
60712 8553.4992 -46.49563428483492 -43.37597865842041 500.82958991678527
60712 8973.4992 -20.086920066167046 -48.63179126458633 497.15586033070605
60712 9393.4992 6.489281543958412 -52.276490856810284 500.56269873595437
60712 9813.4992 32.95918216870428 -56.346298462241215 511.31903714151167
60712 10233.4992 59.004541335729655 -64.17372035507911 524.146098437921
60712 10653.4992 81.56583492042327 -114.9966004515842 531.8123105174008
60712 11073.4992 66.19730826546875 146.13148124305692 529.9728620801958
60712 11493.4992 40.45365133321962 135.11617820955655 520.5116021309608
60712 11913.4992 14.108773721168172 130.53199409614382 509.915974479148
60712 12333.4992 -12.408012716503874 126.94993354518888 504.2775889928894
60712 12753.4992 -38.848683400738885 122.48902260506372 504.9484386554049
60712 13173.4992 -64.79742214042484 112.2433738677631 508.05168623915966
60712 13593.4992 -82.05314781480902 20.691418648281665 508.32352770566024
60712 14013.4992 -60.09791432978665 -38.004335568370244 511.6271258024879
60712 14433.4992 -34.00181005141964 -46.21180829502193 503.75209837074846
60712 14853.4992 -7.505061249548629 -50.343855299607355 499.9127489311899
60712 15273.4992 19.050034161247208 -53.969338367650096 503.64156615939874
60712 15693.4992 45.422586993002895 -59.08082006289044 506.74246670361015
60712 16113.4992 71.00653695805681 -74.02224727577604 503.2442572198612
60712 16533.4992 78.18613165964929 168.07869814878043 507.3191955748174
60712 16953.4992 53.62710567039318 139.0644296659014 507.1427140425437
60712 17373.4992 27.382584522981887 132.62759850563393 506.16654588995675
60712 17793.4992 0.8980484380864227 128.80838189078156 509.3654731731553
60712 18213.4992 -25.54504130151555 125.0558128579539 518.2489752837873
60712 18633.4992 -51.69036809231627 119.02403384944117 528.9228067855835
60712 19053.4992 -76.45263207339495 95.26721373927383 534.6334891300096
60712 19473.4992 -73.16690455023131 -25.262495585064944 530.649367538816
60712 19893.4992 -47.894062803701416 -42.839442287137246 518.0843385203879
60712 20313.4992 -21.593404789836065 -48.27015502113961 503.40051391182124
60712 20733.4992 4.978802558297457 -51.94014521479479 494.34025077766677
60712 21153.4992 31.54996797249545 -55.94819265563791 494.19651471761154
60712 21573.4992 57.784610098143126 -63.43081409456256 500.07907964591436
60712 21993.4992 81.04446541597865 -108.6662449046762 505.60492020914444
60712 22413.4992 67.0330358533313 147.00040899246937 507.54185343329544
60712 22833.4992 41.18606558954882 135.4195248002053 506.18063701131535
60712 23253.4992 14.77931664078091 130.76062380895812 506.5811001263292
60712 23673.4992 -11.718574315282835 127.1802335968476 512.6133533470286
60712 24093.4992 -38.0606934585643 122.79634199511592 523.2465858568331
60712 24513.4992 -63.87924124397335 113.05865758427561 532.4744308210273
60712 24933.4992 -82.32987153366004 29.113436984198565 533.9562602551848
60712 25353.4992 -61.390664500642806 -37.134333968648995 525.4833436240551
60712 25773.4992 -35.415450975544736 -45.80062049086781 511.07780058588446
60712 26193.4992 -8.950907298908769 -50.01468979200871 498.2796834186127
60712 26613.4992 17.652635375688963 -53.62968215787227 493.4199355713382
60712 27033.4992 44.11921885881409 -58.60102468978362 496.768565896226
60712 27453.4992 69.85583551520854 -72.42086750045159 503.336332199881
60712 27873.4992 79.11600510248762 172.48788641434072 510.11295967841
60712 28293.4992 54.871523574176884 139.6926461810526 509.74196054893054
60712 28713.4992 28.666805321035504 132.98133781235725 507.81963130285783
60712 29133.4992 2.1950105893698026 129.1143969523984 509.51718450171273
60712 29553.4992 -24.256922744184994 125.39703384831388 516.864855098115
60712 29973.4992 -50.43623599382482 119.58305847282618 526.4592123351551
60712 30393.4992 -75.39368543237244 98.20005660288872 531.8581838954524
60712 30813.4992 -74.25949424418246 -23.046690895475358 528.2287623530897
60712 31233.4992 -49.09530253036725 -42.33534779115347 516.3846961957432
60712 31653.4992 -22.799724311287854 -47.94763061278718 502.48035743673825
60712 32073.4992 3.7733329467217414 -51.64467063591143 494.2700176235941
60712 32493.4992 30.347771852373373 -55.59734214499732 494.99547171730796
60712 32913.4992 56.598911689934056 -62.75220457847893 501.7352912518141
60712 33333.4992 80.33508336838212 -102.37732899411958 509.3881504054056
60712 33753.4992 68.20562604620757 148.2778460785137 511.4105467046931
60712 34173.4992 42.4481106910196 135.8603930403795 509.3449338922259
60712 34593.4992 16.07214028234939 131.08048077076384 508.1217663664124
60712 35013.4992 -10.420916915776266 127.4925341091706 512.0584911118988
60712 35433.4992 -36.78419941286336 123.19770054969965 520.7832271114397
60712 35853.4992 -62.66770869467925 114.00981387272792 528.8449090395202
60712 36273.4992 -82.43318608063707 38.54202871245942 530.0934312792008
60712 36693.4992 -62.55037825264597 -36.27101584647697 522.1597673769929
60712 37113.4992 -36.59052596413459 -45.4228582405413 508.81482007715624
60712 37533.4992 -10.122547001679388 -49.71847789740924 497.3410268727426
60712 37953.4992 16.48385495067844 -53.32510353469509 493.9123986604887
60712 38373.4992 42.95279089143449 -58.17130936256811 498.6780689428495
60712 38793.4992 68.73945661899435 -71.02560277135609 509.0271466917203
60712 39213.4992 79.96360105331895 177.586359006284 512.1771263252556
60712 39633.4992 56.08590105225655 140.34384876294607 510.1989015702535
60712 40053.4992 29.901813956337115 133.33413246165975 506.35050598443746
60712 40473.4992 3.4172124994419812 129.41221674195782 506.21061491031685
60712 40893.4992 -23.068889187908088 125.71915717413309 512.333777569148
60712 41313.4992 -49.300978177171686 120.0820870359114 521.7865457774701
60712 41733.4992 -74.42232492168553 100.51198163470536 528.3922808535565
60712 42153.4992 -75.21481359568172 -20.79840062633048 526.7629407990279
60712 42573.4992 -50.17717298040858 -41.848740739894076 517.1368145502504
60712 42993.4992 -23.910597371239152 -47.634885802621504 505.43918326983476
60712 43413.4992 2.63040754530167 -51.35636375201877 498.4210873880346
60712 43833.4992 29.176615336175484 -55.25557990536009 499.36874991511587
60712 44253.4992 55.42012202312538 -62.10839500689734 505.6366330062862
60712 44673.4992 79.5272489452667 -96.93907749960563 511.33489568147115
60712 45093.4992 69.35833880310243 149.66305477970857 511.771736199221
60712 45513.4992 43.665836569665466 136.3026739049247 507.951402656347
60712 45933.4992 17.28469011425769 131.3919871788936 505.0258205082367
60712 46353.4992 -9.236234366878103 127.78974234179488 507.84076270061666
60712 46773.4992 -35.63950670522965 123.56662271567727 516.5355395214352
60712 47193.4992 -61.587468206310504 114.82106508636849 525.2735922868716
60712 47613.4992 -82.35941972247223 46.99535753547938 528.124937281982
60712 48033.4992 -63.5988376392065 -35.42877719357893 522.198806975111
60712 48453.4992 -37.683065208973886 -45.05677959635449 510.61532422509765
60712 48873.4992 -11.238708336283647 -49.42904775607707 499.6002206877748
60712 49293.4992 15.347620217416916 -53.026284999453054 496.9035695307146
60712 49713.4992 41.803355617381776 -57.75396114317077 501.895348359574
60712 50133.4992 67.63136493519976 -69.75830453080404 506.84578565609274
60712 50553.4992 80.69715524953557 -176.74035136710768 510.4625258580794
60712 50973.4992 57.21149376004299 140.9817411859318 509.47614721714257
60712 51393.4992 31.05094766623531 133.6738625475261 506.8626319664831
60712 51813.4992 4.591841266049197 129.70304164031506 505.59347549632423
60712 52233.4992 -21.922948542119148 126.03233495654122 506.89943572787064
60712 52653.4992 -48.22307978339466 120.55131844314411 513.2001807382806
60712 53073.4992 -73.52247877076854 102.42311190636899 518.4726325880824
60712 53493.4992 -76.02131051858099 -18.639476787148585 517.6560255917959
60712 53913.4992 -51.04971868871653 -41.424996724518245 510.6011919334345
60712 54333.4992 -24.758044592596057 -47.36573966535799 504.4801997100476
60712 54753.4992 1.7687545026103517 -51.10781372844458 502.57372985024864
60712 55173.4992 28.271835346311345 -54.96450726797247 506.480277951624
60712 55593.4992 54.49028881741093 -61.59150938276695 509.02297135664355
60712 56013.4992 78.81996414071268 -93.08430142553198 514.41557297471
60712 56433.4992 70.29791192877262 150.91906629873785 514.1010717825978
60712 56853.4992 44.68097646246933 136.6992497484216 508.97239882551236
60712 57273.4992 18.311790486186734 131.67606895264973 504.3324610985774
60712 57693.4992 -8.22003155227399 128.06267810742006 505.4554816970771
60712 58113.4992 -34.66056177348037 123.89858876035107 512.1948415088243
60712 58533.4992 -60.67158726153268 115.49926090910533 520.3719817536785
60712 58953.4992 -82.18448175559935 53.81301984833447 523.8060191738169
60712 59373.4992 -64.44676525811346 -34.6903829505061 519.3665533345711
60712 59793.4992 -38.547388201632735 -44.738049591514546 509.77710768949623
60712 60213.4992 -12.124957007381136 -49.17223965067913 505.58972276337016
60712 60633.4992 14.401098205876186 -52.756254701690054 506.12376413903473
60712 61053.4992 40.816776439180494 -57.3833144237608 507.8631412313259
60712 61473.4992 66.65812769876969 -68.71550730633648 514.2017761037519
60712 61893.4992 81.28506759491056 -170.74779411991278 518.5837759553308
60712 62313.4992 58.342629230722544 141.65606413712308 516.2249197847337
60712 62733.4992 32.247812122042234 134.02917577447937 510.37034421274836
60712 63153.4992 5.794377700463759 130.00032277363553 507.01179443259934
60712 63573.4992 -20.70453727474146 126.356444617864 509.15072656792086
60712 63993.4992 -47.00176205534715 121.05109201921212 515.7223882021284
60712 64413.4992 -72.3965851695748 104.50179152862039 520.966630338842
60712 64833.4992 -77.07610814792092 -15.392251412518306 519.710284335698
60712 65253.4992 -52.315034454694114 -40.84731118195976 511.7787961067859
60712 65673.4992 -26.04559738370298 -47.019851563818214 506.75009621410595
60712 66093.4992 0.4648140364214797 -50.79744358161969 503.69549101268285
60712 66513.4992 26.96703498970369 -54.60467007007981 507.4952058731479
60712 66933.4992 53.215188013460995 -60.9554073261845 509.09140430419353
60712 67353.4992 77.8418851621224 -88.769764670087 512.90087193681
60712 67773.4992 71.47992561308486 152.63712360600988 515.1559668776235
60712 68193.4992 45.969177475245495 137.18396756995793 512.2493692948142
60712 68613.4992 19.645269504760392 132.01084883063407 508.9291880416084
60712 69033.4992 -6.847295485981098 128.38507347919796 510.24363616555445
60712 69453.4992 -33.25587743998784 124.30769782774307 516.927526477805
60712 69873.4992 -59.27119983843691 116.39943964257466 524.3329031983917
60712 70293.4992 -81.69252494405751 63.87718259018404 526.3879332363621
60712 70713.4992 -65.86089147350839 -33.442983799915616 520.0663753147404
60712 71133.4992 -40.01703390158487 -44.273977864967385 508.21976317810095
60712 71553.4992 -13.576108268891318 -48.832983494975736 497.6338897686992
60712 71973.4992 13.025947801529753 -52.42621169763333 495.0787761842335
60712 72393.4992 39.51351905915552 -56.94863715391103 500.8006937577691
60712 72813.4992 65.44875293763452 -67.55685384777908 507.23415939950524
60712 73233.4992 81.81787321709362 -163.18483609677818 507.9513167856798
60712 73653.4992 59.44660421992225 142.35605713899295 507.0297723970628
60712 74073.4992 33.319381393360324 134.36745404758176 502.6565540004357
60712 74493.4992 6.8060750983899245 130.27191890882705 497.8133753047301
60712 74913.4992 -19.765747306815296 126.63284719028762 501.0209748554155
60712 75333.4992 -46.133222817848036 121.43065432604782 506.8604818565566
60712 75753.4992 -71.6754748750624 105.73460195580844 505.4484575511657
60712 76173.4992 -77.62338614507571 -13.365587773478559 504.59680706417686
60712 76593.4992 -52.894377414524115 -40.498069952326794 502.09574740342197
60712 77013.4992 -26.59194093326043 -46.79358273471582 499.605510799363
60712 77433.4992 -0.05285212752196254 -50.59401244165897 502.79430787836014
60712 77853.4992 26.433136741526567 -54.38223674716788 513.0568190905831
60712 78273.4992 52.594533660212754 -60.59439843398225 526.1179196702894
60712 78693.4992 77.21326620288944 -86.41087017640936 534.6008806174641
60712 79113.4992 72.33630885954771 154.0731703250134 533.3036693412378
60712 79533.4992 47.01205657531601 137.61652193699248 522.9524357735462
60712 79953.4992 20.744719638492654 132.3121347045805 509.7192685174848
60712 80373.4992 -5.778711031997834 128.66272335016856 500.74518927333725
60712 80793.4992 -32.30042101012413 124.62049960964706 499.2215985136301
60712 81213.4992 -58.48891811617912 116.92833250784781 502.52549161186386
60712 81633.4992 -81.40719540847863 67.90848485617455 505.12262210782956
60712 82053.4992 -66.32398360204019 -32.910524601411815 503.2161542183538
60712 82473.4992 -40.40015583854418 -44.049978671700124 499.0601697494523
60712 82893.4992 -13.92589161980147 -48.64912375158014 498.242787227076
60712 83313.4992 12.635061452438174 -52.2384350414836 504.93680614445054
60712 83733.4992 39.019529471606674 -56.707220613948905 517.813548647859
60712 84153.4992 64.83058686188454 -66.94490553263876 530.20997997593
60712 84573.4992 82.09631004624482 -157.38014614570955 535.1856853052343
60712 84993.4992 60.443634240736436 143.03730140211013 529.9344558518037
60712 85413.4992 34.48598531988876 134.72871644639116 517.9306335748507
60712 85833.4992 8.072412981877761 130.57702339754084 506.2051283144772
60712 86253.4992 -18.469599631373097 126.95890087907513 500.74528575713913
