CIC_OEM_VERS = 2.0
CREATION_DATE = 2024-12-08T21:18:59.682046
ORIGINATOR = ISAE-SUPAERO


META_START
OBJECT_NAME = Sat
OBJECT_ID = Sat
CENTER_NAME = Earth
REF_FRAME = EME2000
TIME_SYSTEM = UTC
START_TIME = 2024-12-08T06:46:07.350
USEABLE_START_TIME = 2024-12-08T06:46:07.350
USEABLE_STOP_TIME = 2024-12-10T22:56:07.350
STOP_TIME = 2024-12-10T22:56:07.350
INTERPOLATION = lagrange
INTERPOLATION_DEGREE = 5
META_STOP



60652 24367.35 -2537.1049 -6414.5713 14.703450000000002 -0.92463125 0.39420115 7.531518500000001
60652 24967.35 -2516.5181000000002 -4840.3769 4206.8588 0.99100783 4.6606325 5.9264202
60652 25567.35 -1432.7118 -1221.0605 6616.7219000000005 2.4887948 6.9595849 1.8090194
60652 26167.35 256.50818 2913.6825 6221.137 2.935301 6.3174836 -3.0779391
60652 26767.35 1836.4831000000001 5814.4229000000005 3187.7898999999998 2.1373699000000004 2.9924637 -6.6686882
60652 27367.35 2636.9732000000004 6246.6909000000005 -1203.9043000000001 0.43264974 -1.6038398999999999 -7.4273319
60652 27967.35 2320.1227000000003 4031.9924 -5084.424 -1.4487411 -5.505434 -5.0350104
60652 28567.35 1024.2205000000001 114.74148 -6816.6814 -2.7114519 -7.0717974 -0.53043403
60652 29167.35 -702.19382 -3851.0782999999997 -5676.9502 -2.8327197 -5.6636671 4.190957900000001
60652 29767.35 -2132.7788 -6196.0249 -2143.4744 -1.7601998 -1.86339 7.156066300000001
60652 30367.35 -2662.6211000000003 -5924.7703 2295.9562 0.059890962000000006 2.7368734 7.0971209
60652 30967.35 -2065.9487 -3146.5982000000004 5761.7254 1.855628 6.1820566 4.028131
60652 31567.35 -595.43564 962.7550699999999 6784.1729000000005 2.8653373 7.010711100000001 -0.74586982
60652 32167.35 1126.993 4665.9337000000005 4931.6660999999995 2.6612246 4.8660512 -5.2116436
60652 32767.35 2370.4058 6391.879400000001 993.8828199999999 1.3316061 0.66576887 -7.4607445
60652 33367.35 2610.7647 5410.2835000000005 -3373.0182999999997 -0.5615632100000001 -3.8195041 -6.552692100000001
60652 33967.35 1746.1038 2138.6885 -6308.4310000000005 -2.2131583 -6.681744800000001 -2.8733095
60652 34567.35 144.74413 -2035.4992 -6575.6585000000005 -2.9285245 -6.7209499 2.0150735
60652 35167.35 -1517.128 -5349.456 -4060.8752999999997 -2.4081563999999998 -3.9209885 6.059607
60652 35767.35 -2538.2808 -6404.409900000001 172.9941 -0.8673160400000001 0.54338456 7.536748800000001
60652 36367.35 -2481.6516 -4740.2273 4332.3475 1.0403087 4.7812920000000005 5.827154900000001
60652 36967.35 -1372.9735 -1066.2855 6650.5368 2.5097406 6.9998148 1.6412965
60652 37567.35 317.49919 3065.216 6158.4028 2.9070970000000003 6.225048200000001 -3.2557895
60652 38167.35 1870.51 5886.8838 3040.1133 2.0752170999999997 2.8238995 -6.7565151
60652 38767.35 2629.3881 6210.7651 -1368.1875 0.36022065 -1.786458 -7.3946965
60652 39367.35 2272.1579 3897.9003 -5195.1461 -1.507077 -5.6375289 -4.8866703
60652 39967.35 949.10116 -72.07253999999999 -6808.2047 -2.7351509000000003 -7.099271 -0.30541131000000005
60652 40567.35 -775.2256500000001 -4011.3996 -5534.2688 -2.7997761999999997 -5.541697699999999 4.4047957
60652 41167.35 -2169.7104 -6247.2323 -1907.9911000000002 -1.6779076 -1.6350213000000002 7.2447897
60652 41767.35 -2643.6663 -5831.8673 2532.0096000000003 0.15601562000000002 2.9673382999999998 7.0067646
60652 42367.35 -1993.3493 -2936.7457000000004 5891.2979000000005 1.9229751000000002 6.312094600000001 3.7968989000000004
60652 42967.35 -498.92653 1202.6607 6750.955599999999 2.8727983 6.9746804000000004 -1.0303776
60652 43567.35 1206.2836000000002 4833.853 4750.4523 2.6000473000000004 4.6701041 -5.4153123
60652 44167.35 2399.3932999999997 6415.0369 733.49564 1.2305529 0.39976882 -7.4983035000000005
60652 44767.35 2575.8552000000004 5277.1928 -3597.4689 -0.66083827 -4.046191 -6.408997500000001
60652 45367.35 1657.8736000000001 1897.7688 -6394.062900000001 -2.2760534 -6.7884995 -2.5994418
60652 45967.35 39.148146999999994 -2285.6528 -6485.4841 -2.9204958000000003 -6.6381351 2.3148980999999997
60652 46567.35 -1595.8424 -5499.1197 -3819.3976000000002 -2.3283833 -3.6777615000000003 6.2443947
60652 47167.35 -2554.5317000000005 -6382.206700000001 469.61316999999997 -0.74952602 0.84203565 7.5227153
60652 47767.35 -2432.2661000000003 -4564.579900000001 4559.7973 1.1410239999999998 4.9923055000000005 5.6115552
60652 48367.35 -1284.5403999999999 -821.69758 6724.8777 2.5434371000000002 7.0250411999999995 1.3431451
60652 48967.35 402.82753 3266.5297 6057.848 2.8754184 6.103583400000001 -3.4862913
60652 49567.35 1920.1614 5979.4041 2836.3154 1.9960167 2.6044168 -6.8600981
60652 50167.35 2625.6307 6165.0162 -1585.123 0.26772061 -2.0123438 -7.3357278
60652 50767.35 2218.1721000000002 3737.2954 -5333.3901 -1.5757806 -5.7809276 -4.6948305
60652 51367.35 870.9135699999999 -274.28333000000003 -6816.9637 -2.749049 -7.0961187 -0.065578754
60652 51967.35 -844.40231 -4168.9718 -5408.7936 -2.7587135 -5.4085415 4.5890314
60652 52567.35 -2202.1538 -6298.629400000001 -1704.8291000000002 -1.5999064 -1.4273579 7.3018261
60652 53167.35 -2627.0542 -5759.7582 2724.2762000000002 0.23597229 3.1567659 6.913236100000001
60652 53767.35 -1938.8914 -2779.7882000000004 5998.2881 1.9669623 6.3959919 3.602562
60652 54367.35 -434.5294 1369.9252 6739.6846 2.8632907 6.9288473999999995 -1.2203068000000001
60652 54967.35 1252.5481000000002 4943.002 4637.8263 2.5539935999999996 4.5438251 -5.5299797
60652 55567.35 2411.5543 6432.3060000000005 575.51383 1.1646319 0.23173025000000003 -7.5100233
60652 56167.35 2549.6774 5199.1203 -3730.1142000000004 -0.71907084 -4.1850396000000005 -6.310627900000001
60652 56767.35 1610.23 1768.7385 -6454.7489000000005 -2.2965486 -6.827746100000001 -2.4378143
60652 57367.35 -9.1650011 -2408.8366 -6446.8071 -2.9029002 -6.585332999999999 2.4632691
60652 57967.35 -1624.8169 -5568.7765 -3706.8188 -2.2822955 -3.5557457 6.3300678
60652 58567.35 -2551.6192 -6368.9749 605.80839 -0.6928769600000001 0.9873155 7.5134402
60652 59167.35 -2395.125 -4465.3753 4659.937599999999 1.1897147000000001 5.112481799999999 5.5083533
60652 59767.35 -1221.2046 -663.90846 6731.8594 2.5690524999999997 7.0734958 1.1631176
60652 60367.35 467.69602000000003 3413.5789 5946.602 2.8565641999999998 6.0266636 -3.6824753
60652 60967.35 1958.805 6045.0071 2632.7891 1.9304245000000002 2.4185733000000003 -6.9618832
60652 61567.35 2617.5176 6107.247 -1804.3832 0.18468494000000002 -2.2169888 -7.2795004
60652 62167.35 2166.8647 3580.8468 -5475.6858 -1.6306187 -5.8934117 -4.5103558999999995
60652 62767.35 802.3075500000001 -457.09229 -6834.4048 -2.7503995 -7.072378800000001 0.14404344
60652 63367.35 -899.12017 -4303.4728 -5316.3734 -2.7137167 -5.2798176 4.7316519
60652 63967.35 -2222.2062 -6340.2368 -1558.3248 -1.5336230000000002 -1.2566881 7.3360719
60652 64567.35 -2607.0977000000003 -5700.9195 2857.6767000000004 0.29855959000000004 3.3112399 6.8410321000000005
60652 65167.35 -1889.3064 -2650.3742 6061.8135999999995 2.0059427000000003 6.482420100000001 3.4440911
60652 65767.35 -372.22127 1521.4625 6694.4007 2.8646563 6.9108666 -1.4143407
60652 66367.35 1302.8027 5053.072400000001 4493.1799 2.5073255 4.4050612000000005 -5.672221700000001
60652 66967.35 2423.7378 6437.275000000001 380.4326 1.0909383000000001 0.037897576 -7.5295895
60652 67567.35 2515.9034 5090.5442 -3890.3073 -0.78770348 -4.348754 -6.1969507
60652 68167.35 1541.3999 1585.375 -6507.5773 -2.3343661000000004 -6.8977824000000005 -2.2325021
60652 68767.35 -86.83009 -2595.3306000000002 -6365.6673 -2.8886125000000002 -6.5137934 2.6854207000000003
60652 69367.35 -1677.3092 -5673.3369 -3517.4921000000004 -2.2172412 -3.3673285 6.4571294
60652 69967.35 -2556.852 -6346.5893 825.94983 -0.60682347 1.2045177 7.4844075000000005
60652 70567.35 -2355.2174 -4335.8398 4820.0202 1.2531921 5.2499579999999995 5.3412667
60652 71167.35 -1161.9251000000002 -498.58012 6781.4975 2.5780314 7.071625699999999 0.95983746
60652 71767.35 518.82682 3547.9230000000002 5890.4475999999995 2.8198274000000003 5.923271 -3.8231232
60652 72367.35 1980.9695000000002 6101.647400000001 2516.7922000000003 1.8734536000000002 2.2713411000000003 -7.011398000000001
60652 72967.35 2605.0165 6074.8752 -1921.6407 0.12886121 -2.360574 -7.237254
60652 73567.35 2124.049 3471.1305 -5542.8076 -1.6728579 -5.9975193 -4.385035299999999
60652 74167.35 741.9997900000001 -605.45312 -6806.9211 -2.7632192 -7.0879967 0.32652042000000003
60652 74767.35 -954.31686 -4425.4053 -5179.4215 -2.6823620999999997 -5.1748416 4.8978285999999995
60652 75367.35 -2246.0534 -6369.675700000001 -1351.2439 -1.4645926999999999 -1.067155 7.3902301
60652 75967.35 -2586.4933 -5615.7487 3051.6793 0.37018289 3.4839898 6.74401
60652 76567.35 -1834.9203 -2490.0329 6164.7124 2.0406208 6.5473787 3.2542022000000004
60652 77167.35 -312.40158 1682.211 6681.4642 2.8487922 6.8516534 -1.5939613
60652 77767.35 1340.9626 5147.5075 4386.0503 2.4603957000000003 4.2745333 -5.7798628
60652 78367.35 2428.0866 6440.264 236.64105 1.0295897999999999 -0.12448445 -7.5397525
60652 78967.35 2486.391 5004.6225 -4011.9462000000003 -0.84296156 -4.4852428 -6.0966428
60652 79567.35 1489.5571000000002 1444.9159 -6554.0877 -2.3565506000000003 -6.9405777 -2.0627648
60652 80167.35 -138.48826000000003 -2726.3062999999997 -6309.1754 -2.8708302 -6.4518321 2.8509569000000003
60652 80767.35 -1707.6865 -5745.9434 -3394.2695 -2.1648845000000003 -3.2243059 6.5399668
60652 81367.35 -2550.8652 -6323.6001 965.10314 -0.5477272000000001 1.3602541000000001 7.4681164
60652 81967.35 -2313.9148999999998 -4222.5602 4917.4209 1.3031213000000001 5.3744619 5.2282842
60652 82567.35 -1095.4374 -333.48362000000003 6769.8599 2.6044885 7.122412000000001 0.7778243
60652 83167.35 587.36597 3703.1996000000004 5761.7119 2.7982949 5.8378572 -4.0137661
60652 83767.35 2021.3556 6169.3398 2301.5107000000003 1.8055926 2.0805610999999997 -7.092144
60652 84367.35 2599.8006 6023.6893 -2136.9624 0.053011834 -2.5442392000000003 -7.1561706
60652 84967.35 2082.6363 3338.8250000000003 -5674.3521 -1.711875 -6.073788700000001 -4.2052507
60652 85567.35 692.41414 -746.29165 -6828.1688 -2.7530434 -7.0467285 0.49861091
60652 86167.35 -987.28508 -4518.183599999999 -5116.2824 -2.6415006 -5.0654593000000006 5.0031862
60653 367.35 -2250.6868 -6386.950900000001 -1246.5309 -1.4130418 -0.92915035 7.4214892
60653 967.35 -2559.4231 -5547.522 3150.747 0.42324857 3.6266482 6.691279499999999
60653 1567.35 -1779.0698 -2347.5551 6203.2735 2.0812057 6.644029300000001 3.1064659000000003
60653 2167.35 -242.38646 1851.9102 6615.341200000001 2.8504897000000002 6.8305484 -1.7915753
60653 2767.35 1396.7336 5264.5078 4212.9407 2.4119688999999997 4.126276 -5.9191893
60653 3367.35 2445.1201 6450.1135 22.743452 0.9545259700000001 -0.3179661 -7.531486
60653 3967.35 2461.8938 4914.0655 -4178.0563 -0.89925584 -4.6115232 -5.9583881000000005
60653 4567.35 1444.2443 1312.5887 -6620.5029 -2.3681461 -6.9534405 -1.8869881000000002
60653 5167.35 -178.47 -2838.7161 -6281.647400000001 -2.8436881 -6.3787259 2.9778649
60653 5767.35 -1725.5189 -5795.5398 -3296.3822999999998 -2.1222599 -3.1097011 6.6112642
60653 6367.35 -2541.3526 -6298.0841 1085.3045 -0.49521499 1.501104 7.4549847
60653 6967.35 -2276.1547 -4121.6898 5003.693700000001 1.3464517 5.4844717 5.120373300000001
60653 7567.35 -1042.7934 -192.52963 6786.9893 2.6130025 7.1316683 0.61018424
60653 8167.35 633.0969100000001 3819.3935 5685.0931 2.768614 5.750665 -4.1502773
60653 8767.35 2041.1297 6213.626 2166.4536000000003 1.7519943 1.9367324000000001 -7.144071299999999
60653 9367.35 2585.6888 5978.9825 -2272.2124 -0.002409548 -2.6868670000000003 -7.105056800000001
60653 9967.35 2040.1782 3223.0459 -5752.079900000001 -1.7474832 -6.1590207 -4.0708314
60653 10567.35 638.4705600000001 -885.9422800000001 -6812.619900000001 -2.7541477 -7.037456000000001 0.66430988
60653 11167.35 -1030.5868 -4622.5818 -5009.2702 -2.6058467000000003 -4.9608047 5.1305606
60653 11767.35 -2264.5455 -6409.393400000001 -1089.8379 -1.3544197 -0.77205079 7.4517918000000005
60653 12367.35 -2537.6243 -5477.6088 3291.0139 0.47872279 3.7650839 6.6083397999999995
60653 12967.35 -1731.5711000000001 -2216.5836 6268.608200000001 2.1080608 6.7016808 2.9501697
60653 13567.35 -191.5503 1982.6787 6578.5334 2.8402510000000003 6.789062700000001 -1.960155
60653 14167.35 1430.8528000000001 5343.4224 4088.638 2.3679974 3.9990636 -6.0334893
60653 14767.35 2445.9392000000003 6436.427 -141.02308 0.8908826000000001 -0.48944117000000004 -7.5424525000000004
60653 15367.35 2424.3278 4801.104 -4311.477400000001 -0.9580176800000001 -4.7562367000000005 -5.849241200000001
60653 15967.35 1379.8011000000001 1139.0363 -6660.5656 -2.3941814 -6.999633 -1.6973657000000002
60653 16567.35 -244.24318 -3001.7859 -6205.808400000001 -2.8214865000000002 -6.2987481 3.1576648
60653 17167.35 -1765.3283999999999 -5881.122200000001 -3138.4918 -2.0624761 -2.9448130999999997 6.694096
60653 17767.35 -2541.1832000000004 -6278.9533 1254.3455000000001 -0.42807238000000003 1.6694599 7.4103883999999995
60653 18367.35 -2241.2889 -4018.9227 5114.7098 1.3911008999999999 5.586436399999999 4.9804231
60653 18967.35 -991.73077 -55.839701000000005 6802.441400000001 2.6201227 7.1355792000000005 0.43692971
60653 19567.35 677.4874000000001 3931.0614 5604.015200000001 2.7377313 5.6564642 -4.296651600000001
60653 20167.35 2058.8624 6252.170700000001 2029.5413 1.6957075 1.7834418 -7.199306
60653 20767.35 2567.4132999999997 5921.601000000001 -2410.7852000000003 -0.062935854 -2.8442926 -7.0541217
60653 21367.35 1985.4557 3077.2200000000003 -5820.7851 -1.7916304 -6.267093 -3.9353859000000004
60653 21967.35 566.8659399999999 -1066.0201000000002 -6777.1723 -2.7609926999999996 -7.0324845 0.8588618
60653 22567.35 -1091.1536 -4760.0434000000005 -4866.2981 -2.5629804 -4.8297267 5.2749481
60653 23167.35 -2289.5071000000003 -6448.5465 -899.43832 -1.2847904 -0.59176433 7.4610937
60653 23767.35 -2523.2902999999997 -5420.2413 3447.2655 0.5336089399999999 3.8928401 6.496090100000001
60653 24367.35 -1695.3221 -2110.812 6340.313099999999 2.1248892 6.7339003 2.7936411
60653 24967.35 -154.59061 2085.9384 6559.813 2.8230024 6.7424075000000006 -2.0916585
60653 25567.35 1450.9369 5401.861900000001 4005.0652000000005 2.3296178 3.8963743 -6.1143425
60653 26167.35 2439.7117000000003 6423.5797999999995 -251.61420999999999 0.84337484 -0.62022645 -7.5506333
60653 26767.35 2389.8614 4710.6022 -4401.1642 -1.0026569 -4.8763396000000006 -5.767644000000001
60653 27367.35 1324.8695 995.03877 -6680.514400000001 -2.4154922 -7.0453618 -1.537884
60653 27967.35 -300.48705 -3140.7223 -6124.9759 -2.8032225 -6.2345297 3.3194737
60653 28567.35 -1799.2042 -5952.992700000001 -2981.6387000000004 -2.0090774 -2.7952567 6.7732378
60653 29167.35 -2539.1705 -6254.8116 1422.3243 -0.36685134 1.8259921 7.3652606
60653 29767.35 -2208.0757000000003 -3917.9466 5225.2034 1.4286885 5.6742544 4.8446784
60653 30367.35 -947.11648 69.007615 6821.750900000001 2.6203445000000003 7.1280408 0.28115475
60653 30967.35 712.48251 4025.8357 5536.2625 2.7087926 5.5766318 -4.4113042
60653 31567.35 2073.7515 6292.8076 1915.5241 1.6480863 1.6583951 -7.2299968
60653 32167.35 2553.531 5886.6878 -2516.7811 -0.10641025999999999 -2.9601055 -7.002265500000001
60653 32767.35 1954.8333 2993.947 -5884.1125 -1.8156595 -6.3271391 -3.8080383
60653 33367.35 530.5211700000001 -1163.4114 -6759.8597 -2.7573919 -7.0206268000000005 0.99735618
60653 33967.35 -1117.721 -4828.2065999999995 -4770.5815999999995 -2.5339343 -4.7434647000000005 5.3905859000000005
60653 34567.35 -2291.5607000000005 -6444.8289 -753.8697 -1.2338738 -0.44488234 7.5027028
60653 35167.35 -2492.3051 -5324.3639 3584.5321000000004 0.5889848500000001 4.0399886 6.421469600000001
60653 35767.35 -1636.8088 -1946.4277 6402.1395 2.1550535 6.7985067 2.6245859
60653 36367.35 -91.33584900000001 2252.1322999999998 6513.8275 2.8074395 6.683689 -2.2640852000000002
60653 36967.35 1492.44 5503.107400000001 3878.3632000000002 2.2781013 3.7545430000000004 -6.199460500000001
60653 37567.35 2446.9566 6433.8938 -396.44188 0.7852118400000001 -0.7688394500000001 -7.5219287
60653 38167.35 2367.1989 4645.5356 -4502.2355 -1.040829 -4.9716685 -5.6587435
60653 38767.35 1287.4619 894.5678 -6701.224 -2.425698 -7.0711392 -1.4009923
60653 39367.35 -335.89771 -3233.974 -6062.3802000000005 -2.7863377999999996 -6.183692 3.4530904000000002
60653 39967.35 -1817.5497 -5996.9913 -2855.7079 -1.9630768 -2.6623249 6.852816300000001
60653 40567.35 -2525.5486 -6208.5329 1566.7721000000001 -0.30919581 1.9853259 7.3442753000000005
60653 41167.35 -2162.5265 -3786.5305000000003 5324.6894 1.4750166999999998 5.789087 4.7131159
60653 41767.35 -879.43259 247.44398999999999 6813.409900000001 2.6354697000000002 7.1429743 0.078894942
60653 42367.35 775.9599300000001 4177.5661 5412.2526 2.6726557 5.4530573 -4.5873806
60653 42967.35 2099.5307000000003 6329.246 1711.2102 1.5772197000000001 1.4521425 -7.3045985
60653 43567.35 2532.449 5795.0428 -2720.0472000000004 -0.18759616 -3.1673673 -6.9190283
60653 44167.35 1888.7540000000001 2797.2381 -5991.6547 -1.871766 -6.4433221000000005 -3.5982317
60653 44767.35 443.72434000000004 -1390.2118 -6721.578 -2.7605799 -6.978211900000001 1.2643448000000002
60653 45367.35 -1187.7225 -4982.8269 -4591.6543 -2.4765041 -4.5515191999999995 5.5795573
60653 45967.35 -2314.6764 -6459.9193 -508.48196 -1.1406419 -0.18778001 7.529015
60653 46567.35 -2458.3352000000004 -5192.5225 3792.1273 0.67890167 4.2544144 6.274220000000001
60653 47167.35 -1559.8712 -1722.4077 6485.067400000001 2.2046552999999998 6.8791929000000005 2.3587049
60653 47767.35 -2.8639132 2473.9401000000003 6430.6371 2.7948824 6.595578300000001 -2.5327595
60653 48367.35 1555.0826000000002 5627.8055 3661.0349 2.2073188 3.5297407 -6.3613465
60653 48967.35 2455.4094 6403.5256 -656.20996 0.68799627 -1.0295476000000001 -7.5063295
60653 49567.35 2316.2689 4468.0653 -4695.7408 -1.1265189 -5.16638 -5.472462
60653 50167.35 1193.7306 634.71933 -6738.6332 -2.4662746 -7.1196165 -1.1091456000000002
60653 50767.35 -432.14261 -3465.0157000000004 -5928.8824 -2.7539101 -6.0371254 3.7248177
60653 51367.35 -1874.5243 -6094.2727 -2596.7273 -1.8766078 -2.4023888 6.9745813
60653 51967.35 -2522.2832000000003 -6140.1538 1839.2107 -0.20303919 2.2544342000000004 7.263992900000001
60653 52567.35 -2096.9278 -3576.1159 5484.5706 1.5547223 5.9574498 4.4844535
60653 53167.35 -785.70876 502.2362 6816.3785 2.6514523 7.1280697 -0.20549839
60653 53767.35 857.46174 4367.772900000001 5259.063 2.6244579 5.2841252 -4.7925239
60653 54367.35 2138.9319 6390.8339000000005 1476.9971 1.4902173 1.2118372 -7.349759000000001
60653 54967.35 2518.4943 5719.173 -2929.7043 -0.27077197999999997 -3.3670245 -6.799447600000001
60653 55567.35 1837.9374 2639.7611 -6100.9355000000005 -1.9138762 -6.5201009 -3.3842328000000004
60653 56167.35 385.14574 -1548.861 -6701.718900000001 -2.7517544 -6.9308572999999996 1.4570079
60653 56767.35 -1229.1297 -5083.650900000001 -4473.237700000001 -2.4312399 -4.416307300000001 5.702522200000001
60653 57367.35 -2322.1382000000003 -6464.569 -347.9237 -1.0764889 -0.011851669 7.544280700000001
60653 57967.35 -2427.2825000000003 -5095.2034 3926.0388 0.73884339 4.4067695 6.1727088000000006
60653 58567.35 -1500.5923 -1560.3321 6525.219700000001 2.2356825 6.9441562 2.1811979999999997
60653 59167.35 61.973622000000006 2637.4138 6356.287200000001 2.7818523 6.5351681 -2.7237203
60653 59767.35 1598.6712 5721.1167000000005 3492.7623 2.1521106 3.3660065 -6.4690471
60653 60367.35 2459.9863 6387.947400000001 -850.6390200000001 0.61330935 -1.2246284 -7.473845900000001
60653 60967.35 2283.1484 4358.8584 -4834.789 -1.1800002 -5.2882298 -5.319070399999999
60653 61567.35 1145.7002 495.33867 -6780.2665 -2.4723549 -7.1181889 -0.92879585
60653 62167.35 -472.97093 -3575.8805 -5868.8467 -2.7257395 -5.9546659 3.8583852000000003
60653 62767.35 -1891.8472 -6137.9123 -2474.7775 -1.8268943 -2.2639819 7.0357178000000005
60653 63367.35 -2507.2906000000003 -6094.8742 1969.2707 -0.14794971 2.4042546000000002 7.2284283
60653 63967.35 -2056.8697 -3460.7891 5574.192400000001 1.592963 6.0494356 4.3434982
60653 64567.35 -733.0779699999999 642.1125000000001 6803.9647 2.6569129 7.1262203 -0.38609055999999997
60653 65167.35 902.31907 4476.759400000001 5145.7755 2.5904457 5.172011 -4.948408499999999
60653 65767.35 2153.6556 6408.433 1297.8401000000001 1.4266142 1.0272951000000001 -7.407565
60653 66367.35 2491.5933 5621.621 -3103.4701 -0.34171342 -3.5523981 -6.718450799999999
60653 66967.35 1770.3282 2444.1846 -6183.8308 -1.9620969000000001 -6.6237186 -3.1888216000000003
60653 67567.35 303.39597 -1762.3862 -6651.2988 -2.7475196 -6.8828392 1.6849473000000001
60653 68167.35 -1291.5387 -5226.6235 -4307.7955999999995 -2.3739763 -4.2412211 5.839274400000001
60653 68767.35 -2342.0747 -6488.0 -144.02951000000002 -0.9987922300000001 0.19210109 7.528563600000001
60653 69367.35 -2404.7267 -5012.7523 4080.666 0.79701506 4.5432607 6.0354837
60653 69967.35 -1454.2628 -1425.4121 6582.012 2.2547745 6.9755272 1.9960626
60653 70567.35 108.46181 2761.8318 6304.1327 2.7633676 6.469302300000001 -2.8908177
60653 71167.35 1625.2848000000001 5781.8701 3355.4509 2.103824 3.2200698 -6.5733607
60653 71767.35 2451.3803 6346.2136 -1018.8526 0.5474075500000001 -1.4102595 -7.467355700000001
60653 72367.35 2235.7849 4213.137900000001 -4960.4942 -1.2394156 -5.4357083 -5.181284300000001
60653 72967.35 1068.1598000000001 284.8503 -6787.2171 -2.4997815 -7.1555898 -0.69698028
60653 73567.35 -550.29773 -3761.6113 -5736.0431 -2.696339 -5.8359362 4.0709166
60653 74167.35 -1935.8410000000001 -6216.6129 -2251.9425 -1.7519433 -2.0457075000000002 7.1138631
60653 74767.35 -2502.3691000000003 -6041.186 2188.202 -0.067367893 2.6072620000000004 7.1387117
60653 75367.35 -2011.7726000000002 -3312.9563 5702.9962000000005 1.6399124 6.1461272000000005 4.1478368
60653 75967.35 -675.02364 808.91039 6813.0087 2.6525535000000002 7.0901807 -0.58248968
60653 76567.35 945.18683 4590.2887 5052.4005 2.5502199 5.051259 -5.0736061
60653 77167.35 2166.1077 6433.032099999999 1153.2488999999998 1.3684090000000002 0.86372163 -7.438244399999999
60653 77767.35 2468.4197999999997 5548.581400000001 -3233.6808 -0.39844804 -3.704104 -6.6423737
60653 78367.35 1722.7721999999999 2308.1417 -6244.8608 -1.9939965 -6.6955508 -3.0246412
60653 78967.35 246.78698000000003 -1906.6953 -6591.0031 -2.7481237000000003 -6.8584765 1.8812387000000002
60653 79567.35 -1335.3333 -5319.3173 -4140.026 -2.3316364 -4.0966831 5.9919099
60653 80167.35 -2349.4003 -6468.222400000001 79.112754 -0.92386236 0.40722515 7.548742900000001
60653 80767.35 -2365.8746 -4870.002 4266.034900000001 0.86850251 4.7180097 5.8944347
60653 81367.35 -1383.8712 -1215.2668 6650.7169 2.2828141 7.0143264 1.7676679
60653 81967.35 178.52703 2949.8913 6240.5165 2.7352998 6.3636684 -3.0840844
60653 82567.35 1665.8812 5879.0483 3210.4064 2.04086 3.040715 -6.6493911
60653 83167.35 2451.8642000000004 6334.1067 -1172.0438000000001 0.48175266 -1.5831043 -7.421999
60653 83767.35 2201.1964 4111.4528 -5056.664900000001 -1.2872823000000002 -5.554082999999999 -5.0463277
60653 84367.35 1017.5385 146.39676 -6791.5086 -2.5127696999999998 -7.1750683 -0.52165477
60653 84967.35 -597.9227099999999 -3881.5462 -5638.2913 -2.6718992 -5.7501846 4.2276106
60653 85567.35 -1958.7237 -6258.7347 -2083.2348 -1.6963926 -1.8809417000000002 7.1827539
60653 86167.35 -2488.0368 -5978.4913 2359.856 -0.0040587469 2.7769176000000004 7.0784492000000006
60654 367.35 -1965.7131000000002 -3170.433 5804.7185 1.6794293 6.2359844 3.9850494
60654 967.35 -617.50859 970.5696 6806.396900000001 2.650078 7.0631956 -0.76575555
60654 1567.35 989.17819 4704.9231 4950.4744 2.5100113000000004 4.9290007 -5.1971775
60654 2167.35 2179.6621 6461.0221 1009.5357 1.3107847 0.70442543 -7.4565812
60654 2767.35 2448.1967000000004 5485.2323 -3357.1792 -0.44975509 -3.8397368000000003 -6.5599402
60654 3367.35 1678.1819 2182.7312 -6295.5595 -2.022156 -6.7615921 -2.8707929
60654 3967.35 196.32216 -2044.9741999999999 -6554.6269 -2.736326 -6.8132132 2.0415255
60654 4567.35 -1368.3506000000002 -5404.265200000001 -4026.5517000000004 -2.2884287 -3.9712813000000002 6.0850325000000005
60654 5167.35 -2352.0787 -6467.849700000001 219.08437 -0.86976122 0.55593497 7.541701600000001
60654 5767.35 -2338.4265 -4788.398700000001 4372.4735 0.91133752 4.8311218 5.795048700000001
60654 6367.35 -1338.1243000000002 -1087.4635 6678.768599999999 2.298915 7.049663300000001 1.6144823
60654 6967.35 223.96594000000002 3070.4914 6174.7713 2.7178847 6.3040715 -3.2328321
60654 7567.35 1691.6585 5938.9409000000005 3072.8206 1.9947137000000001 2.9045628000000003 -6.7303462000000005
60654 8167.35 2445.5994 6302.9128 -1326.1490000000001 0.42531889 -1.7385310999999999 -7.393760100000001
60654 8767.35 2164.5267999999996 3999.5225 -5162.071400000001 -1.3280472 -5.6568188 -4.9184991
60654 9367.35 966.24148 1.2974432999999999 -6804.6801 -2.518732 -7.1783614 -0.35399283000000004
60654 9967.35 -640.05114 -3996.4626000000003 -5563.6708 -2.6396621000000002 -5.6504137000000005 4.3629181
60654 10567.35 -1974.7658000000001 -6299.3911 -1957.7116 -1.6444143 -1.7351394 7.2258159
60654 11167.35 -2471.9657 -5930.282099999999 2482.1712 0.047930968000000004 2.9191876000000003 7.0259802
60654 11767.35 -1918.3748 -3040.8992000000003 5862.943200000001 1.7187727 6.3376648 3.8523742000000003
60654 12367.35 -553.2326899999999 1134.8079 6756.7102 2.6620256 7.0685074000000006 -0.96922074
60654 12967.35 1046.5884 4831.089599999999 4781.1404 2.4737359999999997 4.796461000000001 -5.3743748
60654 13567.35 2201.9895 6476.5652 770.98652 1.2352561000000002 0.48572804 -7.4971572
60654 14167.35 2423.1526000000003 5373.8077 -3568.1963 -0.5239613399999999 -4.0222284 -6.4313847
60654 14767.35 1619.5413999999998 1997.5108 -6396.5887 -2.053352 -6.8120135 -2.6536608999999998
60654 15367.35 134.9243 -2219.01 -6528.8713 -2.7141872 -6.7290353 2.2274485
60654 15967.35 -1406.1658 -5503.2812 -3912.5362999999998 -2.2343981 -3.8158898 6.1760135
60654 16567.35 -2354.1302 -6467.1277 356.50087 -0.80866435 0.7222797000000001 7.5278699
60654 17167.35 -2306.1873 -4695.7258 4473.1949 0.9628943600000001 4.9653612 5.6863638000000005
60654 17767.35 -1281.6183999999998 -935.6549100000001 6690.844700000001 2.3261454 7.1052051 1.4320987
60654 18367.35 285.33961 3220.3137 6068.7738 2.7042114 6.2342183 -3.4348972
60654 18967.35 1730.2229 6013.9303 2881.6268 1.9349207 2.7205077 -6.8341199
60654 19567.35 2442.8994 6259.317400000001 -1536.4087 0.34989282 -1.9399574 -7.3439249
60654 20167.35 2117.01 3844.0956 -5298.475 -1.3852192 -5.7883875 -4.745553200000001
60654 20767.35 896.17867 -198.06882000000002 -6819.4203 -2.5307723 -7.1724822999999995 -0.12021717
60654 21367.35 -702.97464 -4151.1829 -5440.325400000001 -2.6044367000000004 -5.5226261 4.546171
60654 21967.35 -2004.1058 -6346.8962 -1755.0721 -1.5733071 -1.5249536000000001 7.2918028999999995
60654 22567.35 -2455.0733 -5849.3829000000005 2678.6265 0.12522775 3.1208618 6.9394157
60654 23167.35 -1865.5433 -2872.4224 5974.896900000001 1.7652729 6.4326565 3.6474317000000003
60654 23767.35 -488.73922 1317.6100000000001 6744.7992 2.6551563000000002 7.0210367 -1.173329
60654 24367.35 1093.7589 4952.8228 4667.4454000000005 2.4263863999999997 4.6515158 -5.4975446
60654 24967.35 2214.2305 6497.5149 617.2156200000001 1.1723928000000001 0.31075497 -7.507409300000001
60654 25567.35 2398.7384 5295.5646 -3695.0379 -0.5794376 -4.168018 -6.3357568
60654 26167.35 1569.0221000000001 1854.3767 -6441.2102 -2.0838997 -6.8793951 -2.4819094
60654 26767.35 76.798844 -2370.0409 -6460.9139000000005 -2.7072539000000004 -6.6841284 2.4186768
60654 27367.35 -1448.0687 -5593.5893 -3743.4373 -2.1863737000000003 -3.6600131 6.303669299999999
60654 27967.35 -2359.0046 -6446.9242 562.0755300000001 -0.7378405400000001 0.9212248 7.517296099999999
60654 28567.35 -2268.6125 -4563.7089000000005 4628.089400000001 1.0223482000000002 5.111631099999999 5.5424851
60654 29167.35 -1215.186 -741.70243 6727.4401 2.3505707000000005 7.1383066 1.2096323
60654 29767.35 352.97254 3396.3216 5973.7575 2.6774759 6.1270334 -3.6321569
60654 30367.35 1769.7093 6090.6058 2683.6031000000003 1.8707631 2.5219952 -6.930823999999999
60654 30967.35 2437.1548 6205.8832999999995 -1746.3846 0.27182215000000004 -2.1518171 -7.2881717
60654 31567.35 2073.8778 3696.0908 -5436.8127 -1.4369656 -5.9032252 -4.5602966
60654 32167.35 836.80072 -371.45221000000004 -6831.3778 -2.5351323000000003 -7.157938199999999 0.080987814
60654 32767.35 -752.0171700000001 -4282.5379 -5345.8533 -2.5668198 -5.4002329 4.6911841999999995
60654 33367.35 -2023.7003000000002 -6387.411400000001 -1599.279 -1.5128847 -1.3499689000000001 7.3330396
60654 33967.35 -2437.418 -5785.5297 2823.8946 0.18509551 3.2832511 6.865228500000001
60654 34567.35 -1817.8889 -2730.6895 6047.6046 1.8033315 6.5220834000000005 3.481802
60654 35167.35 -429.2387 1479.3611 6705.1962 2.6557543 6.996855 -1.3701211000000002
60654 35767.35 1140.9396000000002 5064.4012999999995 4520.973400000001 2.3854398000000003 4.5126343 -5.6432426
60654 36367.35 2228.0488 6505.5491 418.40856 1.1044175 0.11333543 -7.526566600000001
60654 36967.35 2370.8399 5189.4891 -3861.714 -0.6422674899999999 -4.329993000000001 -6.218250100000001
60654 37567.35 1510.4584 1676.3473000000001 -6506.2829 -2.1148281000000004 -6.936998200000001 -2.2780458
60654 38167.35 13.696037 -2542.5987999999998 -6400.8692 -2.6910969000000002 -6.6097551999999995 2.6159413
60654 38767.35 -1488.4845 -5688.7163 -3589.7015 -2.132247 -3.491505 6.4108916
60654 39367.35 -2361.613 -6431.5563 740.6030000000001 -0.67037612 1.1099116 7.4942419000000005
60654 39967.35 -2232.8086000000003 -4445.8828 4755.4411 1.0740422 5.2436402 5.4105036
60654 40567.35 -1157.7016 -575.02713 6751.5461 2.3682565 7.165011300000001 1.016866
60654 41167.35 407.57373 3540.4465 5884.0999 2.6525609 6.0311984 -3.8106348
60654 41767.35 1800.3963999999999 6157.0518 2518.1397 1.8072259 2.3295866999999997 -7.0093208
60654 42367.35 2426.0243 6151.8081 -1919.1964 0.20046477999999998 -2.349531 -7.236592400000001
60654 42967.35 2023.5271000000002 3539.2747999999997 -5541.3967 -1.4925665 -6.0369478 -4.389443
60654 43567.35 763.8352 -572.92975 -6810.6045 -2.5512272 -7.1635776 0.31621349
60654 44167.35 -818.58434 -4441.7795 -5190.9763 -2.5299683 -5.2581252 4.887011900000001
60654 44767.35 -2054.2811 -6429.4088 -1366.9161000000001 -1.4367942 -1.1218532 7.3889268
60654 45367.35 -2419.5451000000003 -5692.3997 3038.9995 0.26416520000000004 3.4868934 6.7516119
60654 45967.35 -1759.7395000000001 -2542.8857000000003 6156.1754 1.8485205000000002 6.610887 3.260859
60654 46567.35 -359.09827 1676.7057 6673.7488 2.6487644 6.9383633 -1.5976247000000001
60654 47167.35 1192.534 5190.139700000001 4374.839400000001 2.3334775 4.3423044 -5.7853624
60654 47767.35 2240.9631 6513.0239 223.7789 1.0304136000000002 -0.099017207 -7.534882
60654 48367.35 2340.87 5080.034900000001 -4020.0182999999997 -0.7098592499999999 -4.5022081 -6.088589700000001
60654 48967.35 1450.826 1498.4062 -6559.9229000000005 -2.1472716000000003 -6.996372 -2.0666695
60654 49567.35 -51.764725 -2716.0581 -6322.8821 -2.677161 -6.535054000000001 2.827937
60654 50167.35 -1532.4568000000002 -5781.7334 -3404.0259 -2.0751454 -3.3052420000000002 6.5368222
60654 50767.35 -2362.9602000000004 -6395.653200000001 959.93366 -0.5909208300000001 1.3344209 7.4707578
60654 51367.35 -2189.9700000000003 -4293.849 4914.5658 1.1417481 5.403926800000001 5.2331609
60654 51967.35 -1086.5502 -368.59994 6774.0706 2.3935758000000003 7.1914296 0.77060248
60654 52567.35 474.58501 3711.4275000000002 5771.219 2.6234493000000003 5.9109679999999996 -4.0168502
60654 53167.35 1836.0203000000001 6224.033 2319.1371 1.7405862 2.1253428 -7.0912021
60654 53767.35 2417.2407000000003 6091.7177 -2121.3542 0.12612953000000002 -2.5494380000000003 -7.1667807
60654 54367.35 1975.901 3382.311 -5662.5356 -1.5417004 -6.1467437 -4.204532
60654 54967.35 699.90946 -756.43416 -6806.5429 -2.5548981 -7.1415431 0.53024403
60654 55567.35 -871.2230000000001 -4575.6963 -5070.95 -2.4898911 -5.1215994 5.0424573
60654 56167.35 -2073.8781000000004 -6460.024200000001 -1185.6243000000002 -1.3706159 -0.92728201 7.4274505
60654 56767.35 -2397.9030000000002 -5607.7307 3202.4455000000003 0.32980509999999996 3.6619562 6.6587731
60654 57367.35 -1707.4635 -2382.4099 6233.3955000000005 1.8859238 6.690954700000001 3.0728653
60654 57967.35 -296.84432000000004 1848.1196000000002 6629.1321 2.6433877000000003 6.8931289 -1.8014482
60654 58567.35 1238.5828999999999 5299.4181 4224.5794000000005 2.2866527999999997 4.1877642999999996 -5.9203552
60654 59167.35 2251.0629 6513.741599999999 32.240439 0.9618887 -0.29526388 -7.538331400000001
60654 59767.35 2308.2915000000003 4965.6938 -4169.9866 -0.76831353 -4.6549526 -5.972382
60654 60367.35 1390.5453 1317.8016 -6611.9636 -2.1736348 -7.0436854 -1.8667098000000002
60654 60967.35 -113.83573 -2885.0872999999997 -6254.214900000001 -2.65659 -6.4514452 3.0136801
60654 61567.35 -1570.053 -5871.5565 -3253.3132 -2.0191559 -3.137323 6.6219244
60654 62167.35 -2363.4472 -6379.5076 1124.3586 -0.52812181 1.5063983 7.4312923
60654 62767.35 -2157.5447999999997 -4189.7265 5026.409 1.1856642 5.5142132 5.0959696
60654 63367.35 -1042.0099 -233.70664000000002 6802.9945 2.3959289 7.1877097 0.60876998
60654 63967.35 512.69101 3820.6145 5704.085599999999 2.5960113000000002 5.829511800000001 -4.1385496
60654 64567.35 1852.1798999999999 6266.103700000001 2191.8211 1.6944942 1.9913919000000002 -7.140221899999999
60654 65167.35 2404.2849 6050.0568 -2249.3435 0.077626663 -2.6867143 -7.117761000000001
60654 65767.35 1938.6905 3272.8949 -5736.2772 -1.5721449 -6.2284861000000005 -4.0756065
60654 66367.35 653.2095 -888.69645 -6791.2002999999995 -2.5549094 -7.1327388 0.68824189
60654 66967.35 -908.42651 -4675.2069 -4968.442900000001 -2.4576973 -5.0205129 5.1639231
60654 67567.35 -2084.9332 -6481.4915 -1037.8831 -1.3189673 -0.77677458 7.454484900000001
60654 68167.35 -2378.1334 -5541.3003 3334.8927000000003 0.37904466000000003 3.7969397 6.5770472
60654 68767.35 -1664.8407 -2255.7511 6292.7775 1.9100768000000001 6.7502129 2.9218394
60654 69367.35 -249.83694 1981.0402 6592.185 2.6334679999999997 6.8540802 -1.9602899
60654 69967.35 1270.1644 5382.263 4106.4402 2.2468415 4.065272 -6.0224542
60654 70567.35 2252.7527999999998 6507.5535 -117.94005 0.90753583 -0.45461882000000003 -7.5419531
60654 71167.35 2281.1017 4875.817 -4293.2084 -0.81709636 -4.784635000000001 -5.8586864
60654 71767.35 1343.6487 1179.5668 -6646.116400000001 -2.1921621 -7.082269800000001 -1.69781
60654 72367.35 -161.3383 -3015.3719 -6185.1538 -2.6400075000000003 -6.3868698 3.1773917000000003
60654 72967.35 -1597.9921000000002 -5936.0429 -3104.1529 -1.9718413000000001 -2.9880688 6.713858500000001
60654 73567.35 -2357.8946 -6343.2145 1294.0015 -0.46766882 1.6810225 7.4041134
60654 74167.35 -2115.3361 -4053.8235 5139.6586 1.2343269000000001 5.6418154000000005 4.960445300000001
60654 74767.35 -976.57735 -49.546047 6795.4196 2.4161643 7.2195323 0.4073882
60654 75367.35 576.15401 3981.0 5575.6011 2.5689224 5.7208085 -4.3227486
60654 75967.35 1884.8503 6323.317400000001 1983.1317 1.6328384 1.8005783 -7.207680900000001
60654 76567.35 2396.2906000000003 5990.220700000001 -2452.0613 0.010809162 -2.8655655 -7.0311085
60654 77167.35 1898.8979 3134.3755 -5854.1703 -1.6063844 -6.3018541 -3.8964476
60654 77767.35 606.15134 -1034.8429 -6798.96 -2.5456876000000004 -7.089227 0.8616648
60654 78367.35 -939.8595600000001 -4769.8088 -4890.5568 -2.4194303 -4.9037816 5.2716449
60654 78967.35 -2089.2325 -6494.300700000001 -918.61237 -1.2692373000000001 -0.6276568499999999 7.4812256
60654 79567.35 -2351.7522999999997 -5462.959 3441.9973 0.42768628999999997 3.9409194000000003 6.5131744
60654 80167.35 -1612.8512 -2105.4822999999997 6332.6395999999995 1.9436104 6.8350933000000005 2.7652851000000003
60654 80767.35 -187.87619 2149.1571000000004 6525.8961 2.6294374 6.8167822 -2.1502714999999997
60654 81367.35 1316.5535 5490.9055 3942.3160000000003 2.2006051 3.9127999 -6.141803
60654 81967.35 2264.267 6510.0583 -314.41116 0.84282637 -0.63828654 -7.5225033
60654 82567.35 2257.3675 4784.048900000001 -4439.4209 -0.86358866 -4.901099599999999 -5.7245838000000004
