CIC_AEM_VERS = 1.0
CREATION_DATE = 2025-01-22T08:31:27.151Z
ORIGINATOR = CS Group

META_START
OBJECT_NAME = BLUE1
OBJECT_ID = BLUE1
CENTER_NAME = null
REF_FRAME_A = EME2000
REF_FRAME_B = SC_BODY_1
ATTITUDE_DIR = A2B
TIME_SYSTEM = UTC
START_TIME = 2025-01-21T20:02:59.697024
STOP_TIME = 2025-01-23T00:00:00.0
ATTITUDE_TYPE = QUATERNION
QUATERNION_TYPE = LAST
META_STOP

60696 72179.697024 -0.7339523573138015 0.17098956605191679 0.14778520284675284 -0.6404967129614602
60696 72629.697024 -0.6717693531929247 0.3415679485416939 -0.00969583048303903 -0.6572391220180236
60696 73079.697024 -0.570717220631036 0.49220651667121673 -0.16650024398670732 -0.6358398129827507
60696 73529.697024 -0.4363440285589209 0.614505958343867 -0.3139148013052405 -0.5774459398267068
60696 73979.697024 -0.2759019180309547 0.7013426316961329 -0.44355783483789857 -0.48502895969859183
60696 74429.697024 0.09826899566244784 -0.747198820129951 0.5476763860798297 0.36343872085736884
60696 74879.697024 -0.08621926133090002 -0.7486613586003094 0.6196031912784158 0.2194636518239317
60696 75329.697024 -0.26627872851947443 -0.7049993679823469 0.6544238251114354 0.061652145210535386
60696 75779.697024 -0.4305113000464512 -0.6185690495636689 0.6496130090447011 -0.10017629427216225
60696 76229.697024 -0.5684958618298948 -0.4947933715952823 0.6054494539475015 -0.25577907111867115
60696 76679.697024 -0.6717800996380101 -0.3416515205386376 0.5249715806859762 -0.39546248332307044
60696 77129.697024 -0.7344819192627166 -0.16887138273653435 0.4135679725612083 -0.5108623086903346
60696 77579.697024 -0.7535054265383103 0.01299156803184874 0.27832991613141805 -0.5954773288074624
60696 78029.697024 -0.7283971448364027 0.1932929754291762 0.12741669719808738 -0.6448568913480288
60696 78479.697024 -0.6610626439316989 0.3618623327723903 -0.030484153540376122 -0.6565992303540131
60696 78929.697024 -0.555455995718203 0.5093713201699317 -0.1865565394906605 -0.6302429314020984
60696 79379.697024 -0.4173474529420022 0.627563466060561 -0.3321147972092845 -0.5671727788456654
60696 79829.697024 -0.25420040425898094 0.7094941822371522 -0.45883516687229053 -0.4706064698742279
60696 80279.697024 0.0750932646637055 -0.749880686656375 0.5590771403410955 0.3456482439271652
60696 80729.697024 -0.10947583362407712 -0.7456187069342162 0.6263645879985282 0.19933687221258137
60696 81179.697024 -0.28815468291501045 -0.6963541548149077 0.6560668085255187 0.040424157842877034
60696 81629.697024 -0.4496087770997366 -0.6048424924840718 0.6460163729973637 -0.12116250517328313
60696 82079.697024 -0.5836199264540299 -0.4768718169151499 0.5968632731512252 -0.2752004448416508
60696 82529.697024 -0.6820387479718881 -0.3206908578498444 0.5119819692074583 -0.41213466629600976
60696 82979.697024 -0.7393347915223083 -0.14617624780238686 0.3970217870056685 -0.5238227479461978
60696 83429.697024 -0.7527566736101988 0.036069956146445245 0.2592477680857126 -0.6040256148057619
60696 83879.697024 -0.7221650890829683 0.21543758698545307 0.1069159221902842 -0.6485624224435725
60696 84329.697024 -0.6497387312274948 0.3818464087835527 -0.05125010055515062 -0.6552910257550275
60696 84779.697024 -0.5396664954405052 0.5260892060557426 -0.20643491942889497 -0.6239990745273483
60696 85229.697024 -0.3979380663024861 0.6400582169415524 -0.3499861217406474 -0.5563097059210628
60696 85679.697024 -0.2322289354714935 0.7169934487072879 -0.473647545757586 -0.45568423106184197
60696 86129.697024 0.051814543298425296 -0.7518544251667872 0.5699005075427405 0.32748066807434983
60697 179.697024 -0.13265614153635377 -0.7418538821894098 0.632471549078678 0.17898297460709917
60697 629.697024 -0.3097753659779371 -0.6870219907555685 0.6570188560150175 0.019137128630190268
60697 1079.697024 -0.4682884629928922 -0.5905148409644267 0.6417353061290074 -0.14203497772035403
60697 1529.697024 -0.59819374045044 -0.4584747263987789 0.5876445852436549 -0.2943450620840939
60697 1979.697024 -0.691653358447191 -0.29940847303871515 0.49845303936645013 -0.42838623410153437
60697 2429.697024 -0.7434924718183566 -0.12332888000580332 0.38006013262204497 -0.5362492212556189
60697 2879.697024 -0.75130482143704 0.05912809098918377 0.23989438010285155 -0.6119604730180708
60697 3329.697024 -0.7152588442428887 0.23739534019712055 0.08629925075466492 -0.651613902172294
60697 3779.697024 -0.6378011947930722 0.40149024879272416 -0.07197367580328295 -0.6533261100218252
60697 4229.697024 -0.5233563589419197 0.5423318350676343 -0.22611778562175264 -0.6171264451088967
60697 4679.697024 -0.3781293193951626 0.6519649815417652 -0.367518087225411 -0.5448764412407386
60697 5129.697024 0.21000469300773053 -0.7238192837956263 0.48799166433458696 0.4402815109225861
60697 5579.697024 0.028453045540066106 -0.7531036995794139 0.5801484594327123 0.3089547003965878
60697 6029.697024 -0.15573692103533637 -0.7373599585430671 0.6379255512361581 0.158421255025465
60697 6479.697024 -0.3311134347140124 -0.6770050439139403 0.6572847823648899 -0.0021860325964543565
60697 6929.697024 -0.48651970404377326 -0.5755981119601923 0.6367826500281768 -0.16276746514003812
60697 7379.697024 -0.6121876259905139 -0.4396252289097272 0.5778152423881239 -0.3131860698596322
60697 7829.697024 -0.7006000873689595 -0.2778366657694124 0.48441502302055794 -0.44419409069092136
60697 8279.697024000001 -0.7469402486086225 -0.1003668421354196 0.3627189545856636 -0.5481256443485711
60697 8729.697024000001 -0.7491432556185867 0.08212674754945712 0.22030699913384608 -0.6192773256229975
60697 9179.697024000001 -0.7076827747998444 0.2591308322130141 0.06560014932794053 -0.6540129375297827
60697 9629.697024000001 -0.6252656887695831 0.420765158364983 -0.09262851463081179 -0.6507068911813362
60697 10079.697024000001 -0.5065470500121658 0.5580774158449873 -0.24558454858951362 -0.6096293247062827
60697 10529.697024000001 -0.3579452860083862 0.6632682694163797 -0.3846933502011672 -0.5328802879829369
60697 10979.697024 0.18755412460468793 -0.7299623172252933 0.5018516907905938 0.4244094087381569
60697 11429.697024000001 0.005036750549809707 -0.7536273912186634 0.5898049233618614 0.2900871226493163
60697 11879.697024000001 -0.17868746457594495 -0.7321416710704304 0.6427169883335364 0.13767438539207963
60697 12329.697024000001 -0.35213944596612284 -0.666318313704352 0.6568595827984776 -0.023520287044820443
60697 12779.697024000001 -0.5042786106870886 -0.56011402389999 0.631160737288918 -0.1833343577700876
60697 13229.697024000001 -0.6255852389067118 -0.4203483744350702 0.567385082842173 -0.3316994433821179
60697 13679.697024000001 -0.7088707239864085 -0.25600133962569066 0.46988184839144903 -0.4595396167220753
60697 14129.697024000001 -0.7496761171009294 -0.07731507660992804 0.34501356232293817 -0.5594405600155486
60697 14579.697024 -0.7462745199629816 0.10504276328737855 0.20050118358590066 -0.6259709530925746
60697 15029.697024000001 -0.6994417199875428 0.2806225864858514 0.0448340009809367 -0.6557607465005054
60697 15479.697024000001 -0.6121389165005341 0.4396511879447006 -0.11319940633047204 -0.647440093175264
60697 15929.697024000001 -0.4892452942854264 0.5733085101429344 -0.26482046538468096 -0.601520170344018
60697 16379.697024000001 -0.33739492608628646 0.6739527745430126 -0.40150189384576457 -0.5203350370437004
60697 16829.697024 0.1648882891800907 -0.735409006607302 0.5152231200499224 0.40808158701189523
60697 17279.697024 -0.018421256894090902 -0.7534134186597558 0.5988719484985773 0.27088976942546006
60697 17729.697024 -0.20149380502702444 -0.7261922288954425 0.6468492335441026 0.11675256866984812
60697 18179.697024 -0.3728383764666895 -0.6549616855970265 0.6557473702792257 -0.04485668072277554
60697 18629.697024 -0.5215486048156861 -0.544071785123415 0.6248746615712633 -0.2037267846249754
60697 19079.697024 -0.6383702960334015 -0.4006626421316852 0.5563640814438738 -0.34987400763903437
60697 19529.697024 -0.7164522287890625 -0.2339305362164456 0.45486925065226624 -0.47441192322676373
60697 19979.697024 -0.7516946993790895 -0.054208994591231664 0.32696641047009206 -0.5701836811546711
60697 20429.697024 -0.7427044547159822 0.1278376558023742 0.18050541359656236 -0.6320327700098495
60697 20879.697024 -0.6905495652488185 0.30183190101793134 0.02403337589277834 -0.6568570607870221
60697 21329.697024 -0.5984402873524374 0.45811201594474926 -0.1336513646453119 -0.6435370354913662
60697 21779.697024 -0.4714823628582402 0.5879919459127073 -0.2837937079111148 -0.5928161472205858
60697 22229.697024 -0.31652059522839365 0.6839909021241014 -0.41791340795941534 -0.5072667365947314
60697 22679.697024 0.14206205970266736 -0.7401408549280912 0.5280776382602984 0.3913360372222006
60697 23129.697024 -0.04185577514514365 -0.7524599136773278 0.6073244169368271 0.251414448646156
60697 23579.697024 -0.2240848163070725 -0.7195332542448881 0.6503041119646724 0.09572070360285409
60697 24029.697024 -0.3931399574093303 -0.6429731656962618 0.6539531087740339 -0.06611969152600396
60697 24479.697024 -0.5382707201811675 -0.5275223779579153 0.6179540694380359 -0.22386947226954534
60697 24929.697024 -0.6505019259163917 -0.3806277112065914 0.5447971203620013 -0.3676491363868112
60697 25379.697024 -0.7233238751656963 -0.21168064911585607 0.43942805772007343 -0.4887707606777781
60697 25829.697024 -0.7529921815677079 -0.031091987041937753 0.308625789895536 -0.5803328223106501
60697 26279.697024 -0.7384384020527949 0.15048347264004064 0.16035956933894788 -0.6374545155203908
60697 26729.697024 -0.6810167961434382 0.3227430320626643 0.003229035331486862 -0.657299499434126
60697 27179.697024 -0.5841912655730443 0.4761385151847971 -0.15396254424469594 -0.6389899956614982
60697 27629.697024 -0.45328530960902835 0.6021218348885862 -0.3024808514880868 -0.5835126892588468
60697 28079.697024 -0.2953559011193622 0.6933804058016765 -0.43389769620886137 -0.4936813686467363
60697 28529.697024 0.11911374213116942 -0.7441661389370089 0.5403763141758892 0.3741952874807144
60697 28979.697024 -0.06522624651818969 -0.7507866753840555 0.6151263835335631 0.23169902268206713
60697 29429.697024 -0.24642020372875362 -0.712185613010085 0.653069374572945 0.0746265891665397
60697 29879.697024 -0.4130138284839453 -0.6303848842602026 0.6514748171375583 -0.08726418402111188
60697 30329.697024 -0.5544288988635144 -0.5105039653953396 0.61040303400856 -0.2437261444608874
60697 30698.000352 -0.026172961430260586 4.568508324990924E-4 -0.06973257342303575 -0.9972222097311552
60697 30878.000352 -0.02598157947214195 0.0031618309517419817 -0.17250276879279294 -0.9846612387577698
60697 31058.000352 -0.025508048486793753 0.005833537072596284 -0.27342402506179636 -0.9615376289187149
60697 31238.000352 -0.024757799014764763 0.008443461034443095 -0.3714090699070285 -0.9281007823208104
60697 31418.000352 -0.023739275297656983 0.010964278756475671 -0.4654279972302691 -0.8846993900720814
60697 31598.000352 -0.02246393986549807 0.013368950975809075 -0.5544759358175624 -0.8317890833346901
60697 31778.000352 -0.020946002510006147 0.01563142538446661 -0.6376007910284913 -0.769923473339489
60697 31958.000352 -0.01920204251800306 0.017726954804201646 -0.7139087361434193 -0.6997509221820378
60697 32138.000352 -0.017250663542700356 0.019632608957177316 -0.7825735075636202 -0.6220093894246643
60697 32318.000352 -0.015112585369001763 0.021327412826176687 -0.8428455338777595 -0.5375203784489673
60697 32498.000352 -0.012810707063713895 0.022792309860525106 -0.8940609066192536 -0.4471817210608096
60697 32678.000352 -0.010369831577377817 0.024010371911017857 -0.9356499255876569 -0.3519590677643688
60697 32858.000352 -0.007816343551258697 0.024967019061677555 -0.9671448132073621 -0.2528763789260657
60697 33038.000352 -0.005177824104937826 0.025650425852821738 -0.9881865338087462 -0.15100536477278806
60697 33218.000352 -0.0024826151030349687 0.026052565488359904 -0.9985305469747949 -0.047453632231281836
60697 33398.000352 2.4028608575204987E-4 0.02616963495800065 -0.9980511458753345 0.056648059858160585
60697 33578.000352 0.0029613290286278396 0.02600071440253314 -0.9867442614315426 0.16015915806741032
60697 33758.000352 0.005651017753305065 0.025546761097651277 -0.9647284833593832 0.2619434717470078
60697 33938.000352 0.008280350886354483 0.02481188267547591 -0.932243990183642 0.3608835671428927
60697 34118.000352 -0.010820714027832329 -0.02380467742502017 0.8896496207682785 -0.4558945072574104
60697 34298.000352 -0.013244129276771635 -0.02253748571048003 0.8374183197792454 -0.5459370041274502
60697 34478.000352 -0.01552390528125176 -0.021025294646569628 0.7761307839955683 -0.6300301195056217
60697 34658.000352 -0.01763485223413263 -0.01928573216692464 0.7064674598602034 -0.7072628936118011
60697 34838.000352 -0.019553560969554785 -0.017338830854592892 0.6291993598360182 -0.7768044726827663
60697 35018.000352 -0.021259189135322376 -0.015206289688751729 0.5451778951261846 -0.8379128106772167
60697 35198.000352 -0.02273350795629251 -0.012911490327020637 0.45532391563515273 -0.8899419154552778
60697 35378.000352 -0.0239601834990916 -0.010479764430298225 0.3606163953104131 -0.9323475208190877
60697 35558.000352 -0.02492520336783677 -0.007937757663848194 0.2620810791572281 -0.9646912636632119
60697 35738.000352 -0.0256182291311228 -0.0053126611199874624 0.1607790844459418 -0.9866435871036381
60697 35918.000352 -0.026032663816521757 -0.002632174812490232 0.05779543885423389 -0.9979855005550026
60697 36098.000352 -0.026164650169773863 7.5453145549741E-5 -0.045772038031523285 -0.9986091957932077
60697 36278.000352 -0.026012909047035005 0.0027817473389446434 -0.1488230783082572 -0.9885177195212574
60697 36458.000352 -0.025579229614423986 0.005458302131690957 -0.2502648216306991 -0.9678240692420943
60697 36638.000352 -0.024868427006996915 0.008077070380450179 -0.34902415830215167 -0.9367488773378602
60697 36818.000352 -0.023888911500731753 0.010608862110252647 -0.44399181556061545 -0.8956495071551284
60697 36998.000352 -0.022651114296766008 0.013028331474532709 -0.5342135866640223 -0.8449455801551161
60697 37178.000352 -0.021168710428326444 0.015309588340969921 -0.6187292585812239 -0.7851697948718868
60697 37358.000352 -0.0194579566401948 0.01742794021866932 -0.6966380211666764 -0.7169470847197164
60697 37538.000352 -0.01753750088714678 0.019360038267162823 -0.7671035507622673 -0.6409912381529477
60697 37718.000352 -0.015428060096059619 0.02108426496162534 -0.829362801275789 -0.5580992497689604
60697 37898.000352 -0.013152045150182689 0.022581303991587667 -0.8827345094935418 -0.469144854141664
60697 38078.000352 -0.010733498832477244 0.02383438454853461 -0.9266274078324608 -0.37507114147812026
60697 38258.000352 -0.008198129190669251 0.024829169277863328 -0.9605480966180616 -0.276882027430751
60697 38438.000352 -0.005573072106824555 0.02555384767718184 -0.9841083372497897 -0.17563234978681336
60697 38618.000352 -0.0028865463065988997 0.025999330313578702 -0.9970313402562074 -0.07241691253136986
60697 38798.000352 -1.6749648713416915E-4 0.026159456876499503 -0.9991568839196059 0.03164136654628702
60697 38978.000352 0.002554747037726732 0.02603183713277969 -0.9904450749007276 0.13540446937955022
60697 39158.000352 0.005250570846707153 0.025618583224109412 -0.9709784231943075 0.23773308854778605
60697 39338.000352 0.007890330132997338 0.02492528093689199 -0.9409621514938579 0.33750067039438525
60697 39518.000352 0.010445167812669482 0.023959440304022188 -0.9007225519628148 0.43360780444461294
60697 39698.000352 -0.012887500724341045 -0.022731023441907333 0.8507030933173535 -0.5249966284831263
60697 39878.000352 -0.01519066653733463 -0.021253915960146308 0.79145860264816 -0.6106642244316698
60697 40058.000352 -0.017328990824113263 -0.019545633491737095 0.7236479540440564 -0.6896747877777436
60697 40238.000352 -0.019278618966657585 -0.017626064892066817 0.6480251412136466 -0.7611708566689823
60697 40418.000352 -0.02101786553303873 -0.015517139144214008 0.565428875355474 -0.824383196478105
60697 40598.000352 -0.02252729926542939 -0.013242695970048592 0.47677132417925866 -0.8786388656505054
60697 40627.44432 4.56855243493663E-4 0.026172961353266005 -0.9972221979789362 0.06973274148738508
60697 40807.44432 8.330269371292557E-4 0.026163669151905933 -0.996116812504704 0.08405988536811192
60697 40987.44432 0.0012090266776562722 0.026148966270472033 -0.9948055997757836 0.0983696521912212
60697 41167.44432 0.0015847778009413682 0.026128855278528377 -0.9932888267909018 0.11265912290404705
60697 41347.44432 0.00196020174070697 0.02610334128319592 -0.9915668106522715 0.12692530557722217
60697 41527.44432 0.002335221607814759 0.02607242910840708 -0.9896399040951306 0.14116527690267971
60697 41707.44432 0.00270975970038749 0.026036125194960517 -0.9875085062138294 0.15537608420387616
60697 41887.44432 0.003083738742407178 0.025994437077378828 -0.9851730568116178 0.16955479329364773
60697 42067.44432 0.0034570815754720883 0.02594737340303381 -0.9826340376952626 0.1836984767578909
60697 42247.44432 0.0038297111700738204 0.025894943930581935 -0.9798919725975318 0.19780421438913745
60697 42427.44432 0.004201550640939878 0.025837159527903546 -0.9769474270722688 0.21186909377399862
60697 42607.44432 0.004572523262569932 0.02577403216981067 -0.9738010083800537 0.22589021088731026
60697 42787.44432 0.00494255248477861 0.02570557493553905 -0.9704533653653643 0.2398646706857998
60697 42967.44432 0.005311561948210742 0.025631802005981478 -0.9669051883253741 0.25378958770026294
60697 43147.44432 0.005679475499829238 0.025552728660731973 -0.9631572088704724 0.2676620866258032
60697 43327.44432 0.006046217208367583 0.025468371274875362 -0.959210199776479 0.2814793029102524
60697 43507.44432 0.006411711379747487 0.025378747315564595 -0.9550649748286031 0.2952383833405058
60697 43687.44432 0.006775882572452816 0.025283875338367318 -0.9507223886572076 0.3089364866265746
60697 43867.44432 0.0071386556128699066 0.025183774983394865 -0.9461833365652939 0.32257078398360006
60697 44047.44432 0.007499955610573251 0.025078466971203948 -0.9414487543479064 0.3361384597111569
60697 44227.44432 0.007859707973570605 0.02496797309847784 -0.9365196181033204 0.3496367117702814
60697 44407.44432 0.008217838423494564 0.024852316233485286 -0.9313969440361455 0.36306275235777846
60697 44587.44432 0.008574273010743119 0.024731520311324796 -0.9260817882523441 0.37641380847780853
60697 44767.44432 0.008928938129562764 0.024605610328940757 -0.920575246546185 0.38968712251067433
60697 44947.44432 0.009281760533074614 0.024474612339931888 -0.914878454179205 0.4028799527785975
60697 45127.44432 0.00963266734823921 0.024338553449136584 -0.9089925856511644 0.4159895741085014
60697 45307.44432 0.009981586090756776 0.024197461807003873 -0.9029188544630716 0.42901327839159686
60697 45487.44432 0.010328444679900762 0.024051366603751127 -0.8966585128723105 0.44194837513967944
60697 45667.44432 -0.010673171453283377 -0.02390029806330782 0.890212851639872 -0.45479219203810145
60697 45847.44432 -0.011015695181547398 -0.023744287437049958 0.8835831997698008 -0.4675420754951729
60697 46027.44432 -0.011355945082982813 -0.02358336699731905 0.87677092424083 -0.48019539118802756
60697 46207.44432 -0.011693850838066698 -0.023417570030736943 0.8697774297302869 -0.49274952460475085
60697 46387.44432 -0.012029342603922731 -0.023246930831311685 0.862604158330299 -0.5052018815827176
60697 46567.44432 -0.012362351028695593 -0.023071484693335774 0.8552525892563605 -0.5175498888429787
60697 46747.44432 -0.012692807265838836 -0.022891267904079228 0.8477242385483029 -0.529790994520628
60697 46927.44432 -0.013020642988316332 -0.022706317736282518 0.84002065876369 -0.541922668691065
60697 47107.44432 -0.013345790402708158 -0.02251667244044495 0.8321434386637514 -0.5539424038919609
60697 47287.44432 -0.013668182263223992 -0.022322371236914152 0.824094202891832 -0.5658477156409283
60697 47467.44432 -0.013987751885617631 -0.02212345430777747 0.8158746116444762 -0.5776361429487019
60697 47647.44432 -0.014304433161000711 -0.021919962788554764 0.8074863603351478 -0.5893052488277927
60697 47827.44432 -0.014618160569552271 -0.021711938759697926 0.7989311792507031 -0.6008526207964302
60697 48007.44432 -0.014928869194124238 -0.021499425237896688 0.7902108332005867 -0.6122758713778123
60697 48187.44432 -0.015236494733733175 -0.021282466167192152 0.7813271211589378 -0.6235726385943804
60697 48367.44432 -0.015540973516945323 -0.021061106409901702 0.7722818758994996 -0.6347405864572442
60697 48547.44432 -0.015842242515139944 -0.020835391737354308 0.7630769636235896 -0.6457774054503963
60697 48727.44432 -0.016140239355659385 -0.020605368820441096 0.7537142835810158 -0.6566808130098457
60697 48907.44432 -0.01643490233483692 -0.020371085219982172 0.7441957676841092 -0.6674485539974327
60697 49087.44432 -0.016726170430898527 -0.020132589376909465 0.7345233801149307 -0.6780784011692412
60697 49267.44432 -0.017013983316738934 -0.019889930602270678 0.7246991169256907 -0.6885681556385386
60697 49447.44432 -0.017298281372569155 -0.019643159067054966 0.7147250056324456 -0.6989156473331546
60697 49627.44432 -0.017579005698429333 -0.01939232579184287 0.7046031048021997 -0.7091187354471309
60697 49807.44432 -0.017856098126566463 -0.019137482636281216 0.6943355036334268 -0.7191753088866137
60697 49987.44432 -0.01812950123367281 -0.01887868228838605 0.6839243215301145 -0.7290832867098552
60697 50167.44432 -0.01839915835298423 -0.018615978253677577 0.6733717076694128 -0.7388406185612288
60697 50347.44432 -0.018665013586232772 -0.01834942484414523 0.6626798405629334 -0.7484452850991847
60697 50527.44432 -0.018927011815451162 -0.01807907716704855 0.6518509276118426 -0.7578952984179977
60697 50707.44432 -0.019185098714630557 -0.01780499111355596 0.6408872046557377 -0.7671887024632928
60697 50887.44432 -0.019439220761219594 -0.017527223347220122 0.6297909355155024 -0.7763235734411532
60697 51067.44432 -0.019689325247472942 -0.017245831292297325 0.6185644115301098 -0.7852980202208242
60697 51247.44432 -0.019935360291637026 -0.016960873121909623 0.6072099510875694 -0.7941101847308197
60697 51427.44432 -0.020177274848976277 -0.016672407746052532 0.595729899149999 -0.802758242348436
60697 51607.44432 -0.020415018722634373 -0.016380494799453058 0.58412662677301 -0.8112404022824949
60697 51787.44432 -0.02064854257432644 -0.01608519462927707 0.5724025306194518 -0.8195549079492734
60697 51967.44432 -0.02087779793486436 -0.01578656828269139 0.5605600324675722 -0.8277000373415487
60697 52147.44432 -0.021102737214506378 -0.015484677494281018 0.5486015787137631 -0.8356741033906222
60697 52327.44432 -0.021323313713132074 -0.015179584673326208 0.5365296398699635 -0.8434754543212528
60697 52507.44432 -0.021539481630239905 -0.01487135289093889 0.524346710055745 -0.8511024739994651
60697 52687.44432 -0.02175119607476151 -0.014560045867064147 0.5120553064853188 -0.8585535822730533
60697 52867.44432 -0.021958413074694403 -0.014245727957347423 0.4996579689494309 -0.8658272353047899
60697 53047.44432 -0.02216108958654769 -0.013928464139870774 0.4871572592923204 -0.8729219258982078
60697 53227.44432 -0.02235918350459874 -0.013608320001761048 0.47455576088384455 -0.8798361838158809
60697 53407.44432 -0.02255265366995751 -0.013285361725671727 0.46185607808685364 -0.8865685760901358
60697 53587.44432 -0.022741459879437893 -0.012959656076141949 0.4490608357199199 -0.8931177073261213
60697 53767.44432 -0.02292556289423286 -0.01263127038583578 0.4361726785155492 -0.8994822199971458
60697 53947.44432 -0.02310492444838909 -0.012300272541662997 0.4231942705739722 -0.9056607947322213
60697 54127.44432 -0.023279507257081587 -0.011966730970786724 0.4101282948126551 -0.9116521505957215
60697 54307.44432 -0.023449275024683577 -0.011630714626517586 0.3969774524115879 -0.9174550453591166
60697 54487.44432 -0.023614192452630658 -0.011292292974099788 0.3837444622545179 -0.9230682757646848
60697 54667.44432 -0.023774225247076012 -0.010951535976390233 0.3704320603662107 -0.9284906777811521
60697 54847.44432 -0.023929340126335217 -0.010608514079435277 0.35704299934588835 -0.9337211268511796
60697 55027.44432 -0.02407950482811845 -0.010263298197946552 0.34358004779692985 -0.9387585381306484
60697 55207.44432 -0.02422468811654748 -0.009915959700679048 0.3300459897529583 -0.9436018667196778
60697 55387.44432 -0.02436485978895477 -0.009566570395715485 0.3164436241004876 -0.9482501078852972
60697 55567.44432 -0.02449999068246367 -0.009215202515658176 0.30277576399817024 -0.9527022972757434
60697 55747.44432 -0.02463005268034839 -0.008861928702733233 0.2890452362928333 -0.9569575111263044
60697 55927.44432 -0.024755018718169985 -0.008506821993808119 0.2752548809323763 -0.9610148664566703
60697 56107.44432 -0.024874862789686786 -0.008149955805327853 0.26140755037573676 -0.9648735212597153
60697 56287.44432 -0.024989559952539195 -0.007791403918171097 0.24750610899996175 -0.9685326746816864
60697 56467.44432 -0.02509908633370478 -0.007431240462429702 0.23355343250456395 -0.9719915671937379
60697 56647.44432 -0.025203419134724413 -0.0070695399021154385 0.2195524073132856 -0.975249480754762
60697 56827.44432 -0.02530253663669478 -0.006706377019795594 0.20550592997338238 -0.9783057389654791
60697 57007.44432 -0.02539641820502928 -0.006341826901162515 0.19141690655259277 -0.9811597072137375
60697 57187.44432 -0.025485044293982424 -0.0059759649195383424 0.17728825203389295 -0.9838107928109862
60697 57367.44432 -0.025568396450938686 -0.0056088667203192935 0.16312288970819128 -0.9862584451198837
60697 57547.44432 -0.025646457320463244 -0.00524060820536203 0.1489237505650816 -0.9885021556730046
60697 57727.44432 -0.025719210648114416 -0.004871265517315567 0.13469377268179847 -0.9905414582826111
60697 57907.44432 -0.02578664128401463 -0.004500915023902256 0.12043590061053258 -0.9923759291414554
60697 58087.44432 -0.025848735186181245 -0.004129633302149396 0.10615308476416566 -0.9940051869145937
60697 58267.44432 -0.025905479423614312 -0.003757497122577305 0.09184828080067367 -0.995428892822168
60697 58447.44432 -0.025956862179140436 -0.003384583433345491 0.07752444900627364 -0.9966467507131449
60697 58627.44432 -0.026002872752013857 -0.003010969344359256 0.06318455367740876 -0.997658507129988
60697 58807.44432 -0.026043501560270663 -0.002636732111342516 0.04883156250182323 -0.9984639513642362
60697 58987.44432 -0.026078740142838064 -0.0022619491198774544 0.03446844593875287 -0.9990629155029771
60697 59167.44432 -0.02610858116139679 -0.0018866978694166829 0.020098176598468652 -0.999455274466199
60697 59347.44432 -0.02613301840199617 -0.0015110559572688459 0.005723728621223987 -0.9996409460350079
60697 59527.44432 -0.026152046776421713 -0.001135101062562897 -0.008651922944181479 -0.9996198908706997
60697 59707.44432 -0.02616566232331444 -7.589109301930125E-4 -0.023025802762129337 -0.9993921125246796
60697 59887.44432 -0.02617386220904155 -3.825633547484732E-4 -0.03739493583202122 -0.9989576574392234
60697 60067.44432 -0.026176644728318422 -6.136164431035665E-6 -0.05175634811011878 -0.9983166149390779
60697 60247.44432 -0.02617400930458153 3.7029279503629004E-4 -0.06610706713121914 -0.9974691172139005
60697 60427.44432 -0.02616595649011233 7.466456765067198E-4 -0.08044412263006238 -0.996415339291538
60697 60607.44432 -0.026152487965912047 0.0011228446475089829 -0.09476454716228694 -0.9951554990021495
60697 60787.44432 -0.0261336065413269 0.0014988119063451312 -0.10906537672479263 -0.9936898569331839
60697 60967.44432 -0.026109316153425058 0.0018744696981848167 -0.1233436513754192 -0.9920187163752154
60697 61147.44432 -0.026079621866124142 0.002249740331151168 -0.13759641585174073 -0.9901424232586528
60697 61327.44432 -0.02604452986907078 0.0026245461923958724 -0.1518207201888703 -0.988061366081336
60697 61507.44432 -0.02600404747627163 0.002998809764159949 -0.16601362033612854 -0.9857759758270344
60697 61687.44432 -0.02595818312447678 0.0033724536398163393 -0.1801721787724155 -0.9832867258748713
60697 61867.44432 -0.025906946371316655 0.0037454005398917705 -0.19429346512017318 -0.9805941318996895
60697 62047.44432 -0.02585034789319129 0.00411757332806449 -0.20837455675780214 -0.9776987517633836
60697 62227.44432 -0.025788399482914393 0.004488895027133102 -0.22241253943033598 -0.9746011853972343
60697 62407.44432 -0.0257211140471129 0.004859288834955908 -0.23640450785833303 -0.9713020746752543
60697 62587.44432 -0.025648505603380726 0.005228678140354369 -0.2503475663447475 -0.9678021032785992
60697 62767.44432 -0.025570589277191115 0.005596986538979666 -0.26423882937970905 -0.9641019965510603
60697 62947.44432 -0.025487381298565252 0.0059641378491377605 -0.2780754222430453 -0.9602025213456847
60697 63127.44432 -0.02539889899849986 0.006330056127570191 -0.291854481604424 -0.956104485862554
60697 63307.44432 -0.025305160805155314 0.0066946656851877406 -0.30557315612098984 -0.9518087394777619
60697 63487.44432 -0.02520618623980492 0.007057891102751754 -0.31922860703229916 -0.9473161725636504
60697 63667.44432 -0.025101995912545423 0.007419657246502155 -0.3328180087525125 -0.9426277163003236
60697 63847.44432 -0.024992611517771938 0.007779889283727762 -0.34633854945965953 -0.9377443424784997
60697 64027.44432 -0.024878055829419495 0.008138512698275382 -0.3597874316818254 -0.9326670632937587
60697 64207.44432 -0.02475835269596866 0.00849545330599491 -0.37316187288018576 -0.9273969311322201
60697 64387.44432 -0.024633527035221477 0.008850637270117298 -0.3864591060287213 -0.9219350383477132
60697 64567.44432 -0.0245036048288462 0.009203991116560702 -0.39967638019046564 -0.9162825170305087
60697 64747.44432 -0.024368613116694773 0.009555441749164955 -0.4128109610902432 -0.9104405387676325
60697 64927.44432 -0.02422857999089153 0.009904916464846023 -0.4258601316836504 -0.9044103143948732
60697 65107.44432 -0.024083534589699966 0.010252342968672754 -0.4388211927222676 -0.8981930937404974
60697 65287.44432 -0.023933507091164437 0.010597649388858056 -0.4516914633148869 -0.8917901653607783
60697 65467.44432 -0.02377852870653044 0.010940764291664788 -0.4644682814847354 -0.885202856267355
60697 65647.44432 -0.02361863167344922 0.011281616696221516 -0.4771490047224563 -0.8784325316465476
60697 65827.44432 -0.02345384924896036 0.011620136089243959 -0.4897310105348167 -0.8714805945706546
60697 66007.44432 -0.02328421570226419 0.01195625243966206 -0.5022116969889852 -0.8643484857013248
60697 66187.44432 -0.023109766307278668 0.012289896213146956 -0.5145884832522846 -0.8570376829850636
60697 66367.44432 -0.02293053733498642 0.012620998386535092 -0.5268588101272674 -0.8495497013409726
60697 66547.44432 -0.022746566045573718 0.012949490462148173 -0.5390201405820604 -0.8418860923407637
60697 66727.44432 -0.022557890680364154 0.013275304482003428 -0.5510699602757816 -0.8340484438811762
60697 66907.44432 -0.02236455045354626 0.013598373041912935 -0.5630057780790273 -0.8260383798488137
60697 67087.44432 -0.022166585543703547 0.013918629305469098 -0.5748251265892166 -0.8178575597775457
60697 67219.989696 -0.026172961560298493 4.568433825728113E-4 -0.06973228957162586 -0.9972222295799397
60697 67399.989696 -0.02612841607838064 0.0015874395944914976 -0.11275953087542903 -0.9932774406506584
60697 67579.989696 -0.02603489448808878 0.002715063574161637 -0.15557515245548428 -0.9874771818311728
60697 67759.989696 -0.02589257645311004 0.003837629460687969 -0.1980997031278594 -0.9798323094822892
60697 67939.989696 -0.025701729400826188 0.004953071714277973 -0.2402546999249647 -0.9703569278107746
60697 68119.989696 -0.025462712445318073 0.006059320123700118 -0.2819616893894992 -0.959068579733058
60697 68299.989696 -0.0251759748924223 0.007154319555610122 -0.32314300468907525 -0.9459881524207524
60697 68479.989696 -0.02484205536239903 0.00823603406267474 -0.3637219271591752 -0.9311398389779624
60697 68659.989696 -0.02446158078406703 0.009302450419460593 -0.4036228252316392 -0.9145510977707958
60697 68839.989696 -0.024035265215519335 0.010351581622547058 -0.4427712909031273 -0.8962526065434396
60697 69019.989696 -0.02356390848787154 0.011381470382732326 -0.4810942745332264 -0.8762782111635841
60697 69199.989696 -0.02304839467062306 0.012390192615706017 -0.5185202178997051 -0.8546648689745561
60697 69379.989696 -0.022489690361672802 0.013375860934070978 -0.5549791853411381 -0.8314525867479126
60697 69559.989696 -0.02188884281228939 0.014336628138734741 -0.5904029927925974 -0.8066843532358209
60697 69739.989696 -0.02124697790451846 0.0152706907004027 -0.6247253345072177 -0.7804060663272053
60697 69919.989696 -0.0205652980020425 0.016176292214084134 -0.6578819072457389 -0.7526664548171392
60697 70099.989696 -0.019845079693208933 0.01705172680416382 -0.6898105317055616 -0.7235169948059664
60697 70279.989696 -0.01908767143693097 0.017895342457214244 -0.7204512709494895 -0.693011820753961
60697 70459.989696 -0.01829449111105368 0.018705544265164496 -0.7497465455822028 -0.6612076312296203
60697 70639.989696 -0.017467023452553295 0.01948079757123151 -0.7776412454103747 -0.6281635894050991
60697 70819.989696 -0.016606817373399328 0.020219631021770948 -0.8040828373110164 -0.5939412183709222
60697 70999.989696 -0.015715483137080943 0.02092063953487476 -0.8290214690232806 -0.5586042913634854
60697 71179.989696 -0.014794689388199472 0.021582487198059795 -0.852410068572551 -0.5222187170222753
60697 71359.989696 -0.01384616003841008 0.022203910101907223 -0.874204439032608 -0.48485241981871174
60697 71539.989696 -0.01287167102252325 0.022783719105818234 -0.8943633483325435 -0.44657521582393767
60697 71719.989696 -0.011873046945389919 0.023320802519865718 -0.9128486138196155 -0.4074586840081686
60697 71899.989696 -0.010852157641596524 0.023814128677204567 -0.9296251812973777 -0.36757603328792415
60697 72079.989696 -0.009810914666479889 0.024262748367624338 -0.9446611982692698 -0.3270019655591135
60697 72259.989696 -0.008751267730687575 0.02466579710520598 -0.9579280811306328 -0.28581253497293374
60697 72439.989696 -0.007675201084252579 0.025022497209921356 -0.9694005760657332 -0.2440850037284564
60697 72619.989696 -0.006584729852080186 0.025332159691017656 -0.9790568134200899 -0.2018976946719881
60697 72799.989696 -0.005481896321664556 0.025594185925842308 -0.9868783553321768 -0.15932984101030698
60697 72979.989696 -0.00436876618507612 0.025808069129381887 -0.9928502364230236 -0.11646143346438406
60697 73159.989696 -0.0032474247392202133 0.025973395607402937 -0.9969609973587439 -0.07337306521226354
60697 73339.989696 -0.002119973049507955 0.02608984578177 -0.9992027111209129 -0.03014577499369075
60697 73519.989696 -9.885240816123492E-4 0.02615719497324644 -0.9995710018439978 0.013139111227856722
60697 73699.989696 1.448011957913054E-4 0.02617531392731857 -0.9980650561076189 0.056400139630285194
60697 73879.989696 0.0012778777363735446 0.02614416907324039 -0.9946876266033574 0.09955588849556145
60697 74059.989696 0.00240858036954177 0.026063822514591932 -0.9894450281295265 0.142525128332837
60697 74239.989696 0.003534787780811712 0.02593443175883491 -0.9823471259011829 0.18522698172344235
60697 74419.989696 0.0046543865152129426 0.025756249200958946 -0.9734073161956958 0.22758108245185482
60697 74599.989696 0.005765274995842955 0.02552962138047167 -0.9626424993861448 0.269507733491988
60697 74779.989696 0.006865367545823129 0.025254988031238077 -0.9500730454459608 0.31092806342470913
60697 74959.989696 0.00795259839905608 0.024932880940988247 -0.9357227520389708 0.35176418087022515
60697 75139.989696 0.009024925683711845 0.024563922633392632 -0.919618795339332 0.3919393265288646
60697 75319.989696 0.010080335362086999 0.02414882488205591 -0.9017916737551338 0.4313780224370708
60697 75499.989696 -0.011116845110912571 -0.023688387063415722 0.8822751447568262 -0.4700062180625219
60697 75679.989696 -0.01213250812699792 -0.02318349435417758 0.8611061550361382 -0.5077514328832137
60697 75859.989696 -0.013125416844332605 -0.02263511577780155 0.8383247642424483 -0.5445428951186781
60697 76039.989696 -0.014093706550821974 -0.022044302102911837 0.8139740625618058 -0.580311676306004
60697 76219.989696 -0.015035558896120951 -0.021412183594169923 0.7881000824194524 -0.6149908214379001
60697 76399.989696 -0.015949205286581634 -0.02073996761379183 0.7607517046002787 -0.6485154744043319
60697 76579.989696 -0.016832930168506923 -0.020028936070680244 0.7319805590931723 -0.6808229985036242
60697 76759.989696 -0.017685074205490887 -0.019280442715218487 0.7018409209741043 -0.7118530918140853
60697 76939.989696 -0.018504037358210764 -0.01849591028160614 0.6703896016486047 -0.7415478972431422
60697 77119.989696 -0.019288281874588906 -0.01767682748568306 0.6376858357765524 -0.7698521070974137
60697 77299.989696 -0.02003633519458401 -0.016824745893112107 0.6037911642013322 -0.7967130620430435
60697 77479.989696 -0.020746792767766094 -0.015941276678804857 0.5687693132023636 -0.8220808443498807
60697 77659.989696 -0.021418320774784727 -0.0150280873021043 0.5326860703859485 -0.8459083653351614
60697 77839.989696 -0.02204965873749099 -0.014086898122714367 0.495609157524955 -0.8681514469424357
60697 78019.989696 -0.02263962199813353 -0.013119478979850137 0.45760810065290664 -0.8887688974102987
60697 78199.989696 -0.023187104046294996 -0.012127645752365477 0.4187540977117612 -0.9077225810037229
60697 78379.989696 -0.02369107867304892 -0.01111325691177569 0.3791198840434458 -0.9249774817988838
60697 78559.989696 -0.02415060193482398 -0.010078210074109615 0.3387795960027013 -0.9405017615295223
60697 78739.989696 -0.024564813914324062 -0.0090244385510959 0.2978086329529694 -0.9542668115180762
60697 78919.989696 -0.024932940272365988 -0.0079539078968073 0.2562835178895085 -0.9662472987267399
60697 79099.989696 -0.025254293592500407 -0.006868612443032411 0.2142817569165555 -0.9764212059715854
60697 79279.989696 -0.025528274529116053 -0.005770571815812585 0.17188169778994128 -0.9847698663471237
60697 79459.989696 -0.02575437277804172 -0.004661827427213524 0.12916238772356203 -0.9912779919101387
60697 79639.989696 -0.025932167894265244 -0.0035444389404867866 0.08620343064602852 -0.9959336966714984
60697 79819.989696 -0.02606132998186728 -0.00242048071252467 0.043084844078726356 -0.998728513943308
60697 79999.989696 -0.02614162027491372 -0.001292038222834292 -1.1308423225271985E-4 -0.9996574080846845
60697 80179.989696 -0.026172891614653464 -1.6120449708588807E-4 -0.043309940010275653 -0.9987187806654804
60697 80359.989696 -0.0261550888064808 9.699235270159937E-4 -0.08642532885914107 -0.9959144707802303
60697 80539.989696 -0.026088248812963802 0.00209924858289204 -0.12937902145544583 -0.9912497491734822
60697 80719.989696 -0.025972501333723905 0.0032246719272155063 -0.17209092002614704 -0.9847333374624756
60697 80899.989696 -0.025808068452117125 0.004344103630737211 -0.21448146000774734 -0.9763773736006798
60697 81079.989696 -0.025595262957337522 0.00545546944181217 -0.2564718782583842 -0.9661973380370755
60697 81259.989696 -0.02533448864033065 0.006556705427132133 -0.2979840176458285 -0.9542120825722789
60697 81439.989696 -0.025026239176828714 0.007645764255421471 -0.3389405710731986 -0.940443788284121
60697 81619.989696 -0.024671096876781137 0.008720619175899677 -0.3792652347600715 -0.924917925808811
60697 81799.989696 -0.02426973130311505 0.009779267670301078 -0.4188828462321418 -0.9076632124300109
60697 81979.989696 -0.023822897777061664 0.010819735103205644 -0.4577195199153932 -0.8887115639858761
60697 82159.989696 -0.023331435808915852 0.011840078363576423 -0.49570278096924103 -0.8680980414600643
60697 82339.989696 -0.02279626747476557 0.012838389470765781 -0.5327616972979778 -0.8458607922330917
60697 82519.989696 -0.02221839573699542 0.013812799122110196 -0.5688270095913806 -0.8220409859797831
60697 82699.989696 -0.021598902687821955 0.01476148016958526 -0.603831259215653 -0.7966827452003237
60697 82879.989696 -0.020938947685653905 0.015682651024261696 -0.6377089137525711 -0.769833070377718
60697 83059.989696 -0.02023976535502376 0.01657457899526733 -0.6703964899629717 -0.7415417597646342
60697 83239.989696 -0.0195026634299589 0.017435583572230066 -0.7018326739323398 -0.7118613238163845
60697 83419.989696 -0.018729020433351735 0.018264039656807476 -0.7319584381421951 -0.6808468943025737
60697 83599.989696 -0.01792028319628167 0.019058380742241324 -0.7607171552012048 -0.6485561281463887
60697 83779.989696 -0.017077964227951117 0.019817102033278612 -0.7880547079634765 -0.6150491060569321
60697 83959.989696 -0.016203638948152407 0.020538763495135524 -0.8139195957565803 -0.5803882260369981
60697 84139.989696 -0.015298942791620916 0.021221992820512556 -0.8382630364377576 -0.5446380918668247
60697 84319.989696 -0.014365568190195507 0.021865488306835233 -0.8610390639931773 -0.507865396684426
60697 84499.989696 -0.013405261437088622 0.022468021639168122 -0.8822046213927759 -0.47013880180501405
60697 84679.989696 -0.012419819438961128 0.023028440574705798 -0.901719648412931 -0.43152881094529605
60697 84859.989696 -0.01141108636515394 0.02354567152075104 -0.9195471641417248 -0.39210764004226667
60697 85039.989696 -0.010380950207242697 0.024018721990306184 -0.9356533438869388 -0.3519490828798065
60697 85219.989696 -0.009331339263678327 0.024446682910586177 -0.9500075902150298 -0.31112837275961724
60697 85399.989696 -0.008264218562312273 0.024828730753789132 -0.9625825978596514 -0.26972204047588466
60697 85579.989696 -0.0071815862284116344 0.025164129459570188 -0.97335441225055 -0.22780776887580534
60697 85759.989696 -0.006085469799280168 0.02545223212606176 -0.9823024814278559 -0.18546424431086406
60697 85939.989696 -0.004977922481470404 0.02569248245941653 -0.9894097011232013 -0.14277100530618436
60697 86119.989696 -0.003861019345026116 0.02588441598689643 -0.9946624528079722 -0.09980828879738989
60697 86299.989696 -0.002736853452028768 0.026027661050805083 -0.998050634530825 -0.05665687430510265
