CIC_MEM_VERS = 1.0
CREATION_DATE = 2025-01-22T08:31:27.422088
ORIGINATOR = CS Group

META_START
OBJECT_NAME = PLEIADES1B
OBJECT_ID = PLEIADES1B
USER_DEFINED_PROTOCOL = NONE
USER_DEFINED_CONTENT = LLA
USER_DEFINED_SIZE = 3.0
USER_DEFINED_TYPE = REAL
USER_DEFINED_UNIT = [deg] [km]
TIME_SYSTEM = UTC
META_STOP

60697 17563.58208 0.11941442506235446 99.43824921368785 697.8501297227048
60697 18013.58208 27.312150773102168 95.22631733813216 700.4641955443726
60697 18463.58208 54.17526167005521 88.04230182181996 707.5945037348306
60697 18913.58208 78.77221634115466 53.397434331503234 711.986089073999
60697 19363.58208 68.97484611652243 -58.687616631504056 709.1557409442072
60697 19813.58208 42.69054950985442 -72.94087715338024 700.6104476743342
60697 20263.58208 15.605545565232397 -78.22585253321473 697.9212987570703
60697 20713.58208 -11.634859972604763 -82.19641826075201 695.0122839762889
60697 21163.58208 -38.76613180931396 -87.09744440987295 699.3668298598029
60697 21613.58208 -65.2862979177035 -98.5984648939417 705.7018086726493
60697 22063.58208 -81.01027593123341 164.16746372372418 707.7088157784058
60697 22513.58208 -57.95072369194173 112.71302147928009 703.3069825345128
60697 22963.58208 -31.144709228234614 104.47328320740507 696.4248345724515
60697 23413.58208 -3.9413776395025724 100.08618189159363 693.6841042966037
60697 23863.58208 23.288281269322326 95.99856039502166 699.1005569198308
60697 24313.58208 50.25961803209055 89.62952518389538 697.107251298374
60697 24763.58208 75.77243094759699 65.21056064927319 706.7815621776481
60697 25213.58208 72.52770646361763 -53.44178251298225 711.545354279921
60697 25663.58208 46.60565189413015 -71.75500829774053 709.7572391780591
60697 26113.58208 19.645897382711848 -77.52252016576493 706.2073769738324
60697 26563.58208 -7.5123002031920345 -81.52399992574863 706.3424225244078
60697 27013.58208 -34.586193954643925 -86.09685231616149 711.2285747653528
60697 27463.58208 -61.18604291073131 -95.50137294513048 716.357421498702
60697 27913.58208 -81.84337930588194 -166.535343199197 715.5083845216828
60697 28363.58208 -62.20471264401282 115.31691473070909 706.4396470355113
60697 28813.58208 -35.529403563881196 105.44267727667524 693.4537895291588
60697 29263.58208 -8.308636457004724 100.78374427862117 684.5153649930987
60697 29713.58208 19.019683398906025 96.76680994469483 685.1005104440092
60697 30163.58208 46.129348058426274 91.0426429635703 694.2760239857727
60697 30613.58208 72.1765340423804 73.19292745645303 707.594712499679
60697 31063.58208 76.09854724610956 -45.096497644741135 712.2898018916093
60697 31513.58208 50.72839161778081 -70.31500500917714 709.898861452831
60697 31963.58208 23.826857705691364 -76.76200823164362 704.8848447753059
60697 32413.58208 -3.338204559026824 -80.85597860004661 703.2845104088174
60697 32863.58208 -30.465493580459576 -85.19888507798639 707.2725418797803
60697 33313.58208 -57.209958558115446 -93.19490860519872 713.1793270772348
60697 33763.58208 -80.62613289475745 -140.40137628715004 714.5084946703673
60697 34213.58208 -66.10053830153511 118.47140322694372 707.9242796043801
60697 34663.58208 -39.6199342921556 106.44706087886125 696.9049847506794
60697 35113.58208 -12.47127875140069 101.46507987799956 689.2085801731414
60697 35563.58208 14.828991688950193 97.48745901978732 688.5231109895379
60697 36013.58208 41.9672898719773 92.27211110679448 696.0474948721414
60697 36463.58208 68.33908542262756 78.56024626304774 699.6989999144868
60697 36913.58208 79.18016741261886 -31.879837259526468 699.4666469735869
60697 37363.58208 54.69608334043242 -68.67027796940651 698.864833861042
60697 37813.58208 27.817993687920147 -75.98961565367267 700.0809361823297
60697 38263.58208 0.6234457532498519 -80.22351027914074 695.2762865479953
60697 38713.58208 -26.59061808399133 -84.41321091189408 697.6953885642886
60697 39163.58208 -53.489537261350826 -91.44329423037169 704.5802332299787
60697 39613.58208 -78.29098230355068 -123.93661147546791 709.4285724449802
60697 40063.58208 -69.58510498792819 122.30686180453634 707.6583098580269
60697 40513.58208 -43.33985816760866 107.46944425868845 700.6652574487392
60697 40963.58208 -16.258152213932636 102.10816643347978 694.5392810481117
60697 41413.58208 10.994344782230717 98.13036388320754 695.1003846263314
60697 41863.58208 38.121769499962205 93.28327043598104 699.3660071718723
60697 42313.58208 64.70004914068912 82.11921753678536 700.377004615682
60697 42763.58208 81.23770990328684 -12.135315337818465 705.4222076686007
60697 43213.58208 58.50599776006861 -66.75549055300367 704.3351238954351
60697 43663.58208 31.735213593110085 -75.17685829846094 700.3762132419467
60697 44113.58208 4.57406197677409 -79.59134921293904 699.5783437064559
60697 44563.58208 -22.60700234243491 -83.65651282152686 705.1155401236146
60697 45013.58208 -49.51247659838228 -89.88199952835794 714.0833735016556
60697 45463.58208 -75.03726333227458 -112.58908901339029 719.9148439983796
60697 45913.58208 -73.36711902714548 128.37888250147037 717.1047112667394
60697 46363.58208 -47.55615536557314 108.7756725888092 706.4415625371716
60697 46813.58208 -20.544147207135605 102.85560643446557 694.0097264609519
60697 47263.58208 6.730752327433806 98.82102673872802 688.3406789998654
60697 47713.58208 33.95685995760355 94.26634522204226 691.561071841797
60697 48163.58208 60.71485939124404 85.02376115179962 699.66952833366
60697 48613.58208 81.81007145809616 16.229763058256253 699.7751207282004
60697 49063.58208 62.478466089449626 -64.26063928444701 699.2182685649282
60697 49513.58208 35.78940877597346 -74.2684920349092 693.337384879167
60697 49963.58208 8.595821779836324 -78.94249650048496 691.3962394638392
60697 50413.58208 -18.657073906954455 -82.94370621752385 697.5955622913124
60697 50863.58208 -45.661473960299766 -88.5865061541188 709.8374320083365
60697 51313.58208 -71.64452508515802 -105.69875170684757 719.8585695067376
60697 51763.58208 -76.6434218857508 136.8754026871924 721.6475360154286
60697 52213.58208 -51.44709071748452 110.18140781371721 714.2863921752552
60697 52663.58208 -24.568567910532927 103.59745970421024 703.2003557526117
60697 53113.58208 2.628413851884114 99.47788225001325 695.655303737777
60697 53563.58208 29.834844845390226 95.15504860977852 695.5464575134328
60697 54013.58208 56.689645380438016 87.29641946765064 700.0476916295687
60697 54463.58208 80.40217133474646 42.13657023498333 702.9513589219973
60697 54913.58208 66.43097235811568 -60.99326938257125 704.7793172497182
60697 55363.58208 39.9558810333914 -73.24075434991433 697.3275774687576
60697 55813.58208 12.818187561720903 -78.25105940932396 692.5124423886205
60697 56263.58208 -14.443439467494844 -82.22065640325374 695.179436485757
60697 56713.58208 -41.51980894371364 -87.37730426536724 705.2434978902373
60697 57163.58208 -67.84296946941001 -100.65471110081147 714.3264460021553
60697 57613.58208 -79.60074508827512 151.07787706927897 716.9296968525775
60697 58063.58208 -55.436954551809166 111.88711078628658 711.1801719516557
60697 58513.58208 -28.62009542747022 104.38852112139823 701.6065144647517
60697 58963.58208 -1.4350337933967148 100.12421923043715 698.3269654848572
60697 59413.58208 25.77457857321897 95.96564218761289 698.4331651229224
60697 59863.58208 52.68353084503722 89.11916430249539 705.8490176673903
60697 60313.58208 77.67701734855915 59.05815231358158 711.537786870384
60697 60763.58208 70.36905403888923 -56.43210729568529 710.1818596375854
60697 61213.58208 44.20454165894167 -72.06251512685863 702.8208176055921
60697 61663.58208 17.139558524913394 -77.52317655009551 695.2351817769915
60697 62113.58208 -10.110554508327732 -81.5057083358175 694.8398061443066
60697 62563.58208 -37.24939737809125 -86.28057503680417 698.8965894267874
60697 63013.58208 -63.864800915401084 -96.97410031468455 699.4398804930662
60697 63463.58208 -81.51992879940408 173.46921932668516 698.5324029807826
60697 63913.58208 -59.28284457018104 113.89675706862276 698.2021563026376
60697 64363.58208 -32.48020629536222 105.20097186643481 692.850177709069
60697 64813.58208 -5.264808399536446 100.73924790129568 692.2125485785242
60697 65263.58208 21.96976946475753 96.68301568095055 699.6694054927827
60697 65713.58208 48.91295192338844 90.55704491394422 712.1073651094953
60697 66163.58208 74.52395733610719 68.90766875759606 721.5104413698022
60697 66613.58208 73.91839287693244 -50.26042481782681 721.977858926032
60697 67063.58208 48.22547937851363 -70.77918066085192 713.4760171996243
60697 67513.58208 21.28655763335377 -76.79115763193427 702.1169369031556
60697 67963.58208 -5.926608905634816 -80.8300448884491 695.1591267399903
60697 68413.58208 -33.11583732202655 -85.32599994784282 695.5344541132738
60697 68863.58208 -59.88312746734868 -94.2394211455762 699.9287021397378
60697 69313.58208 -81.66883120141604 -157.49027479988573 702.1746411566063
60697 69763.58208 -63.29845343506398 116.5557956686035 703.3246617808497
60697 70213.58208 -36.668152849596325 106.15635363083116 699.2558621711381
60697 70663.58208 -9.528104698516538 101.42564235457327 697.8369697514555
60697 71113.58208 17.70486956493443 97.43914955656143 697.0081285702853
60697 71563.58208 44.75128313146919 91.91096171469293 702.8935169538971
60697 72013.58208 70.87641202195347 75.7096290337102 708.8121898105852
60697 72463.58208 77.23820592428419 -40.777433052861944 709.0016281339607
60697 72913.58208 52.0991022602467 -69.33920801699813 702.6948992000965
60697 73363.58208 25.15281724819624 -76.06871133267035 694.804370765569
60697 73813.58208 -2.0880136688398867 -80.21268321468874 692.8035912658279
60697 74263.58208 -29.296213183495222 -84.5113119927135 698.0016078450187
60697 74713.58208 -56.14648153733567 -92.21370793501114 702.1348099899799
60697 75163.58208 -80.07797081481824 -134.7425887574242 707.3658674368914
60697 75613.58208 -67.03090744876309 119.8269591587541 706.4822114579341
60697 76063.58208 -40.61245863276951 107.15577222355051 700.894681913702
60697 76513.58208 -13.511355652675114 102.08612616697484 696.6669994373497
60697 76963.58208 13.719636775874504 98.120850640419 699.0866017609576
60697 77413.58208 40.78728649884721 93.03863378846182 707.0729301323133
60697 77863.58208 67.14202726347537 80.29887019871516 715.126110601038
60697 78313.58208 80.04887625864265 -25.254523942577084 716.5385366396515
60697 78763.58208 56.16032014483752 -67.54023022205232 709.6189033841993
60697 79213.58208 29.34531689941906 -75.24065763506586 698.5378614595286
60697 79663.58208 2.1564239727635774 -79.53926534112426 695.7714909072464
60697 80113.58208 -25.06268462877384 -83.67795236173598 697.4097448639644
60697 80563.58208 -51.99426432571878 -90.38435404379095 703.8725257769423
60697 81013.58208 -77.15178819848518 -118.67142048410216 708.7330308800845
60697 81463.58208 -70.96899234803958 124.67205320460101 707.2256131693149
60697 81913.58208 -44.83624236014272 108.35444776866231 700.4474186400221
60697 82363.58208 -17.771188999075342 102.81083408475092 694.3266261160591
60697 82813.58208 9.482067040931863 98.81946875915636 694.7095636188634
60697 83263.58208 36.62526012841138 94.09005827593185 698.9052067889331
60697 83713.58208 63.25635909438521 83.7086070760546 699.8366927453375
60697 84163.58208 81.67898392125906 -1.8595644748020184 703.8622759087644
60697 84613.58208 59.95456597054297 -65.47513543503815 701.42976932455
60697 85063.58208 33.19973714751344 -74.41633151987425 696.4021772688196
60697 85513.58208 6.014750807555823 -78.91828224925399 695.1460105602673
60697 85963.58208 -21.204189711426753 -82.95781743721824 701.2230331196747
