CIC_AEM_VERS = 1.0
CREATION_DATE = 2025-03-05T13:44:25.358Z
ORIGINATOR = CS Group

META_START
OBJECT_NAME = BLUE1
OBJECT_ID = BLUE1
CENTER_NAME = null
REF_FRAME_A = EME2000
REF_FRAME_B = SC_BODY_1
ATTITUDE_DIR = A2B
TIME_SYSTEM = UTC
START_TIME = 2025-03-04T20:20:58.200576
STOP_TIME = 2025-03-05T23:59:60.0
ATTITUDE_TYPE = QUATERNION
QUATERNION_TYPE = LAST
META_STOP

60738 73258.200576 -0.7468976603331848 -0.10059879808591754 -0.0891226856148187 -0.6512149520099223
60738 73678.200576 -0.7502630589845319 0.07140228164754463 -0.23448345801673265 -0.6140232604838457
60738 74098.200576 -0.7143270732892102 0.24035324828396618 -0.3681454413126937 -0.544459440588644
60738 74518.200576 -0.6406454374738726 0.3970353353641697 -0.48272631733136695 -0.44599514400032214
60738 74938.200576 -0.5330839834787493 0.5328057644491108 -0.5718529203014546 -0.32391931321075185
60738 75358.200576 0.3976002817346273 -0.6402661773098339 0.6306790008857714 0.1849790150241977
60738 75778.200576 0.24174729583736473 -0.7138262061489632 0.6562419707699743 0.03683569152656052
60738 76198.200576 0.074055896053998 -0.7499956177154049 0.6475795725515209 -0.11252997325742718
60738 76618.200576 -0.09661707816910031 -0.7474402044942752 0.6056262730331834 -0.2553724697839571
60738 77038.200576 -0.2616485718684332 -0.7068112152079301 0.5329501445136686 -0.38460638886835763
60738 77458.200576 -0.41299799553775857 -0.6304771601693245 0.4334349019981642 -0.4940297480076066
60738 77878.200576 -0.5434104646630875 -0.5222709359336596 0.31201474598693163 -0.5784331721645442
60738 78298.200576 -0.6465265925540936 -0.38733683443183803 0.17451726071146118 -0.6336539020052537
60738 78718.200576 -0.7170299254073754 -0.2320729477010526 0.027569051616360644 -0.6566964141889406
60738 79138.200576 -0.750915572677036 -0.0640759338337063 -0.12151378040438038 -0.6459523810516481
60738 79558.200576 -0.7458725260050626 0.10806790624629889 -0.2649861535547626 -0.6014797095618605
60738 79978.200576 -0.7016578117937463 0.2751751747663304 -0.3950847712507945 -0.5252265814549361
60738 80398.200576 -0.6203321563023582 0.4280862713193385 -0.5045971142068936 -0.42108421069810664
60738 80818.200576 -0.5062394674063477 0.558373323477689 -0.587444946492552 -0.2947019988208093
60738 81238.200576 0.36573020042968735 -0.6589879098782626 0.6391736385507533 0.15307976649358476
60738 81658.200576 0.20662058718763032 -0.7247762196240439 0.6572605206654094 0.00399654755425209
60738 82078.200576 0.0375601474549728 -0.7527156943351002 0.6411752542775042 -0.14457735689576845
60738 82498.200576 -0.13260783382526972 -0.7419135935729915 0.5922384255455996 -0.28501408629583397
60738 82918.200576 -0.2953657815795424 -0.6934108188734899 0.5133267815347707 -0.4104096815381625
60738 83338.200576 -0.44282875113409337 -0.6099034537223952 0.4085701173441129 -0.514772700830115
60738 83758.200576 -0.5679211651192265 -0.49551039719390216 0.2831056815569731 -0.5931156460189896
60738 84178.200576 -0.6644876848362261 -0.35564485796235124 0.14294446489195872 -0.6415136254692357
60738 84598.200576 -0.7274596251183894 -0.19697070751466117 -0.005121940876955403 -0.6572509413651982
60738 85018.200576 -0.7531589932041111 -0.02732258455587331 -0.15365401866232412 -0.6390582523353212
60738 85438.200576 -0.7396869955536388 0.14453814039499355 -0.29485745093480353 -0.5873933590092912
60738 85858.200576 -0.6872817041732197 0.3093737146505673 -0.4210370581286039 -0.5046380479853606
60738 86278.200576 -0.5985076940867291 0.45812032385424634 -0.5251813322227202 -0.39509350447132857
60739 298.200576 -0.47817407907814585 0.582595570607304 -0.6015326651277529 -0.26474592346402515
60739 718.200576 0.33299563767811885 -0.6761246903668273 0.646044056887815 0.12081549951739867
60739 1138.200576 0.1710206726578426 -0.7339994489664563 0.656632066761642 -0.028828238602659505
60739 1558.200576 9.886552988925164E-4 -0.7536630531991091 0.6331879961686031 -0.17624978386167148
60739 1978.200576 -0.16829245006110577 -0.7346565357750423 0.5773994309014365 -0.3139543324914331
60739 2398.200576 -0.3284207284788275 -0.6783945626442073 0.4924421770917885 -0.4352256250513184
60739 2818.200576 -0.47167318475889336 -0.5878918944973515 0.3826821665956783 -0.5342863338448357
60739 3238.200576 -0.5911584092744488 -0.46754976270139 0.2534573312673162 -0.6063730994765738
60739 3658.200576 -0.6809326736155741 -0.32305208892973303 0.11095755720590958 -0.6478089705613679
60739 4078.200576 -0.7361929050110418 -0.16132697817781283 -0.03786475629891502 -0.6561706126868548
60739 4498.200576 -0.7536056546484562 0.009565132996115739 -0.18546385209105964 -0.6305475280105252
60739 4918.200576 -0.7317050487731539 0.18071054451055218 -0.3240199247549219 -0.5718063562644184
60739 5338.200576 -0.671223180561799 0.3428485577832634 -0.44593665268241456 -0.48275750651527155
60739 5758.200576 -0.5752223834345793 0.4870468657775999 -0.5444323050069737 -0.36810056424413706
60739 6178.200576 0.4489592078815002 -0.6053981193637223 0.6140919278107829 0.23413639385392498
60739 6598.200576 0.2994837687016773 -0.6916225840594655 0.6512871865783793 0.08827612418976695
60739 7018.200576 0.13504559823614182 -0.7414669042399592 0.6543710222697868 -0.06154739253167476
60739 7438.200576 -0.035554548670028045 -0.7528331610233326 0.6236499545337393 -0.20745804381260427
60739 7858.200576 -0.20356531796506952 -0.7256853080700177 0.5611617146081029 -0.34211039889368683
60739 8278.200576 -0.3607109632747037 -0.6618001915217081 0.47036538142068496 -0.45898204260759407
60739 8698.200576 -0.4994369796384338 -0.5645000446274511 0.35585569952423896 -0.5525116506476214
60739 9118.200576 -0.6130402015420247 -0.438465623276493 0.22316547112058865 -0.6181640405245166
60739 9538.200576 -0.695797219275406 -0.2896508591669746 0.07865933798243496 -0.6525192088978002
60739 9958.200576 -0.7431860170522342 -0.12524483980876275 -0.07055715138861442 -0.6534599930732086
60739 10378.200576 -0.7522413917842737 0.046478670407473784 -0.2168457687322121 -0.6204438203951652
60739 10798.200576 -0.7219449649211789 0.21647868508960075 -0.35238736486141403 -0.5547572366475843
60739 11218.200576 -0.6535266560510263 0.37550487865023413 -0.4697130212983027 -0.4596397214813538
60739 11638.200576 -0.5505409027861301 0.5147888469157491 -0.5622985437123963 -0.34017275785915724
60739 12058.200576 0.41867307816135974 -0.6267261398299016 0.6250913893265443 0.20294815659821397
60739 12478.200576 0.26528043493774783 -0.7054503772204502 0.6548903461185029 0.05553999171363963
60739 12898.200576 0.09878309603312395 -0.7471667032577914 0.6504857430001391 -0.09408568240997703
60739 13318.200576 -0.07198415429113646 -0.750234275058045 0.6125841527556642 -0.2381333026935641
60739 13738.200576 -0.2383463681590367 -0.715025683898248 0.5435602147728898 -0.3694205910169185
60739 14158.200576 -0.39216425004357364 -0.6436670178450575 0.4471434591313945 -0.4816250596493321
60739 14578.200576 -0.5260560204531262 -0.5397807270393327 0.32814828908210014 -0.5694036621188872
60739 14998.200576 -0.6335115223908125 -0.4083249416302685 0.19229697478549063 -0.62845506325358
60739 15418.200576 -0.7090376590345174 -0.25552313876212474 0.04612528505122705 -0.6556264040648047
60739 15838.200576 -0.7484138860175391 -0.08881771655703861 -0.10311760425405442 -0.6491185008414286
60739 16258.200576 -0.74906084546519 0.08331786451475694 -0.2477179261487573 -0.6087707387089446
60739 16678.200576 -0.7104217579151082 0.2517437278321413 -0.37988408145139446 -0.5362966586114579
60739 17098.200576 -0.6342293005433662 0.4072523487373876 -0.49230511026735624 -0.4353554836967142
60739 17518.200576 -0.5245203030357486 0.5412702431091575 -0.5787403877292993 -0.31139129602283394
60739 17938.200576 0.38738506325925065 -0.6465224984543108 0.6345158305518113 0.1712633426485867
60739 18358.200576 0.2304603043721335 -0.7175703712167351 0.6568609461047682 0.022682767532414296
60739 18778.200576 0.06230764013030866 -0.7510828524124362 0.6449972074611294 -0.12637606245145988
60739 19198.200576 -0.1082284574503636 -0.7458691176216066 0.6000205819393727 -0.26821849605390247
60739 19618.200576 -0.27256503267726206 -0.702696540347225 0.5246333727895162 -0.39583544472568444
60739 20038.200576 -0.4227114732749281 -0.6240294286917677 0.4228256711595469 -0.5031110556297134
60739 20458.200576 -0.5514637229712238 -0.5137862489572304 0.29962089251319185 -0.5849262974074381
60739 20878.200576 -0.6525127622716836 -0.3771997981518194 0.16092561813878015 -0.6372208037826884
60739 21298.200576 -0.7206105056653342 -0.2207601429780133 0.013442781849773525 -0.6571185205221488
60739 21718.200576 -0.7518540040121595 -0.05215165935403012 -0.13545138911651675 -0.6431552551786472
60739 22138.200576 -0.7440664055268003 0.11996989945766659 -0.27798615378796415 -0.5955636873523427
60739 22558.200576 -0.697168367245184 0.2863932582010111 -0.4064251953099132 -0.5164820713122499
60739 22978.200576 -0.6133958125329517 0.43798602205366544 -0.5136443583745509 -0.4099796272531623
60739 23398.200576 -0.49725324972625784 0.5664015383152713 -0.5937077935805307 -0.2818502419238059
60739 23818.200576 0.355210768600494 -0.6647218179522806 0.6423361382669504 0.13919231331062365
60739 24238.200576 0.19515596941874333 -0.7279496462482146 0.6571909723486462 -0.010172806435329123
60739 24658.200576 0.02576112845434974 -0.7532151510521358 0.6379240235200075 -0.1582916318139138
60739 25078.200576 -0.14414738593652363 -0.7397617558311776 0.5860145738118349 -0.2975919942091414
60739 25498.200576 -0.3060927654542917 -0.6887457711394288 0.5044664210545086 -0.42124827798170605
60739 25918.200576 -0.45224178175947477 -0.6029576105604596 0.39751347210102256 -0.5233569816066527
60739 26338.200576 -0.5755719782259932 -0.4866018927971751 0.27038239592512225 -0.599023251452741
60739 26758.200576 -0.6699824479845942 -0.34518241616790246 0.1291623240286816 -0.6444297580129036
60739 27178.200576 -0.7304800872905517 -0.18545573738862006 -0.019281149295319093 -0.6569880126939021
60739 27598.200576 -0.7534944359401572 -0.015339721300422007 -0.16745779449715034 -0.6355853326027905
60739 28018.200576 -0.7372763879860276 0.15634316613311955 -0.30755861676687274 -0.5808511335739962
60739 28438.200576 -0.682231932846607 0.32034091359861944 -0.4319304196323136 -0.49535583319007975
60739 28858.200576 -0.5910947311784464 0.46763289121877627 -0.5336625728682705 -0.38357627161109187
60739 29278.200576 -0.46882640659566294 0.59012971863252 -0.6071483339409107 -0.2516338933015124
60739 29698.200576 0.32224840734529026 -0.6812981325516926 0.6485174768945456 0.10683585871481839
60739 30118.200576 0.15946898125393044 -0.736582330926078 0.6558762021743422 -0.04292459908607895
60739 30538.200576 -0.010760225402242847 -0.7535736421806457 0.6292933112979952 -0.18973906217617276
60739 30958.200576 -0.17965557965660728 -0.7319475075113056 0.5706022812793957 -0.3261744250320449
60739 31378.200576 -0.3388587765623127 -0.6732262824374157 0.48310121770050485 -0.445594339773834
60739 31798.200576 -0.4806993073540812 -0.5805145516787822 0.3712565936892122 -0.5423094806849427
60739 32218.200576 -0.5983382791359911 -0.4582991381664084 0.24049195367660298 -0.6116509003453838
60739 32638.200576 -0.6858896131354684 -0.3123543141816878 0.09707527636693664 -0.6500512377676454
60739 33058.200576 -0.7386314263361002 -0.14970108117674188 -0.051969883833576744 -0.6552193018352994
60739 33478.200576 -0.7533483100985393 0.021520559869590755 -0.19905296184126575 -0.6264033106208764
60739 33898.200576 -0.7287235683006507 0.19234554259565112 -0.3363518842630164 -0.5646526039960057
60739 34318.200576 -0.665659787394665 0.3535100689042887 -0.45632444921374904 -0.4729647721329178
60739 34738.200576 -0.5673863942549394 0.4961371445938191 -0.5523014985698508 -0.35620733856304454
60739 35158.200576 0.4393036230881275 -0.6124250131979624 0.6190244495583974 0.22080910488483765
60739 35578.200576 0.2885596979960164 -0.6962366135016198 0.6530504001445806 0.07424993995450048
60739 35998.200576 0.1234529510969506 -0.7434711515284504 0.6529209349646161 -0.07552660720133954
60739 36418.200576 -0.04721368610933982 -0.7521798301620749 0.6191098500618449 -0.22067932503458682
60739 36838.200576 -0.21472014296944397 -0.7224516923855614 0.5537974325072577 -0.3539310895086629
60739 37258.200576 -0.37083650354832665 -0.6561659408286228 0.4605588570045156 -0.46884121509017784
60739 37678.200576 -0.5080602015556751 -0.556732529359752 0.3440829993199675 -0.5599380429358902
60739 38098.200576 -0.6197407875554837 -0.4289166583247336 0.20998545021860737 -0.6227824396594219
60739 38518.200576 -0.7002156588339692 -0.2787623773905067 0.06470858865191405 -0.6540660262007044
60739 38938.200576 -0.745050221932537 -0.11354987838931538 -0.08457494895518691 -0.6518080008141022
60739 39358.200576 -0.7514025535844495 0.05837145644447077 -0.23018970772317604 -0.6156294940933534
60739 39778.200576 -0.7184068409513916 0.22791804579964975 -0.36432497630291666 -0.5470030044844268
60739 40198.200576 -0.6474643792092453 0.3858467937037603 -0.47957780084951457 -0.4493520472592261
60739 40618.200576 -0.542293581795245 0.5234543956413497 -0.5695451003441585 -0.32792002912508367
60739 41038.200576 0.40871616432933244 -0.6332505275583885 0.6293376787093538 0.18941740289546546
60739 41458.200576 0.2541797594431397 -0.7095143724395984 0.6559435367955265 0.041473868004396744
60739 41878.200576 0.08714358629436711 -0.7486070348552595 0.6483377946071078 -0.10794260890382487
60739 42298.200576 -0.08356306348360598 -0.7490301778833014 0.6073953705640972 -0.25108140285303443
60739 42718.200576 -0.24930219876212248 -0.7112787311347935 0.5356271184662236 -0.38083404560414436
60739 43138.200576 -0.40198452791669953 -0.6375775123150282 0.43687272479089534 -0.4909639268210521
60739 43558.200576 -0.5342810130812076 -0.5316349299926387 0.3160337895363774 -0.5762210896382719
60739 43978.200576 -0.6397364396356567 -0.39849143946119897 0.1789133847473818 -0.6324016613171337
60739 44398.200576 -0.7129250819707272 -0.24445845015590628 0.032124099585136595 -0.6564647255338617
60739 44818.200576 -0.74971567660644 -0.07706662806027358 -0.11702583475438788 -0.6467550487549408
60739 45238.200576 -0.7476535654199314 0.0951387064785752 -0.2607928949876036 -0.6032825528460379
60739 45658.200576 -0.7063425043014967 0.2629811348001494 -0.3914035740809619 -0.527943587472151
60739 46078.200576 -0.6276869486130594 0.4172704441417474 -0.501623535051211 -0.4245801456371951
60739 46498.200576 -0.5158826444813944 0.5495104170659111 -0.585341109432666 -0.2987962253226557
60739 46918.200576 0.37715079020964887 -0.6525473434996978 0.638056424140274 0.15755394488571703
60739 47338.200576 0.21920842726687656 -0.7210923930894682 0.6571904800362472 0.00860807721928745
60739 47758.200576 0.050645511828387245 -0.7519681508178081 0.6421502769705639 -0.140078385462979
60739 48178.200576 -0.11970821229827593 -0.7441241098307975 0.5941923898655924 -0.28086412533944216
60739 48598.200576 -0.28331126704933524 -0.6984453835098063 0.5161466921018706 -0.4068185891144068
60739 49018.200576 -0.43222395206768227 -0.6174914947667203 0.4121040924111978 -0.5119149598983198
60739 49438.200576 -0.559294869486145 -0.5052623863240815 0.28717362542462516 -0.5911264490724871
60739 49858.200576 -0.6582710293333013 -0.36707286617538765 0.14734368040407037 -0.6404893462839527
60739 50278.200576 -0.7239735314056586 -0.20950309630007033 -6.083561393517905E-4 -0.6572445575031497
60739 50698.200576 -0.752595232272725 -0.04032490740064315 -0.14925138715310718 -0.6400768247924353
60739 51118.200576 -0.7420920667899474 0.13173722991807926 -0.29079211609550665 -0.589393427073659
60739 51538.200576 -0.692547540388822 0.2974453555612123 -0.41752396447480133 -0.5075213333897418
60739 51958.200576 -0.6063673755053746 0.4476979290115068 -0.5224098900371583 -0.3987142799962098
60739 52378.200576 -0.48821562531250445 0.5742331371929459 -0.599657235476244 -0.26891077942554814
60739 52798.200576 0.34468311579122934 -0.6702632376838208 0.6451672623757599 0.12529942320944332
60739 53218.200576 0.18372899552146849 -0.7309395345289528 0.6567968645065895 -0.0242679179490704
60739 53638.200576 0.014044963343972865 -0.7535482625166501 0.634376025233208 -0.17185695700820627
60739 54058.200576 -0.15556406698135022 -0.7374716259190296 0.5795368544038983 -0.3099555716811678
60739 54478.200576 -0.31666453742941103 -0.6839781890398653 0.49540799329216184 -0.43181978629353784
60739 54898.200576 -0.46147562598375824 -0.5959515059316125 0.3863196460893026 -0.5316382042763461
60739 55318.200576 -0.5830292292648502 -0.47767692896912667 0.25758444122665336 -0.6046089025075725
60739 55738.200576 -0.6752826985058851 -0.3347421047519713 0.11537079928125346 -0.6470166760432339
60739 56158.200576 -0.7333178957455674 -0.1739940326997467 -0.03338499707584499 -0.65639651304255
60739 56578.200576 -0.7536705137795066 -0.003433553812635088 -0.1811440961056583 -0.631787768015189
60739 56660.999904 -0.043604440084728566 0.00114182267649153 -0.07838442526632121 -0.9959684889199765
60739 56750.999904 -0.04348458530662936 0.0033984957196672577 -0.1298546402446127 -0.9905732246908838
60739 56840.999904 -0.043246803612356076 0.005646059880154892 -0.18097288871220732 -0.9825205593453519
60739 56930.999904 -0.042891657088908235 0.007879247768867247 -0.2316179345860486 -0.9718288715534527
60739 57020.999904 -0.042420181751323525 0.010091602847223003 -0.2816420390674595 -0.95852827269835
60739 57110.999904 -0.04183367043085497 0.012277289433134836 -0.33091207119289245 -0.9426539202280377
60739 57200.999904 -0.041133717253421964 0.014430543295414206 -0.3792970421360186 -0.9242475483072606
60739 57290.999904 -0.040322239046385266 0.016545661268206564 -0.4266681044651394 -0.9033574523761946
60739 57380.999904 -0.039401490118885746 0.01861700347289165 -0.47289892708081965 -0.8800383710520305
60739 57470.999904 -0.038374054222264205 0.020638999192406037 -0.5178659949361555 -0.854351376755295
60739 57560.999904 -0.037242808621474346 0.022606169260210057 -0.5614489105303306 -0.8263637547603765
60739 57650.999904 -0.036010876197265534 0.024513163484236773 -0.6035306900731847 -0.7961488728568833
60739 57740.999904 -0.03468159104461497 0.026354799499843096 -0.6439980567188844 -0.7637860398882909
60739 57830.999904 -0.03325849487438213 0.028126085128364346 -0.6827417349666803 -0.7293603493395633
60739 57920.999904 -0.03174536130053929 0.029822214976018845 -0.7196567477280177 -0.6929625047427563
60739 58010.999904 -0.030146226971241707 0.03143854902244455 -0.7546427138809827 -0.6546886260056051
60739 58100.999904 -0.028465404807973684 0.03297059456453313 -0.7876041422624883 -0.6146400375131361
60739 58190.999904 -0.02670746718349457 0.03441401263976863 -0.8184507185708035 -0.5729230386374837
60739 58280.999904 -0.0248772062484943 0.035764654929169505 -0.847097583027743 -0.5296486560878104
60739 58370.999904 -0.02297959137048419 0.03701861703394339 -0.873465597273784 -0.48493237750483453
60739 58460.999904 -0.02101974201088095 0.0381722830216773 -0.8974815988117073 -0.4388938676366881
60739 58550.999904 -0.019002921176293944 0.039222342274455986 -0.9190786415280136 -0.39165667049125324
60739 58640.999904 -0.016934540261276547 0.04016577878891348 -0.9381962219946933 -0.34334790023430095
60739 58730.999904 -0.014820160506459302 0.04099985163038682 -0.9547804924097767 -0.2940979196162283
60739 58820.999904 -0.012665481802423027 0.041722090106814096 -0.968784460575874 -0.24404000023468325
60739 58910.999904 -0.010476320343972318 0.04233031528161738 -0.9801681749326415 -0.1933099582779533
60739 59000.999904 -0.00825858401190708 0.04282267972505929 -0.9888988900477969 -0.14204576429277507
60739 59090.999904 -0.0060182536189271555 0.04319770424603081 -0.994951207427295 -0.09038713299036692
60739 59180.999904 -0.003761371478523236 0.043454292756287066 -0.9983071886630983 -0.038475103498656175
60739 59270.999904 -0.0014940324667790644 0.043591721710290854 -0.9989564410012343 0.013548381728762384
60739 59360.999904 7.776282727387274E-4 0.04360961690455637 -0.9968961767866678 0.06554089803956108
60739 59450.999904 0.003047452833258987 0.04350793605836924 -0.9921312470284175 0.11735996421696467
60739 59540.999904 0.005309280493939342 0.04328696753736748 -0.9846741471810426 0.16886347697279616
60739 59630.999904 0.007556966329217772 0.042947341186003594 -0.9745449926595168 0.21991015307896594
60739 59720.999904 0.009784397615402963 0.042490037916086645 -0.9617714633801736 0.27035997201648143
60739 59810.999904 0.011985510592754753 0.041916386971800515 -0.946388719023412 0.32007461090234357
60739 59900.999904 0.014154310327784131 0.04122805071552328 -0.928439287337162 0.3689178676375079
60739 59990.999904 0.01628489293826283 0.040427006991000096 -0.9079729261599901 0.4167560734148982
60739 60080.999904 -0.01837146558595224 -0.03951554058575473 0.8850464580044337 -0.46345849703964387
60739 60170.999904 -0.020408359367445367 -0.038496247430510576 0.8597235764889404 -0.5088977400527175
60739 60260.999904 -0.022390034437497743 -0.03737204460927633 0.8320746267879131 -0.552950117185416
60739 60350.999904 -0.024311082233642263 -0.036146174160133375 0.8021763649444619 -0.5954960158546015
60739 60440.999904 -0.026166232031753087 -0.03482219225323752 0.7701117004956646 -0.6364202322268006
60739 60530.999904 -0.027950366354495503 -0.03340394401848646 0.7359694234136769 -0.6756122862595079
60739 60620.999904 -0.02965854435202085 -0.031895531220271646 0.6998439131652363 -0.7129667194481557
60739 60710.999904 -0.03128602863256183 -0.030301280810505538 0.6618348282708335 -0.7483833756046173
60739 60800.999904 -0.03282831158649948 -0.028625718304897536 0.6220467792032311 -0.7817676603011888
60739 60890.999904 -0.03428114022565361 -0.0268735456934043 0.5805889918906451 -0.8130307733795185
60739 60980.999904 -0.035640539727054325 -0.025049622900649746 0.5375749690263687 -0.8420899126558863
60739 61070.999904 -0.036902832952186854 -0.023158954069875497 0.4931221512478828 -0.8688684524800936
60739 61160.999904 -0.03806464878069626 -0.021206681298733657 0.447351574386867 -0.8932961032463355
60739 61250.999904 -0.03912291194544735 -0.01919808584777 0.4003875179759633 -0.9153090552975744
60739 61340.999904 -0.04007481489619887 -0.017138591336858466 0.35235714551283487 -0.9348501055806061
60739 61430.999904 -0.04091778511245145 -0.01503375971797921 0.3033901441387755 -0.9518687626819604
60739 61520.999904 -0.04164947021800863 -0.012889273118923867 0.2536183735375492 -0.9663213279614566
60739 61610.999904 -0.04226775936071408 -0.01071090273191482 0.20317552801458685 -0.9781709553535548
60739 61700.999904 -0.04277084144477366 -0.008504474508086243 0.15219680596029786 -0.9873876955334874
60739 61790.999904 -0.043157278199598144 -0.006275844056222381 0.10081857534452772 -0.9939485288410483
60739 61880.999904 -0.04342605733722182 -0.004030887363079921 0.04917802777555338 -0.9978373870903602
60739 61970.999904 -0.043576598145710334 -0.0017755035675766715 -0.002587175428638016 -0.9990451612436898
60739 62060.999904 -0.043608706334060304 4.843815102563975E-4 -0.054339252218838896 -0.9975696926905506
60739 62150.999904 -0.04352250243701684 0.002742821615247068 -0.10594063036326991 -0.9934157495980421
60739 62240.999904 -0.04331836144252536 0.0049938683646027415 -0.15725425520270217 -0.9865949929233044
60739 62330.999904 -0.04299689176424344 0.007231596752052507 -0.20814392911772034 -0.9771259264181189
60739 62420.999904 -0.04255895544430393 0.00945012933393201 -0.258474729738418 -0.965033804824325
60739 62510.999904 -0.04200572044883202 0.011643603492924452 -0.30811236999005925 -0.950350837010408
60739 62600.999904 -0.041338675736933214 0.013806254922883242 -0.3569253335244548 -0.9331156452990046
60739 62690.999904 -0.040559647776092916 0.015932358544037465 -0.40478371391025414 -0.9133735379769468
60739 62780.999904 -0.039670775018961255 0.018016263690946097 -0.4515599904248776 -0.8911763119043827
60739 62870.999904 -0.03867448095797511 0.020052414254328056 -0.497129324347762 -0.8665821484883829
60739 62960.999904 -0.03757346229660296 0.022035365199997888 -0.5413698524538301 -0.8396555010631841
60739 63050.999904 -0.03637069690719004 0.023959788119725066 -0.5841629861063911 -0.810466968249174
60739 63140.999904 -0.03506945832464119 0.025820467993047033 -0.625393714448164 -0.7790931513331153
60739 63230.999904 -0.03367331655766423 0.027612303546956537 -0.6649509075058759 -0.745616495962871
60739 63320.999904 -0.0321861140586636 0.02933032507843044 -0.7027276137247597 -0.7101251206662818
60739 63410.999904 -0.030611923627482038 0.030969733460955114 -0.7386213493260367 -0.6727126340875185
60739 63500.999904 -0.028955008369907508 0.03252594850132509 -0.7725343811296497 -0.6334779397398278
60739 63590.999904 -0.027219802897131006 0.03399464529752211 -0.8043740062763765 -0.5925250243223732
60739 63680.999904 -0.025410920702077018 0.035371761965547206 -0.8340528304072475 -0.5499627256952825
60739 63770.999904 -0.02353317550946432 0.03665347927647734 -0.8614890423258577 -0.5059044791853953
60739 63860.999904 -0.02159159626825828 0.037836191116400575 -0.8866066808887104 -0.4604680434252699
60739 63950.999904 -0.019591421144802532 0.03891649129975161 -0.9093358899711766 -0.4137752072475724
60739 64040.999904 -0.017538070235766676 0.03989119200760847 -0.9296131586928048 -0.3659514777642026
60739 64130.999904 -0.015437109176212388 0.04075736876864195 -0.9473815449711445 -0.31712574919016895
60739 64220.999904 -0.0132942183909561 0.04151241047987618 -0.9625908805374129 -0.26742995389397195
60739 64310.999904 -0.011115175389091153 0.042154051632706475 -0.9751979557694865 -0.21699870015746953
60739 64400.999904 -0.008905847116133762 0.042680377877731004 -0.9851666838014448 -0.16596890178290105
60739 64490.999904 -0.006672183786990233 0.043089814637358434 -0.9924682446142875 -0.11447940107401587
60739 64580.999904 -0.004420207701348441 0.0433811181594906 -0.9970812096440049 -0.06267058102457058
60739 64670.999904 -0.0021559968569773756 0.0435533828869236 -0.9989916453708347 -0.010683959749555985
60739 64760.999904 1.1433231041494954E-4 0.04360606350999419 -0.998193191908541 0.04133823630398101
60739 64850.999904 0.0023846394106258094 0.043538996877638785 -0.9946871121338035 0.09325351575508949
60739 64940.999904 0.00464877238047958 0.04335240787894133 -0.9884823091917248 0.14491957100905245
60739 65030.999904 0.006900581342594867 0.04304689454833585 -0.9795953135297448 0.19619472102337426
60739 65120.999904 0.009133936906641969 0.042623401827370094 -0.9680502421497938 0.24693834349281094
60739 65210.999904 0.011342751812912897 0.04208319973653265 -0.9538787313937263 0.2970112995761966
60739 65300.999904 0.013521001797363999 0.041427875956510485 -0.9371198420023886 0.3462763568734456
60739 65390.999904 0.015662742540068147 0.04065934025632046 -0.9178199343217794 0.3945986121460752
60739 65480.999904 0.017762123745190418 0.039779828921027445 -0.8960325135437043 0.44184590848351846
60739 65570.999904 -0.019813404796918684 -0.03879189814657075 0.8718180479485296 -0.48788923835206166
60739 65660.999904 -0.021810975509629987 -0.037698404825341945 0.8452437642551021 -0.5326031267358541
60739 65750.999904 -0.023749380530112794 -0.03650248324026909 0.8163834222899586 -0.5758659943527354
60739 65840.999904 -0.025623341073810816 -0.03520752903522479 0.7853170683613037 -0.6175605042680893
60739 65930.999904 -0.02742776737674068 -0.03381719572529646 0.7521307662173505 -0.6575738934593629
60739 66020.999904 -0.02915776041740712 -0.03233539919405665 0.7169163073042975 -0.6957982863499825
60739 66110.999904 -0.030808608429004493 -0.030766319642738835 0.6797709056868727 -0.7321309848681162
60739 66200.999904 -0.03237578717183419 -0.029114392199403448 0.6407968836901556 -0.766474731758881
60739 66290.999904 -0.033854970339331825 -0.027384284606798086 0.6001013508824629 -0.7987379486470767
60739 66380.999904 -0.03524205015008613 -0.02558086722917117 0.5577958743855137 -0.8288349532033037
60739 66470.999904 -0.03653316321357001 -0.023709182597441623 0.5139961371775963 -0.8566861581773582
60739 66560.999904 -0.037724716520548096 -0.02177441896636109 0.46882158474403957 -0.882218250842845
60739 66650.999904 -0.03881341165745129 -0.01978188856978654 0.42239506602694615 -0.905364348843168
60739 66740.999904 -0.039796267545381056 -0.017737009862985965 0.3748424768145348 -0.926064130147649
60739 66830.999904 -0.04067063985344756 -0.015645294189209544 0.32629240995870284 -0.9442639392812722
60739 66920.999904 -0.04143423034684715 -0.013512338240773735 0.2768758100634802 -0.9599168750847769
60739 67010.999904 -0.04208507761180469 -0.011343821891876561 0.22672562659138984 -0.9729828642859213
60739 67100.999904 -0.04262152680214468 -0.009145507078792416 0.17597646228232836 -0.9834287212990691
60739 67190.999904 -0.043042189018185545 -0.006923230955351409 0.12476422090530809 -0.9912281916993448
60739 67280.999904 -0.04334591240102329 -0.004682888843048667 0.07322576299915914 -0.99636197742758
60739 67370.999904 -0.04353178705034204 -0.002430409111494502 0.021498575454811635 -0.9988177450772329
60739 67460.999904 -0.043599190730109434 -1.7172853234521685E-4 -0.030279547867326867 -0.9985901211497843
60739 67550.999904 -0.043547858929165635 0.0020872224922983875 -0.08197082457956512 -0.9956806774276075
60739 67640.999904 -0.0433779455205796 0.004340521741069288 -0.1334378105035916 -0.9900979064928056
60739 67730.999904 -0.043090041341922396 0.006582250650736983 -0.1845437402058023 -0.9818571842505281
60739 67820.999904 -0.04268513828270976 0.008806498031206323 -0.23515293008761284 -0.9709807021941387
60739 67910.999904 -0.04216455602416977 0.011007376726002327 -0.2851311337848066 -0.9574973756723761
60739 68000.999904 -0.0415298786902911 0.013179019837814027 -0.3343451126597691 -0.9414430031885151
60739 68090.999904 -0.04078290136352605 0.015315671024802488 -0.3826642685953477 -0.9228598174792424
60739 68180.999904 -0.039925646352557326 0.017411662931592794 -0.42995997323151414 -0.9017966501246513
60739 68270.999904 -0.03896039780006576 0.019461433454056643 -0.4761061231606719 -0.8783087723005442
60739 68360.999904 -0.037889738928682 0.021459521196420247 -0.5209794449953641 -0.8524577846006565
60739 68450.999904 -0.036716564524204326 0.02340056507199753 -0.5644598065032745 -0.8243114910554972
60739 68540.999904 -0.03544406391706432 0.02527931786236047 -0.6064305247103972 -0.793943759419349
60739 68630.999904 -0.03407568984507222 0.027090671912295042 -0.6467786650159615 -0.7614343709979827
60739 68720.999904 -0.03261513496113516 0.02882968465247555 -0.6853953332809418 -0.7268688598165507
60739 68810.999904 -0.03106632762949726 0.030491590940274305 -0.7221759661373173 -0.6903383374137496
60739 68900.999904 -0.02943344107294221 0.03207179978725419 -0.7570206221814921 -0.6519392991659256
60739 68990.999904 -0.027720898470457753 0.033565887315766596 -0.7898342715517919 -0.6117734110591487
60739 69080.999904 -0.025933359303104843 0.03496960442443138 -0.8205270784276948 -0.5699472793237691
60739 69170.999904 -0.024075686208139383 0.03627891022733211 -0.8490146723362395 -0.5265722060307705
60739 69260.999904 -0.022152905876058167 0.03749002481370346 -0.8752184078783493 -0.48176393110277776
60739 69350.999904 -0.020170181640088478 0.038599479368676984 -0.8990656149574752 -0.435642357865038
60739 69440.999904 -0.01813280694693392 0.03960413987455862 -0.9204898408762772 -0.3883312584129528
60739 69530.999904 -0.016046214644633357 0.04050119493764633 -0.9394310828719015 -0.33995795730991185
60739 69620.999904 -0.013915987312386004 0.041288119726506284 -0.9558360073318037 -0.29065299508962095
60739 69710.999904 -0.011747854829767751 0.041962642203506574 -0.9696581515213495 -0.2405497739645558
60739 69800.999904 -0.009547675033868176 0.04252273530805188 -0.9808581045808344 -0.18978418680559728
60739 69890.999904 -0.007321403886730095 0.04296664165433555 -0.9894036654403936 -0.13849422934977831
60739 69980.999904 -0.005075065884255456 0.04329291766702712 -0.9952699757058154 -0.08681959712352928
60739 70070.999904 -0.002814731950654382 0.04350047494829665 -0.9984396262012739 -0.03490127210258679
60739 70160.999904 -5.465050756601367E-4 0.043588602834518195 -0.9989027372610132 0.01711889387759296
60739 70250.999904 0.0017234906724416274 0.043556971241465736 -0.9966570142584912 0.06909859452638621
60739 70340.999904 0.003989121752414659 0.043405625051150434 -0.9917077797017044 0.12089548503016541
60739 70430.999904 0.006244258045511155 0.04313498213203315 -0.9840679810310718 0.172367605040391
60739 70520.999904 0.008482785524080879 0.04274583779444738 -0.9737581706540709 0.22337381401014905
60739 70610.999904 0.010698618243349773 0.04223936798442467 -0.9608064542771673 0.27377423688012936
60739 70700.999904 0.012885711923534956 0.04161712084844598 -0.9452484062252823 0.3234307100586976
60739 70790.999904 0.015038082303566144 0.040880993437123925 -0.9271269543178497 0.37220721518199096
60739 70880.999904 0.017149828832447606 0.0400332010358383 -0.9064922387904446 0.41997029323337765
60739 70970.999904 -0.019215160018122287 -0.03907625194057338 0.8834014481593947 -0.46658944003228275
60739 71060.999904 -0.021228414819789154 -0.03801293607278865 0.8579186315461298 -0.5119374890954765
60739 71150.999904 -0.023184077163155254 -0.03684632522027229 0.8301144852780595 -0.5558909859094652
60739 71240.999904 -0.025076786236570697 -0.03557977425888288 0.8000661134397513 -0.5983305512683966
60739 71330.999904 -0.026901349031444765 -0.03421691279517807 0.7678567658390877 -0.639141226533066
60739 71420.999904 -0.02865275996489829 -0.032761624732214306 0.7335755589539773 -0.6782127944802127
60739 71510.999904 -0.03032622607120712 -0.03121802267810672 0.6973171837904074 -0.7154400745436074
60739 71600.999904 -0.031917190042300744 -0.029590427674280738 0.6591816008684463 -0.7507231957561783
60739 71690.999904 -0.03342134256332902 -0.027883360177819096 0.6192737206135844 -0.7839678507718713
60739 71780.999904 -0.034834621160070856 -0.02610153961834696 0.5777030694802039 -0.8150855306722952
60739 71870.999904 -0.036153201163818795 -0.024249883823693832 0.5345834463742484 -0.8439937369689285
60739 71960.999904 -0.03737348924800341 -0.02233350016598449 0.49003257608865425 -0.8706161676902645
60739 72050.999904 -0.03849212786249412 -0.02035766609113102 0.4441717639083052 -0.8948828781860362
60739 72140.999904 -0.03950601177232245 -0.018327802863228448 0.3971255501406093 -0.916730420626244
60739 72230.999904 -0.04041231144234516 -0.016249448686582218 0.3490213599534842 -0.9361019660258648
60739 72320.999904 -0.041208496723869635 -0.014128235435634788 0.2999891459189922 -0.9529474094051715
60739 72410.999904 -0.041892357850042285 -0.011969869907420685 0.25016102653728534 -0.9672234557587895
60739 72500.999904 -0.042462024450766384 -0.00978011887193823 0.1996709284423568 -0.9788936847734592
60739 72590.999904 -0.04291598258779937 -0.007564797709103349 0.14865423865078808 -0.9879285953981181
60739 72680.999904 -0.04325308480631831 -0.0053297630172780205 0.09724746692899343 -0.9943056343282036
60739 72770.999904 -0.043472544251088464 -0.0030809082145534404 0.04558791256284803 -0.9980092124469958
60739 72860.999904 -0.04357390718561581 -8.241583254050975E-4 -0.006186670295822019 -0.9990307104820576
60739 72950.999904 -0.04355700981233685 0.0014345411857025437 -0.05793840884783571 -0.9973684724152732
60739 73040.999904 -0.04342193855520622 0.003689243868654632 -0.10952964341270675 -0.9930277850824069
60739 73130.999904 -0.043169017552313435 0.005934026204772667 -0.16082324930269432 -0.986020844475558
60739 73220.999904 -0.04279883646584715 0.008163007794950956 -0.21168296850997223 -0.9763667065932324
60739 73310.999904 -0.0423123099863264 0.010370358138236089 -0.2619737274310836 -0.9640912250568252
60739 73400.999904 -0.04171074206664914 0.012550282634626734 -0.3115617947713251 -0.9492270289245409
60739 73490.999904 -0.040995855843852 0.0146970176701013 -0.3603152405547057 -0.931813428159972
60739 73580.999904 -0.04016977055733105 0.016804835390465477 -0.40810436169298464 -0.9118962753559378
60739 73670.999904 -0.039234938842625904 0.018868057724969505 -0.45480182397769653 -0.8895279179869865
60739 73760.999904 -0.03819406836702914 0.020881099688221983 -0.5002830292418894 -0.864767068909278
60739 73850.999904 -0.03705006775041366 0.022838513217247815 -0.5444264023749101 -0.8376786897079499
60739 73940.999904 -0.035806036075036664 0.024735016087318054 -0.5871136726912268 -0.8083338679646995
60739 74030.999904 -0.034465289429503713 0.026565497046649806 -0.6282301618485011 -0.776809681926668
60739 74120.999904 -0.03303139810756225 0.02832500408345704 -0.6676650823040222 -0.7431890464442376
60739 74210.999904 -0.031508206596946704 0.030008733928849743 -0.7053118414689918 -0.7075605381086846
60739 74300.999904 -0.02989982427342473 0.03161203916415473 -0.7410683422442841 -0.6700182024479716
60739 74390.999904 -0.028210595467255253 0.03313045559343079 -0.7748372731133164 -0.6306613476421989
60739 74480.999904 -0.02644506897733459 0.0345597367992396 -0.8065263871833575 -0.589594326377139
60739 74570.999904 -0.024607982771573975 0.03589587691701991 -0.8360487738445262 -0.5469263030403055
60739 74660.999904 -0.022704264724807917 0.03713511159890889 -0.8633231259520333 -0.5027710015964048
60739 74750.999904 -0.020739036829603073 0.038273904798890646 -0.8882740012124606 -0.4572464317332953
60739 74840.999904 -0.0187176080062217 0.039308942287751385 -0.9108320729295726 -0.41047459498678035
60739 74930.999904 -0.016645449987254906 0.04023715109606823 -0.9309343652438493 -0.3625811747380513
60739 75020.999904 -0.014528163704330688 0.041055747372005645 -0.9485244707999724 -0.3136952125244161
60739 75110.999904 -0.012371450209431164 0.041762294522293214 -0.9635527514737603 -0.26394876984614796
60739 75200.999904 -0.01018109606941408 0.042354743499193 -0.9759765231726977 -0.21347657295749278
60739 75290.999904 -0.007962972289379179 0.042831435240265864 -0.985760224021727 -0.16241563953084115
60739 75380.999904 -0.005723036616931706 0.043191066604205325 -0.9928755633183213 -0.11090488890395446
60739 75470.999904 -0.003467327877639543 0.0434326416844899 -0.997301647896711 -0.05908473894501335
60739 75560.999904 -0.0012019475868145946 0.043555436973738614 -0.9990250828697174 -0.007096691424862112
60739 75650.999904 0.001066967265585217 0.04355899821229984 -0.9980400442581865 0.04491709376965723
60739 75740.999904 0.0033332719230842723 0.043443167153341254 -0.9943483215394404 0.0968142343752775
60739 75830.999904 0.0055908356042186766 0.0432081211826088 -0.9879593292606009 0.14845256666039555
60739 75920.999904 0.007833556112557307 0.04285440642987287 -0.9788900888634149 0.19969058358658387
60739 76010.999904 0.010055370178631238 0.04238295435993603 -0.9671651837072722 0.250387863393521
60739 76100.999904 0.012250262754038862 0.041795083810344004 -0.9528166901967949 0.3004054874901061
60739 76190.999904 0.014412276522246383 0.04109249602925492 -0.9358840853612383 0.349606452776676
60739 76280.999904 0.01653552171672928 0.040277267169856655 -0.9164141279876568 0.3978560849044619
60739 76370.999904 0.018614187437324223 0.03935183608076187 -0.8944607094466223 0.44502245367999815
60739 76460.999904 -0.020642557460157966 -0.03831898246064749 0.870084673083055 -0.4909767836371062
60739 76550.999904 -0.02261503312587954 -0.03718179459683032 0.8433536056753244 -0.53559384819255
60739 76640.999904 -0.024526162192773038 -0.03594363339777766 0.8143416072602915 -0.5787523384583299
60739 76730.999904 -0.026370667914198714 -0.03460810341636231 0.7831290442477532 -0.6203352054391901
60739 76820.999904 -0.028143471132520696 -0.03317903796480943 0.7498022865443822 -0.6602299808136244
60739 76910.999904 -0.029839702024699856 -0.03166049644947348 0.7144534263141828 -0.698329082006166
60739 77000.999904 -0.0314547051124272 -0.03005676439340221 0.6771799769387709 -0.7345301023604789
60739 77090.999904 -0.032984045991559116 -0.028372345983955 0.6380845548388128 -0.7687360818704606
60739 77180.999904 -0.03442352671256371 -0.026611945591365378 0.5972745501863053 -0.8008557528420822
60739 77270.999904 -0.03576920937076838 -0.024780443267189957 0.554861791957273 -0.8308037584883904
60739 77360.999904 -0.03701743955910892 -0.022882873307658806 0.5109622088177159 -0.8585008470804174
60739 77450.999904 -0.03816485909693928 -0.020924411951574788 0.46569548388010634 -0.8838740457826925
60739 77540.999904 -0.039208403056664135 -0.018910373085195435 0.4191847018550706 -0.9068568159583961
60739 77630.999904 -0.0401452858020583 -0.01684620516090063 0.3715559911298491 -0.9273891884506005
60739 77720.999904 -0.040972987562810016 -0.014737482308610425 0.322938166796792 -0.9454178765663936
60739 77810.999904 -0.0416892521720484 -0.012589887203166615 0.27346237978178445 -0.9608963668562963
60739 77900.999904 -0.042292098999526025 -0.010409188598753718 0.22326177216677062 -0.9737849907674091
60739 77990.999904 -0.042779843748168137 -0.008201218708501969 0.17247113387780472 -0.9840509808742035
60739 78080.999904 -0.043151119654271916 -0.005971854084535671 0.12122655569360848 -0.9916685131766765
60739 78170.999904 -0.043404894022101626 -0.003727000692238134 0.06966507851893192 -0.9966187342588545
60739 78260.999904 -0.04354048066040384 -0.0014725822464537186 0.017924344768970757 -0.9988897716515028
60739 78350.999904 -0.043557550744566596 7.854688090820902E-4 -0.033857740804034475 -0.9984767279208521
60739 78440.999904 -0.043456140732221656 0.0030412178008985906 -0.08554333798030471 -0.9953816615520582
60739 78530.999904 -0.04323665010525957 0.0052887331295810025 -0.1369949897202368 -0.9896135580018656
60739 78620.999904 -0.04289982080551534 0.007522094383450934 -0.18807594483071274 -0.9811882910262311
60739 78710.999904 -0.04244669800718323 0.009735408550995773 -0.23865050233342217 -0.9701285674510557
60739 78800.999904 -0.041878585786748836 0.011922832949250839 -0.28858431050306993 -0.9564638654117749
60739 78890.999904 -0.04119702313845724 0.014078591901312809 -0.3377444385236124 -0.9402304466358105
60739 78980.999904 -0.04040378498588485 0.016197019433263207 -0.386000198024443 -0.9214711269732675
60739 79070.999904 -0.03950092861795448 0.01827254621023101 -0.43322307346396693 -0.9002352799750455
60739 79160.999904 -0.038490850097459346 0.020299688291566094 -0.4792870962544795 -0.8765787223507022
60739 79250.999904 -0.03737632300381084 0.022273027815297847 -0.5240691700821305 -0.8505635941421904
60739 79340.999904 -0.036160493975701605 0.0241872065425498 -0.5674493866688821 -0.8222582266442889
60739 79430.999904 -0.034846832286267095 0.026036947470928235 -0.6093113381757882 -0.791736994725167
60739 79520.999904 -0.03343905582116903 0.027817103797885545 -0.6495424170778382 -0.7590801582828827
60739 79610.999904 -0.03194106751995043 0.029522717646380998 -0.688034100918827 -0.7243736972870284
60739 79700.999904 -0.030356927778546157 0.03114906395054643 -0.724682227940183 -0.6877091400137892
60739 79790.999904 -0.028690865613518367 0.03269166338424575 -0.7593872730482097 -0.6491833784901782
60739 79880.999904 -0.026947309444227952 0.03414626741839211 -0.7920546295769676 -0.6088984633752996
60739 79970.999904 -0.025130910619872243 0.035508835880714795 -0.8225948943561605 -0.5669613740679251
60739 80060.999904 -0.02324654248184512 0.03677553085204168 -0.850924147885084 -0.5234837658793577
60739 80150.999904 -0.021299276332808946 0.03794273778451806 -0.8769642216671057 -0.47858169980988774
60739 80240.999904 -0.01929434978590151 0.03900710439055384 -0.9006429495873574 -0.43237535918688597
60739 80330.999904 -0.017237143897853073 0.039965574664088406 -0.9218944049428399 -0.3849887528839004
60739 80420.999904 -0.015133174773047587 0.04081539904703449 -0.9406591256445773 -0.3365494013714762
60739 80510.999904 -0.012988092477643444 0.041554119887670674 -0.9568843273094593 -0.2871880024020448
60739 80600.999904 -0.010807674891915097 0.04217955093138611 -0.9705241005673607 -0.23703807682432124
60739 80690.999904 -0.008597809422048547 0.04268977615685418 -0.9815395878954225 -0.18623559831273917
60739 80780.999904 -0.00636446590501003 0.04308318136819268 -0.9898991370172318 -0.134918610982619
60739 80870.999904 -0.004113670872834445 0.043358509271394334 -0.9955784303993335 -0.08322683647305065
60739 80960.999904 -0.0018514915366512458 0.043514910832197516 -0.9985605915567967 -0.03130127000771521
60739 81050.999904 4.1597049279102277E-4 0.043551964957870434 -0.9988362683330233 0.020716234682445798
60739 81140.999904 0.0026825836370954117 0.04346965562906514 -0.9964036921168615 0.07268338957703517
60739 81230.999904 0.004942198255949347 0.04326831922507209 -0.9912687111721771 0.12445790243647517
60739 81320.999904 0.007188669740783684 0.04294858982275696 -0.9834447959945579 0.17589791042197456
60739 81410.999904 0.00941588863403006 0.04251136816970404 -0.9729530145145694 0.22686241681817543
60739 81500.999904 0.011617809346274736 0.04195782402397208 -0.9598219752130192 0.27721173028453455
60739 81590.999904 0.013788470797143997 0.04128942317566233 -0.9440877375678824 0.32680790287392764
60739 81680.999904 0.015922007718020888 0.04050796089675712 -0.9257936919088675 0.3755151592092695
60739 81770.999904 0.018012655922807784 0.03961558621703172 -0.9049904133574819 0.4232003087030321
60739 81860.999904 -0.020054755859816382 -0.03861481105998444 0.8817354948755076 -0.4697331372288403
60739 81950.999904 -0.02204275708675521 -0.03750850643288967 0.856093361595113 -0.5149867814206179
60739 82040.999904 -0.02397122486199119 -0.03629988969851124 0.8281350643505694 -0.55883809245574
60739 82130.999904 -0.025834850536236645 -0.03499250408812325 0.7979380481832582 -0.6011679935067281
60739 82220.999904 -0.027628468666840995 -0.03359018938113328 0.7655858937923232 -0.6418618279058778
60739 82310.999904 -0.029347082999308854 -0.032097044708075916 0.7311680351401769 -0.6808096891420482
60739 82400.999904 -0.03098589944070918 -0.030517389405361795 0.694779460590228 -0.717906723830947
60739 82490.999904 -0.0325403590669895 -0.028855730938674447 0.6565204046148619 -0.7530534045790672
60739 82580.999904 -0.03400616230520368 -0.027116746372857006 0.6164960326079266 -0.7861557764019219
60739 82670.999904 -0.03537927936763132 -0.025305276595530196 0.5748161166213088 -0.8171256828911013
60739 82760.999904 -0.036655950020679395 -0.023426325522334326 0.5315946989967206 -0.8458809754328259
60739 82850.999904 -0.037832682342952284 -0.02148505490233424 0.48694974441496586 -0.8723457038220458
60739 82940.999904 -0.03890626006338339 -0.019486770107729704 0.4410027853779189 -0.8964502841806489
60739 83030.999904 -0.03987376077386305 -0.01743689960714032 0.3938785673446901 -0.9181316419339515
60739 83120.999904 -0.040732577755301196 -0.015340975168590058 0.34570469659592146 -0.9373333315004897
60739 83210.999904 -0.04148043344642411 -0.013204618350776234 0.29661128945115045 -0.9540056366004517
60739 83300.999904 -0.04211537657619861 -0.011033533313998506 0.24673061994575335 -0.9681056540376355
60739 83390.999904 -0.04263576514698918 -0.008833501083095325 0.19619676582958862 -0.9795973610963615
60739 83480.999904 -0.043040246587564085 -0.006610369769987515 0.14514525689666236 -0.9884516652753373
60739 83570.999904 -0.043327747964551466 -0.004370038813786703 0.09371273079210461 -0.9946464362297655
60739 83660.999904 -0.043497482218375405 -0.0021184397141047716 0.0420365978980294 -0.9981665220247568
60739 83750.999904 -0.04354896627304142 1.3848243822645964E-4 -0.009745288478901933 -0.9990037526013738
60739 83840.999904 -0.04348204090223931 0.002394783877043287 -0.06149496273336891 -0.9971569318254674
60739 83930.999904 -0.04329688409096053 0.004644533585854709 -0.11307468153179082 -0.9926318172073006
60739 84020.999904 -0.04299401658863252 0.0068818227559042525 -0.1643472610117582 -0.985441085428787
60739 84110.999904 -0.04257430368993703 0.009100773478495982 -0.21517642002670342 -0.9756042808700164
60739 84200.999904 -0.04203895668291105 0.011295544954643572 -0.2654270899805555 -0.9631477543397192
60739 84290.999904 -0.04138953195261917 0.01346033634141855 -0.3149656551751346 -0.948104615562237
60739 84380.999904 -0.040627917896531425 0.015589397572814162 -0.3636603081385785 -0.9305146550459393
60739 84470.999904 -0.03975630354180043 0.017677050450496994 -0.41138145822392574 -0.9104242165307441
60739 84560.999904 -0.03877713935295999 0.019717709797868854 -0.4580019034396552 -0.8878861423795176
60739 84650.999904 -0.03769310060284113 0.021705918273933117 -0.50339717988267 -0.8629596529183762
60739 84740.999904 -0.0365070752289178 0.023636373297910313 -0.5474458664688165 -0.8357102240620002
60739 84830.999904 -0.03522218456777579 0.025503934685261246 -0.5900298807737642 -0.8062094559256552
60739 84920.999904 -0.033841826767223894 0.0273036089047352 -0.6310347740982182 -0.7745349298647836
60739 85010.999904 -0.032369717152768235 0.02903052052464178 -0.6703500308753942 -0.7407700496070803
60739 85100.999904 -0.030809898612055055 0.030679892930746498 -0.7078693724092359 -0.7050038623456096
60739 85190.999904 -0.029166710333081502 0.03224705955132674 -0.7434910584626433 -0.6673308595777193
60739 85280.999904 -0.027444726102277484 0.03372751179805716 -0.7771181777975446 -0.6278507622785107
60739 85370.999904 -0.025648689568990808 0.03511696875330107 -0.8086589226562926 -0.586668296431073
60739 85460.999904 -0.02378347338844437 0.0364114397420469 -0.8380268493360306 -0.5438929611986335
60739 85550.999904 -0.021854072965936378 0.03760725417992816 -0.8651411317062399 -0.49963878568210895
60739 85640.999904 -0.019865624761135778 0.03870105242190116 -0.8899268131430517 -0.4540240662600815
60739 85730.999904 -0.017823427122196797 0.03968975463862333 -0.9123150562773046 -0.40717107818714743
60739 85820.999904 -0.015732944858725638 0.04057053667043946 -0.9322433840748248 -0.359205761157952
60739 85910.999904 -0.013599792953976293 0.041340834362829336 -0.9496559042995876 -0.31025738423883914
60739 86000.999904 -0.011429708888171396 0.04199837629320032 -0.9645035126172096 -0.2604581968234647
60739 86090.999904 -0.009228527539316848 0.04254122414002852 -0.9767440741311103 -0.20994306889698464
60739 86180.999904 -0.007002166200950266 0.04296779469347257 -0.986342585281766 -0.15884911944155103
60739 86270.999904 -0.004756616665078311 0.04327685126447928 -0.9932713167366379 -0.10731533017607103
60739 86360.999904 -0.0024979354382885983 0.043467475103678065 -0.9975099351054907 -0.05548214390681932
