CIC_MEM_VERS = 1.0
CREATION_DATE = 2025-03-05T13:44:25.713977
ORIGINATOR = CS Group

META_START
OBJECT_NAME = BLUE1
OBJECT_ID = BLUE1
USER_DEFINED_PROTOCOL = NONE
USER_DEFINED_CONTENT = LLA
USER_DEFINED_SIZE = 3.0
USER_DEFINED_TYPE = REAL
USER_DEFINED_UNIT = [deg] [km]
TIME_SYSTEM = UTC
META_STOP

60738 73258.200576 0.1215342698433774 15.447224487193026 586.664646074819
60738 73678.200576 26.213782474304082 11.613166256429821 573.4057728600351
60738 74098.200576 52.140341514614654 5.355153543499253 568.6236997682922
60738 74518.200576 76.65207562234193 -19.66121756263116 568.8104810591102
60738 74938.200576 72.81972159712497 -138.30295882343975 570.536354770176
60738 75358.200576 47.770018029554066 -155.85839756900887 573.7786421157551
60738 75778.200576 21.829533841700247 -161.37097486658215 581.7024020861364
60738 76198.200576 -4.205059989633354 -165.07750327204013 596.9826144862687
60738 76618.200576 -30.071130655971402 -169.03300654730515 617.8034509816392
60738 77038.200576 -55.507322217161665 -175.95831031637564 637.3207954595308
60738 77458.200576 -78.86910650868732 151.54904602545534 647.2238222482188
60738 77878.200576 -70.72286806237672 38.50451216851725 642.6930251068176
60738 78298.200576 -45.94428607500956 23.63730749340381 625.3457880019903
60738 78718.200576 -20.255341811727057 18.416196595878777 602.4380328279824
60738 79138.200576 5.757736835380092 14.742997380416055 582.7246276975917
60738 79558.200576 31.846037449279564 10.67054481289039 571.474852887562
60738 79978.200576 57.6701002357355 3.079921353886835 568.2405645932204
60738 80398.200576 80.65126024650608 -40.51012117917781 569.0920506348273
60738 80818.200576 67.62513738132364 -145.0720616918212 571.1213538488731
60738 81238.200576 42.187530920029126 -157.33307536307763 575.1500146070067
60738 81658.200576 16.199284678251004 -162.1651897246599 584.589881421408
60738 82078.200576 -9.816833876527875 -165.78892652167266 601.3959398306621
60738 82498.200576 -35.61510820214859 -170.04522940786248 622.5649368797451
60738 82918.200576 -60.88801913872315 -178.62500075928773 640.5475680506208
60738 83338.200576 -81.84928032082466 123.06862139505404 647.4293323496814
60738 83758.200576 -65.54819426067583 33.06729211328564 639.6659725192051
60738 84178.200576 -40.43412274602586 22.27369465280741 620.3171197461359
60738 84598.200576 -14.650152451394346 17.640728564275925 597.3898770890573
60738 85018.200576 11.40229706397543 14.020499242259586 579.2909541012306
60738 85438.200576 37.47166871078143 9.593481188547042 570.0641532112213
60738 85858.200576 63.1400467657544 -0.03926500064669281 568.1638580656976
60738 86278.200576 82.20677134356256 -77.88961975647877 569.4921034880011
60739 298.200576 62.24440716756011 -149.3358281789714 571.8092285124939
60739 718.200576 36.58392525685032 -158.5572266065733 576.7273618137846
60739 1138.200576 10.5656471924144 -162.91202012018928 587.7194430241666
60739 1558.200576 -15.421965580084654 -166.5273801976212 605.8685713081801
60739 1978.200576 -41.14179459435374 -171.21809098116455 627.0214597719911
60739 2398.200576 -66.18867278094318 177.6059361605023 643.1209353118286
60739 2818.200576 -81.62492782545802 83.780172235956 646.8674711214397
60739 3238.200576 -60.22684923555834 29.46900563024088 636.0916027551377
60739 3658.200576 -34.89108899695111 21.12397573725985 615.2047316361563
60739 4078.200576 -9.027129934511242 16.90498712201524 592.7240146085353
60739 4498.200576 17.052188585229754 13.264224819225907 576.4491709542774
60739 4918.200576 43.085279057410595 8.329103214353367 569.1534783457331
60739 5338.200576 68.50440383152907 -4.623843612661645 568.3512990505308
60739 5758.200576 80.0917791738003 -112.85828772675872 570.007712499787
60739 6178.200576 56.767071275284245 -152.27849796898485 572.6576369702146
60739 6598.200576 30.966390725215213 -159.60725641310574 578.6011446857661
60739 7018.200576 4.93307785352235 -163.6296690481475 591.1818065466845
60739 7438.200576 -21.01555247133825 -167.30971704841886 610.4554864365193
60739 7858.200576 -46.64325406142866 -172.6166669973087 631.1916508145101
60739 8278.200576 -71.34026524892253 171.8405713970661 645.062179210237
60739 8698.200576 -78.3742277945109 57.33169230749789 645.5804701043186
60739 9118.200576 -54.82228438860045 26.896675577337298 632.0281487070214
60739 9538.200576 -29.32396617441648 20.125131723356386 610.0408051868526
60739 9958.200576 -3.3922997106440658 16.191917417919733 588.4030393185511
60739 10378.200576 22.701835754487245 12.455603532596879 574.0811283500109
60739 10798.200576 48.67864677525971 6.796157347482722 568.5800285654645
60739 11218.200576 73.65913604741124 -12.036893799212002 568.6642579781034
60739 11638.200576 75.8665117457719 -131.38615904028077 570.5690118200355
60739 12058.200576 51.23240124131281 -154.45099709286922 573.6589528090725
60739 12478.200576 25.33875331565721 -160.53303618600745 580.7854489826868
60739 12898.200576 -0.6964936914320364 -164.33350889917057 594.9482264415292
60739 13318.200576 -26.595825880375173 -168.1567008278666 615.0889874770485
60739 13738.200576 -52.11308994636616 -174.34367381427515 635.0048783477345
60739 14158.200576 -76.18202691173411 162.02385999474146 646.3420952997324
60739 14578.200576 -73.82436094979563 43.8865742624414 643.6176548353043
60739 14998.200576 -49.362467388805804 24.94677150746331 627.5830006069635
60739 15418.200576 -23.736447671644896 19.234738966771946 604.9326341495934
60739 15838.200576 2.2513512346373896 15.486986811452155 584.4966184594999
60739 16258.200576 28.347545613792732 11.571880672979832 572.2026647565046
60739 16678.200576 54.24161820745981 4.866192732802053 568.295521218051
60739 17098.200576 78.32647554660711 -25.594647693148 569.0301615805768
60739 17518.200576 70.88162192029816 -140.9702900981034 571.1042592021826
60739 17938.200576 45.660493818862896 -156.14292379259513 574.7431014688564
60739 18358.200576 19.703242715296803 -161.37109129354948 583.202726907863
60739 18778.200576 -6.322643987582156 -165.0383680673089 598.9373238766309
60739 19198.200576 -32.16262952749417 -169.09510898710903 619.7155449485011
60739 19618.200576 -57.54217350837104 -176.56708633974839 638.4675562553514
60739 20038.200576 -80.24867906333631 143.178300255656 647.0531355810618
60739 20458.200576 -68.79031293274738 36.464107431288326 641.157214703478
60739 20878.200576 -43.8631287541467 23.398514288631162 622.9744821346013
60739 21298.200576 -18.13316683397951 18.42204846726005 600.0762433264772
60739 21718.200576 7.898781691514052 14.776191523956676 581.0911510391805
60739 22138.200576 33.9830908339222 10.58316575476653 570.7888027501405
60739 22558.200576 59.75555348773936 2.3211822911313416 568.2725066089403
60739 22978.200576 81.64816123657342 -52.639885226208236 569.5019091995937
60739 23398.200576 65.60079568248568 -146.5911852125574 571.7471880124418
60739 23818.200576 40.06838659440002 -157.51521161971527 576.1092877493882
60739 24238.200576 14.069699261015796 -162.14625237703524 586.0740581053979
60739 24658.200576 -11.93484208461266 -165.75795562894237 603.2925235934384
60739 25078.200576 -37.70397061077921 -170.1601669852662 624.3228578440198
60739 25498.200576 -62.901537358318365 -179.57802902237887 641.4524424646862
60739 25918.200576 -82.21363595785971 108.45710921267052 647.0210621950309
60739 26338.200576 -63.54828620874402 31.85105614340062 638.0191338839591
60739 26758.200576 -38.33820391300697 22.121277241778724 618.036597933723
60739 27178.200576 -12.520030550075827 17.662433677040546 595.3144222828606
60739 27598.200576 13.545478949731438 14.043269989391705 578.0396844030178
60739 28018.200576 39.60343479593115 9.44528264345578 569.7478966138108
60739 28438.200576 65.19064446815449 -1.246600777793257 568.485957464415
60739 28858.200576 81.79392627524606 -92.77514178438558 570.1127974763157
60739 29278.200576 60.18263802231366 -150.26375867066753 572.6177524793989
60739 29698.200576 34.465506748896715 -158.66670062838136 577.8960817972496
60739 30118.200576 8.443229023704333 -162.87947360710447 589.3977649553082
60739 30538.200576 -17.528649371589168 -166.50883233064906 607.8336200805317
60739 30958.200576 -43.214765589243065 -171.4045313528745 628.6771605722514
60739 31378.200576 -68.15069779087872 176.0575354732043 643.7859104913908
60739 31798.200576 -80.65283278215631 72.05361535454249 646.186219788004
60739 32218.200576 -58.19820560529564 28.706795895587668 634.2612366210907
60739 32638.200576 -32.792793978205694 21.03478462774267 612.8985560940326
60739 33058.200576 -6.899396122437174 16.93791931759426 590.7684603891416
60739 33478.200576 19.188406828667233 13.271173640210362 575.391678013461
60739 33898.200576 45.20298907249266 8.093784366572324 569.0131547411796
60739 34318.200576 70.48622034859899 -6.665339843638781 568.7793570031328
60739 34738.200576 78.64547807273009 -121.12671141668278 570.6861732270322
60739 35158.200576 54.688600400262175 -152.86516544661572 573.5544406209476
60739 35578.200576 28.852456331310687 -159.66300955727138 579.9094017471534
60739 35998.200576 2.820491969215128 -163.58866072496826 592.9854077903431
60739 36418.200576 -23.10845653669919 -167.31105857902847 612.4455848850974
60739 36838.200576 -48.696431872498394 -172.9088571717941 632.7098553437771
60739 37258.200576 -73.20593519200791 169.1279832933527 645.4624786386523
60739 37678.200576 -76.7588112989568 51.532456067614355 644.6178922018519
60739 38098.200576 -52.778452516423336 26.40868646637928 630.0034073275505
60739 38518.200576 -27.225471672516175 20.08375970639556 607.6836970440171
60739 38938.200576 -1.2683978330757137 16.231656477454575 586.5317968228452
60739 39358.200576 24.830088347181697 12.439188055133771 573.1371709802603
60739 39778.200576 50.78015420840171 6.432315317919717 568.4678267077098
60739 40198.200576 75.5022426258843 -15.820666252725983 569.0262260774454
60739 40618.200576 74.04419599904881 -135.37673965884494 571.1569419370312
60739 41038.200576 49.14232301353408 -154.82832217853317 574.5345095074911
60739 41458.200576 23.225671694526593 -160.55071150958742 582.1714013571261
60739 41878.200576 -2.8037393688354393 -164.2905445709262 596.8694947609775
60739 42298.200576 -28.679279592068436 -168.18877777717233 617.1283538569976
60739 42718.200576 -54.14748851719103 -174.7973716700665 636.4390489347444
60739 43138.200576 -77.83734236745754 156.76134730630127 646.5589611234136
60739 43558.200576 -71.97813880380659 40.94642130241501 642.4620862243194
60739 43978.200576 -47.30712401016219 24.63431308753597 625.4400041420251
60739 44398.200576 -21.636204697437375 19.228356988827123 602.572439549103
60739 44818.200576 4.373092071551985 15.527454483495417 582.6943564835606
60739 45238.200576 30.469298282438807 11.520002204525367 571.3169322273733
60739 45658.200576 56.32452124292734 4.301658882040599 568.1856015189204
60739 46078.200576 79.81613350405922 -33.384345177232994 569.3558173239661
60739 46498.200576 68.91787566622563 -143.09315863047485 571.68404834664
60739 46918.200576 43.56220411559216 -156.38191906012284 575.7081633822041
60739 47338.200576 17.591187911343884 -161.36126960678197 584.7555854761334
60739 47758.200576 -8.424274436582968 -164.9993782290437 600.9794794813469
60739 48178.200576 -34.236317074067415 -169.17131118053658 621.7123732696357
60739 48598.200576 -59.55295374489288 -177.2749770014681 639.659815569762
60739 49018.200576 -81.33512407691377 132.42918048880645 646.9022305619119
60739 49438.200576 -66.84570017635005 34.81765148666382 639.6261324476957
60739 49858.200576 -41.794902191003665 23.20236604708177 620.5791113641491
60739 50278.200576 -16.02583682548366 18.439302278647364 597.6424120088017
60739 50698.200576 10.024301024323114 14.810145065255004 579.3392504190836
60739 51118.200576 36.10385657281844 10.478996750245658 569.9752576339023
60739 51538.200576 61.81748167436393 1.4266091067270266 568.1757633982669
60739 51958.200576 82.16549415867304 -67.12508969136266 569.7755574733823
60739 52378.200576 63.56724454761047 -147.82898925919986 572.2917990473164
60739 52798.200576 37.95770192075524 -157.6611646971226 577.1034387243208
60739 53218.200576 11.951515630492603 -162.11877611374535 587.6745572377015
60739 53638.200576 -14.038989469067289 -165.73024088980728 605.3131456052693
60739 54058.200576 -39.77613930382148 -170.3002045865609 626.1746881751511
60739 54478.200576 -64.88619903204754 179.2841160678332 642.3911619338846
60739 54898.200576 -82.0264799300587 93.61640351235812 646.5803849645578
60739 55318.200576 -61.545745095795084 30.85635452428187 636.2694151740245
60739 55738.200576 -36.25207212520079 22.00465742436813 615.5905479578569
60739 56158.200576 -10.400312857021211 17.69486450974574 592.9982910473783
60739 56578.200576 15.678931794762141 14.063785574935558 576.4654747423124
60739 56660.999904 0.5253341394263521 8.977334398329747 321.8645354517031
60739 56750.999904 1.0395081292345187 14.892557073447959 321.8842911080547
60739 56840.999904 1.5425419657908557 20.80925286044522 321.1178735483514
60739 56930.999904 2.0292054747248316 26.730119136896178 321.11816358175696
60739 57020.999904 2.49416412736081 32.654522211041844 321.0361929017394
60739 57110.999904 2.9324305606521643 38.58318339594171 320.8625903632242
60739 57200.999904 3.339289749750667 44.51668109142475 320.5957090036846
60739 57290.999904 3.710346298194757 50.455394717142326 320.2377371831002
60739 57380.999904 4.041573600708634 56.399500848785664 319.7921847976951
60739 57470.999904 4.329359853241852 62.34896906604096 319.26358351084815
60739 57560.999904 4.57055058099416 68.30356695029874 318.65734198790665
60739 57650.999904 4.762486561994665 74.2628732172342 317.9796225832134
60739 57740.999904 4.903036352601315 80.22629864368439 317.2372870063371
60739 57830.999904 4.990622973291408 86.19311433767542 316.43791370798607
60739 57920.999904 5.024244525066487 92.16248638339097 315.58984030575067
60739 58010.999904 5.003488490615327 98.13351527929879 314.70217422132976
60739 58100.999904 4.9285392968502055 104.10527818783767 313.7847395626525
60739 58190.999904 4.800178561816427 110.07687191849926 312.8479561077035
60739 58280.999904 4.619777512227234 116.04745461461533 311.90265402660117
60739 58370.999904 4.389281413962714 122.01628411913723 310.9598242587094
60739 58460.999904 4.111186400872359 127.98275097651286 310.0303160900377
60739 58550.999904 3.788509576143013 133.94640422128913 309.1245307549646
60739 58640.999904 3.4247534651393505 139.9069687088477 308.25219671935156
60739 58730.999904 3.023865755499161 145.86435365721937 307.42230492982907
60739 58820.999904 2.5901949237537027 151.81865288177525 306.6432127750126
60739 58910.999904 2.1284420850871584 157.7701375079021 305.9228288672734
60739 59000.999904 1.6436094008953641 163.71924169238525 305.2687359081316
60739 59090.999904 1.1409456081855611 169.66654147383142 304.6881439814479
60739 59180.999904 0.6258894816682251 175.61272685397225 304.18767475339763
60739 59270.999904 0.10401208083947282 -178.44143217647616 303.7730833120475
60739 59360.999904 -0.41904158374813844 -172.49512400519814 303.44905252305267
60739 59450.999904 -0.9376111587247349 -166.54753581270043 303.2191283909415
60739 59540.999904 -1.4460797364185214 -160.59789369024517 303.08576068673597
60739 59630.999904 -1.9389327021293674 -154.64550070291037 303.0503536228312
60739 59720.999904 -2.4108163100454916 -148.68977177715078 303.11325706865125
60739 59810.999904 -2.856595435996888 -142.73026448328758 303.2737071231456
60739 59900.999904 -3.2714098530828575 -136.76670448529697 303.52978227004934
60739 59990.999904 -3.65072839927521 -130.79900407720686 303.8784293652056
60739 60080.999904 -3.9904004593258495 -124.8272723301461 304.31555022399715
60739 60170.999904 -4.286704170379651 -118.85181606335075 304.8360893323255
60739 60260.999904 -4.536390661094492 -112.87313175317092 305.43407619358
60739 60350.999904 -4.736723503297636 -106.89188907145699 306.1026401433059
60739 60440.999904 -4.885512470602253 -100.90890679042755 306.8340679173642
60739 60530.999904 -4.981140709995407 -94.92512161370361 307.6199594755716
60739 60620.999904 -5.022584550928684 -88.94155062943001 308.45146166082213
60739 60710.999904 -5.00942538571601 -82.9592487792261 309.31948787851076
60739 60800.999904 -4.941853322778201 -76.97926368220045 310.21483258613074
60739 60890.999904 -4.820662597801871 -71.00259070332753 311.12816864266017
60739 60980.999904 -4.647238988050455 -65.03013089191995 312.0500090719862
60739 61070.999904 -4.423539697368991 -59.062653528795224 312.97074097471557
60739 61160.999904 -4.15206637742793 -53.10076417358236 313.8807718318853
60739 61250.999904 -3.8358321343802397 -47.1448788731914 314.7707229759814
60739 61340.999904 -3.4783235035066826 -41.195205568887246 315.63155436549243
60739 61430.999904 -3.08345837759901 -35.2517341272141 316.45455871617844
60739 61520.999904 -2.6555406923828544 -29.314236148871284 317.23128171073637
60739 61610.999904 -2.199212359718724 -23.382274633374614 317.95350819397976
60739 61700.999904 -1.719402674790705 -17.455222243392413 318.61342410939164
60739 61790.999904 -1.2212754000342458 -11.532286142207866 319.2039332456578
60739 61880.999904 -0.7101739933444114 -5.6125376030330525 319.7189750405538
60739 61970.999904 -0.19156582620360135 0.30505450625927183 320.153661793375
60739 62060.999904 0.3290135711751786 6.2215864995189705 320.5041605475601
60739 62150.999904 0.8460154013929604 12.138179103681637 320.7674206145549
60739 62240.999904 1.3539313275871494 18.05593424756681 320.94108630014057
60739 62330.999904 1.8473467562483796 23.975897121612352 321.02171774556604
60739 62420.999904 2.3209943627347887 29.899030737551787 321.01959226873504
60739 62510.999904 2.769797898509991 35.826068715491715 320.9101910773964
60739 62600.999904 3.188941121781809 41.7577018272282 320.7088943785313
60739 62690.999904 3.5739050959733483 47.69438269928166 320.4155703270725
60739 62780.999904 3.9205218025706756 53.636365839503156 320.0327447062375
60739 62870.999904 4.225020584740332 59.58369997031098 319.56400930702466
60739 62960.999904 4.484071341793603 65.53622865527424 319.0139028939396
60739 63050.999904 4.694824047180921 71.49360026226539 318.3879288578835
60739 63140.999904 4.854944002100412 77.45528687357448 317.69256576349335
60739 63230.999904 4.962642004733966 83.42061110135761 316.9351987748248
60739 63320.999904 5.016698425413081 89.38877914146481 316.1239674692484
60739 63410.999904 5.016480224549541 95.35891825803218 315.26758974962405
60739 63500.999904 4.9619502719584885 101.33011707786356 314.3752334114393
60739 63590.999904 4.853668805769152 107.30146720574271 313.45646301899603
60739 63680.999904 4.692787307716154 113.27210454121943 312.5212323671462
60739 63770.999904 4.481035301287979 119.24124841741974 311.5798679314832
60739 63860.999904 4.220700555451172 125.20823659909804 310.6430059239831
60739 63950.999904 3.9146030047128533 131.17255443110247 309.7214761171296
60739 64040.999904 3.5660625705636053 137.13385688304896 308.8261367864484
60739 64130.999904 3.1788611493441046 143.09198261462993 307.96765511544197
60739 64220.999904 2.757199326476021 149.0469593708797 307.15622543484864
60739 64310.999904 2.305648724231587 154.99900018943615 306.40124926976915
60739 64400.999904 1.8291010611629501 160.9484903606202 305.7110535936781
60739 64490.999904 1.3327148695259654 166.89596590652698 305.09274866503705
60739 64580.999904 0.8218604624596191 172.84208523246244 304.55228323380743
60739 64670.999904 0.3020634004911595 178.7875960634806 304.0946538150277
60739 64760.999904 -0.22105340765316353 -175.266700450054 303.7241321278936
60739 64850.999904 -0.7418286886304187 -169.31998725195606 303.4443631307245
60739 64940.999904 -1.2546223477300182 -163.37146985164043 303.2582728030676
60739 65030.999904 -1.7538749239134481 -157.4204149819071 303.1678518536664
60739 65120.999904 -2.2341663974108057 -151.46618799656372 303.1739572125458
60739 65210.999904 -2.690273990873192 -145.50828683719183 303.27624473291934
60739 65300.999904 -3.1172287220085217 -139.5463702424226 303.4732424974657
60739 65390.999904 -3.510370376160466 -133.58027846658916 303.76247979220227
60739 65480.999904 -3.865400313678639 -127.61004572899174 304.1405732404995
60739 65570.999904 -4.178431268499944 -121.63590431501041 304.60323853327935
60739 65660.999904 -4.446033175316145 -115.65828038046891 305.14527709386317
60739 65750.999904 -4.665274114497012 -109.6777813067555 305.76061011307536
60739 65840.999904 -4.83375561183621 -103.69517446462231 306.44238334470896
60739 65930.999904 -4.949641675152765 -97.71135781507336 307.1830972105074
60739 66020.999904 -5.0116810430096885 -91.72732372310877 307.97469641989557
60739 66110.999904 -5.019222177961801 -85.74411812420908 308.8086018834414
60739 66200.999904 -4.972220604106835 -79.76279732576285 309.6757388261499
60739 66290.999904 -4.87123830649721 -73.7843843179439 310.56663851969415
60739 66380.999904 -4.717435097028147 -67.80982602412068 311.47163872073133
60739 66470.999904 -4.512552102422151 -61.83995291779019 312.3811218830201
60739 66560.999904 -4.258887811544187 -55.875442866074835 313.28568731651677
60739 66650.999904 -3.9592673737256003 -49.91679142701609 314.17619622217705
60739 66740.999904 -3.61700601110414 -43.96429057441122 315.04372476625946
60739 66830.999904 -3.2358674810628574 -38.01801685926083 315.8795286749292
60739 66920.999904 -2.820018537740417 -32.07782883558221 316.6751031773203
60739 67010.999904 -2.3739803451872867 -26.143372867957517 317.4223301153063
60739 67100.999904 -1.9025777879555656 -20.21409650120043 318.1136200974888
60739 67190.999904 -1.4108875349117507 -14.289269066937154 318.7419581448828
60739 67280.999904 -0.9041854600719669 -8.368009428748145 319.30085084654786
60739 67370.999904 -0.387893632363032 -2.44932026884195 319.7842764779729
60739 67460.999904 0.13247327832915834 3.4678727086417647 320.18676350645933
60739 67550.999904 0.6513624443645929 9.384679125745903 320.5036379564798
60739 67640.999904 1.1632381921969246 15.302202305577943 320.7313695738128
60739 67730.999904 1.6626377780591686 21.22149992366491 320.8680537386583
60739 67820.999904 2.1442273392042983 27.14355448668404 320.9018686397302
60739 67910.999904 2.6028559365885284 33.06924296652283 320.85740843882246
60739 68000.999904 3.033601262247684 38.99921734949028 320.7167754773686
60739 68090.999904 3.43183193039337 44.93403717745618 320.486133277901
60739 68180.999904 3.793247013195244 50.87403635340196 320.1665962566067
60739 68270.999904 4.113925080601047 56.81934259918189 319.7606139943466
60739 68360.999904 4.390368691787885 62.76987593476674 319.27168051629775
60739 68450.999904 4.619545846785557 68.72535676744371 318.70438584353946
60739 68540.999904 4.798927192152542 74.68532246605572 318.0643503990845
60739 68630.999904 4.926517863394475 80.64915104799698 317.35809015041457
60739 68720.999904 5.000883200045627 86.61609108860348 316.5929099625003
60739 68810.999904 5.0211679200486925 92.58529714075073 315.7768628120188
60739 68900.999904 4.9871085146033 98.55586956614687 314.9187311236607
60739 68990.999904 4.8990386068005085 104.52689693837578 314.0279562297597
60739 69080.999904 4.7578869353309505 110.49749859819774 313.11448199001717
60739 69170.999904 4.5651676497736515 116.46686491087088 312.1885468721887
60739 69260.999904 4.32296283887201 122.43429325083346 311.2604947590523
60739 69350.999904 4.033897629066286 128.39921834453827 310.34065268154365
60739 69440.999904 3.701108638951737 134.36123599044743 309.4392699791043
60739 69530.999904 3.328206865118559 140.32011931524337 308.56647645135826
60739 69620.999904 2.919236080427052 146.27582686154443 307.7322212435737
60739 69710.999904 2.478627570019329 152.22850215859413 306.94618151197636
60739 69800.999904 2.011151683658127 158.1784649581584 306.217644321142
60739 69890.999904 1.521866461939517 164.12619475430344 305.5553531845403
60739 69980.999904 1.0160636162760193 170.0723073440175 304.9672963319683
60739 70070.999904 0.4992123431965713 176.01752512827414 304.46043270742973
60739 70160.999904 -0.023098364049724117 -178.03735805629367 304.0404082119766
60739 70250.999904 -0.5452182504957426 -172.09151629326993 303.7113668222122
60739 70340.999904 -1.0614947270116053 -166.1441330903807 303.47595275463374
60739 70430.999904 -1.5663319695118887 -160.19444244689996 303.33551435153043
60739 70520.999904 -2.054250036625207 -154.24176701106188 303.2904066892639
60739 70610.999904 -2.5199436901908574 -148.28555162293486 303.34023088252155
60739 70700.999904 -2.9583403276126994 -142.3253914682417 303.4838940828413
60739 70790.999904 -3.364656242016447 -136.36105453610136 303.7194976545909
60739 70880.999904 -3.7344504240729757 -130.39249783890398 304.04417332364807
60739 70970.999904 -4.063675249862634 -124.41987627045634 304.4540074376302
60739 71060.999904 -4.348723502580185 -118.44354271743661 304.9441132637628
60739 71150.999904 -4.586471136549483 -112.46403852910971 305.50879949491673
60739 71240.999904 -4.774315033116336 -106.48207452917413 306.14172815630684
60739 71330.999904 -4.9102048530864835 -100.49850381116549 306.8359922280549
60739 71420.999904 -4.992668091398628 -94.51428804919765 307.58412962841504
60739 71510.999904 -5.020827623496947 -88.53045893977391 308.37814632184813
60739 71600.999904 -4.994411334404664 -82.54807611971314 309.20960179419615
60739 71690.999904 -4.913753736966538 -76.5681829831415 310.0697408298269
60739 71780.999904 -4.779789739217873 -70.59176232852252 310.94960632083473
60739 71870.999904 -4.59404088852327 -64.61969429161063 311.84008706598127
60739 71960.999904 -4.35859451754068 -58.65271903316763 312.7319245770763
60739 72050.999904 -4.07607627908433 -52.69140599915975 313.6157566950983
60739 72140.999904 -3.749616623703591 -46.73613063704801 314.4822586326183
60739 72230.999904 -3.3828118731704024 -40.78705882406086 315.3223630484032
60739 72320.999904 -2.979680667797772 -34.844139226731855 316.1274670983174
60739 72410.999904 -2.544616666033605 -28.90710409778232 316.88953253679574
60739 72500.999904 -2.0823383902918398 -22.975479050706376 317.6010608034044
60739 72590.999904 -1.5978370258543024 -17.048601769418287 318.25501666984445
60739 72680.999904 -1.0963228425090334 -11.125648603479481 318.8448041087313
60739 72770.999904 -0.5831708043365655 -5.205667175444159 319.36434131259165
60739 72860.999904 -0.06386589315538546 0.7123870067083066 319.8081885544761
60739 72950.999904 0.456051368901869 6.6296114129326815 320.1716367107206
60739 73040.999904 0.9710388610197118 12.547115686516397 320.4507146069045
60739 73130.999904 1.4756062349979313 18.46598006600866 320.6422178209671
60739 73220.999904 1.964368172069389 24.38721674824319 320.74286264037244
60739 73310.999904 2.4320975593387364 30.311732888013626 320.7496263604033
60739 73400.999904 2.873777333723557 36.24027896340474 320.66534186786777
60739 73490.999904 3.2846549306768105 42.17343794471794 320.4889387722818
60739 73580.999904 3.6602948324707762 48.11161896759704 320.22264967264465
60739 73670.999904 3.9966263211401736 54.05502484213313 319.86942294202066
60739 73760.999904 4.289989801506132 60.00365537886542 319.4331980323078
60739 73850.999904 4.537178338926514 65.95731002776928 318.91847433435134
60739 73940.999904 4.735474786508333 71.91559823988662 318.33021275294504
60739 74030.999904 4.882684389290636 77.87795850104666 317.67395378514664
60739 74120.999904 4.977162494229797 83.84368597020179 316.95601302941583
60739 74210.999904 5.017836623027133 89.8119673648321 316.1835978845953
60739 74300.999904 5.004221954707301 95.78192070211024 315.3647685518499
60739 74390.999904 4.9364293868233045 101.75263725626795 314.50828121281774
60739 74480.999904 4.81516575434634 107.7232235516136 313.62341394619483
60739 74570.999904 4.641726282066736 113.69284183082611 312.7198496684829
60739 74660.999904 4.417979711839806 119.66074770035533 311.80761207765926
60739 74750.999904 4.146346670548779 125.62632347811356 310.89699251063945
60739 74840.999904 3.829771768808794 131.58910551277336 309.99841256690434
60739 74930.999904 3.4716897911733176 137.54880384439954 309.1222236936928
60739 75020.999904 3.0759863160293093 143.50531315520308 308.278496057997
60739 75110.999904 2.6469532657556822 149.45871475068185 307.4768529843733
60739 75200.999904 2.189240179575355 155.40926993058918 306.7263689364993
60739 75290.999904 1.7078022572068943 161.35740539294093 306.0355087909085
60739 75380.999904 1.2078462637451524 167.3036914191924 305.4120775440186
60739 75470.999904 0.6947751490619466 173.2488137755202 304.8631686354021
60739 75560.999904 0.17413182460692328 179.19354060640612 304.3951135855693
60739 75650.999904 -0.34845782193833397 -174.86131410257238 304.0134232925681
60739 75740.999904 -0.8673427196226636 -168.9149289022233 303.72268679893506
60739 75830.999904 -1.3769051241875205 -162.9665137851363 303.52639557760216
60739 75920.999904 -1.8716195012363102 -157.0153485723574 303.42671128155314
60739 76010.999904 -2.3461112591967765 -151.0608196316138 303.42426492837086
60739 76100.999904 -2.795214785319869 -145.10245325868232 303.51810484070256
60739 76190.999904 -3.214030292725646 -139.13994350547574 303.70585771875017
60739 76280.999904 -3.597978970058327 -133.17317220811026 303.98405353465034
60739 76370.999904 -3.9428557645414446 -127.20221970427905 304.3484677833741
60739 76460.999904 -4.244878899206812 -121.22736592770775 304.7943287096372
60739 76550.999904 -4.500735084105804 -115.24908257225022 305.3163323016148
60739 76640.999904 -4.7076194333551085 -109.26801733147173 305.9085366852627
60739 76730.999904 -4.863269309547752 -103.28497090505557 306.564276476874
60739 76820.999904 -4.9659915485859445 -97.30086708528664 307.2762007218817
60739 76910.999904 -5.014682653957806 -91.31671638320394 308.0364321970034
60739 77000.999904 -5.008841581422359 -85.33357443699553 308.8367582028518
60739 77090.999904 -4.948574754127981 -79.35249741094243 309.6687584543167
60739 77180.999904 -4.834593059051215 -73.37449710692944 310.5238462229761
60739 77270.999904 -4.668200815252898 -67.4004982857589 311.393275914725
60739 77360.999904 -4.451277025617865 -61.43130000776245 312.268187176906
60739 77450.999904 -4.186249537017247 -55.4675422176898 313.1397048083257
60739 77540.999904 -3.8760629596142167 -49.509678666732604 313.9990491915212
60739 77630.999904 -3.5241412921077453 -43.55795742831336 314.837597440575
60739 77720.999904 -3.1343461660937306 -37.61241023928286 315.6468857305263
60739 77810.999904 -2.710931499118703 -31.672851340141655 316.41861094139836
60739 77900.999904 -2.258495202023125 -25.738885534592693 317.1447086997857
60739 77990.999904 -1.7819284917563862 -19.80992435979878 317.81753120180963
60739 78080.999904 -1.2863633425999552 -13.885209008814922 318.4300638204002
60739 78170.999904 -0.7771186270022843 -7.963838966266291 318.9760770340044
60739 78260.999904 -0.25964547616185724 -2.044805733373906 319.4501493106634
60739 78350.999904 0.2605277115519916 3.872969001778121 319.84758824242937
60739 78440.999904 0.7778503279050165 9.790591976493356 320.1643486824986
60739 78530.999904 1.286804478370938 15.709155762383444 320.3970519136926
60739 78620.999904 1.7819595857053716 21.629697915517795 320.54306971344806
60739 78710.999904 2.2580264520436897 27.55316552018877 320.5971448003497
60739 78800.999904 2.7099097023458025 33.48037886864957 320.5669182387887
60739 78890.999904 3.132757096491472 39.411972959649425 320.4439939263303
60739 78980.999904 3.522013966685485 45.34843523973842 320.23196082375415
60739 79070.999904 3.873468264400844 51.29004509761081 319.9319862376457
60739 79160.999904 4.183298114096633 57.236873601596166 319.5464440354631
60739 79250.999904 4.448116671971554 63.188786311245906 319.0790104678114
60739 79340.999904 4.665013567820432 69.14545404552028 318.5346892998114
60739 79430.999904 4.831591598530036 75.10637232497093 317.9196607593064
60739 79520.999904 4.945997317323799 81.07088763160377 317.2409537585592
60739 79610.999904 5.006944653696263 87.03822870853004 316.506088716485
60739 79700.999904 5.013731298678939 93.0075418007244 315.722857872103
60739 79790.999904 4.9662479888620705 98.9779292373304 314.8993135238205
60739 79880.999904 4.864980883759028 104.94849054884122 314.04389731479745
60739 79970.999904 4.711007052565589 110.91836447791725 313.1655642433123
60739 80060.999904 4.50598290529536 116.88676938354706 312.2737826559493
60739 80150.999904 4.252125425416013 122.85303929665287 311.37839287681004
60739 80240.999904 3.9521863364924052 128.81665344549856 310.4893994755825
60739 80330.999904 3.6094197476046124 134.7772580569904 309.61679095184627
60739 80420.999904 3.2275441746137346 140.73468006316847 308.77042655311055
60739 80510.999904 2.8106999655570957 146.68893266989406 307.9599594850272
60739 80600.999904 2.363403027445376 152.64021271122562 307.19473817419123
60739 80690.999904 1.8904954558236273 158.58888972026938 306.48365640874493
60739 80780.999904 1.3970933908488652 164.5354869743034 305.8349736978935
60739 80870.999904 0.888532330867658 170.48065534976914 305.2561525391004
60739 80960.999904 0.37031027409961537 176.42514134501144 304.7537439987715
60739 81050.999904 -0.15197067839275 -177.6302491349384 304.33332088669204
60739 81140.999904 -0.672663440610801 -171.68468964304546 303.99944244425785
60739 81230.999904 -1.1861350101985497 -165.73737313302416 303.7556440191262
60739 81320.999904 -1.6868249893160767 -159.78755129125219 303.6044565826359
60739 81410.999904 -2.1693033838829594 -153.83457142601475 303.5474483885729
60739 81500.999904 -2.628327672162331 -147.8779091695284 303.5852489408937
60739 81590.999904 -3.0588990400321068 -141.91719568084366 303.71749999416517
60739 81680.999904 -3.4563174049101555 -135.9522386106704 303.9427129640691
60739 81770.999904 -3.816234569116127 -129.98303641217063 304.2580880438531
60739 81860.999904 -4.134704687030377 -124.00978543693675 304.6594126613098
60739 81950.999904 -4.4082311973004815 -118.03287885291573 305.1411464858777
60739 82040.999904 -4.633809366984558 -112.05289629176566 305.6967073844277
60739 82130.999904 -4.8089635477391015 -106.07058370340847 306.3188548448337
60739 82220.999904 -4.931778186772433 -100.08682409648138 307.0000094192693
60739 82310.999904 -5.000921673221567 -94.10260110366393 307.73239439724034
60739 82400.999904 -5.0156623103375795 -88.11895797117006 308.5080065194069
60739 82490.999904 -4.975876054511489 -82.13695439305403 309.3185283146455
60739 82580.999904 -4.882046033045256 -76.15762295081271 310.15531110977224
60739 82670.999904 -4.735254124268673 -70.18192642323157 311.0094813480612
60739 82760.999904 -4.537165018974374 -64.21071729849822 311.87212052265687
60739 82850.999904 -4.29000323339416 -58.2447012892004 312.73442135618797
60739 82940.999904 -3.99652359443654 -52.28440697028118 313.5877590040131
60739 83030.999904 -3.6599758175231423 -46.33016337974914 314.4236946669092
60739 83120.999904 -3.28406393893844 -40.382086576961434 315.23397858466126
60739 83210.999904 -2.8729015017397916 -34.440075220162704 316.01060120130916
60739 83300.999904 -2.4309634707879546 -28.503814701984567 316.7458801414089
60739 83390.999904 -1.9630358238543881 -22.57278937068231 317.4325286093614
60739 83480.999904 -1.4741636161351712 -16.646302516089822 318.06366925434463
60739 83570.999904 -0.9695980748422455 -10.723503652841135 318.63281939148135
60739 83660.999904 -0.45474302811894346 -4.803422048126288 319.1339190874075
60739 83750.999904 0.06489919454938568 1.1149952682801725 319.56145537369224
60739 83840.999904 0.5837822804221146 7.032843114531648 319.9106633448884
60739 83930.999904 1.0963706801873712 12.951217244127347 320.1777219863951
60739 84020.999904 1.5971943176521302 18.871174346791218 320.3598591486439
60739 84110.999904 2.080903056228319 24.79369498816991 320.4543769902972
60739 84200.999904 2.5423203176817033 30.71964646334623 320.4608022201702
60739 84290.999904 2.976495358778949 36.649742342674806 320.3801002695046
60739 84380.999904 3.3787555464193755 42.58452152108746 320.21113877926837
60739 84470.999904 3.744757151375553 48.52434174586462 319.95583787669955
60739 84560.999904 4.070531689785202 54.46935263465911 319.61620668623607
60739 84650.999904 4.352530625939688 60.41949861146685 319.19521143030295
60739 84740.999904 4.587665925439721 66.3745253706048 318.6966444336608
60739 84830.999904 4.773346438300601 72.33399371564279 318.1250901399065
60739 84920.999904 4.907509860127396 78.29730114180703 317.4860019142141
60739 85010.999904 4.98864979239963 84.26371109527696 316.7858467325569
60739 85100.999904 5.01583706036183 90.23238911150187 316.0321994379044
60739 85190.999904 4.988734186237661 96.20244388244683 315.2336640836425
60739 85280.999904 4.90760199717033 102.17297039216523 314.39959053333115
60739 85370.999904 4.773297815198556 108.14309217031396 313.5396807907694
60739 85460.999904 4.587265341996436 114.1120004616203 312.6636495848724
60739 85550.999904 4.351516918618513 120.07898913696617 311.78106507437855
60739 85640.999904 4.068609094606412 126.04348478664504 310.9013763798295
60739 85730.999904 3.741612362077144 132.00507134830812 310.0340213017325
60739 85820.999904 3.374075657017057 137.96350813244487 309.18847706952374
60739 85910.999904 2.9699860188097946 143.91873983093012 308.3741802480982
60739 86000.999904 2.533723774693838 149.87089744783623 307.60034169210763
60739 86090.999904 2.0700137818580955 155.8202899872435 306.87574317271867
60739 86180.999904 1.5838734941387673 161.767387686794 306.2085891078417
60739 86270.999904 1.0805587533851646 167.71279813558857 305.60642576531615
60739 86360.999904 0.5655081208788204 173.6572366638878 305.07608820900236
