CIC_AEM_VERS = 1.0
CREATION_DATE = 2025-03-05T13:44:25.036Z
ORIGINATOR = CS Group

META_START
OBJECT_NAME = BLUE2
OBJECT_ID = BLUE2
CENTER_NAME = null
REF_FRAME_A = EME2000
REF_FRAME_B = SC_BODY_1
ATTITUDE_DIR = A2B
TIME_SYSTEM = UTC
START_TIME = 2025-03-04T20:20:58.200576
STOP_TIME = 2025-03-05T23:59:60.0
ATTITUDE_TYPE = QUATERNION
QUATERNION_TYPE = LAST
META_STOP

60738 73258.200576 -0.7468976603331848 -0.10059879808591754 -0.0891226856148187 -0.6512149520099223
60738 73678.200576 -0.7502630589845319 0.07140228164754463 -0.23448345801673265 -0.6140232604838457
60738 74098.200576 -0.7143270732892102 0.24035324828396618 -0.3681454413126937 -0.544459440588644
60738 74518.200576 -0.6406454374738726 0.3970353353641697 -0.48272631733136695 -0.44599514400032214
60738 74938.200576 -0.5330839834787493 0.5328057644491108 -0.5718529203014546 -0.32391931321075185
60738 75358.200576 0.3976002817346273 -0.6402661773098339 0.6306790008857714 0.1849790150241977
60738 75778.200576 0.24174729583736473 -0.7138262061489632 0.6562419707699743 0.03683569152656052
60738 76198.200576 0.074055896053998 -0.7499956177154049 0.6475795725515209 -0.11252997325742718
60738 76618.200576 -0.09661707816910031 -0.7474402044942752 0.6056262730331834 -0.2553724697839571
60738 77038.200576 -0.2616485718684332 -0.7068112152079301 0.5329501445136686 -0.38460638886835763
60738 77458.200576 -0.41299799553775857 -0.6304771601693245 0.4334349019981642 -0.4940297480076066
60738 77878.200576 -0.5434104646630875 -0.5222709359336596 0.31201474598693163 -0.5784331721645442
60738 78298.200576 -0.6465265925540936 -0.38733683443183803 0.17451726071146118 -0.6336539020052537
60738 78718.200576 -0.7170299254073754 -0.2320729477010526 0.027569051616360644 -0.6566964141889406
60738 79138.200576 -0.750915572677036 -0.0640759338337063 -0.12151378040438038 -0.6459523810516481
60738 79558.200576 -0.7458725260050626 0.10806790624629889 -0.2649861535547626 -0.6014797095618605
60738 79978.200576 -0.7016578117937463 0.2751751747663304 -0.3950847712507945 -0.5252265814549361
60738 80398.200576 -0.6203321563023582 0.4280862713193385 -0.5045971142068936 -0.42108421069810664
60738 80818.200576 -0.5062394674063477 0.558373323477689 -0.587444946492552 -0.2947019988208093
60738 81238.200576 0.36573020042968735 -0.6589879098782626 0.6391736385507533 0.15307976649358476
60738 81658.200576 0.20662058718763032 -0.7247762196240439 0.6572605206654094 0.00399654755425209
60738 82078.200576 0.0375601474549728 -0.7527156943351002 0.6411752542775042 -0.14457735689576845
60738 82498.200576 -0.13260783382526972 -0.7419135935729915 0.5922384255455996 -0.28501408629583397
60738 82918.200576 -0.2953657815795424 -0.6934108188734899 0.5133267815347707 -0.4104096815381625
60738 83338.200576 -0.44282875113409337 -0.6099034537223952 0.4085701173441129 -0.514772700830115
60738 83758.200576 -0.5679211651192265 -0.49551039719390216 0.2831056815569731 -0.5931156460189896
60738 84178.200576 -0.6644876848362261 -0.35564485796235124 0.14294446489195872 -0.6415136254692357
60738 84598.200576 -0.7274596251183894 -0.19697070751466117 -0.005121940876955403 -0.6572509413651982
60738 85018.200576 -0.7531589932041111 -0.02732258455587331 -0.15365401866232412 -0.6390582523353212
60738 85438.200576 -0.7396869955536388 0.14453814039499355 -0.29485745093480353 -0.5873933590092912
60738 85858.200576 -0.6872817041732197 0.3093737146505673 -0.4210370581286039 -0.5046380479853606
60738 86278.200576 -0.5985076940867291 0.45812032385424634 -0.5251813322227202 -0.39509350447132857
60739 298.200576 -0.47817407907814585 0.582595570607304 -0.6015326651277529 -0.26474592346402515
60739 718.200576 0.33299563767811885 -0.6761246903668273 0.646044056887815 0.12081549951739867
60739 1138.200576 0.1710206726578426 -0.7339994489664563 0.656632066761642 -0.028828238602659505
60739 1558.200576 9.886552988925164E-4 -0.7536630531991091 0.6331879961686031 -0.17624978386167148
60739 1978.200576 -0.16829245006110577 -0.7346565357750423 0.5773994309014365 -0.3139543324914331
60739 2398.200576 -0.3284207284788275 -0.6783945626442073 0.4924421770917885 -0.4352256250513184
60739 2818.200576 -0.47167318475889336 -0.5878918944973515 0.3826821665956783 -0.5342863338448357
60739 3238.200576 -0.5911584092744488 -0.46754976270139 0.2534573312673162 -0.6063730994765738
60739 3658.200576 -0.6809326736155741 -0.32305208892973303 0.11095755720590958 -0.6478089705613679
60739 4078.200576 -0.7361929050110418 -0.16132697817781283 -0.03786475629891502 -0.6561706126868548
60739 4498.200576 -0.7536056546484562 0.009565132996115739 -0.18546385209105964 -0.6305475280105252
60739 4918.200576 -0.7317050487731539 0.18071054451055218 -0.3240199247549219 -0.5718063562644184
60739 5338.200576 -0.671223180561799 0.3428485577832634 -0.44593665268241456 -0.48275750651527155
60739 5758.200576 -0.5752223834345793 0.4870468657775999 -0.5444323050069737 -0.36810056424413706
60739 6178.200576 0.4489592078815002 -0.6053981193637223 0.6140919278107829 0.23413639385392498
60739 6598.200576 0.2994837687016773 -0.6916225840594655 0.6512871865783793 0.08827612418976695
60739 7018.200576 0.13504559823614182 -0.7414669042399592 0.6543710222697868 -0.06154739253167476
60739 7438.200576 -0.035554548670028045 -0.7528331610233326 0.6236499545337393 -0.20745804381260427
60739 7858.200576 -0.20356531796506952 -0.7256853080700177 0.5611617146081029 -0.34211039889368683
60739 8278.200576 -0.3607109632747037 -0.6618001915217081 0.47036538142068496 -0.45898204260759407
60739 8698.200576 -0.4994369796384338 -0.5645000446274511 0.35585569952423896 -0.5525116506476214
60739 9118.200576 -0.6130402015420247 -0.438465623276493 0.22316547112058865 -0.6181640405245166
60739 9538.200576 -0.695797219275406 -0.2896508591669746 0.07865933798243496 -0.6525192088978002
60739 9958.200576 -0.7431860170522342 -0.12524483980876275 -0.07055715138861442 -0.6534599930732086
60739 10378.200576 -0.7522413917842737 0.046478670407473784 -0.2168457687322121 -0.6204438203951652
60739 10798.200576 -0.7219449649211789 0.21647868508960075 -0.35238736486141403 -0.5547572366475843
60739 11218.200576 -0.6535266560510263 0.37550487865023413 -0.4697130212983027 -0.4596397214813538
60739 11638.200576 -0.5505409027861301 0.5147888469157491 -0.5622985437123963 -0.34017275785915724
60739 12058.200576 0.41867307816135974 -0.6267261398299016 0.6250913893265443 0.20294815659821397
60739 12478.200576 0.26528043493774783 -0.7054503772204502 0.6548903461185029 0.05553999171363963
60739 12898.200576 0.09878309603312395 -0.7471667032577914 0.6504857430001391 -0.09408568240997703
60739 13318.200576 -0.07198415429113646 -0.750234275058045 0.6125841527556642 -0.2381333026935641
60739 13738.200576 -0.2383463681590367 -0.715025683898248 0.5435602147728898 -0.3694205910169185
60739 14158.200576 -0.39216425004357364 -0.6436670178450575 0.4471434591313945 -0.4816250596493321
60739 14578.200576 -0.5260560204531262 -0.5397807270393327 0.32814828908210014 -0.5694036621188872
60739 14998.200576 -0.6335115223908125 -0.4083249416302685 0.19229697478549063 -0.62845506325358
60739 15418.200576 -0.7090376590345174 -0.25552313876212474 0.04612528505122705 -0.6556264040648047
60739 15838.200576 -0.7484138860175391 -0.08881771655703861 -0.10311760425405442 -0.6491185008414286
60739 16258.200576 -0.74906084546519 0.08331786451475694 -0.2477179261487573 -0.6087707387089446
60739 16678.200576 -0.7104217579151082 0.2517437278321413 -0.37988408145139446 -0.5362966586114579
60739 17098.200576 -0.6342293005433662 0.4072523487373876 -0.49230511026735624 -0.4353554836967142
60739 17518.200576 -0.5245203030357486 0.5412702431091575 -0.5787403877292993 -0.31139129602283394
60739 17938.200576 0.38738506325925065 -0.6465224984543108 0.6345158305518113 0.1712633426485867
60739 18358.200576 0.2304603043721335 -0.7175703712167351 0.6568609461047682 0.022682767532414296
60739 18778.200576 0.06230764013030866 -0.7510828524124362 0.6449972074611294 -0.12637606245145988
60739 19198.200576 -0.1082284574503636 -0.7458691176216066 0.6000205819393727 -0.26821849605390247
60739 19618.200576 -0.27256503267726206 -0.702696540347225 0.5246333727895162 -0.39583544472568444
60739 20038.200576 -0.4227114732749281 -0.6240294286917677 0.4228256711595469 -0.5031110556297134
60739 20458.200576 -0.5514637229712238 -0.5137862489572304 0.29962089251319185 -0.5849262974074381
60739 20878.200576 -0.6525127622716836 -0.3771997981518194 0.16092561813878015 -0.6372208037826884
60739 21298.200576 -0.7206105056653342 -0.2207601429780133 0.013442781849773525 -0.6571185205221488
60739 21718.200576 -0.7518540040121595 -0.05215165935403012 -0.13545138911651675 -0.6431552551786472
60739 22138.200576 -0.7440664055268003 0.11996989945766659 -0.27798615378796415 -0.5955636873523427
60739 22558.200576 -0.697168367245184 0.2863932582010111 -0.4064251953099132 -0.5164820713122499
60739 22978.200576 -0.6133958125329517 0.43798602205366544 -0.5136443583745509 -0.4099796272531623
60739 23398.200576 -0.49725324972625784 0.5664015383152713 -0.5937077935805307 -0.2818502419238059
60739 23818.200576 0.355210768600494 -0.6647218179522806 0.6423361382669504 0.13919231331062365
60739 24238.200576 0.19515596941874333 -0.7279496462482146 0.6571909723486462 -0.010172806435329123
60739 24658.200576 0.02576112845434974 -0.7532151510521358 0.6379240235200075 -0.1582916318139138
60739 25078.200576 -0.14414738593652363 -0.7397617558311776 0.5860145738118349 -0.2975919942091414
60739 25498.200576 -0.3060927654542917 -0.6887457711394288 0.5044664210545086 -0.42124827798170605
60739 25918.200576 -0.45224178175947477 -0.6029576105604596 0.39751347210102256 -0.5233569816066527
60739 26338.200576 -0.5755719782259932 -0.4866018927971751 0.27038239592512225 -0.599023251452741
60739 26758.200576 -0.6699824479845942 -0.34518241616790246 0.1291623240286816 -0.6444297580129036
60739 27178.200576 -0.7304800872905517 -0.18545573738862006 -0.019281149295319093 -0.6569880126939021
60739 27598.200576 -0.7534944359401572 -0.015339721300422007 -0.16745779449715034 -0.6355853326027905
60739 28018.200576 -0.7372763879860276 0.15634316613311955 -0.30755861676687274 -0.5808511335739962
60739 28438.200576 -0.682231932846607 0.32034091359861944 -0.4319304196323136 -0.49535583319007975
60739 28858.200576 -0.5910947311784464 0.46763289121877627 -0.5336625728682705 -0.38357627161109187
60739 29278.200576 -0.46882640659566294 0.59012971863252 -0.6071483339409107 -0.2516338933015124
60739 29698.200576 0.32224840734529026 -0.6812981325516926 0.6485174768945456 0.10683585871481839
60739 30118.200576 0.15946898125393044 -0.736582330926078 0.6558762021743422 -0.04292459908607895
60739 30538.200576 -0.010760225402242847 -0.7535736421806457 0.6292933112979952 -0.18973906217617276
60739 30958.200576 -0.17965557965660728 -0.7319475075113056 0.5706022812793957 -0.3261744250320449
60739 31378.200576 -0.3388587765623127 -0.6732262824374157 0.48310121770050485 -0.445594339773834
60739 31798.200576 -0.4806993073540812 -0.5805145516787822 0.3712565936892122 -0.5423094806849427
60739 32218.200576 -0.5983382791359911 -0.4582991381664084 0.24049195367660298 -0.6116509003453838
60739 32638.200576 -0.6858896131354684 -0.3123543141816878 0.09707527636693664 -0.6500512377676454
60739 33058.200576 -0.7386314263361002 -0.14970108117674188 -0.051969883833576744 -0.6552193018352994
60739 33478.200576 -0.7533483100985393 0.021520559869590755 -0.19905296184126575 -0.6264033106208764
60739 33898.200576 -0.7287235683006507 0.19234554259565112 -0.3363518842630164 -0.5646526039960057
60739 34318.200576 -0.665659787394665 0.3535100689042887 -0.45632444921374904 -0.4729647721329178
60739 34738.200576 -0.5673863942549394 0.4961371445938191 -0.5523014985698508 -0.35620733856304454
60739 35158.200576 0.4393036230881275 -0.6124250131979624 0.6190244495583974 0.22080910488483765
60739 35578.200576 0.2885596979960164 -0.6962366135016198 0.6530504001445806 0.07424993995450048
60739 35998.200576 0.1234529510969506 -0.7434711515284504 0.6529209349646161 -0.07552660720133954
60739 36418.200576 -0.04721368610933982 -0.7521798301620749 0.6191098500618449 -0.22067932503458682
60739 36838.200576 -0.21472014296944397 -0.7224516923855614 0.5537974325072577 -0.3539310895086629
60739 37258.200576 -0.37083650354832665 -0.6561659408286228 0.4605588570045156 -0.46884121509017784
60739 37678.200576 -0.5080602015556751 -0.556732529359752 0.3440829993199675 -0.5599380429358902
60739 38098.200576 -0.6197407875554837 -0.4289166583247336 0.20998545021860737 -0.6227824396594219
60739 38518.200576 -0.7002156588339692 -0.2787623773905067 0.06470858865191405 -0.6540660262007044
60739 38938.200576 -0.745050221932537 -0.11354987838931538 -0.08457494895518691 -0.6518080008141022
60739 39358.200576 -0.7514025535844495 0.05837145644447077 -0.23018970772317604 -0.6156294940933534
60739 39778.200576 -0.7184068409513916 0.22791804579964975 -0.36432497630291666 -0.5470030044844268
60739 40198.200576 -0.6474643792092453 0.3858467937037603 -0.47957780084951457 -0.4493520472592261
60739 40618.200576 -0.542293581795245 0.5234543956413497 -0.5695451003441585 -0.32792002912508367
60739 41038.200576 0.40871616432933244 -0.6332505275583885 0.6293376787093538 0.18941740289546546
60739 41458.200576 0.2541797594431397 -0.7095143724395984 0.6559435367955265 0.041473868004396744
60739 41878.200576 0.08714358629436711 -0.7486070348552595 0.6483377946071078 -0.10794260890382487
60739 42298.200576 -0.08356306348360598 -0.7490301778833014 0.6073953705640972 -0.25108140285303443
60739 42718.200576 -0.24930219876212248 -0.7112787311347935 0.5356271184662236 -0.38083404560414436
60739 43138.200576 -0.40198452791669953 -0.6375775123150282 0.43687272479089534 -0.4909639268210521
60739 43558.200576 -0.5342810130812076 -0.5316349299926387 0.3160337895363774 -0.5762210896382719
60739 43978.200576 -0.6397364396356567 -0.39849143946119897 0.1789133847473818 -0.6324016613171337
60739 44398.200576 -0.7129250819707272 -0.24445845015590628 0.032124099585136595 -0.6564647255338617
60739 44818.200576 -0.74971567660644 -0.07706662806027358 -0.11702583475438788 -0.6467550487549408
60739 45238.200576 -0.7476535654199314 0.0951387064785752 -0.2607928949876036 -0.6032825528460379
60739 45658.200576 -0.7063425043014967 0.2629811348001494 -0.3914035740809619 -0.527943587472151
60739 46078.200576 -0.6276869486130594 0.4172704441417474 -0.501623535051211 -0.4245801456371951
60739 46498.200576 -0.5158826444813944 0.5495104170659111 -0.585341109432666 -0.2987962253226557
60739 46918.200576 0.37715079020964887 -0.6525473434996978 0.638056424140274 0.15755394488571703
60739 47338.200576 0.21920842726687656 -0.7210923930894682 0.6571904800362472 0.00860807721928745
60739 47758.200576 0.050645511828387245 -0.7519681508178081 0.6421502769705639 -0.140078385462979
60739 48178.200576 -0.11970821229827593 -0.7441241098307975 0.5941923898655924 -0.28086412533944216
60739 48598.200576 -0.28331126704933524 -0.6984453835098063 0.5161466921018706 -0.4068185891144068
60739 49018.200576 -0.43222395206768227 -0.6174914947667203 0.4121040924111978 -0.5119149598983198
60739 49438.200576 -0.559294869486145 -0.5052623863240815 0.28717362542462516 -0.5911264490724871
60739 49858.200576 -0.6582710293333013 -0.36707286617538765 0.14734368040407037 -0.6404893462839527
60739 50278.200576 -0.7239735314056586 -0.20950309630007033 -6.083561393517905E-4 -0.6572445575031497
60739 50698.200576 -0.752595232272725 -0.04032490740064315 -0.14925138715310718 -0.6400768247924353
60739 51118.200576 -0.7420920667899474 0.13173722991807926 -0.29079211609550665 -0.589393427073659
60739 51538.200576 -0.692547540388822 0.2974453555612123 -0.41752396447480133 -0.5075213333897418
60739 51958.200576 -0.6063673755053746 0.4476979290115068 -0.5224098900371583 -0.3987142799962098
60739 52378.200576 -0.48821562531250445 0.5742331371929459 -0.599657235476244 -0.26891077942554814
60739 52798.200576 0.34468311579122934 -0.6702632376838208 0.6451672623757599 0.12529942320944332
60739 53218.200576 0.18372899552146849 -0.7309395345289528 0.6567968645065895 -0.0242679179490704
60739 53638.200576 0.014044963343972865 -0.7535482625166501 0.634376025233208 -0.17185695700820627
60739 54058.200576 -0.15556406698135022 -0.7374716259190296 0.5795368544038983 -0.3099555716811678
60739 54478.200576 -0.31666453742941103 -0.6839781890398653 0.49540799329216184 -0.43181978629353784
60739 54898.200576 -0.46147562598375824 -0.5959515059316125 0.3863196460893026 -0.5316382042763461
60739 55318.200576 -0.5830292292648502 -0.47767692896912667 0.25758444122665336 -0.6046089025075725
60739 55738.200576 -0.6752826985058851 -0.3347421047519713 0.11537079928125346 -0.6470166760432339
60739 56158.200576 -0.7333178957455674 -0.1739940326997467 -0.03338499707584499 -0.65639651304255
60739 56578.200576 -0.7536705137795066 -0.003433553812635088 -0.1811440961056583 -0.631787768015189
60739 56998.200576 -0.7347244779990535 0.16805644249582152 -0.3200856696796425 -0.5740053463430475
60739 57418.200576 -0.6770525707342041 0.3312076405060519 -0.4425979496187098 -0.485806927004889
60739 57838.200576 -0.5835620974542929 0.4770376645303721 -0.5418711115550099 -0.3718414225127326
60739 58258.200576 -0.45936916611375656 0.5975498890509257 -0.6124510310667262 -0.23836491743644278
60739 58678.200576 0.3114063489395312 -0.686347834996482 0.6506514228890018 0.09276562471255266
60739 59098.200576 0.14784494847302385 -0.7390303458417626 0.6547691198648756 -0.05703874829788782
60739 59518.200576 -0.022551399359737816 -0.7533424102345703 0.6250513785989371 -0.20316845582042048
60739 59938.200576 -0.19102637510972548 -0.7290930809204835 0.5634837688311555 -0.33825766159859944
60739 60358.200576 -0.3492669430014418 -0.6679190151385782 0.47347970436926323 -0.4557562520614876
60739 60778.200576 -0.48965752101442317 -0.5730154118147274 0.3596004997779378 -0.5500693869833744
60739 61198.200576 -0.6054166761096695 -0.44894977598529756 0.22735610355767505 -0.6166230202531708
60739 61618.200576 -0.6907195125271807 -0.30158241576619005 0.08308994888897929 -0.6519590952724486
60739 62038.200576 -0.7409265300265041 -0.1380238247146787 -0.06610742275219239 -0.6539167451373901
60739 62458.200576 -0.7529340726391557 0.03350657668080011 -0.21260429628925415 -0.6219059452823228
60739 62878.200576 -0.7255712045532355 0.2039912621880094 -0.34857699101311823 -0.5571607249352293
60739 63298.200576 -0.6599112525346091 0.36416260931183037 -0.46653903411944003 -0.46286505852170606
60739 63718.200576 -0.5593573331995225 0.5051931137310486 -0.5599366841826545 -0.34404970766036164
60739 64138.200576 0.42945707878478145 -0.6193844088208175 0.6236740749572869 0.20726847280158373
60739 64558.200576 0.2774570267887752 -0.7007470386694413 0.6544941617265189 0.060071443693676764
60739 64978.200576 0.11170431481343897 -0.745338552768772 0.6511272890874654 -0.08958705941273398
60739 65398.200576 -0.058995969786084186 -0.751359241353173 0.6142208078145502 -0.23390503463975518
60739 65818.200576 -0.22595737401477053 -0.7190289002882124 0.5460950665978015 -0.3656786621013258
60739 66238.200576 -0.3809983627638351 -0.650332002013546 0.450437046911534 -0.47855511855788
60739 66658.200576 -0.5166704046523457 -0.5487651715572113 0.3320303106354665 -0.5671546105441458
60739 67078.200576 -0.6263793014170875 -0.4191769309554498 0.196575544808046 -0.6271345361997147
60739 67498.200576 -0.7045279338170497 -0.26769962715084816 0.05059067107135269 -0.6552998428927982
60739 67918.200576 -0.7467690311334781 -0.10170380833731722 -0.09868913158405761 -0.6498098220378306
60739 68338.200576 -0.7503835069707228 0.07038403907583216 -0.2435528121582639 -0.6104528705801067
60739 68758.200576 -0.7146602436520292 0.23943764619069008 -0.376200411578636 -0.5388910836689998
60739 69178.200576 -0.6411744927742776 0.396224297134482 -0.4892995560643813 -0.438733997555618
60739 69598.200576 -0.5338142342826669 0.5321056780722779 -0.5765762053342253 -0.3153819748857512
60739 70018.200576 0.3985407677594927 -0.6397056382681096 0.6333139113759597 0.17565717309392068
60739 70438.200576 0.24288781459203515 -0.7134584134446914 0.6566888291762227 0.027246714349637068
60739 70858.200576 0.07535065127159893 -0.7498813479688305 0.6458668417322031 -0.12188628336390017
60739 71278.200576 -0.0952506226194644 -0.7476283970048511 0.6018820179498049 -0.26404002604005283
60739 71698.200576 -0.2603187938811274 -0.7073161546237098 0.5273790861715475 -0.39218526544156007
60739 72118.200576 -0.4118172983620826 -0.6312647079581362 0.4263059518094133 -0.5001745862278038
60739 72538.200576 -0.542470183632844 -0.5232655589840302 0.30365369726601615 -0.5828496262220279
60739 72958.200576 -0.6458774788156993 -0.3884418662684408 0.1653067540617873 -0.6361044536474512
60739 73378.200576 -0.7166781481262705 -0.23319509504762442 0.017951405254542585 -0.6570161540581906
60739 73798.200576 -0.7508349467539691 -0.06514563999472822 -0.1310433127195032 -0.6440734263375102
60739 74218.200576 -0.7460255149503958 0.10708633909069706 -0.27390344557341 -0.5974574039428777
60739 74638.200576 -0.702016610680689 0.2742902058875063 -0.402878134789065 -0.5192559771360088
60739 75058.200576 -0.6208875380632589 0.4272994553074099 -0.51081676650881 -0.41349736592295194
60739 75478.200576 -0.5069992716744512 0.5576969746659775 -0.5917481824226738 -0.2859369013776536
60739 75898.200576 0.3667012806537659 -0.6584579879747131 0.6413510491089748 0.14363871569322137
60739 76318.200576 0.20778729963288234 -0.7244503088535709 0.6572402990126063 -0.00560155934186669
60739 76738.200576 0.03887108552330542 -0.7526556661987039 0.6390089481703832 -0.15383774246720286
60739 77158.200576 -0.13124100509010977 -0.7421643156231924 0.5880741203327744 -0.29349064072527054
60739 77578.200576 -0.29405410214280736 -0.6939768781608524 0.507389239753575 -0.4177133430636302
60739 77998.200576 -0.441683003072186 -0.6107433158938562 0.4011429804465129 -0.5205699147344198
60739 78418.200576 -0.5670275415888629 -0.49654358114106006 0.2745272136817775 -0.5971256551643226
60739 78838.200576 -0.6638902947064812 -0.3567728372214509 0.13360917693888646 -0.6435148848730781
60739 79258.200576 -0.7271592190769959 -0.19810178326829128 -0.01476036545867861 -0.6570976222668764
60739 79678.200576 -0.7531254343967124 -0.02839106177331657 -0.1630936443997154 -0.6367075394814843
60739 80098.200576 -0.7398816093938453 0.1435634012162747 -0.30357384422870926 -0.5829302488395947
60739 80518.200576 -0.6876803402181572 0.3084978095360793 -0.4285278338153512 -0.4982858083814984
60739 80938.200576 -0.599105859848417 0.45734441739338894 -0.5310150088476734 -0.3872096498705782
60739 81358.200576 -0.4789817994147518 0.5819359658649549 -0.6053915654733287 -0.25578901445523616
60739 81778.200576 0.33401781595646274 -0.6756239607480344 0.647747682268579 0.11129825875770438
60739 82198.200576 0.17223655492091716 -0.7337201951591888 0.6561369390004635 -0.038386998367125245
60739 82618.200576 0.002338649376270975 -0.7536658294314312 0.6305731038724497 -0.18536426014524046
60739 83038.200576 -0.1669052725714203 -0.7349791957432246 0.5728350747579071 -0.32219278225870535
60739 83458.200576 -0.3271124512912938 -0.6790330099929196 0.4861672871720538 -0.44221373162072014
60739 83878.200576 -0.4705541193641082 -0.5887949047662882 0.37499078939060493 -0.5397048163051142
60739 84298.200576 -0.5903090042706625 -0.4686293775089367 0.24469668707183503 -0.6099551765077775
60739 84718.200576 -0.6803892253849281 -0.3242058106511027 0.10153271851882627 -0.6493475197383414
60739 85138.200576 -0.7359469580585176 -0.1624651551587319 -0.04749043058671175 -0.6555393255071373
60739 85558.200576 -0.7536244550525367 0.008502472878030624 -0.19478104750194616 -0.6277246468283447
60739 85978.200576 -0.7319497126555103 0.17974833771260562 -0.3325044211071801 -0.5669047214279045
60739 86398.200576 -0.6716694807894682 0.341989770038447 -0.4530958065095703 -0.4760328726973573
