CIC_MEM_VERS = 1.0
CREATION_DATE = 2025-03-05T13:44:25.419862
ORIGINATOR = CS Group

META_START
OBJECT_NAME = PLEIADES-NEO4
OBJECT_ID = PLEIADES-NEO4
USER_DEFINED_PROTOCOL = NONE
USER_DEFINED_CONTENT = LLA
USER_DEFINED_SIZE = 3.0
USER_DEFINED_TYPE = REAL
USER_DEFINED_UNIT = [deg] [km]
TIME_SYSTEM = UTC
META_STOP

60739 17831.407392 0.12078052442832292 140.6800546616006 624.0192072444111
60739 18251.407392 25.927059300370605 136.85471311764672 626.5346033285424
60739 18671.407392 51.47088018738749 130.72624182584212 633.2388261740574
60739 19091.407392 75.68901022645663 107.96265229418577 638.0338737148847
60739 19511.407392 74.15973523093382 -10.18223523196515 636.5691628813485
60739 19931.407392 49.69007183399998 -29.9181009581683 629.2381967677185
60739 20351.407392 24.090690959073232 -35.73739051539173 624.7081233440548
60739 20771.407392 -1.7201588738548648 -39.50766965770894 624.9408698576198
60739 21191.407392 -27.514826390021245 -43.387728859496896 627.7877547264563
60739 21611.407392 -53.02015894351378 -49.82116204351185 635.1620734873492
60739 22031.407392 -76.96948857571702 -75.86305830040888 639.9308577684811
60739 22451.407392 -72.79241000240928 167.2122860221808 637.9457316592916
60739 22871.407392 -48.168195376349296 149.6233572156165 629.9890636726188
60739 23291.407392 -22.547463566314804 144.04374786004922 624.4298345542305
60739 23711.407392 3.267941256773301 140.31239201524906 625.7791996207758
60739 24131.407392 29.055245527969976 136.37142201966142 627.7037789514953
60739 24551.407392 54.53131690220491 129.60466955315044 635.4537313108993
60739 24971.407392 78.16325661023275 99.59358749621978 640.2903227422188
60739 25391.407392 71.40868631438838 -14.994515236174202 638.2158415363759
60739 25811.407392 46.65250823112873 -30.805488967798237 630.2625945297258
60739 26231.407392 21.016232135257866 -36.16878785532059 624.1663479658692
60739 26651.407392 -4.821644566441542 -39.87063518180806 623.0681779554764
60739 27071.407392 -30.594681278104225 -43.87987122390958 629.4415368383503
60739 27491.407392 -56.0257932650666 -51.01348217717147 637.5991678626443
60739 27911.407392 -79.24920534697961 -85.81970825059162 642.266909457808
60739 28331.407392 -70.03470427591964 163.1450906825454 639.5607660428705
60739 28751.407392 -45.1754340857757 148.80295142808436 630.8777544260149
60739 29171.407392 -19.513626449261313 143.6289071966169 622.6189173777244
60739 29591.407392 6.340908648511162 139.95123159638257 619.3937164405116
60739 30011.407392 32.14552206120404 135.85894040399148 623.3551296219842
60739 30431.407392 57.587267106011296 128.28370959582466 630.7532118257424
60739 30851.407392 80.30257890985801 86.9694967809276 635.4437814278017
60739 31271.407392 68.45941765856793 -18.682894570674502 634.0657095782279
60739 31691.407392 43.46310393289426 -31.62959706983101 627.9935644301596
60739 32111.407392 17.77837062982865 -36.60517650180851 622.4784506238724
60739 32531.407392 -8.067514900512588 -40.25839537028873 622.5455704005584
60739 32951.407392 -33.83754041193893 -44.44237005441555 624.746054524853
60739 33371.407392 -59.263622918970434 -52.55160402184965 626.0918372903817
60739 33791.407392 -81.22108165185567 -102.4865557918293 628.8967832043076
60739 34211.407392 -66.74562437672161 159.6192890942754 625.575377486461
60739 34631.407392 -41.59199442669426 147.9245157699206 619.6601010224866
60739 35051.407392 -15.830098505601958 143.1346471643828 615.2856872886822
60739 35471.407392 10.06167588292816 139.49269469301376 618.1729273341219
60739 35891.407392 35.82813030728586 135.1811193827142 627.9876071121341
60739 36311.407392 61.12623550667542 126.4078818607221 639.5709300078366
60739 36731.407392 81.86440134021883 65.96505595940218 646.6596590156743
60739 37151.407392 65.16669611061151 -21.728940735105258 645.3468019936792
60739 37571.407392 40.076527383789454 -32.41045817465757 637.5082033039979
60739 37991.407392 14.418293366001745 -37.04191192345198 628.9551030677735
60739 38411.407392 -11.396124681414253 -40.66573585377698 624.9807175960079
60739 38831.407392 -37.13402559659301 -45.06691378368455 626.5956140522946
60739 39251.407392 -62.427924700445715 -54.39186899577394 630.1617265311752
60739 39671.407392 -82.11305354002532 -124.29038998922213 630.5960082845086
60739 40091.407392 -63.659436609241055 157.1378386113307 626.0667084974214
60739 40511.407392 -38.39295888146611 147.2326681564887 627.504213662955
60739 40931.407392 -12.655310818707694 142.73366583884612 625.6397338352684
60739 41351.407392 13.178289372647809 139.10969944631844 623.6647649530644
60739 41771.407392 38.90330662177022 134.57026272075285 627.5181954463745
60739 42191.407392 64.12077296805931 124.43769762906389 632.7905633987062
60739 42611.407392 82.06358569195956 42.998463187832414 634.1632422136701
60739 43031.407392 62.01273860952707 -23.96118300201555 629.5460823316678
60739 43451.407392 36.6892661040515 -33.10999522069399 621.8841344958203
60739 43871.407392 10.901762491332002 -37.48577170717519 617.2909286632174
60739 44291.407392 -14.976300106976742 -41.121113190793 619.9027436976751
60739 44711.407392 -40.69285552036802 -45.81785592182324 627.9274774109821
60739 45131.407392 -65.82259502522841 -56.90412582961927 636.9387976257376
60739 45551.407392 -81.64223654079389 -148.99356061071344 641.8113470057267
60739 45971.407392 -60.39298387544773 155.0743525354174 639.2655262662095
60739 46391.407392 -35.0890743690258 146.58422685393663 632.1197010457568
60739 46811.407392 -9.361343943446574 142.32764396479658 626.0076085744357
60739 47231.407392 16.461954154389765 138.6906091858274 626.095993842278
60739 47651.407392 42.13370595116999 133.85932384735776 631.4393109842898
60739 48071.407392 67.1802076562917 121.88602937347213 636.865339568748
60739 48491.407392 81.04223714285314 22.173489955196043 637.1749481655064
60739 48911.407392 58.93699361313218 -25.705044084673187 630.985700493174
60739 49331.407392 33.52797473026441 -33.70023020473906 625.6867418184563
60739 49751.407392 7.748811386515449 -37.86666825889888 619.8135126754148
60739 50171.407392 -18.114608159277676 -41.52598491592435 620.3852564493011
60739 50591.407392 -43.80695548774479 -46.541368390462694 626.8139703533999
60739 51011.407392 -68.78868073829966 -59.76204167700217 633.6032011981176
60739 51431.407392 -80.09128860629906 -166.72296321170182 635.9209295969847
60739 51851.407392 -57.25019008759487 153.47225970599672 632.0744326736266
60739 52271.407392 -31.81222945717221 145.99717510756304 625.5990646863333
60739 52691.407392 -6.024789234779389 141.92496933838322 622.1752038163233
60739 53111.407392 19.810236009872977 138.24540139752855 624.3737817096755
60739 53531.407392 45.45308028841988 133.03984764605525 632.0276984875402
60739 53951.407392 70.29031185127403 118.44667057922122 639.3348163935167
60739 54371.407392 79.05384542951374 6.632303727195014 640.662187281389
60739 54791.407392 55.733077766555894 -27.199892915269757 634.9346418152708
60739 55211.407392 30.274182340446803 -34.26052161238037 626.2043505474348
60739 55631.407392 4.478696865408614 -38.25682339689674 620.6747046918097
60739 56051.407392 -21.369761507915484 -41.96655637156532 621.9019951188508
60739 56471.407392 -47.013360321725074 -47.38037534758949 628.3125537429776
60739 56891.407392 -71.75968522642785 -63.61467295111206 634.3886783920932
60739 57311.407392 -77.84668959386416 -179.0104317976025 635.3837366220645
60739 57731.407392 -54.08525245337636 152.12984389909167 630.4823648508308
60739 58151.407392 -28.566696286507053 145.46000544426164 623.8104926155514
60739 58571.407392 -2.7519684795990567 141.53610624298673 621.0970356596052
60739 58991.407392 23.079315761116998 137.79027675958073 624.4084851669832
60739 59411.407392 48.70095481182421 132.12938050454332 625.0399515571632
60739 59831.407392 73.31294539008184 113.76580626498479 623.2516675079902
60739 60251.407392 76.41350872025161 -4.010833787821925 626.3195729053042
60739 60671.407392 52.26003103553073 -28.551077780677808 625.722539791719
60739 61091.407392 26.693910002394638 -34.83663193107868 624.5670598237166
60739 61511.407392 0.8975736438418167 -38.68609890635014 627.4843442536566
60739 61931.407392 -24.862254700514523 -42.470834342503466 635.8951292107787
60739 62351.407392 -50.34107808436014 -48.380819564650935 646.2687148078288
60739 62771.407392 -74.62733670696286 -68.91736411692574 652.3428226221025
60739 63191.407392 -75.32084355654221 172.9906503055777 649.450110874341
60739 63611.407392 -51.09998743899417 151.0582438108703 638.0796271077351
60739 64031.407392 -25.557005654939907 145.00046090478372 623.8770372700907
60739 64451.407392 0.29595311435941024 141.1812329779589 614.0095142918826
60739 64871.407392 26.1906686380809 137.335321706364 612.4267149042864
60739 65291.407392 51.84059610808108 131.11781063242947 617.4452041614152
60739 65711.407392 76.0952428544857 107.36061242873994 623.6619275916241
60739 66131.407392 73.65331118349054 -10.692861805440442 625.2679396830605
60739 66551.407392 49.05599776827846 -29.601136601965344 623.3884334852809
60739 66971.407392 23.421328596834712 -35.32158109887572 621.9780757811583
60739 67391.407392 -2.4029992293569693 -39.07554133620365 625.6254749967883
60739 67811.407392 -28.159450306506944 -42.97505109602787 635.1309756716399
60739 68231.407392 -53.58628840234023 -49.516527431575796 646.2667670824284
60739 68651.407392 -77.35719549421421 -76.69547569095505 652.5493096734632
60739 69071.407392 -72.43632133088327 167.12197378815955 649.5925491057092
60739 69491.407392 -47.848484480576595 150.04813577372545 638.3916139577819
60739 69911.407392 -22.26281322450885 144.5225707990382 624.852742904059
60739 70331.407392 3.5897882543757196 140.79284627726105 615.8890726837991
60739 70751.407392 29.454463544716866 136.8239808120946 614.7700920612693
60739 71171.407392 55.02987880527921 129.91889754409132 619.26583817046
60739 71591.407392 78.62725370261559 97.97901253379466 624.5347912035583
60739 72011.407392 70.74319511658331 -15.422391428559326 624.9161126907119
60739 72431.407392 45.844733835313285 -30.514992505052845 620.2141627538944
60739 72851.407392 20.138057736822986 -35.78116740215866 617.1941375114911
60739 73271.407392 -5.73137212126492 -39.47111671921807 620.6022731305634
60739 73691.407392 -31.506158741095355 -43.52564972226437 630.7511706592528
60739 74111.407392 -56.89378843713361 -50.88860003491533 642.9065000859626
60739 74531.407392 -79.80448771973461 -88.78959921773401 650.3731162651621
60739 74951.407392 -69.31825783031088 162.7879589580105 648.8464243290832
60739 75371.407392 -44.47450273704071 149.13498036053588 639.5663398360614
60739 75791.407392 -18.865475055140084 144.05453752861803 628.3652288411154
60739 76211.407392 6.96018522137639 140.3904993149443 621.3940673421694
60739 76631.407392 32.76250362222733 136.26470335537104 621.0130797867383
60739 77051.407392 58.22281789466503 128.49088158331548 624.4585340566268
60739 77471.407392 80.70136430183004 83.90706385816951 626.5472271685048
60739 77891.407392 67.7321115673714 -18.92433756065735 626.20748772782
60739 78311.407392 42.64381114853914 -31.316531020864645 623.9982288946874
60739 78731.407392 16.9238934561424 -36.20808568453864 616.816755782119
60739 79151.407392 -8.975486440927495 -39.859797668602745 614.280568644988
60739 79571.407392 -34.796456158251154 -44.11042853405736 619.7046447767764
60739 79991.407392 -60.1988670984976 -52.54798732825258 625.9332439826128
60739 80411.407392 -81.61219579828243 -108.02209644042335 626.5704286754087
60739 80831.407392 -65.81150083459103 159.3075132133751 625.6212990261578
60739 81251.407392 -40.61988543104078 148.2138860043221 622.0076728277504
60739 81671.407392 -14.877872465270455 143.5205844347146 620.6576454940998
60739 82091.407392 10.966638444068293 139.89088012606194 625.562494711308
60739 82511.407392 36.66936805079439 135.5292238008599 636.0488373482203
60739 82931.407392 61.8864984783357 126.45893121685764 646.4178173480534
60739 83351.407392 82.02536388547408 61.245341942030684 650.5297522367517
60739 83771.407392 64.46764770815605 -21.76022314723471 645.4671855890116
60739 84191.407392 39.33521353338907 -32.05743721057472 633.9361208650532
60739 84611.407392 13.631574537364369 -36.62992839850985 622.2683846642515
60739 85031.407392 -12.24008509432643 -40.2596799406778 616.772552454708
60739 85451.407392 -38.03237902998553 -44.73754061245401 618.5408312039732
60739 85871.407392 -63.347325666596944 -54.49815596039262 623.7186673265495
60739 86291.407392 -82.13266490419599 -131.0643732888914 626.9140058737835
