CIC_MEM_VERS = 1.0
CREATION_DATE = 2025-03-05T13:44:25.272143
ORIGINATOR = CS Group

META_START
OBJECT_NAME = PLEIADES1B
OBJECT_ID = PLEIADES1B
USER_DEFINED_PROTOCOL = NONE
USER_DEFINED_CONTENT = LLA
USER_DEFINED_SIZE = 3.0
USER_DEFINED_TYPE = REAL
USER_DEFINED_UNIT = [deg] [km]
TIME_SYSTEM = UTC
META_STOP

60739 16192.006272 0.11937171840053067 140.8434952802213 697.9202544738654
60739 16612.006272 25.50607510872321 136.94025026759923 699.5795267875892
60739 17032.006272 50.63420795009257 130.7982965877189 706.281970994815
60739 17452.006272 74.51909222436367 109.67462410346795 711.4336433588447
60739 17872.006272 75.355417559147 -5.817376903882963 710.6585565784534
60739 18292.006272 51.599010385547395 -28.686619209558433 704.0054205984333
60739 18712.006272 26.458819724578728 -35.01605312714098 695.6532455912209
60739 19132.006272 1.046330128581421 -38.95583893368736 692.575106109387
60739 19552.006272 -24.370983468928646 -42.8277696686853 696.5799884026917
60739 19972.006272 -49.54325935876296 -48.78223330450154 699.3894061962646
60739 20392.006272 -73.59991636592643 -68.26733070970074 695.2281811135357
60739 20812.006272 -76.14968695152842 176.50027582929548 699.2894330907098
60739 21232.006272 -52.49231761074284 151.69243653622138 699.8088644333498
60739 21652.006272 -27.373386818637158 145.18378804408724 699.6507328239235
60739 22072.006272 -2.017010850497511 141.21787803838134 703.0761149701096
60739 22492.006272 23.310670331843163 137.38871749712897 711.4678727585674
60739 22912.006272 48.374903392326594 131.64631426714914 721.6253066650087
60739 23332.006272 72.42060795742715 114.01526271892394 727.6012603622003
60739 23752.006272 77.37258491786999 0.7717661054203269 724.756867272595
60739 24172.006272 54.14958050188259 -27.595023148726664 713.1972487889207
60739 24592.006272 29.10515606671119 -34.462217502560016 698.1213388791282
60739 25012.006272 3.6920732009151904 -38.50854749418332 686.6312130927936
60739 25432.006272 -21.8037518704286 -42.3249627157169 683.3545499480334
60739 25852.006272 -47.11198419073967 -47.91594580007518 687.6049549053685
60739 26272.006272 -71.49265120684159 -64.4073916699978 694.4865410569013
60739 26692.006272 -77.98852168762103 -176.61189070664324 698.9213172620222
60739 27112.006272 -54.81285350830005 152.72731839799198 699.5936020592773
60739 27532.006272 -29.73757213061805 145.69187658699002 699.2287646257333
60739 27952.006272 -4.387738261364387 141.62571554282772 702.1835770124569
60739 28372.006272 20.954225017262775 137.8496079340637 710.223715752639
60739 28792.006272 46.05812411275667 132.44131948891908 720.5632573536844
60739 29212.006272 70.30911038126865 117.36964363112992 727.3120615031297
60739 29632.006272 79.05834118028511 8.940013713412865 725.5101069751762
60739 30052.006272 56.445836613519084 -26.48622589591247 714.7259788961685
60739 30472.006272 31.463467304636062 -33.939372378929846 699.7534557183983
60739 30892.006272 6.072835747664149 -38.097729783791145 687.6462853271561
60739 31312.006272 -19.424171580302207 -41.86847959663034 683.4764090605407
60739 31732.006272 -44.763686015888375 -47.1457480394537 687.0865023845406
60739 32152.006272 -69.3302932882884 -61.31657719790315 693.8600529487093
60739 32572.006272 -79.60358332480503 -167.49020777056694 699.2760721228587
60739 32992.006272 -57.12684108855754 153.88178848910368 700.2792279658364
60739 33412.006272 -32.10909660566054 146.2232654484478 699.726888059867
60739 33832.006272 -6.773819770801812 142.0378905473606 702.0227872156038
60739 34252.006272 18.576789020479225 138.30124417434192 709.3511804204398
60739 34672.006272 43.715976619095436 133.1833607812753 719.413135390502
60739 35092.006272 68.13157208187037 120.1236027188093 726.5020074403762
60739 35512.006272 80.46606103657204 19.78670035430294 725.4452586191501
60739 35932.006272 58.73879419718346 -25.241029868735122 715.327152241589
60739 36352.006272 33.820297886615506 -33.39341199249697 700.5384481395606
60739 36772.006272 8.44875178142675 -37.684769109526286 688.0656315670274
60739 37192.006272 -17.050883765700437 -41.42438881324962 683.3499419303835
60739 37612.006272 -42.418655584975625 -46.432093787294306 686.687339582203
60739 38032.006272 -67.13012048188004 -58.78464493433766 693.6773790338207
60739 38452.006272 -80.87935184953943 -155.51114272345455 700.0737765941184
60739 38872.006272 -59.431349855013586 155.18033522026172 701.4805112951901
60739 39292.006272 -34.483650852381835 146.7797713481944 700.7364643684601
60739 39712.006272 -9.168169614293753 142.45447286488587 702.2488689286582
60739 40132.006272 16.187552370398734 138.74401642137718 708.6251578751155
60739 40552.006272 41.35895061566257 133.8775991424755 718.1204115649867
60739 40972.006272 65.90950110421618 122.41717343911023 725.2921414137389
60739 41392.006272 81.44320537603865 33.687441181082754 724.8251826469976
60739 41812.006272 61.019943353348665 -23.829493775845652 715.3558624837675
60739 42232.006272 36.17183162390663 -32.82085222533887 700.854174278974
60739 42652.006272 10.818709959618495 -37.26813624858739 688.1940188156636
60739 43072.006272 -14.683227628521953 -40.99040114074911 683.1446088140351
60739 43492.006272 -40.07600675192125 -45.766083561815 686.4111982022275
60739 43912.006272 -64.90263217627138 -56.66962722666669 693.7994723456093
60739 44332.006272 -81.65973137508132 -140.5834956340669 701.1629344817954
60739 44752.006272 -61.72142750125915 156.65718056761756 702.9945135500427
60739 45172.006272 -36.85704140551547 147.36507893672646 702.03922256826
60739 45592.006272 -11.565468019170014 142.87647846417306 702.6956835131272
60739 46012.006272 13.792751355260714 139.17910085743088 707.9755025906825
60739 46432.006272 38.99391085295647 134.53027979663207 716.694319296001
60739 46852.006272 63.657800975562694 124.35815437053378 723.7492552156053
60739 47272.006272 81.83059331193178 49.93172094130571 723.7652911516984
60739 47692.006272 63.28225243705104 -22.215980829089197 714.9604245213516
60739 48112.006272 38.5145608816293 -32.21963752373063 700.8649106626838
60739 48532.006272 13.180382281821283 -36.84721001036074 688.1913309610217
60739 48952.006272 -12.322590205723127 -40.56475429015716 683.0032200155413
60739 49372.006272 -37.73676404327512 -45.1400237732535 686.3578333201316
60739 49792.006272 -62.65584959388789 -54.87079751791044 694.2580801806871
60739 50212.006272 -81.80511858071621 -123.96818476930567 702.5510062715009
60739 50632.006272 -63.993356989021706 158.35719557723897 704.7751906494165
60739 51052.006272 -39.22803226546202 147.9835190164182 703.5513156009148
60739 51472.006272 -13.963942491701731 143.30518179801015 703.2535579343163
60739 51892.006272 11.394758461489404 139.60779181501954 707.3024088535589
60739 52312.006272 36.623808009696674 135.14694558679838 715.1021493719683
60739 52732.006272 61.38483472602536 126.02565393650548 721.9652586495993
60739 53152.006272 81.54724688627347 66.36911914769492 722.4738399072024
60739 53572.006272 65.52221409417436 -20.345578179793613 714.4274622823089
60739 53992.006272 40.85109651704204 -31.58422942308422 700.8980593286227
60739 54412.006272 15.53889356054525 -36.419936534983485 688.3712168084825
60739 54832.006272 -9.961890788002082 -40.145443730060705 683.1614016440697
60739 55252.006272 -35.392982883607466 -44.547186769944474 686.6039307583934
60739 55672.006272 -60.38724270582039 -53.312827450255384 694.9585339573026
60739 56092.006272 -81.28407817641498 -108.050560315312 704.0486536526585
60739 56512.006272 -66.24789998906783 160.34474793041144 706.5532033615871
60739 56932.006272 -41.59974485007622 148.63965001046816 704.972981445267
60739 57352.006272 -16.36469023974254 143.74081951856633 703.6385146461482
60739 57772.006272 8.994247964127972 140.02993288305032 706.3907824036556
60739 58192.006272 34.25059672045055 135.73033440259084 713.2435230882169
60739 58612.006272 59.09686036028398 127.47374060722039 719.9201892255982
60739 59032.006272 80.65443476609224 80.69136336994012 720.9876323764138
60739 59452.006272 67.73183936595996 -18.142261885871832 713.8361216535188
60739 59872.006272 43.179608496079965 -30.908499686090938 701.0379539737718
60739 60292.006272 17.893119372501022 -35.98540442397967 688.7354630703246
60739 60712.006272 -7.602262299393409 -39.732145485818805 683.5568422062548
60739 61132.006272 -33.046140124443745 -43.984877825441636 687.0894223357728
60739 61552.006272 -58.10163314824428 -51.95020900649283 695.8831581651675
60739 61972.006272 -80.19864621344786 -94.75421673844923 705.0393496218759
60739 62392.006272 -68.47172162908154 162.70667651477044 707.8622601156221
60739 62812.006272 -43.96281608548543 149.34002175104612 706.0685049216713
60739 63232.006272 -18.75788572795132 144.1848461270156 703.8792279602171
60739 63652.006272 6.600092615056384 140.44606350184785 705.4963415337136
60739 64072.006272 31.880830725513484 136.28266937108677 711.5135997416037
60739 64492.006272 56.800138776441855 128.74265244363596 718.049271742678
60739 64912.006272 79.30492972152607 91.98025022562277 719.6881787330453
60739 65332.006272 69.90401421905611 -15.49651600658723 713.4337938103765
60739 65752.006272 45.5022241382107 -30.1831321213108 701.3316000685107
60739 66172.006272 20.245144958997837 -35.540572493244404 689.124310926297
60739 66592.006272 -5.24307546385632 -39.32312612594222 683.897125925091
60739 67012.006272 -30.698299122870523 -43.45009653104856 687.4035336250672
60739 67432.006272 -55.80663814499869 -50.74891601129544 696.5283190226768
60739 67852.006272 -78.71422839706122 -84.5166774710478 704.9852618535931
60739 68272.006272 -70.64350857689392 165.55247604938552 708.3072663523554
60739 68692.006272 -46.30263847138887 150.0895669440339 706.6632248712849
60739 69112.006272 -21.12913686273063 144.63748849872155 704.0856076140989
60739 69532.006272 4.225058721557892 140.8566972799222 705.0023052716673
60739 69952.006272 29.524235297164584 136.8081504526949 710.4606325606829
60739 70372.006272 54.50268513001395 129.86832852191503 716.9594356350317
60739 70792.006272 77.65175160648538 100.52759170490882 719.1366259853891
60739 71212.006272 72.02959914076357 -12.261226638197536 713.6342211329625
60739 71632.006272 47.82325424029128 -29.399610512854608 701.9931228098263
60739 72052.006272 22.600203394276388 -35.08298100614315 689.5683089535684
60739 72472.006272 -2.8801825812485293 -38.91600139618013 683.9252782203013
60739 72892.006272 -28.34840363570794 -42.93770520519823 687.0538748384696
60739 73312.006272 -53.50734402666412 -49.677318804445605 696.1964301318824
60739 73732.006272 -76.9708268077002 -76.81136861170536 706.3218489722329
60739 74152.006272 -72.76463248309172 169.068343002715 709.9892236991919
60739 74572.006272 -48.64751133315597 150.90475689823924 708.144016549474
60739 74992.006272 -23.51408344910421 145.1060287600052 704.6634953207911
60739 75412.006272 1.833985523840133 141.267871174264 704.2667808776051
60739 75832.006272 27.153614509625477 137.31495784530063 708.5779238134282
60739 76252.006272 52.19181302863663 130.88255317676445 714.6407453903265
60739 76672.006272 75.80276928382837 106.98730838377075 717.2095328302547
60739 77092.006272 74.07775855026406 -8.248242590711968 712.6027130263054
60739 77512.006272 50.11723990800171 -28.5561925736861 701.8267012114825
60739 77932.006272 24.92751923924906 -34.615965274993336 689.5565373785544
60739 78352.006272 -0.5441050751100824 -38.513573831761796 684.2460719883279
60739 78772.006272 -26.01889664623714 -42.44769178669866 687.6546999905739
60739 79192.006272 -51.21367065219208 -48.71298857507509 697.3649799949108
60739 79612.006272 -75.06937037919461 -70.98317817411836 704.9355535719579
60739 80032.006272 -74.78402059471831 173.43094248821257 709.4905502811692
60739 80452.006272 -50.9427249241536 151.77631963236445 708.4231956734792
60739 80872.006272 -25.848739611376544 145.58078450751108 705.2724285169643
60739 81292.006272 -0.5130355579586384 141.67229003470877 704.7823111109705
60739 81712.006272 24.812625127840107 137.79897080814814 708.8919594841695
60739 82132.006272 49.88729581885928 131.79985101795 714.9801718636508
60739 82552.006272 73.81900130937609 111.96997659471698 717.897101187014
60739 82972.006272 76.0522559925477 -3.0833298765169235 713.6769113764487
60739 83392.006272 52.438424974457455 -27.622630182891825 702.9165068623633
60739 83812.006272 27.293903776770627 -34.126337043065696 690.2453112444399
60739 84232.006272 1.8325494327539396 -38.10529002792805 683.7650098974697
60739 84652.006272 -23.65826403977632 -41.968384353915816 686.0826291040362
60739 85072.006272 -48.90306269915654 -47.82893091192885 695.1850678161182
60739 85492.006272 -73.05097647432095 -66.44823271733429 707.2123034404767
60739 85912.006272 -76.72169528292258 179.10739904462136 711.8161614736703
60739 86332.006272 -53.27546176487959 152.74728177600946 710.203374023227
