CIC_MEM_VERS = 1.0
CREATION_DATE = 2025-03-05T13:44:25.614627
ORIGINATOR = CS Group

META_START
OBJECT_NAME = RED1
OBJECT_ID = RED1
USER_DEFINED_PROTOCOL = NONE
USER_DEFINED_CONTENT = LLA
USER_DEFINED_SIZE = 3.0
USER_DEFINED_TYPE = REAL
USER_DEFINED_UNIT = [deg] [km]
TIME_SYSTEM = UTC
META_STOP

60738 73258.200576 0.1215342698433774 15.447224487193026 586.664646074819
60738 73678.200576 26.213782474304082 11.613166256429821 573.4057728600351
60738 74098.200576 52.140341514614654 5.355153543499253 568.6236997682922
60738 74518.200576 76.65207562234193 -19.66121756263116 568.8104810591102
60738 74938.200576 72.81972159712497 -138.30295882343975 570.536354770176
60738 75358.200576 47.770018029554066 -155.85839756900887 573.7786421157551
60738 75778.200576 21.829533841700247 -161.37097486658215 581.7024020861364
60738 76198.200576 -4.205059989633354 -165.07750327204013 596.9826144862687
60738 76618.200576 -30.071130655971402 -169.03300654730515 617.8034509816392
60738 77038.200576 -55.507322217161665 -175.95831031637564 637.3207954595308
60738 77458.200576 -78.86910650868732 151.54904602545534 647.2238222482188
60738 77878.200576 -70.72286806237672 38.50451216851725 642.6930251068176
60738 78298.200576 -45.94428607500956 23.63730749340381 625.3457880019903
60738 78718.200576 -20.255341811727057 18.416196595878777 602.4380328279824
60738 79138.200576 5.757736835380092 14.742997380416055 582.7246276975917
60738 79558.200576 31.846037449279564 10.67054481289039 571.474852887562
60738 79978.200576 57.6701002357355 3.079921353886835 568.2405645932204
60738 80398.200576 80.65126024650608 -40.51012117917781 569.0920506348273
60738 80818.200576 67.62513738132364 -145.0720616918212 571.1213538488731
60738 81238.200576 42.187530920029126 -157.33307536307763 575.1500146070067
60738 81658.200576 16.199284678251004 -162.1651897246599 584.589881421408
60738 82078.200576 -9.816833876527875 -165.78892652167266 601.3959398306621
60738 82498.200576 -35.61510820214859 -170.04522940786248 622.5649368797451
60738 82918.200576 -60.88801913872315 -178.62500075928773 640.5475680506208
60738 83338.200576 -81.84928032082466 123.06862139505404 647.4293323496814
60738 83758.200576 -65.54819426067583 33.06729211328564 639.6659725192051
60738 84178.200576 -40.43412274602586 22.27369465280741 620.3171197461359
60738 84598.200576 -14.650152451394346 17.640728564275925 597.3898770890573
60738 85018.200576 11.40229706397543 14.020499242259586 579.2909541012306
60738 85438.200576 37.47166871078143 9.593481188547042 570.0641532112213
60738 85858.200576 63.1400467657544 -0.03926500064669281 568.1638580656976
60738 86278.200576 82.20677134356256 -77.88961975647877 569.4921034880011
60739 298.200576 62.24440716756011 -149.3358281789714 571.8092285124939
60739 718.200576 36.58392525685032 -158.5572266065733 576.7273618137846
60739 1138.200576 10.5656471924144 -162.91202012018928 587.7194430241666
60739 1558.200576 -15.421965580084654 -166.5273801976212 605.8685713081801
60739 1978.200576 -41.14179459435374 -171.21809098116455 627.0214597719911
60739 2398.200576 -66.18867278094318 177.6059361605023 643.1209353118286
60739 2818.200576 -81.62492782545802 83.780172235956 646.8674711214397
60739 3238.200576 -60.22684923555834 29.46900563024088 636.0916027551377
60739 3658.200576 -34.89108899695111 21.12397573725985 615.2047316361563
60739 4078.200576 -9.027129934511242 16.90498712201524 592.7240146085353
60739 4498.200576 17.052188585229754 13.264224819225907 576.4491709542774
60739 4918.200576 43.085279057410595 8.329103214353367 569.1534783457331
60739 5338.200576 68.50440383152907 -4.623843612661645 568.3512990505308
60739 5758.200576 80.0917791738003 -112.85828772675872 570.007712499787
60739 6178.200576 56.767071275284245 -152.27849796898485 572.6576369702146
60739 6598.200576 30.966390725215213 -159.60725641310574 578.6011446857661
60739 7018.200576 4.93307785352235 -163.6296690481475 591.1818065466845
60739 7438.200576 -21.01555247133825 -167.30971704841886 610.4554864365193
60739 7858.200576 -46.64325406142866 -172.6166669973087 631.1916508145101
60739 8278.200576 -71.34026524892253 171.8405713970661 645.062179210237
60739 8698.200576 -78.3742277945109 57.33169230749789 645.5804701043186
60739 9118.200576 -54.82228438860045 26.896675577337298 632.0281487070214
60739 9538.200576 -29.32396617441648 20.125131723356386 610.0408051868526
60739 9958.200576 -3.3922997106440658 16.191917417919733 588.4030393185511
60739 10378.200576 22.701835754487245 12.455603532596879 574.0811283500109
60739 10798.200576 48.67864677525971 6.796157347482722 568.5800285654645
60739 11218.200576 73.65913604741124 -12.036893799212002 568.6642579781034
60739 11638.200576 75.8665117457719 -131.38615904028077 570.5690118200355
60739 12058.200576 51.23240124131281 -154.45099709286922 573.6589528090725
60739 12478.200576 25.33875331565721 -160.53303618600745 580.7854489826868
60739 12898.200576 -0.6964936914320364 -164.33350889917057 594.9482264415292
60739 13318.200576 -26.595825880375173 -168.1567008278666 615.0889874770485
60739 13738.200576 -52.11308994636616 -174.34367381427515 635.0048783477345
60739 14158.200576 -76.18202691173411 162.02385999474146 646.3420952997324
60739 14578.200576 -73.82436094979563 43.8865742624414 643.6176548353043
60739 14998.200576 -49.362467388805804 24.94677150746331 627.5830006069635
60739 15418.200576 -23.736447671644896 19.234738966771946 604.9326341495934
60739 15838.200576 2.2513512346373896 15.486986811452155 584.4966184594999
60739 16258.200576 28.347545613792732 11.571880672979832 572.2026647565046
60739 16678.200576 54.24161820745981 4.866192732802053 568.295521218051
60739 17098.200576 78.32647554660711 -25.594647693148 569.0301615805768
60739 17518.200576 70.88162192029816 -140.9702900981034 571.1042592021826
60739 17938.200576 45.660493818862896 -156.14292379259513 574.7431014688564
60739 18358.200576 19.703242715296803 -161.37109129354948 583.202726907863
60739 18778.200576 -6.322643987582156 -165.0383680673089 598.9373238766309
60739 19198.200576 -32.16262952749417 -169.09510898710903 619.7155449485011
60739 19618.200576 -57.54217350837104 -176.56708633974839 638.4675562553514
60739 20038.200576 -80.24867906333631 143.178300255656 647.0531355810618
60739 20458.200576 -68.79031293274738 36.464107431288326 641.157214703478
60739 20878.200576 -43.8631287541467 23.398514288631162 622.9744821346013
60739 21298.200576 -18.13316683397951 18.42204846726005 600.0762433264772
60739 21718.200576 7.898781691514052 14.776191523956676 581.0911510391805
60739 22138.200576 33.9830908339222 10.58316575476653 570.7888027501405
60739 22558.200576 59.75555348773936 2.3211822911313416 568.2725066089403
60739 22978.200576 81.64816123657342 -52.639885226208236 569.5019091995937
60739 23398.200576 65.60079568248568 -146.5911852125574 571.7471880124418
60739 23818.200576 40.06838659440002 -157.51521161971527 576.1092877493882
60739 24238.200576 14.069699261015796 -162.14625237703524 586.0740581053979
60739 24658.200576 -11.93484208461266 -165.75795562894237 603.2925235934384
60739 25078.200576 -37.70397061077921 -170.1601669852662 624.3228578440198
60739 25498.200576 -62.901537358318365 -179.57802902237887 641.4524424646862
60739 25918.200576 -82.21363595785971 108.45710921267052 647.0210621950309
60739 26338.200576 -63.54828620874402 31.85105614340062 638.0191338839591
60739 26758.200576 -38.33820391300697 22.121277241778724 618.036597933723
60739 27178.200576 -12.520030550075827 17.662433677040546 595.3144222828606
60739 27598.200576 13.545478949731438 14.043269989391705 578.0396844030178
60739 28018.200576 39.60343479593115 9.44528264345578 569.7478966138108
60739 28438.200576 65.19064446815449 -1.246600777793257 568.485957464415
60739 28858.200576 81.79392627524606 -92.77514178438558 570.1127974763157
60739 29278.200576 60.18263802231366 -150.26375867066753 572.6177524793989
60739 29698.200576 34.465506748896715 -158.66670062838136 577.8960817972496
60739 30118.200576 8.443229023704333 -162.87947360710447 589.3977649553082
60739 30538.200576 -17.528649371589168 -166.50883233064906 607.8336200805317
60739 30958.200576 -43.214765589243065 -171.4045313528745 628.6771605722514
60739 31378.200576 -68.15069779087872 176.0575354732043 643.7859104913908
60739 31798.200576 -80.65283278215631 72.05361535454249 646.186219788004
60739 32218.200576 -58.19820560529564 28.706795895587668 634.2612366210907
60739 32638.200576 -32.792793978205694 21.03478462774267 612.8985560940326
60739 33058.200576 -6.899396122437174 16.93791931759426 590.7684603891416
60739 33478.200576 19.188406828667233 13.271173640210362 575.391678013461
60739 33898.200576 45.20298907249266 8.093784366572324 569.0131547411796
60739 34318.200576 70.48622034859899 -6.665339843638781 568.7793570031328
60739 34738.200576 78.64547807273009 -121.12671141668278 570.6861732270322
60739 35158.200576 54.688600400262175 -152.86516544661572 573.5544406209476
60739 35578.200576 28.852456331310687 -159.66300955727138 579.9094017471534
60739 35998.200576 2.820491969215128 -163.58866072496826 592.9854077903431
60739 36418.200576 -23.10845653669919 -167.31105857902847 612.4455848850974
60739 36838.200576 -48.696431872498394 -172.9088571717941 632.7098553437771
60739 37258.200576 -73.20593519200791 169.1279832933527 645.4624786386523
60739 37678.200576 -76.7588112989568 51.532456067614355 644.6178922018519
60739 38098.200576 -52.778452516423336 26.40868646637928 630.0034073275505
60739 38518.200576 -27.225471672516175 20.08375970639556 607.6836970440171
60739 38938.200576 -1.2683978330757137 16.231656477454575 586.5317968228452
60739 39358.200576 24.830088347181697 12.439188055133771 573.1371709802603
60739 39778.200576 50.78015420840171 6.432315317919717 568.4678267077098
60739 40198.200576 75.5022426258843 -15.820666252725983 569.0262260774454
60739 40618.200576 74.04419599904881 -135.37673965884494 571.1569419370312
60739 41038.200576 49.14232301353408 -154.82832217853317 574.5345095074911
60739 41458.200576 23.225671694526593 -160.55071150958742 582.1714013571261
60739 41878.200576 -2.8037393688354393 -164.2905445709262 596.8694947609775
60739 42298.200576 -28.679279592068436 -168.18877777717233 617.1283538569976
60739 42718.200576 -54.14748851719103 -174.7973716700665 636.4390489347444
60739 43138.200576 -77.83734236745754 156.76134730630127 646.5589611234136
60739 43558.200576 -71.97813880380659 40.94642130241501 642.4620862243194
60739 43978.200576 -47.30712401016219 24.63431308753597 625.4400041420251
60739 44398.200576 -21.636204697437375 19.228356988827123 602.572439549103
60739 44818.200576 4.373092071551985 15.527454483495417 582.6943564835606
60739 45238.200576 30.469298282438807 11.520002204525367 571.3169322273733
60739 45658.200576 56.32452124292734 4.301658882040599 568.1856015189204
60739 46078.200576 79.81613350405922 -33.384345177232994 569.3558173239661
60739 46498.200576 68.91787566622563 -143.09315863047485 571.68404834664
60739 46918.200576 43.56220411559216 -156.38191906012284 575.7081633822041
60739 47338.200576 17.591187911343884 -161.36126960678197 584.7555854761334
60739 47758.200576 -8.424274436582968 -164.9993782290437 600.9794794813469
60739 48178.200576 -34.236317074067415 -169.17131118053658 621.7123732696357
60739 48598.200576 -59.55295374489288 -177.2749770014681 639.659815569762
60739 49018.200576 -81.33512407691377 132.42918048880645 646.9022305619119
60739 49438.200576 -66.84570017635005 34.81765148666382 639.6261324476957
60739 49485.000384 5.60360892193687 5.157082716056925 62622.3433255707
60739 49575.000384 5.771279128402528 5.222090951092093 62622.3556354301
60739 49665.000384 5.938941815393485 5.287137599314126 62622.36829682431
60739 49706.000352 0.5223096731162074 8.977334398329747 62622.14166616327
60739 49796.000352 0.5378866520919461 9.15628746866513 62622.141770366536
60739 49886.000352 0.5534583849180146 9.335241463376128 62622.14186813667
60739 49976.000352 0.569024718032797 9.514196389583336 62622.14195913238
60739 50066.000352 0.5845854999798755 9.69315227847906 62622.142043876
60739 50156.000352 0.6001405788395487 9.87210915508213 62622.142122355086
60739 50246.000352 0.615689803097531 10.05106704774972 62622.14219453236
60739 50336.000352 0.6312330211108288 10.230025983851503 62622.142260390516
60739 50426.000352 0.6467700811222153 10.408985988362097 62622.14231992078
60739 50516.000352 0.6623008315033643 10.587947087237586 62622.14237311696
60739 50606.000352 0.6778251207218433 10.76690930656261 62622.14241997391
60739 50696.000352 0.6933427972756645 10.945872672032406 62622.14246048661
60739 50786.000352 0.7088537097193408 11.124837209454492 62622.1424946503
60739 50876.000352 0.7243577066678687 11.303802944520303 62622.14252246021
60739 50966.000352 0.739854636816651 11.482769902979406 62622.14254391158
60739 51056.000352 0.7553443489100515 11.661738110435763 62622.14255899955
60739 51146.000352 0.7708266917677811 11.840707592505009 62622.142567719384
60739 51236.000352 0.7863015142679851 12.019678374704494 62622.142570066215
60739 51326.000352 0.8017686653715833 12.198650482593637 62622.14256603521
60739 51416.000352 0.8172279940958705 12.377623941571517 62622.14255562162
60739 51506.000352 0.8326793495384771 12.556598777057257 62622.142538820415
60739 51596.000352 0.84812258086796 12.735575014379203 62622.14251562678
60739 51686.000352 0.8635575373288609 12.914552678835555 62622.14248603588
60739 51776.000352 0.8789840682359998 13.09353179564126 62622.14245004269
60739 51866.000352 0.894402022989908 13.272512389989938 62622.14240764229
60739 51956.000352 0.9098112510622098 13.45149448698549 62622.14235882973
60739 52046.000352 0.9252116020108947 13.630478111711694 62622.1423036001
60739 52136.000352 0.9406029254713119 13.809463289156582 62622.14224194827
60739 52226.000352 0.9559850711635355 13.988450044273247 62622.14217386939
60739 52316.000352 0.971357888891621 14.167438401939858 62622.14209935834
60739 52406.000352 0.9867212285445583 14.346428386978532 62622.14201841008
60739 52496.000352 1.0020749400997118 14.525420024150238 62622.14193101959
60739 52586.000352 1.0174188736237304 14.704413338157831 62622.14183718177
60739 52676.000352 1.0327528792706882 14.883408353625862 62622.14173689157
60739 52766.000352 1.0480768072866746 15.062405095120548 62622.14163014384
60739 52856.000352 1.06339050801096 15.24140358713694 62622.14151693352
60739 52946.000352 1.0786938318771335 15.420403854116 62622.14139725545
60739 53036.000352 1.0939866294138354 15.599405920418073 62622.141271104505
60739 53126.000352 1.1092687512462411 15.77840981033803 62622.14113847554
60739 53216.000352 1.1245400480982315 15.95741554810211 62622.140999363284
60739 53306.000352 1.139800370793388 16.13642315786529 62622.14085376271
60739 53396.000352 1.1550495702548365 16.315432663702985 62622.14070166856
60739 53486.000352 1.1702874975095123 16.49444408962316 62622.14054307558
60739 53576.000352 1.1855140036883782 16.67345745956776 62622.140377978634
60739 53666.000352 1.200728940026306 16.852472797392075 62622.14020637241
60739 53756.000352 1.215932157864927 17.031490126879557 62622.140028251735
60739 53846.000352 1.231123508654448 17.210509471739872 62622.13984361129
60739 53936.000352 1.2463028439538137 17.38953085560276 62622.139652445876
60739 54026.000352 1.2614700154328273 17.568554302019244 62622.1394547502
60739 54116.000352 1.2766248748733235 17.74757983446301 62622.13925051895
60739 54206.000352 1.2917672741708826 17.926607476325735 62622.13903974684
60739 54296.000352 1.3068970653348513 18.105637250914242 62622.138822428606
60739 54386.000352 1.3220141004917276 18.284669181460004 62622.13859855887
60739 54476.000352 1.3371182318854018 18.463703291108065 62622.13836813237
60739 54566.000352 1.3522093118785723 18.64273960291975 62622.13813114376
60739 54656.000352 1.367287192953981 18.821778139869107 62622.1378875877
60739 54746.000352 1.3823517277161859 19.000818924846655 62622.13763745882
60739 54836.000352 1.3974027688932773 19.179861980659815 62622.13738075181
60739 54926.000352 1.4124401693378432 19.358907330027385 62622.137117461294
60739 55016.000352 1.4274637820278773 19.53795499557685 62622.136847581874
60739 55106.000352 1.4424734600683162 19.717004999844217 62622.13657110822
60739 55196.000352 1.4574690566932027 19.896057365281234 62622.136288034926
60739 55286.000352 1.4724504252666921 20.07511211424553 62622.13599835666
60739 55376.000352 1.487417419283901 20.254169269003032 62622.135702067935
60739 55466.000352 1.5023698923727937 20.43322885172853 62622.13539916345
60739 55556.000352 1.5173076982949243 20.612290884500634 62622.13508963774
60739 55646.000352 1.5322306909481103 20.79135538930571 62622.13477348546
60739 55736.000352 1.5471387243668142 20.970422388034084 62622.13445070119
60739 55826.000352 1.5620316527236586 21.14949190248203 62622.13412127949
60739 55916.000352 1.5769093303300912 21.328563954343405 62622.13378521493
60739 56006.000352 1.5917716116399936 21.50763856522331 62622.133442502156
60739 56096.000352 1.6066183512484231 21.686715756617463 62622.13309313569
60739 56186.000352 1.6214494038946554 21.865795549931608 62622.13273711018
60739 56276.000352 1.6362646244622032 22.044877966461755 62622.13237442016
60739 56366.000352 1.6510638679821996 22.223963027411333 62622.13200506021
60739 56456.000352 1.66584698963275 22.403050753877316 62622.13162902492
60739 56546.000352 1.6806138447413732 22.582141166853283 62622.13124630887
60739 56636.000352 1.695364288786248 22.76123428723195 62622.13085690663
60739 56726.000352 1.7100981773971888 22.940330135800014 62622.13046081277
60739 56816.000352 1.7248153663572459 23.119428733237697 62622.1300580219
60739 56906.000352 1.7395157116044035 23.298530100121624 62622.12964852856
60739 56996.000352 1.7541990692327005 23.47763425692197 62622.12923232737
60739 57086.000352 1.7688652954932504 23.656741224000708 62622.12880941288
60739 57176.000352 1.7835142467958032 23.83585102160861 62622.128379779715
60739 57266.000352 1.7981457797103986 24.014963669888512 62622.12794342241
60739 57356.000352 1.8127597509683886 24.194079188873985 62622.12750033561
60739 57446.000352 1.827356017464235 24.373197598489735 62622.127050513925
60739 57536.000352 1.8419344362561636 24.55231891854492 62622.12659395191
60739 57626.000352 1.8564948645679376 24.731443168737705 62622.126130644174
60739 57716.000352 1.871037159790506 24.91057036865519 62622.125660585385
60739 57806.000352 1.8855611794826304 25.08970053776639 62622.125183770135
60739 57896.000352 1.900066781373359 25.26883369542969 62622.12470019297
60739 57986.000352 1.9145538233617838 25.447969860886396 62622.12420984864
60739 58076.000352 1.9290221635199405 25.627109053261165 62622.12371273171
60739 58166.000352 1.9434716600933917 25.806251291562045 62622.12320883689
60739 58256.000352 1.9579021715027198 25.985396594680417 62622.12269815877
60739 58346.000352 1.9723135563445946 26.16454498138851 62622.12218069201
60739 58436.000352 1.9867056733936899 26.3436964703374 62622.12165643132
60739 58526.000352 2.0010783816036826 26.52285108006141 62622.1211253714
60739 58616.000352 2.0154315401086538 26.702008828974655 62622.12058750688
60739 58706.000352 2.029765008224305 26.88116973536581 62622.12004283249
60739 58796.000352 2.044078645449757 27.060333817403922 62622.11949134291
60739 58886.000352 2.058372311468283 27.239501093135452 62622.118933032936
60739 58976.000352 2.0726458661491556 27.418671580483718 62622.118367897216
60739 59066.000352 2.086899169548714 27.59784529724804 62622.11779593056
60739 59156.000352 2.1011320819116523 27.7770222610995 62622.11721712766
60739 59246.000352 2.1153444636729084 27.9562024895867 62622.116631483346
60739 59336.000352 2.129536175458302 28.135386000133828 62622.11603899241
60739 59426.000352 2.143707078086238 28.31457281003373 62622.115439649584
60739 59516.000352 2.157857032568901 28.49376293645284 62622.11483344973
60739 59606.000352 2.171985900113706 28.67295639642989 62622.11422038764
60739 59696.000352 2.1860935421247314 28.852153206875986 62622.11360045818
60739 59786.000352 2.2001798202040876 29.031353384570345 62622.112973656265
60739 59876.000352 2.2142445961523944 29.21055694616243 62622.11233997667
60739 59966.000352 2.2282877319716543 29.38976390817063 62622.11169941433
60739 60056.000352 2.2423090898657034 29.56897428698325 62622.11105196416
60739 60146.000352 2.2563085322407166 29.74818809885231 62622.110397621116
60739 60236.000352 2.2702859217083233 29.92740535990235 62622.10973638009
60739 60326.000352 2.28424112108545 30.10662608611801 62622.10906823601
60739 60416.000352 2.2981739933969005 30.285850293356866 62622.10839318397
60739 60506.000352 2.312084401875413 30.465077997335424 62622.1077112189
60739 60596.000352 2.3259722099640516 30.64430921363918 62622.10702233586
60739 60686.000352 2.339837281316664 30.82354395771394 62622.10632652985
60739 60776.000352 2.3536794797999785 31.002782244871756 62622.10562379595
60739 60866.000352 2.36749866949442 31.182024090285775 62622.10491412928
60739 60956.000352 2.3812947146952115 31.361269508989267 62622.10419752492
60739 61046.000352 2.3950674799149243 31.540518515881164 62622.10347397799
60739 61136.000352 2.4088168298834396 31.719771125719866 62622.10274348367
60739 61226.000352 2.422542629549725 31.89902735312168 62622.10200603716
60739 61316.000352 2.4362447440832793 32.07828721256574 62622.10126163359
60739 61406.000352 2.4499230388753452 32.25755071838859 62622.10051026827
60739 61496.000352 2.463577379540485 32.436817884784475 62622.099751936425
60739 61586.000352 2.4772076319174112 32.61608872580804 62622.09898663328
60739 61676.000352 2.4908136620707104 32.795363255370695 62622.09821435424
60739 61766.000352 2.504395336291936 32.97464148723949 62622.09743509456
60739 61856.000352 2.5179525211010594 33.15392343503825 62622.09664884962
60739 61946.000352 2.5314850832475995 33.33320911224733 62622.095855614825
60739 62036.000352 2.5449928897121787 33.51249853220119 62622.09505538559
60739 62126.000352 2.5584758077076803 33.691791708090484 62622.09424815734
60739 62216.000352 2.571933704680329 33.871088652957496 62622.09343392556
60739 62306.000352 2.5853664483118286 34.050389379701556 62622.092612685796
60739 62396.000352 2.5987739065192716 34.22969390107403 62622.09178443351
60739 62486.000352 2.6121559474577882 34.40900222967675 62622.090949164296
60739 62576.000352 2.6255124395212626 34.58831437796542 62622.09010687375
60739 62666.000352 2.6388432513434714 34.76763035824545 62622.08925755754
60739 62756.000352 2.652148251799843 34.94695018267799 62622.08840121131
60739 62846.000352 2.665427310008176 35.12627386326931 62622.087537830725
60739 62936.000352 2.6786802953304965 35.305601411879586 62622.08666741154
60739 63026.000352 2.691907077374422 35.48493284021726 62622.085789949466
60739 63116.000352 2.705107525993124 35.66426815983893 62622.08490544044
60739 63206.000352 2.718281511288789 35.84360738215298 62622.08401388017
60739 63296.000352 2.7314289036120774 36.02295051841128 62622.08311526459
60739 63386.000352 2.744549573564292 36.202297579717616 62622.082209589535
60739 63476.000352 2.7576433919984553 36.38164857702242 62622.081296851036
60739 63566.000352 2.7707102300206077 36.56100352112126 62622.08037704501
60739 63656.000352 2.7837499589911046 36.740362422657036 62622.07945016752
60739 63746.000352 2.7967624505258475 36.91972529211959 62622.07851621459
60739 63836.000352 2.8097475764978252 37.09909213984412 62622.07757518236
60739 63926.000352 2.8227052090375273 37.27846297600699 62622.076627066905
60739 64016.000352 2.835635220535656 37.45783781063748 62622.075671864484
60739 64106.000352 2.8485374836430792 37.63721665360136 62622.0747095712
60739 64196.000352 2.861411871272921 37.81659951461199 62622.07374018343
60739 64286.000352 2.8742582566014394 37.995986403227654 62622.07276369742
60739 64376.000352 2.887076513069371 38.17537732884628 62622.07178010947
60739 64466.000352 2.899866514383183 38.35477230070904 62622.07078941608
60739 64556.000352 2.912628134516587 38.534171327902264 62622.06979161359
60739 64646.000352 2.9253612477115034 38.71357441935227 62622.06878669854
60739 64736.000352 2.9380657284792493 38.892981583826064 62622.06777466735
60739 64826.000352 2.9507414516022723 39.07239282993481 62622.06675551666
60739 64916.000352 2.9633882921351753 39.25180816612855 62622.06572924304
60739 65006.000352 2.9760061254055956 39.43122760069692 62622.06469584318
60739 65096.000352 2.9885948270159686 39.61065114177297 62622.06365531379
60739 65186.000352 3.0011542728445066 39.79007879732599 62622.06260765157
60739 65276.000352 3.0136843390468346 39.96951057516874 62622.06155285338
60739 65366.000352 3.026184902056649 40.14894648294895 62622.060490916025
60739 65456.000352 3.038655838587471 40.32838652815653 62622.059421836384
60739 65546.000352 3.0510970256335854 40.50783071811875 62622.05834561146
60739 65636.000352 3.0635083404714964 40.68727906000115 62622.05726223818
60739 65726.000352 3.0758896606610207 40.866731560807274 62622.056171713644
60739 65816.000352 3.0882408640465577 41.04618822737753 62622.05507403495
60739 65906.000352 3.100561828758436 41.22564906639113 62622.053969199216
60739 65996.000352 3.1128524332141083 41.405114084365124 62622.052857203664
60739 66086.000352 3.125112556119064 41.584583287650446 62622.05173804552
60739 66176.000352 3.1373420764688147 41.76405668243609 62622.050611722145
60739 66266.000352 3.1495408735493506 41.94353427474861 62622.049478230845
60739 66356.000352 3.16170882693879 42.123016070449104 62622.04833756909
60739 66446.000352 3.1738458165086136 42.302502075235225 62622.047189734294
60739 66536.000352 3.1859517224245626 42.481992294639845 62622.04603472402
60739 66626.000352 3.198026425148258 42.661486734030255 62622.04487253586
60739 66716.000352 3.210069805438194 42.84098539861024 62622.04370316744
60739 66806.000352 3.2220817443510468 43.02048829341815 62622.04252661649
60739 66896.000352 3.2340621232427877 43.19999542332676 62622.04134288067
60739 66986.000352 3.246010823770137 43.37950679304268 62622.040151957895
60739 67076.000352 3.257927727891491 43.559022407107676 62622.038953846015
60739 67166.000352 3.2698127178682608 43.73854226989578 62622.037748542956
60739 67256.000352 3.2816656762662806 43.91806638561926 62622.03653604666
60739 67346.000352 3.2934864859565285 44.09759475831688 62622.03531635528
60739 67436.000352 3.305275030116861 44.277127391867744 62622.03408946687
60739 67526.000352 3.3170311922328986 44.45666428998016 62622.03285537961
60739 67616.000352 3.3287548560992026 44.636205456196166 62622.03161409177
60739 67706.000352 3.3404459058207268 44.8157508938925 62622.03036560163
60739 67796.000352 3.352104225813815 44.99530060627745 62622.02910990757
60739 67886.000352 3.363729700807513 45.17485459639186 62622.02784700798
60739 67976.000352 3.375322215844706 45.354412867109495 62622.0265769014
60739 68066.000352 3.3868816562830983 45.533975421135615 62622.02529958636
60739 68156.000352 3.398407907796823 45.713542261007774 62622.02401506155
60739 68246.000352 3.4099008563773867 45.89311338909738 62622.02272332557
60739 68336.000352 3.421360388334765 46.072688807605225 62622.02142437726
60739 68426.000352 3.4327863902988938 46.252268518566694 62622.020118215376
60739 68516.000352 3.444178749220489 46.43185252384711 62622.01880483887
60739 68606.000352 3.4555373523723056 46.611440825142914 62622.01748424671
60739 68696.000352 3.466862087350702 46.79103342398574 62622.01615643788
60739 68786.000352 3.4781528420761276 46.97063032173396 62622.01482141152
60739 68876.000352 3.4894095047950664 47.15023151958115 62622.01347916676
60739 68966.000352 3.5006319640804127 47.329837018549604 62622.01212970289
60739 69056.000352 3.5118201088331844 47.50944681949435 62622.010773019225
60739 69146.000352 3.522973828283657 47.68906092310201 62622.009409115104
60739 69236.000352 3.5340930119920815 47.86867932988833 62622.00803799002
60739 69326.000352 3.5451775498505036 48.04830204020326 62622.00665964353
60739 69416.000352 3.5562273320833273 48.22792905422551 62622.00527407517
60739 69506.000352 3.5672422492489004 48.40756037196641 62622.00388128473
60739 69596.000352 3.578222192240177 48.58719599326636 62622.00248127184
60739 69686.000352 3.5891670522864803 48.76683591779883 62622.00107403639
60739 69776.000352 3.6000767209542093 48.946480145067824 62621.9996595783
60739 69866.000352 3.6109510901478865 49.12612867440749 62621.998237897504
60739 69956.000352 3.621790052111736 49.30578150498354 62621.99680899407
60739 70046.000352 3.6325934994303593 49.48543863579238 62621.99537286818
60739 70136.000352 3.6433613250304098 49.66510006566222 62621.993929519995
60739 70226.000352 3.654093422181116 49.84476579325247 62621.99247894983
60739 70316.000352 3.6647896844959744 50.024435817052876 62621.99102115809
60739 70406.000352 3.675450005933328 50.20411013538438 62621.989556145134
60739 70496.000352 3.6860742807979174 50.383788746398785 62621.988083911565
60739 70586.000352 3.696662403742018 50.56347164808204 62621.986604457954
60739 70676.000352 3.7072142697659003 50.74315883824618 62621.985117785036
60739 70766.000352 3.7177297742197424 50.92285031453943 62621.983623893546
60739 70856.000352 3.728208812804448 51.102546074438834 62621.982122784335
60739 70946.000352 3.738651281572682 51.282246115254026 62621.98061445837
60739 71036.000352 3.749057076930041 51.461950434125974 62621.97909891667
60739 71126.000352 3.7594260956360035 51.64165902802653 62621.97757616034
60739 71216.000352 3.7697582348053666 51.82137189376055 62621.97604619054
60739 71306.000352 3.7800533919089725 52.0010890279639 62621.97450900854
60739 71396.000352 3.7903114647750122 52.180810427104866 62621.972964615714
60739 71486.000352 3.800532351590175 52.36053608748269 62621.97141301354
60739 71576.000352 3.8107159509005055 52.540266005231196 62621.96985420351
60739 71666.000352 3.820862161612736 52.720000176314485 62621.968288187236
60739 71756.000352 3.830970882995175 52.89973859653071 62621.966714966475
60739 71846.000352 3.8410420146788753 53.079481261508775 62621.96513454296
60739 71936.000352 3.8510754566587146 53.25922816671228 62621.96354691861
60739 72026.000352 3.8610711092943846 53.43897930743621 62621.96195209536
60739 72116.000352 3.8710288733116727 53.61873467880979 62621.96035007531
60739 72206.000352 3.8809486498031873 53.79849427579425 62621.95874086057
60739 72296.000352 3.890830340229884 53.978258093187215 62621.95712445342
60739 72386.000352 3.9006738464214945 54.158026125615734 62621.95550085618
60739 72476.000352 3.910479070578318 54.337798367543265 62621.95387007126
60739 72566.000352 3.920245915271617 54.51757481326773 62621.95223210113
60739 72656.000352 3.9299742834450684 54.69735545691965 62621.9505869485
60739 72746.000352 3.939664078415808 54.877140292465604 62621.948934616
60739 72836.000352 3.9493152038751345 55.056929313704764 62621.94727510645
60739 72926.000352 3.958927563889863 55.23672251427355 62621.945608422735
60739 73016.000352 3.968501062903422 55.41651988764102 62621.9439345678
60739 73106.000352 3.9780356057365487 55.5963214271137 62621.94225354476
60739 73196.000352 3.9875310975886706 55.776127125832915 62621.940565356825
60739 73286.000352 3.9969874440385684 55.955936976773856 62621.93887000714
60739 73376.000352 4.006404551045915 56.13575097275152 62621.937167499214
60739 73466.000352 4.015782324951723 56.31556910641584 62621.935457836415
60739 73556.000352 4.0251206724797255 56.49539137025172 62621.933741022265
60739 73646.000352 4.034419500737341 56.67521775658304 62621.93201706061
60739 73736.000352 4.0436787172166175 56.85504825756922 62621.930285955
60739 73826.000352 4.052898229795205 57.03488286520858 62621.928547709365
60739 73916.000352 4.062077946737576 57.214721571336796 62621.92680232763
60739 74006.000352 4.071217776695507 57.394564367626494 62621.92504981393
60739 74096.000352 4.080317628709861 57.57441124559015 62621.92329017235
60739 74186.000352 4.089377412210867 57.75426219657832 62621.92152340717
60739 74276.000352 4.098397037019618 57.934117211780226 62621.91974952272
60739 74366.000352 4.107376413348611 58.11397628222496 62621.91796852352
60739 74456.000352 4.116315451803011 58.29383939878105 62621.91618041403
60739 74546.000352 4.125214063381756 58.47370655215765 62621.91438519897
60739 74636.000352 4.134072159478183 58.653577732903116 62621.91258288308
60739 74726.000352 4.142889651881144 58.833452931407095 62621.91077347129
60739 74816.000352 4.151666452776054 59.013332137900825 62621.908956968466
60739 74906.000352 4.160402474745831 59.19321534245611 62621.90713337981
60739 74996.000352 4.169097630771748 59.3731025349867 62621.90530271043
60739 75086.000352 4.177751834234543 59.552993705249435 62621.90346496561
60739 75176.000352 4.186364998915322 59.732888842843494 62621.901620150755
60739 75266.000352 4.1949370389964695 59.91278793721031 62621.89976827139
60739 75356.000352 4.2034678690623855 60.09269097763469 62621.89790933301
60739 75446.000352 4.211957404101012 60.2725979532463 62621.8960433415
60739 75536.000352 4.220405559504106 60.45250885301803 62621.89417030256
60739 75626.000352 4.2288122510686925 60.63242366576685 62621.89229022213
60739 75716.000352 4.237177394997632 60.81234238015634 62621.89040310627
60739 75806.000352 4.245500907900722 60.99226498469421 62621.888508961165
60739 75896.000352 4.253782706795706 61.172191467734464 62621.88660779298
60739 75986.000352 4.262022709109 61.352121817478185 62621.8846996081
60739 76076.000352 4.2702208326768405 61.53205602197322 62621.88278441305
60739 76166.000352 4.278376995745743 61.711994069113224 62621.88086221437
60739 76256.000352 4.286491116973945 61.891935946640594 62621.87893301881
60739 76346.000352 4.294563115432003 62.07188164214582 62621.87699683309
60739 76436.000352 4.3025929106038285 62.25183114306862 62621.8750536642
60739 76526.000352 4.310580422387354 62.43178443669642 62621.87310351912
60739 76616.000352 4.31852557109577 62.61174151016756 62621.87114640504
60739 76706.000352 4.326428277458147 62.79170235046972 62621.86918232918
60739 76796.000352 4.33428846262041 62.97166694444164 62621.86721129887
60739 76886.000352 4.342106048146246 63.15163527877308 62621.86523332174
60739 76976.000352 4.349880956018012 63.331607340005476 62621.863248405236
60739 77066.000352 4.357613108637416 63.51158311453257 62621.86125655713
60739 77156.000352 4.365302428826596 63.69156258859984 62621.859257785225
60739 77246.000352 4.372948839828712 63.871545748307064 62621.8572520975
60739 77336.000352 4.38055226530935 64.05153257960727 62621.85523950198
60739 77426.000352 4.388112629356597 64.23152306830801 62621.85322000682
60739 77516.000352 4.395629856482742 64.41151720007205 62621.85119362038
60739 77606.000352 4.403103871624403 64.59151496041757 62621.849160351005
60739 77696.000352 4.410534600143648 64.7715163347165 62621.84712020725
60739 77786.000352 4.417921967829034 64.95152130820041 62621.84507319772
60739 77876.000352 4.425265900896006 65.13152986595566 62621.84301933123
60739 77966.000352 4.432566325988158 65.31154199292718 62621.84095861658
60739 78056.000352 4.4398231701778395 65.49155767391835 62621.83889106284
60739 78146.000352 4.447036360966948 65.67157689359078 62621.836816679075
60739 78236.000352 4.454205826287841 65.85159963646602 62621.83473547453
60739 78326.000352 4.461331494504211 66.03162588692616 62621.832647458556
60739 78416.000352 4.468413294411586 66.21165562921254 62621.830552640655
60739 78506.000352 4.475451155238423 66.3916888474286 62621.82845103041
60739 78596.000352 4.482445006646898 66.57172552553935 62621.82634263746
60739 78686.000352 4.4893947787336 66.75176564737185 62621.82422747175
60739 78776.000352 4.496300402030322 66.93180919661829 62621.822105543164
60739 78866.000352 4.503161807504742 67.11185615683193 62621.819976861836
60739 78956.000352 4.509978926561565 67.29190651143253 62621.81784143791
60739 79046.000352 4.516751691042934 67.47196024370355 62621.81569928174
60739 79136.000352 4.523480033229393 67.65201733679471 62621.81355040375
60739 79226.000352 4.530163885840711 67.83207777372319 62621.8113948145
60739 79316.000352 4.536803182036311 68.01214153737043 62621.809232524785
60739 79406.000352 4.543397855416271 68.19220861048774 62621.80706354526
60739 79496.000352 4.549947840022209 68.3722789756946 62621.80488788695
60739 79586.000352 4.556453070337713 68.55235261547853 62621.80270556089
60739 79676.000352 4.562913481289413 68.73242951219748 62621.8005165783
60739 79766.000352 4.569329008247569 68.91250964807999 62621.798320950475
60739 79856.000352 4.575699587026571 69.0925930052249 62621.79611868884
60739 79946.000352 4.582025153886107 69.27267956560415 62621.79390980498
60739 80036.000352 4.588305645531638 69.4527693110612 62621.791694310494
60739 80126.000352 4.594540999115153 69.63286222331278 62621.789472217344
60739 80216.000352 4.600731152235878 69.81295828395007 62621.78724353736
60739 80306.000352 4.606876042940977 69.99305747443786 62621.78500828263
60739 80396.000352 4.612975609726439 70.1731597761181 62621.78276646537
60739 80486.000352 4.619029791537471 70.35326517020812 62621.78051809787
60739 80576.000352 4.6250385277695365 70.53337363780082 62621.7782631926
60739 80666.000352 4.631001758268636 70.71348515986875 62621.776001762155
60739 80756.000352 4.63691942333221 70.89359971726088 62621.77373381913
60739 80846.000352 4.6427914637100764 71.07371729070684 62621.77145937645
60739 80936.000352 4.648617820604811 71.25383786081612 62621.76917844707
60739 81026.000352 4.654398435672341 71.43396140807714 62621.766891044026
60739 81116.000352 4.66013325102296 71.61408791286202 62621.764597180605
60739 81206.000352 4.665822209221477 71.79421735542277 62621.76229687009
60739 81296.000352 4.671465253288503 71.97434971589595 62621.759990125924
60739 81386.000352 4.677062326700721 72.15448497430275 62621.75767696178
60739 81476.000352 4.682613373391407 72.33462311054566 62621.755357391354
60739 81566.000352 4.688118337751527 72.51476410441502 62621.75303142851
60739 81656.000352 4.693577164630011 72.6949079355876 62621.750699087264
60739 81746.000352 4.698989799334451 72.87505458362541 62621.74836038167
60739 81836.000352 4.704356187631829 73.05520402797877 62621.74601532603
60739 81926.000352 4.70967627574921 73.23535624798787 62621.74366393475
60739 82016.000352 4.714950010373979 73.41551122288031 62621.74130622231
60739 82106.000352 4.720177338654946 73.59566893177431 62621.73894220332
60739 82196.000352 4.725358208202617 73.7758293536803 62621.73657189261
60739 82286.000352 4.730492567089927 73.95599246749941 62621.73419530508
60739 82376.000352 4.735580363852795 74.1361582520255 62621.73181245573
60739 82466.000352 4.740621547490815 74.31632668594692 62621.72942335973
60739 82556.000352 4.745616067467772 74.49649774784484 62621.72702803247
60739 82646.000352 4.7505638737122196 74.67667141619641 62621.724626489246
60739 82736.000352 4.7554649166180765 74.85684766937642 62621.72221874577
60739 82826.000352 4.7603191470450525 75.03702648565339 62621.719804817585
60739 82916.000352 4.765126516319542 75.21720784319636 62621.71738472066
60739 83006.000352 4.769886976235026 75.3973917200722 62621.71495847088
60739 83096.000352 4.7746004790523955 75.57757809424653 62621.71252608435
60739 83186.000352 4.779266977500944 75.7577669435855 62621.71008757733
60739 83276.000352 4.78388642477864 75.93795824585727 62621.70764296611
60739 83366.000352 4.788458774552665 76.1181519787322 62621.70519226728
60739 83456.000352 4.792983980960029 76.29834811978341 62621.70273549743
60739 83546.000352 4.7974619986080995 76.47854664648715 62621.700272673275
60739 83636.000352 4.801892782575068 76.6587475362256 62621.69780381179
60739 83726.000352 4.806276288410595 76.83895076628639 62621.695328929934
60739 83816.000352 4.81061247213622 77.01915631386377 62621.692848044964
60739 83906.000352 4.814901290245732 77.19936415605913 62621.69036117407
60739 83996.000352 4.819142699706183 77.37957426988324 62621.68786833473
60739 84086.000352 4.8233366579577535 77.55978663225456 62621.685369544546
60739 84176.000352 4.827483122914635 77.7400012200038 62621.68286482117
60739 84266.000352 4.831582052965553 77.92021800987212 62621.68035418246
60739 84356.000352 4.835633406973947 78.10043697851196 62621.677837646326
60739 84446.000352 4.839637144278863 78.28065810248987 62621.675315231005
60739 84536.000352 4.843593224694894 78.46088135828597 62621.672786954594
60739 84626.000352 4.847501608513139 78.64110672229559 62621.670252835575
60739 84716.000352 4.851362256501421 78.82133417082927 62621.66771289239
60739 84806.000352 4.855175129904909 79.00156368011575 62621.665167143685
60739 84896.000352 4.858940190446437 79.18179522630001 62621.662615608264
60739 84986.000352 4.862657400326833 79.36202878544643 62621.660058304995
60739 85076.000352 4.866326722225701 79.5422643335389 62621.657495253006
60739 85166.000352 4.8699481193015295 79.72250184648252 62621.65492647138
60739 85256.000352 4.873521555192393 79.90274130010404 62621.65235197953
60739 85346.000352 4.877046994016064 80.08298267015124 62621.64977179687
60739 85436.000352 4.880524400370597 80.2632259322962 62621.64718594297
60739 85526.000352 4.883953739335123 80.443471062137 62621.644594437596
60739 85616.000352 4.88733497646955 80.62371803519505 62621.64199730059
60739 85706.000352 4.890668077815288 80.80396682691904 62621.639394551894
60739 85796.000352 4.893953009895854 80.98421741268561 62621.63678621171
60739 85886.000352 4.897189739717055 81.16446976780023 62621.6341723003
60739 85976.000352 4.900378234767185 81.34472386749547 62621.63155283804
60739 86066.000352 4.9035184630179325 81.52497968693659 62621.62892784545
60739 86156.000352 4.90661039292431 81.7052372012198 62621.626297343224
60739 86246.000352 4.909653993425066 81.88549638537253 62621.62366135218
60739 86336.000352 4.912649233943289 82.06575721435779 62621.62101989321
