CIC_MEM_VERS = 1.0
CREATION_DATE = 2025-03-05T13:44:25.829040
ORIGINATOR = CS Group

META_START
OBJECT_NAME = RED2
OBJECT_ID = RED2
USER_DEFINED_PROTOCOL = NONE
USER_DEFINED_CONTENT = LLA
USER_DEFINED_SIZE = 3.0
USER_DEFINED_TYPE = REAL
USER_DEFINED_UNIT = [deg] [km]
TIME_SYSTEM = UTC
META_STOP

60738 73258.200576 0.1215342698433774 15.447224487193026 586.664646074819
60738 73678.200576 26.213782474304082 11.613166256429821 573.4057728600351
60738 74098.200576 52.140341514614654 5.355153543499253 568.6236997682922
60738 74518.200576 76.65207562234193 -19.66121756263116 568.8104810591102
60738 74938.200576 72.81972159712497 -138.30295882343975 570.536354770176
60738 75358.200576 47.770018029554066 -155.85839756900887 573.7786421157551
60738 75778.200576 21.829533841700247 -161.37097486658215 581.7024020861364
60738 76198.200576 -4.205059989633354 -165.07750327204013 596.9826144862687
60738 76618.200576 -30.071130655971402 -169.03300654730515 617.8034509816392
60738 77038.200576 -55.507322217161665 -175.95831031637564 637.3207954595308
60738 77458.200576 -78.86910650868732 151.54904602545534 647.2238222482188
60738 77878.200576 -70.72286806237672 38.50451216851725 642.6930251068176
60738 78298.200576 -45.94428607500956 23.63730749340381 625.3457880019903
60738 78718.200576 -20.255341811727057 18.416196595878777 602.4380328279824
60738 79138.200576 5.757736835380092 14.742997380416055 582.7246276975917
60738 79558.200576 31.846037449279564 10.67054481289039 571.474852887562
60738 79978.200576 57.6701002357355 3.079921353886835 568.2405645932204
60738 80398.200576 80.65126024650608 -40.51012117917781 569.0920506348273
60738 80818.200576 67.62513738132364 -145.0720616918212 571.1213538488731
60738 81238.200576 42.187530920029126 -157.33307536307763 575.1500146070067
60738 81658.200576 16.199284678251004 -162.1651897246599 584.589881421408
60738 82078.200576 -9.816833876527875 -165.78892652167266 601.3959398306621
60738 82498.200576 -35.61510820214859 -170.04522940786248 622.5649368797451
60738 82918.200576 -60.88801913872315 -178.62500075928773 640.5475680506208
60738 83338.200576 -81.84928032082466 123.06862139505404 647.4293323496814
60738 83758.200576 -65.54819426067583 33.06729211328564 639.6659725192051
60738 84178.200576 -40.43412274602586 22.27369465280741 620.3171197461359
60738 84598.200576 -14.650152451394346 17.640728564275925 597.3898770890573
60738 85018.200576 11.40229706397543 14.020499242259586 579.2909541012306
60738 85438.200576 37.47166871078143 9.593481188547042 570.0641532112213
60738 85858.200576 63.1400467657544 -0.03926500064669281 568.1638580656976
60738 86278.200576 82.20677134356256 -77.88961975647877 569.4921034880011
60739 298.200576 62.24440716756011 -149.3358281789714 571.8092285124939
60739 718.200576 36.58392525685032 -158.5572266065733 576.7273618137846
60739 1138.200576 10.5656471924144 -162.91202012018928 587.7194430241666
60739 1558.200576 -15.421965580084654 -166.5273801976212 605.8685713081801
60739 1978.200576 -41.14179459435374 -171.21809098116455 627.0214597719911
60739 2398.200576 -66.18867278094318 177.6059361605023 643.1209353118286
60739 2818.200576 -81.62492782545802 83.780172235956 646.8674711214397
60739 3238.200576 -60.22684923555834 29.46900563024088 636.0916027551377
60739 3658.200576 -34.89108899695111 21.12397573725985 615.2047316361563
60739 4078.200576 -9.027129934511242 16.90498712201524 592.7240146085353
60739 4498.200576 17.052188585229754 13.264224819225907 576.4491709542774
60739 4918.200576 43.085279057410595 8.329103214353367 569.1534783457331
60739 5338.200576 68.50440383152907 -4.623843612661645 568.3512990505308
60739 5758.200576 80.0917791738003 -112.85828772675872 570.007712499787
60739 6178.200576 56.767071275284245 -152.27849796898485 572.6576369702146
60739 6598.200576 30.966390725215213 -159.60725641310574 578.6011446857661
60739 7018.200576 4.93307785352235 -163.6296690481475 591.1818065466845
60739 7438.200576 -21.01555247133825 -167.30971704841886 610.4554864365193
60739 7858.200576 -46.64325406142866 -172.6166669973087 631.1916508145101
60739 8278.200576 -71.34026524892253 171.8405713970661 645.062179210237
60739 8698.200576 -78.3742277945109 57.33169230749789 645.5804701043186
60739 9118.200576 -54.82228438860045 26.896675577337298 632.0281487070214
60739 9538.200576 -29.32396617441648 20.125131723356386 610.0408051868526
60739 9958.200576 -3.3922997106440658 16.191917417919733 588.4030393185511
60739 10378.200576 22.701835754487245 12.455603532596879 574.0811283500109
60739 10798.200576 48.67864677525971 6.796157347482722 568.5800285654645
60739 11218.200576 73.65913604741124 -12.036893799212002 568.6642579781034
60739 11638.200576 75.8665117457719 -131.38615904028077 570.5690118200355
60739 12058.200576 51.23240124131281 -154.45099709286922 573.6589528090725
60739 12478.200576 25.33875331565721 -160.53303618600745 580.7854489826868
60739 12898.200576 -0.6964936914320364 -164.33350889917057 594.9482264415292
60739 13318.200576 -26.595825880375173 -168.1567008278666 615.0889874770485
60739 13738.200576 -52.11308994636616 -174.34367381427515 635.0048783477345
60739 14158.200576 -76.18202691173411 162.02385999474146 646.3420952997324
60739 14578.200576 -73.82436094979563 43.8865742624414 643.6176548353043
60739 14998.200576 -49.362467388805804 24.94677150746331 627.5830006069635
60739 15418.200576 -23.736447671644896 19.234738966771946 604.9326341495934
60739 15838.200576 2.2513512346373896 15.486986811452155 584.4966184594999
60739 16258.200576 28.347545613792732 11.571880672979832 572.2026647565046
60739 16678.200576 54.24161820745981 4.866192732802053 568.295521218051
60739 17098.200576 78.32647554660711 -25.594647693148 569.0301615805768
60739 17518.200576 70.88162192029816 -140.9702900981034 571.1042592021826
60739 17938.200576 45.660493818862896 -156.14292379259513 574.7431014688564
60739 18358.200576 19.703242715296803 -161.37109129354948 583.202726907863
60739 18778.200576 -6.322643987582156 -165.0383680673089 598.9373238766309
60739 19198.200576 -32.16262952749417 -169.09510898710903 619.7155449485011
60739 19618.200576 -57.54217350837104 -176.56708633974839 638.4675562553514
60739 20038.200576 -80.24867906333631 143.178300255656 647.0531355810618
60739 20458.200576 -68.79031293274738 36.464107431288326 641.157214703478
60739 20878.200576 -43.8631287541467 23.398514288631162 622.9744821346013
60739 21298.200576 -18.13316683397951 18.42204846726005 600.0762433264772
60739 21718.200576 7.898781691514052 14.776191523956676 581.0911510391805
60739 22138.200576 33.9830908339222 10.58316575476653 570.7888027501405
60739 22558.200576 59.75555348773936 2.3211822911313416 568.2725066089403
60739 22978.200576 81.64816123657342 -52.639885226208236 569.5019091995937
60739 23398.200576 65.60079568248568 -146.5911852125574 571.7471880124418
60739 23818.200576 40.06838659440002 -157.51521161971527 576.1092877493882
60739 24238.200576 14.069699261015796 -162.14625237703524 586.0740581053979
60739 24658.200576 -11.93484208461266 -165.75795562894237 603.2925235934384
60739 25078.200576 -37.70397061077921 -170.1601669852662 624.3228578440198
60739 25498.200576 -62.901537358318365 -179.57802902237887 641.4524424646862
60739 25918.200576 -82.21363595785971 108.45710921267052 647.0210621950309
60739 26338.200576 -63.54828620874402 31.85105614340062 638.0191338839591
60739 26758.200576 -38.33820391300697 22.121277241778724 618.036597933723
60739 27178.200576 -12.520030550075827 17.662433677040546 595.3144222828606
60739 27598.200576 13.545478949731438 14.043269989391705 578.0396844030178
60739 28018.200576 39.60343479593115 9.44528264345578 569.7478966138108
60739 28438.200576 65.19064446815449 -1.246600777793257 568.485957464415
60739 28858.200576 81.79392627524606 -92.77514178438558 570.1127974763157
60739 29278.200576 60.18263802231366 -150.26375867066753 572.6177524793989
60739 29698.200576 34.465506748896715 -158.66670062838136 577.8960817972496
60739 30118.200576 8.443229023704333 -162.87947360710447 589.3977649553082
60739 30538.200576 -17.528649371589168 -166.50883233064906 607.8336200805317
60739 30958.200576 -43.214765589243065 -171.4045313528745 628.6771605722514
60739 31378.200576 -68.15069779087872 176.0575354732043 643.7859104913908
60739 31798.200576 -80.65283278215631 72.05361535454249 646.186219788004
60739 32218.200576 -58.19820560529564 28.706795895587668 634.2612366210907
60739 32638.200576 -32.792793978205694 21.03478462774267 612.8985560940326
60739 33058.200576 -6.899396122437174 16.93791931759426 590.7684603891416
60739 33478.200576 19.188406828667233 13.271173640210362 575.391678013461
60739 33898.200576 45.20298907249266 8.093784366572324 569.0131547411796
60739 34318.200576 70.48622034859899 -6.665339843638781 568.7793570031328
60739 34738.200576 78.64547807273009 -121.12671141668278 570.6861732270322
60739 35158.200576 54.688600400262175 -152.86516544661572 573.5544406209476
60739 35578.200576 28.852456331310687 -159.66300955727138 579.9094017471534
60739 35998.200576 2.820491969215128 -163.58866072496826 592.9854077903431
60739 36418.200576 -23.10845653669919 -167.31105857902847 612.4455848850974
60739 36838.200576 -48.696431872498394 -172.9088571717941 632.7098553437771
60739 37258.200576 -73.20593519200791 169.1279832933527 645.4624786386523
60739 37678.200576 -76.7588112989568 51.532456067614355 644.6178922018519
60739 38098.200576 -52.778452516423336 26.40868646637928 630.0034073275505
60739 38518.200576 -27.225471672516175 20.08375970639556 607.6836970440171
60739 38938.200576 -1.2683978330757137 16.231656477454575 586.5317968228452
60739 39358.200576 24.830088347181697 12.439188055133771 573.1371709802603
60739 39778.200576 50.78015420840171 6.432315317919717 568.4678267077098
60739 40198.200576 75.5022426258843 -15.820666252725983 569.0262260774454
60739 40618.200576 74.04419599904881 -135.37673965884494 571.1569419370312
60739 41038.200576 49.14232301353408 -154.82832217853317 574.5345095074911
60739 41458.200576 23.225671694526593 -160.55071150958742 582.1714013571261
60739 41878.200576 -2.8037393688354393 -164.2905445709262 596.8694947609775
60739 42298.200576 -28.679279592068436 -168.18877777717233 617.1283538569976
60739 42718.200576 -54.14748851719103 -174.7973716700665 636.4390489347444
60739 43138.200576 -77.83734236745754 156.76134730630127 646.5589611234136
60739 43558.200576 -71.97813880380659 40.94642130241501 642.4620862243194
60739 43978.200576 -47.30712401016219 24.63431308753597 625.4400041420251
60739 44398.200576 -21.636204697437375 19.228356988827123 602.572439549103
60739 44818.200576 4.373092071551985 15.527454483495417 582.6943564835606
60739 45238.200576 30.469298282438807 11.520002204525367 571.3169322273733
60739 45658.200576 56.32452124292734 4.301658882040599 568.1856015189204
60739 46078.200576 79.81613350405922 -33.384345177232994 569.3558173239661
60739 46498.200576 68.91787566622563 -143.09315863047485 571.68404834664
60739 46918.200576 43.56220411559216 -156.38191906012284 575.7081633822041
60739 47338.200576 17.591187911343884 -161.36126960678197 584.7555854761334
60739 47758.200576 -8.424274436582968 -164.9993782290437 600.9794794813469
60739 48178.200576 -34.236317074067415 -169.17131118053658 621.7123732696357
60739 48598.200576 -59.55295374489288 -177.2749770014681 639.659815569762
60739 49018.200576 -81.33512407691377 132.42918048880645 646.9022305619119
60739 49438.200576 -66.84570017635005 34.81765148666382 639.6261324476957
60739 49858.200576 -41.794902191003665 23.20236604708177 620.5791113641491
60739 50278.200576 -16.02583682548366 18.439302278647364 597.6424120088017
60739 50698.200576 10.024301024323114 14.810145065255004 579.3392504190836
60739 51118.200576 36.10385657281844 10.478996750245658 569.9752576339023
60739 51538.200576 61.81748167436393 1.4266091067270266 568.1757633982669
60739 51958.200576 82.16549415867304 -67.12508969136266 569.7755574733823
60739 52378.200576 63.56724454761047 -147.82898925919986 572.2917990473164
60739 52798.200576 37.95770192075524 -157.6611646971226 577.1034387243208
60739 53218.200576 11.951515630492603 -162.11877611374535 587.6745572377015
60739 53638.200576 -14.038989469067289 -165.73024088980728 605.3131456052693
60739 54058.200576 -39.77613930382148 -170.3002045865609 626.1746881751511
60739 54478.200576 -64.88619903204754 179.2841160678332 642.3911619338846
60739 54898.200576 -82.0264799300587 93.61640351235812 646.5803849645578
60739 55318.200576 -61.545745095795084 30.85635452428187 636.2694151740245
60739 55738.200576 -36.25207212520079 22.00465742436813 615.5905479578569
60739 56158.200576 -10.400312857021211 17.69486450974574 592.9982910473783
60739 56578.200576 15.678931794762141 14.063785574935558 576.4654747423124
60739 56998.200576 41.725939010694034 9.26677874163227 569.0319334715476
60739 57418.200576 67.21827865781987 -2.7175730290396958 568.342287174305
60739 57838.200576 80.87675875530122 -105.40687859435702 570.2574344323625
60739 58258.200576 58.10502183780968 -151.03407165986766 573.0627410741462
60739 58678.200576 32.33868388000463 -158.75085864132592 578.8588232320723
60739 59098.200576 6.313444673315402 -162.8433257928817 591.0177615721163
60739 59518.200576 -19.64102920730208 -166.5006684311946 609.8421185993859
60739 59938.200576 -45.28996814718776 -171.6357478718935 630.4059243273164
60739 60358.200576 -70.08966094963978 174.13594626308242 644.513281193056
60739 60778.200576 -79.3469754548552 62.90978761709426 645.5190889482085
60739 61198.200576 -56.15376809064409 28.073736714207932 632.3798135397122
60739 61618.200576 -30.686084735603316 20.971303395594596 610.4989461641587
60739 62038.200576 -4.764260558213667 16.97683925323922 588.6789392584658
60739 62458.200576 21.331957204483725 13.269735300219123 574.1035201027121
60739 62878.200576 47.32695966908356 7.809378367383553 568.5268909062814
60739 63298.200576 72.44028491102858 -9.244709542344635 568.8002908257837
60739 63718.200576 76.99197088475509 -127.39470162333537 571.0001944900916
60739 64138.200576 52.58464133264036 -153.36305488668577 574.2147333754813
60739 64558.200576 26.71692176459942 -159.7040048972621 581.1189903583669
60739 64978.200576 0.6873091090528415 -163.54869515723146 594.7906160971311
60739 65398.200576 -25.220284753493203 -167.32759165315395 614.4634844600129
60739 65818.200576 -50.76452201170688 -173.26498525759303 634.2456060657513
60739 66238.200576 -75.03111524416636 165.6384366964629 645.8499439231555
60739 66658.200576 -75.00897610841217 47.05790767643781 643.588305673885
60739 67078.200576 -50.70764037987505 25.994204184357063 627.8954079390621
60739 67498.200576 -25.10401248256643 20.05695315481241 605.2817380735024
60739 67918.200576 0.8774385283445529 16.271502819469056 584.6259725957432
60739 68338.200576 26.979137948599288 12.407707754678688 572.1113220651878
60739 68758.200576 52.898424416768826 5.993054195108031 568.2373470331273
60739 69178.200576 77.27035196169888 -20.81235224819942 569.2837269510036
60739 69598.200576 72.1304446067331 -138.51381545155473 571.7173380297694
60739 70018.200576 47.023967828826706 -155.15142365648506 575.4806008920875
60739 70438.200576 21.088259200161485 -160.55872042425156 583.6976898685268
60739 70858.200576 -4.932950722191895 -164.24967280122107 598.9312662674058
60739 71278.200576 -30.782303356773355 -168.23734937250447 619.2616476421829
60739 71698.200576 -56.196123213491504 -175.33844440367884 637.8911737077685
60739 72118.200576 -79.36131516880289 149.77747034424098 646.6854592278031
60739 72538.200576 -70.06612244862215 38.576651992232115 641.116393527226
60739 72958.200576 -45.224576618366335 24.36523180115193 623.1063896209223
60739 73378.200576 -19.510166796635446 19.230101763981217 600.1024004130172
60739 73798.200576 6.520256193746318 15.565806187617786 580.8653624866749
60739 74218.200576 32.61513347285678 11.450370479201734 570.4416302168744
60739 74638.200576 58.42480539324694 3.6279165305904955 568.1065555489627
60739 75058.200576 81.05646065983086 -43.75758720235256 569.7647532587079
60739 75478.200576 66.9028055473744 -144.8377569240265 572.4363613732427
60739 75898.200576 41.438938471188145 -156.58827347368714 576.9335071039338
60739 76318.200576 15.458195496445272 -161.34533949099873 586.613576805081
60739 76738.200576 -10.543250432854713 -164.9626509304697 603.324842439196
60739 77158.200576 -36.32379870478818 -169.2656746196806 623.9686316352123
60739 77578.200576 -61.56863159188201 -178.11281451474846 641.0178322759514
60739 77998.200576 -82.03051510471593 119.10630765428188 646.7685970171182
60739 78418.200576 -64.86754231822712 33.445944425511385 637.9902869386435
60739 78838.200576 -39.70965305425929 23.034010714872405 618.0459578376592
60739 79258.200576 -13.902189761067211 18.461586054455132 595.1044238282732
60739 79678.200576 12.165900900087268 14.840807054703816 577.531047064457
60739 80098.200576 38.239321223326726 10.353042624316524 569.1584322143343
60739 80518.200576 63.88316093252669 0.3578357769380407 568.1722732413294
60739 80938.200576 82.12117890209396 -82.61840203482556 570.3084250701817
60739 81358.200576 61.508302778591485 -148.87322572542382 573.2714866894087
60739 81778.200576 35.836864804703815 -157.78482295524572 578.6566953202323
60739 82198.200576 9.828912603359782 -162.08643580499128 589.8607732188149
60739 82618.200576 -16.14237191320461 -165.70467951837873 607.8279370766131
60739 83038.200576 -41.84317691206925 -170.46166421051595 628.3353678607658
60739 83458.200576 -66.85152220887753 177.93177908089578 643.4005707921866
60739 83878.200576 -81.33852439170073 80.3462669223933 645.9684474656366
60739 84298.200576 -59.53486006149474 30.013756352239344 634.2006443731672
60739 84718.200576 -34.163973813494046 21.907088279412697 612.7991209099152
60739 85138.200576 -8.277506969603747 17.729858110034662 590.41809249652
60739 85558.200576 17.816078207909538 14.078744383529436 574.7636023717617
60739 85978.200576 43.85042073116498 9.057512559496299 568.3626585049208
60739 86398.200576 69.226044847935 -4.508516948509358 568.4781667015014
