CIC_MEM_VERS = 1.0
CREATION_DATE = 2025-03-05T13:44:25.095563
ORIGINATOR = CS Group

META_START
OBJECT_NAME = Sat
OBJECT_ID = Sat
USER_DEFINED_PROTOCOL = NONE
USER_DEFINED_CONTENT = LLA
USER_DEFINED_SIZE = 3.0
USER_DEFINED_TYPE = REAL
USER_DEFINED_UNIT = [deg] [km]
TIME_SYSTEM = UTC
META_STOP

60738 42743.094336 0.12312622598464881 -24.8495173969383 510.55455977229514
60738 43163.094336 26.571363154162224 -28.634005996869895 512.8283131406585
60738 43583.094336 52.75824859401774 -34.87738083139869 517.0624202994669
60738 44003.094336 77.4246383695793 -61.32532788034345 517.7095953996362
60738 44423.094336 71.97581568608857 179.25646475912987 511.17636617480235
60738 44843.094336 46.44892227988813 163.21574981068852 499.60747031091705
60738 45263.094336 20.01619968507786 157.9671531714656 489.4377152313454
60738 45683.094336 -6.637335621984457 154.31618766112723 486.6483259650898
60738 46103.094336 -33.22415674894273 150.2192030199467 493.45398044422734
60738 46523.094336 -59.387536714845105 142.2492534251496 505.1489359512492
60738 46943.094336 -81.78952151566972 88.31710273393962 514.5886043688911
60738 47363.094336 -65.59705465709317 -7.768566967155603 517.3354642847119
60738 47783.094336 -39.76154163023952 -18.433627399522656 514.3285078361018
60738 48203.094336 -13.39865451687326 -22.956801046576615 510.74370313309805
60738 48623.094336 13.080548717808432 -26.53049432187969 511.08860936690775
60738 49043.094336 39.44125005559791 -31.025861963652172 515.294336281465
60738 49463.094336 65.28094714472206 -41.507605683440495 518.809198168767
60738 49883.094336 81.91905393415628 -135.58838240256065 516.3077803396393
60738 50303.094336 59.73481388966198 168.3987537801245 506.6023631475804
60738 50723.094336 33.574366826867646 160.3128332992209 493.44076586574556
60738 51143.094336 6.9889777560697715 156.19689044348485 486.39918311298254
60738 51563.094336 -19.66830502497981 152.5513022969065 488.9561396389274
60738 51983.094336 -46.11120081115005 147.3459245659393 499.5592674023986
60738 52403.094336 -71.66636499776222 131.6739795154451 511.5891386084001
60738 52823.094336 -77.69819783251664 12.766783796468516 518.1545077543998
60738 53243.094336 -53.09894698469937 -14.53055562705853 517.4279892605641
60738 53663.094336 -26.919935287598378 -20.841363233522877 512.9979160336369
60738 54083.094336 -0.47285491665765217 -24.637162908976038 510.45011101116387
60738 54503.094336 25.979027748139995 -28.40243277869529 512.5330467998178
60738 54923.094336 52.177739256933805 -34.53228094922175 516.7625022045536
60738 55343.094336 76.94896557478414 -59.60455715073251 517.6174893356435
60738 55763.094336 72.51082300355952 -179.7766094126828 511.38058149510044
60738 56183.094336 47.03488731348086 163.5141989884459 499.9988501064142
60738 56603.094336 20.612957428058216 158.18972917546887 489.91855881030847
60738 57023.094336 -6.036559058739818 154.53050799954082 486.93595353939116
60738 57443.094336 -32.62563484149508 150.4676082716714 493.5183429126493
60738 57863.094336 -58.804590856908185 142.6885200432842 505.0180673370108
60738 58283.094336 -81.54025928634364 92.22526318979034 514.4270566978122
60738 58703.094336 -66.16658727661319 -7.167793121508513 517.2268931163637
60738 59123.094336 -40.35466200116639 -18.16728496001695 514.2270551457161
60738 59543.094336 -13.995435995621028 -22.74001226760608 510.56512714150267
60738 59963.094336 12.48577619288014 -26.313373079823908 510.8127029687753
60738 60383.094336 38.85358008635978 -30.760116683024634 515.0275272267949
60738 60803.094336 64.71746319575034 -40.933443449025596 518.7584811141314
60738 61223.094336 82.11010202202125 -131.407694868686 516.6008181814157
60738 61643.094336 60.311911764220724 168.84649235610595 507.1865551102553
60738 62063.094336 34.17133300461292 160.5623109340099 494.18220956622207
60738 62483.094336 7.594890958845758 156.41377265900593 486.93020582306974
60738 62903.094336 -19.060374098480235 152.77842814380014 489.1659773585182
60738 63323.094336 -45.50992099962766 147.6498039471922 499.53133701768843
60738 63743.094336 -71.11106320142011 132.60422273139838 511.65163926280616
60738 64163.094336 -78.17359290847936 14.732219367222662 518.0981483611588
60738 64583.094336 -53.69485867371947 -14.171798447470843 517.2380821515452
60738 65003.094336 -27.523699225011132 -20.60505960776322 512.6132859225081
60738 65423.094336 -1.0749297296638862 -24.421168362393757 509.8675971019745
60738 65843.094336 25.384217320438786 -28.16750962000877 511.8678873442046
60738 66263.094336 51.59727663573166 -34.18731045383006 516.2317066687159
60738 66683.094336 76.46627597235073 -57.99089630098974 517.4370588440484
60738 67103.094336 73.04072256740133 -178.7600083276548 511.636711241739
60738 67523.094336 47.61995742157883 163.8195551323524 500.5231556324066
60738 67943.094336 21.212165489544205 158.41680034053863 490.8198295195331
60738 68363.094336 -5.429105256569648 154.74822172906505 487.73310950067656
60738 68783.094336 -32.01613820600828 150.71765402567985 494.0949258434461
60738 69203.094336 -58.2057872402801 143.12316759068764 505.19214115747593
60738 69623.094336 -81.24632258818848 95.99292909103976 514.316520284415
60738 70043.094336 -66.74898612185484 -6.523905091566232 516.9035362607802
60738 70463.094336 -40.960796094466396 -17.890842531565106 513.6890954922756
60738 70883.094336 -14.602009957114394 -22.518272006355886 509.8307324035735
60738 71303.094336 11.885065135610672 -26.09380647542314 510.0161067943306
60738 71723.094336 38.26323716013418 -30.494994633700056 514.4004071338453
60738 72143.094336 64.15223612816122 -40.37743237512923 518.5510390586926
60738 72563.094336 82.25949793569086 -127.04901337919576 516.9229202901399
60738 72983.094336 60.88849585126396 169.3086889853184 507.9714536217244
60738 73403.094336 34.770496972846146 160.81523689810226 495.26488646450423
60738 73823.094336 8.205684185275734 156.6314174765399 487.7729666687474
60738 74243.094336 -18.44569894669572 153.00360931488726 489.51801190264615
60738 74663.094336 -44.90123373264897 147.94663664184694 499.4147207658997
60738 75083.094336 -70.54578705029624 133.48543214322743 511.75854612970403
60738 75503.094336 -78.63754998767247 16.877301485863196 517.8212669909763
60738 75923.094336 -54.2922785795189 -13.801839298011714 516.6096437875739
60738 76343.094336 -28.12610080460749 -20.367571509846226 511.6623643888383
60738 76763.094336 -1.6716508233175815 -24.20794881504727 508.6990136187187
60738 77183.094336 24.798387133157128 -27.93975321208567 510.7082849474594
60738 77603.094336 51.02769929864184 -33.860630524061584 515.4101521081342
60738 78023.094336 75.98418528886121 -56.52817478480877 517.2182609140415
60738 78443.094336 73.55312555430037 -177.69787735303973 512.0949259471785
60738 78863.094336 48.19364251725753 164.12773921106856 501.32030789717686
60738 79283.094336 21.805740933651407 158.64270507566332 492.44955854314026
60738 79703.094336 -4.822528692064512 154.96272011752347 489.0250637999136
60738 80123.094336 -31.404973934695736 150.96192149076072 494.7575634275392
60738 80543.094336 -57.60607209442877 143.5406738878707 504.42707297174786
60738 80963.094336 -80.9233340720513 99.44784721999068 512.6153213112165
60738 81383.094336 -67.30690406733684 -5.872305783369507 514.8180781164817
60738 81803.094336 -41.530597206552166 -17.620669533155493 511.58241102564045
60738 82223.094336 -15.162030804744493 -22.30488453834236 508.0372746195552
60738 82643.094336 11.336214485247014 -25.885560206907183 508.8858326148898
60738 83063.094336 37.7238976670843 -30.24861807009722 514.208332475267
60738 83483.094336 63.62869460578717 -39.87834354893188 519.4763226467272
60738 83903.094336 82.35768031554203 -122.80931409616313 518.8489947989966
60738 84323.094336 61.44233910474855 169.77255357340422 510.4973609199562
60738 84743.094336 35.36529571430308 161.06843233606486 498.74613678001884
60738 85163.094336 8.829774539286856 156.84948007754323 490.34572956000227
60738 85583.094336 -17.808758283811944 153.22953392464888 490.3846259709974
60738 86003.094336 -44.27114130399749 148.24377261248867 498.3456989580948
60739 23.094336 -69.97524747492545 134.32684225350408 503.3217337687053
60739 443.094336 -79.02923109402234 18.897371995580702 507.28033021157177
60739 863.094336 -54.71231196255046 -13.498035342158714 500.4486114452207
60739 1283.094336 -28.418642335215985 -20.183635505631187 493.2008960350898
60739 1703.094336 -1.8264740886638966 -24.05459324264682 491.82601142449346
60739 2123.094336 24.75659860972447 -27.801212484248488 499.1176719913949
60739 2543.094336 51.04209969299599 -33.73547299326858 512.1693271934121
60739 2963.094336 75.9901632244847 -56.42212925680555 522.1068289583757
60739 3383.094336 73.60291972015239 -177.46363337427212 524.1148904233739
60739 3803.094336 48.35877774560618 164.31334620429766 517.9752279113912
60739 4223.094336 22.094417792727405 158.82127937257528 508.8470853755044
60739 4643.094336 -4.412865893683373 155.15052980457168 502.80500455300313
60739 5063.094336 -30.91030889241491 151.18424663967764 503.1713274009195
60739 5483.094336 -57.0907847209344 143.91213312485095 506.93326099443595
60739 5903.094336 -80.62355121210152 102.25766441544799 508.473361122409
60739 6323.094336 -67.74498928300363 -5.316865651001339 503.978279424668
60739 6743.094336 -41.91119031488201 -17.39581267821763 504.51796834988187
60739 7163.094336 -15.494489886971085 -22.12437343587595 502.2933629260211
60739 7583.094336 11.052684153998365 -25.713572859283303 500.5400159490093
60739 8003.094336 37.50851642261067 -30.07011010875892 505.4110154942045
60739 8423.094336 63.481955745804946 -39.64393716672255 511.93796312783866
60739 8843.094336 82.37231979472631 -121.88885541390329 514.1985438501509
60739 9263.094336 61.523140582166945 169.95414970923954 509.68710955373075
60739 9683.094336 35.45888464283442 161.22057553751313 501.99593109001705
60739 10103.094336 8.962615396674979 157.0013188838299 497.2098213426549
60739 10523.094336 -17.612900314077454 153.39244913941812 499.4680538599408
60739 10943.094336 -44.01658657539758 148.44465235009505 503.7142165790433
60739 11363.094336 -69.73145244362593 134.75533723089382 505.8750816507295
60739 11783.094336 -79.23357922086105 20.08227497220225 507.807420607112
60739 12203.094336 -55.00858567096488 -13.24442302081692 504.34045789689884
60739 12623.094336 -28.76078394680654 -19.991328797271365 499.5104709735256
60739 13043.094336 -2.223915881073132 -23.86804593934814 499.1512144154382
60739 13463.094336 24.30521441077793 -27.594122211358037 505.7016308361099
60739 13883.094336 50.561835099227324 -33.43715494123424 515.8527147370236
60739 14303.094336 75.56081570685004 -55.1675522549339 523.5342896166468
60739 14723.094336 74.05498391709969 -176.47182045671988 523.0269946359839
60739 15143.094336 48.84453870492253 164.59263471060294 514.5634422112137
60739 15563.094336 22.552865413563165 159.02526847512925 503.9219842933276
60739 15983.094336 -3.9914418654348394 155.3411788465957 497.86600857561564
60739 16403.094336000002 -30.527407548231157 151.38927604656996 498.9143611962664
60739 16823.094336000002 -56.743114278774115 144.20944183821754 504.2913936421352
60739 17243.094336000002 -80.41746377061095 104.08567609634397 508.123351442422
60739 17663.094336000002 -68.07866595544009 -4.8600799235648715 506.594504607629
60739 18083.094336 -42.2712277217353 -17.177760894003708 501.2503668519802
60739 18503.094336 -15.827861547033313 -21.94419876227028 497.5401156671781
60739 18923.094336 10.744880731112302 -25.537323503269842 500.4781305640712
60739 19343.094336000002 37.18234017037089 -29.86531290414385 510.1029966295226
60739 19763.094336000002 63.12023277000782 -39.256962796057415 519.9249391804639
60739 20183.094336000002 82.4219209197044 -118.39022532509387 523.9588988373754
60739 20603.094336000002 62.027371582128225 170.39048636435845 519.2266618739454
60739 21023.094336000002 36.04675105427741 161.47103621360188 508.8971047725688
60739 21443.094336000002 9.58415473875375 157.21905690585558 498.73973500476177
60739 21863.094336 -16.999013549535505 153.61627361081315 496.3279982382858
60739 22283.094336 -43.43798977422385 148.72928944840092 500.7512131285768
60739 22703.094336000002 -69.1830480562289 135.5297968053549 506.73874696667366
60739 23123.094336000002 -79.65394155371303 22.560088604909886 508.7481122727466
60739 23543.094336000002 -55.60187386744665 -12.868416027610898 505.2792009432974
60739 23963.094336000002 -29.371525311709654 -19.75380855124222 500.1732456879447
60739 24383.094336000002 -2.8406072359268646 -23.653744355156036 499.29169199856045
60739 24803.094336000002 23.69121202275966 -27.36332705924656 505.33887941833024
60739 25223.094336 49.961578944415244 -33.10620928386315 515.0659483603653
60739 25643.094336 75.04324654102518 -53.79633938571995 522.714137047012
60739 26063.094336 74.57888463295308 -175.25849717783302 522.3850929807717
60739 26483.094336000002 49.42989456932567 164.90960482917586 514.1986589262776
60739 26903.094336000002 23.144671417740653 159.25089005158668 503.7803723132291
60739 27323.094336000002 -3.3974466539365062 155.55319847796446 498.03609475412645
60739 27743.094336000002 -29.933997864221595 151.62780502305506 499.30436756114267
60739 28163.094336000002 -56.15788299003848 144.60122745312694 504.9110790546425
60739 28583.094336000002 -80.03351906624461 106.98864131116513 508.94144870571733
60739 29003.094336 -68.65160155589939 -4.131661612893693 507.462290248495
60739 29423.094336 -42.88233092766359 -16.89312261897016 501.8854172337331
60739 29843.094336000002 -16.448043392351735 -21.721280276765633 497.69073169717353
60739 30263.094336000002 10.125290342114491 -25.319147278074354 500.0155360646349
60739 30683.094336000002 36.57194596788367 -29.606128786902882 509.17086254279604
60739 31103.094336000002 62.537358162506074 -38.74403346958935 518.7574573472383
60739 31523.094336000002 82.44059443827078 -113.71405518594615 522.899049350279
60739 31943.094336000002 62.59493870672151 170.88971110981782 518.4866401045076
60739 32363.094336000002 36.62874872664649 161.72595102028612 508.53802304272
60739 32783.094336 10.166753943823082 157.43242775994221 498.4089905938081
60739 33203.094336 -16.417945696785715 153.83251844885598 496.329080618641
60739 33623.094336 -42.86088306632771 149.0041058014947 501.1330923401106
60739 34043.094336 -68.63254928875992 136.25363883912416 507.6075847590167
60739 34463.094336 -80.0475832903769 25.234495492265488 509.7206440283746
60739 34883.094336 -56.18866249945885 -12.476167533222833 506.1719021443986
60739 35303.094336 -29.976346979060107 -19.510777054971705 500.71234287255277
60739 35723.094336 -3.4504528972475095 -23.437853329868144 499.24566707095045
60739 36143.094336 23.08631961512336 -27.13473144771203 504.7039723626063
60739 36563.094336 49.37530949072645 -32.78734618109964 513.5350283183751
60739 36983.094336 74.53571566478021 -52.55312939424759 521.2699592212122
60739 37403.094336 75.07488393297947 -174.00943781543702 521.3625548592573
60739 37823.094336 49.988781466595455 165.22681507989725 513.7458329664298
60739 38243.094336 23.710808549838795 159.47554865131917 503.67793704814454
60739 38663.094336 -2.825379980368601 155.76301364277077 498.8665174079946
60739 39083.094336 -29.356373296010382 151.8614442274139 500.50276662764406
60739 39503.094336 -55.58122886399289 144.97745278150157 506.2790964550085
60739 39923.094336 -79.62984343216206 109.64885333982744 510.2169130668726
60739 40343.094336 -69.21823130274682 -3.3657609632350316 508.42518088587275
60739 40763.094336 -43.48866873469363 -16.601870182315352 502.29399576273175
60739 41183.094336 -17.06164160652804 -21.496035411582902 497.4394678164963
60739 41603.094336 9.51565294757852 -25.10103532211945 499.03372596252234
60739 42023.094336 35.977136002092024 -29.351048304988105 507.29240777285594
60739 42443.094336 61.975632735021 -38.25881152138199 516.8230168651532
60739 42863.094336 82.4143317022634 -109.24762233363518 521.5627868020044
60739 43283.094336 63.135424415584886 171.3864935588064 518.0134171175182
60739 43703.094336 37.1875124645986 161.97904726663972 508.9474180689818
60739 44123.094336 10.735321606253658 157.64564889370914 500.69486887246774
60739 44543.094336 -15.831374814188887 154.0510347646932 498.78283899807315
60739 44963.094336 -42.261447028704914 149.28459637895568 503.3392985984585
60739 45383.094336 -68.05170980723966 136.98354238902087 509.11199383816336
60739 45803.094336 -80.44157368298296 28.25927845552132 510.5094564211878
60739 46223.094336 -56.80186256744444 -12.065191326984557 506.10670334379705
60739 46643.094336 -30.59900547086316 -19.263252280075232 499.7328559939646
60739 47063.094336 -4.065363974007157 -23.22044682620703 497.4137055009078
60739 47483.094336 22.489398093393003 -26.906539703729063 502.7060779946375
60739 47903.094336 48.8090305634004 -32.47571372419421 510.572308936159
60739 48323.094336 74.04874729117444 -51.41911448165195 519.2784425750272
60739 48743.094336 75.54261423756363 -172.75507733334953 520.8232769737915
60739 49163.094336 50.52742064565214 165.5381954215568 514.7302906829912
60739 49583.094336 24.26955215908732 159.69862513787953 505.9381447845723
60739 50003.094336 -2.254427060296177 155.97286468947314 498.11624162640777
60739 50423.094336 -28.789760108055013 152.09402206556769 500.8110678668209
60739 50843.094336 -55.01870088313625 145.34638018846164 507.5915967889025
60739 51263.094336 -79.21893217200864 112.09070373127827 512.2931589567029
60739 51683.094336 -69.78200874584705 -2.5801305819549207 510.86344363037597
60739 52103.094336 -44.10656416676047 -16.309715483843462 504.5510351691066
60739 52523.094336 -17.700504292585492 -21.269221427571097 498.92548438813253
60739 52943.094336 8.868556122165623 -24.87913933548738 499.38547303859195
60739 53363.094336 35.35185332250881 -29.090693661793196 504.16615446678964
60739 53783.094336 61.400420918702025 -37.77318433660121 512.4580930307451
60739 54203.094336 82.35079979111043 -104.89273594030053 516.9832623258951
60739 54623.094336 63.64340911134436 171.86462323340263 514.1835986362793
60739 55043.094336 37.6891609017369 162.21679947252073 506.5633330795179
60739 55463.094336 11.235600131396472 157.8472511432 500.50379198449826
60739 55883.094336 -15.324832116764489 154.25736455696247 500.8523508290084
60739 56303.094336 -41.739437741951924 149.5465605510558 506.95653367153596
60739 56723.094336 -67.5252561266309 137.64093201113633 514.1569205915968
60739 57143.094336 -80.79918531731235 31.37280112960298 516.0439350894673
60739 57563.094336 -57.42840166243541 -11.647898925794346 510.87698926416346
60739 57983.094336 -31.268803509832935 -19.010407775391354 502.64866167283145
60739 58403.094336 -4.751654697013637 -22.995893076441934 497.55600333326424
60739 58823.094336 21.812984730524995 -26.667812434020178 500.13552623176497
60739 59243.094336 48.16245923895067 -32.14310009687377 506.7447443273534
60739 59663.094336 73.50152891693627 -50.23497590840298 513.7799212913781
60739 60083.094336 76.02966564033024 -171.36677793016804 514.9207276175989
60739 60503.094336 51.05045615438119 165.84698514880384 509.60018491887513
60739 60923.094336 24.76726251489705 159.9125248108878 502.65923905535004
60739 61343.094336 -1.7696812504427681 156.1723760836758 500.0374985725251
60739 61763.094336 -28.28740884636838 152.31727967728656 501.20197648984487
60739 62183.094336 -54.53045500700636 145.68388767050106 507.1043509157795
60739 62603.094336 -78.85805774100702 114.0649277740099 513.55625216011
60739 63023.094336 -70.26148435745196 -1.866963716921201 513.6586348621898
60739 63443.094336 -44.64355297232018 -16.036246060424308 508.1787026035287
60739 63863.094336 -18.27139171215048 -21.050767738640538 502.5267957882451
60739 64283.094336 8.272625523155858 -24.662173314569657 502.2492282779146
60739 64703.094336 34.75687793545607 -28.834588435519205 501.89657340038866
60739 65123.094336 60.859124987307034 -37.31489219401373 505.5064101584779
60739 65543.094336 82.2617941129857 -101.09196356813636 508.7343443039186
60739 65963.094336 64.06871303562606 172.29910591066118 508.67181496719314
60739 66383.094336 38.10175543796554 162.44041793891375 504.9328840960335
60739 66803.094336 11.657995794434337 158.04177035718502 502.93701745103914
60739 67223.094336 -14.868900938946428 154.45894145612993 506.73465030942754
60739 67643.094336 -41.231746470375796 149.80437251464338 515.2139798369511
60739 68063.094336 -66.98008407228963 138.2887051401545 522.7120676598983
60739 68483.094336 -81.14814540835067 34.93419529391785 523.161884882903
60739 68903.094336 -58.09370223752594 -11.195190438444516 515.0771309879666
60739 69323.094336 -31.96653524975666 -18.74634953096562 503.03210345058835
60739 69743.094336 -5.443664886545839 -22.766953884092345 494.32370416483883
60739 70163.094336 21.161585490833684 -26.430943830544358 493.3732823708685
60739 70583.094336 47.570201256674245 -31.82866674916893 499.3729903226471
60739 71003.094336 73.02264928851596 -49.23964602962568 504.06374845143114
60739 71423.094336 76.39770169322892 -170.21293384862165 507.2104069430985
60739 71843.094336 51.42755971719403 166.1114801804482 502.349472622782
60739 72263.094336 25.100144544613997 160.10186024473043 497.0679477091348
60739 72683.094336 -1.4677257580561696 156.34777323251464 497.3089167008638
60739 73103.094336 -27.993488451870796 152.50206801738128 504.90081797078034
60739 73523.094336 -54.1945427275134 145.95055063883365 515.5950050419359
60739 73943.094336 -78.54896436198808 115.62162831764564 523.266175078594
60739 74363.094336 -70.71061909943563 -1.1521260861504807 522.5487940939616
60739 74783.094336 -45.18373153110867 -15.756119726811193 514.3542063587064
60739 75203.094336 -18.849452221555882 -20.830395605294278 504.66561715675
60739 75623.094336 7.692013472700204 -24.449490949762332 499.84550723248566
60739 76043.094336 34.1884040011233 -28.590250592404256 501.6080826265475
60739 76463.094336 60.29757399229079 -36.867056816834705 506.4906128720728
60739 76883.094336 82.1127186873431 -96.76378246608378 508.69608150873995
60739 77303.094336 64.615421495953 172.8413501316288 505.8168291593019
60739 77723.094336 38.63990104202094 162.693304086777 499.6138277179341
60739 78143.094336 12.151719119967586 158.24469716970881 495.8563296767147
60739 78563.094336 -14.432275191652515 154.6540189488131 499.4043032567837
60739 78983.094336 -40.843920202124714 150.02683890608816 509.7810934101423
60739 79403.094336 -66.64191514010145 138.72028533114923 519.4212811429617
60739 79823.094336 -81.31920249575275 37.022918477566805 522.8306632288035
60739 80243.094336 -58.43543463592425 -10.889525197576456 517.7696907607826
60739 80663.094336 -32.347449902564136 -18.540526829450396 507.989338057823
60739 81083.094336 -5.860162059396337 -22.57767143941331 498.6160996664257
60739 81503.094336 20.711824173812634 -26.230477755083683 497.6961447309651
60739 81923.094336 47.09524556888702 -31.560305484657388 502.84297910245317
60739 82343.094336 72.56387478285745 -48.347410725220506 508.4530310297685
60739 82763.094336 76.86166615182955 -168.6756435427334 509.2000316602418
60739 83183.094336 51.99596614924438 166.4476202383407 504.6140391476347
60739 83603.094336 25.695078936921117 160.33320060157106 499.1901688028936
60739 84023.094336 -0.8566900500741595 156.5619506311211 498.72586009826784
60739 84443.094336 -27.377932717333998 152.73832453141233 505.13078220415895
60739 84863.094336 -53.59511640796674 146.31339217202205 514.3733572275395
60739 85283.094336 -78.09038837246867 117.67882347073233 521.542780304696
60739 85703.094336 -71.24783806525717 -0.2843107749104238 520.7147853714974
60739 86123.094336 -45.74972289073509 -15.466799293975024 512.7360408570461
