CIC_AEM_VERS = 1.0
CREATION_DATE = 2025-05-13T13:35:42.058Z
ORIGINATOR = CS Group

META_START
OBJECT_NAME = BLUE1
OBJECT_ID = BLUE1
CENTER_NAME = null
REF_FRAME_A = EME2000
REF_FRAME_B = SC_BODY_1
ATTITUDE_DIR = A2B
TIME_SYSTEM = UTC
START_TIME = 2025-05-12T20:28:28.82928
STOP_TIME = 2025-05-13T23:59:60.0
ATTITUDE_TYPE = QUATERNION
QUATERNION_TYPE = LAST
META_STOP

60807 73708.82928 -0.5609032058879726 -0.5034272965820763 -0.44003194387810307 -0.4881807442408139
60807 74128.82928 -0.6593454598329689 -0.3651448030082604 -0.5381126428782861 -0.377316340764955
60807 74548.82928 -0.7243441544519125 -0.20840041846848778 -0.6088716643587294 -0.2473259141993291
60807 74968.82928 -0.7526439471516545 -0.040778242347240715 -0.648802214118976 -0.1044983766446238
60807 75388.82928 -0.7425290490668015 0.12955848210991835 -0.6556751319991866 0.04421913933100416
60807 75808.82928 -0.6940018930159423 0.29404875189839524 -0.6287049127095601 0.19138139076762112
60807 76228.82928 -0.6090130849201704 0.4440370114313796 -0.5687776171864334 0.32928136458480195
60807 76648.82928 0.49163133652711277 -0.5712709889591149 0.47864990455125456 -0.45038023379286346
60807 77068.82928 0.34800770634287564 -0.668554502741935 0.36298407515757747 -0.5478759662290844
60807 77488.82928 0.18602173619924156 -0.7304185049836154 0.2281145402156436 -0.6163184872946175
60807 77908.82928 0.014649636409439337 -0.7536101622428614 0.08154168305421361 -0.6520797999033903
60807 78328.82928 -0.15677986200131333 -0.7372624630206193 -0.06870129424508299 -0.6535627495969072
60807 78748.82928 -0.3192672622136125 -0.6827653875838648 -0.2146534073834627 -0.6211471287020076
60807 79168.82928 -0.46463354257483624 -0.5934472526121984 -0.34889892126069927 -0.5569610149952254
60807 79588.82928 -0.5858244911454006 -0.4741986438757998 -0.46486858478264 -0.4645885390351019
60807 80008.82928 -0.6770821763663407 -0.3311168625936959 -0.5570194001180852 -0.3487846579842863
60807 80428.82928 -0.7340309675107194 -0.17121982023003157 -0.6209303851055421 -0.2152388644003588
60807 80848.82928 -0.7537489301960661 -0.002240393913886595 -0.6533763622649135 -0.07040497210328903
60807 81268.82928 -0.7348890539531865 0.16754646111065738 -0.6524438070289806 0.0786342191327408
60807 81688.82928 -0.6778740490418605 0.3295246245724786 -0.6177128603128141 0.22434597754388638
60807 82108.82928 -0.585128311853777 0.47507118530431863 -0.5504914054525635 0.3590145402118977
60807 82528.82928 0.46120605466168485 -0.5961156128021429 0.45398276961227335 -0.4752207868055625
60807 82948.82928 0.31269236717095905 -0.6857962937620018 0.3332700198115743 -0.5664256534357506
60807 83368.82928 0.14777925121291866 -0.7391169872495114 0.19500737322756345 -0.6275663283327432
60807 83788.82928 -0.024417356451985624 -0.7533636278505866 0.04687079215238814 -0.6554770520610977
60807 84208.82928 -0.19458438761095534 -0.7281995976541022 -0.10307042172466731 -0.6490290827381869
60807 84628.82928 -0.3538790576024807 -0.6654842082039217 -0.24694737814923806 -0.6090298626888477
60807 85048.82928 -0.49435574144834443 -0.5689295856328396 -0.37751899152452917 -0.5379692728465124
60807 85468.82928 -0.6092419394030402 -0.44372673612476093 -0.48843943105871895 -0.43972464691841434
60807 85888.82928 -0.693084756412493 -0.2962004963604471 -0.5744180630242864 -0.31928463047238415
60807 86308.82928 -0.741825875078475 -0.13354461270953105 -0.6313023420861092 -0.182530984648934
60808 328.82928 -0.7528842397576526 0.0363690282725029 -0.656156425234794 -0.0360743805234612
60808 748.82928 -0.7252926043990423 0.2051634802453663 -0.6473923504039583 0.1128792674325181
60808 1168.82928 -0.6599055939097086 0.3641833248768458 -0.604968377749438 0.25672626459233516
60808 1588.82928 -0.5596269489250009 0.5048701998410273 -0.530622121585178 0.38776787313265154
60808 2008.82928 0.4294933743457077 -0.6193673054108766 0.4280020827745526 -0.49873219218519743
60808 2428.82928 0.2765045997316214 -0.7011840578156376 0.30259370263162594 -0.5833722435290656
60808 2848.82928 0.10912941651688626 -0.7458163835421643 0.16134541585356163 -0.6370371647508585
60808 3268.82928 -0.0634134431160106 -0.7510944175128964 0.012075928584723327 -0.6570312649805579
60808 3688.82928 -0.23186439234885645 -0.7172031960821589 -0.13714112695987274 -0.6426902756276992
60808 4108.82928 -0.3875554212768481 -0.6464543914265308 -0.2785520709488427 -0.5952363051884431
60808 4528.82928 -0.5227905681535102 -0.5429257847327574 -0.4051042701186314 -0.5175056950930109
60808 4948.82928 -0.6310848418249008 -0.4120895404656848 -0.510687864509016 -0.4136569086825962
60808 5368.82928 -0.7072961496041392 -0.260485281035923 -0.5902684633183299 -0.2888991456038124
60808 5788.82928 -0.7476901859569977 -0.09547513879083115 -0.6399650492213703 -0.1492937355402126
60808 6208.82928 -0.7500333588525662 0.0749400629773178 -0.6571387843758206 -0.0016017610190539684
60808 6628.82928 -0.7137484115226378 0.2422941848336613 -0.6405382349260216 0.14685878469659092
60808 7048.82928 -0.6401344654166906 0.3979103973971678 -0.5905123781347613 0.2884273099041498
60808 7468.82928 -0.5325791252708862 0.5333303676317874 -0.5092339202674121 0.4154503685598594
60808 7888.82928 0.396592415746221 -0.6409420618425924 0.40079545068718453 -0.5208365730649106
60808 8308.82928 0.23956400493557423 -0.7146592253657403 0.27106354682411943 -0.5986617013990428
60808 8728.82928 0.0702022484786243 -0.7504895607797396 0.12724742055771912 -0.6447054811544464
60808 9148.82928 -0.10220763374712405 -0.746807325779268 -0.022719972922054972 -0.6567466943933964
60808 9568.82928 -0.2684949080583214 -0.7043078411772268 -0.17079599710133864 -0.63457834549974
60808 9988.82928 -0.4201851405268375 -0.6257354330001188 -0.30936305938325065 -0.5798224840911491
60808 10408.82928 -0.5498437889485178 -0.5155136053358614 -0.4315702744861641 -0.49564566844500546
60808 10828.82928 -0.6512831731236995 -0.3793800583987012 -0.5315471884201652 -0.38646938582239676
60808 11248.82928 -0.719672324947267 -0.22407530410360627 -0.6045208149926036 -0.25771415761760164
60808 11668.82928 -0.7516032374331325 -0.057118315510401405 -0.6468871826553445 -0.1156159350155481
60808 12088.82928 -0.7451978848955697 0.11336686318080713 -0.6563110202822404 0.03292280874709933
60808 12508.82928 -0.7002805349943453 0.2788370751424719 -0.6318884621793687 0.18048276704056157
60808 12928.82928 -0.6186081812390575 0.43061367822804303 -0.5743725503853067 0.3193617879316485
60808 13348.82928 -0.5040543810600016 0.560370122397883 -0.48637826736955464 0.4419849407939034
60808 13768.82928 0.36259340922049 -0.6607784673106197 0.3724330355695615 -0.5414715788893563
60808 14188.82928 0.20197454869914372 -0.7261863190274631 0.23876355132032395 -0.6122513195543376
60808 14608.82928 0.03110536766659626 -0.7531280210199822 0.09280603142609434 -0.6505518277491731
60808 15028.82928 -0.14069576657862992 -0.7405204192928861 -0.05742386050112912 -0.6546271535173948
60808 15448.82928 -0.30437856805581015 -0.689554944610965 -0.2039473801978539 -0.6247184420051128
60808 15868.82928 -0.4516812042339222 -0.6033884785079474 -0.33930226578636596 -0.5628324850058819
60808 16288.82928 -0.5754435849253605 -0.48677089138068175 -0.4568492843527507 -0.47244842179764496
60808 16708.829279999998 -0.6697793889891441 -0.3456866987306092 -0.5509653871103312 -0.35823654002966354
60808 17128.829279999998 -0.7301703713423526 -0.18706450641709224 -0.6171416878407235 -0.22581903458699706
60808 17548.829279999998 -0.7535401227212501 -0.01857369302055824 -0.6520542057258621 -0.08159420427969376
60808 17968.829279999998 -0.738373514509133 0.15154565616386095 -0.6536783557217395 0.06740233252802855
60808 18388.82928 -0.684907311089493 0.3146866651852335 -0.6214696981713966 0.21365788594271515
60808 18808.82928 -0.5953687861202887 0.4621928662163862 -0.5565973827724208 0.34944687210393943
60808 19228.829279999998 0.47412135345698825 -0.5859039556168668 0.4621222229081183 -0.46729920616568726
60808 19648.829279999998 0.3275888302551439 -0.6788131244007489 0.3429974480969503 -0.5605809941768806
60808 20068.829279999998 0.1638467089662144 -0.7357285840702376 0.2057889663910895 -0.6241062472485202
60808 20488.829279999998 -0.008041748856883075 -0.7537242317951414 0.058125113977786476 -0.6545659506919193
60808 20908.829279999998 -0.1787600879900621 -0.7322556405310088 -0.09193398915873617 -0.6506878279864076
60808 21328.829279999998 -0.3394069107736227 -0.6729928280307874 -0.23650065636542092 -0.6131484664230631
60808 21748.82928 -0.48195230881693446 -0.5794841006635808 -0.36828450233747495 -0.544322215642707
60808 22168.82928 -0.5995170510031081 -0.4567837449264898 -0.4808712558314509 -0.4479852131963191
60808 22588.82928 -0.6865192979246192 -0.3111063264156614 -0.5688893410419446 -0.32904258826191785
60808 23008.829279999998 -0.7387576853629485 -0.14956204606753057 -0.6280935998129675 -0.1933046987718102
60808 23428.829279999998 -0.7534919372773957 0.020036565628275594 -0.6554454010782099 -0.047326131272327064
60808 23848.829279999998 -0.729579046232315 0.18934436176458866 -0.6492416646103659 0.10172703131747854
60808 24268.829279999998 -0.6676833223788939 0.3497068191062322 -0.6093108171117018 0.24626093851513114
60808 24688.829279999998 -0.5705127610947983 0.49252232071280794 -0.5372477776538466 0.3785522136161175
60808 25108.829279999998 0.44291537437343514 -0.6098271712070419 0.43656387586396544 -0.4912726073087009
60808 25528.82928 0.2917367062149621 -0.6949695323546539 0.312626765033076 -0.5780757295809544
60808 25948.82928 0.12534660233552847 -0.7432489100717908 0.17229995287803443 -0.6341782187983603
60808 26368.829279999998 -0.04707712962026526 -0.7522829664843911 0.02336430363509908 -0.6567405815996208
60808 26788.829279999998 -0.21625944221749446 -0.7220520943973041 -0.1261077424011264 -0.6449569473497714
60808 27208.829279999998 -0.37346901109394226 -0.6546836812781094 -0.26833576605176035 -0.599921738127625
60808 27628.829279999998 -0.5109175464631007 -0.5540964026246635 -0.39621538635929937 -0.5243603769610011
60808 28048.829279999998 -0.6220084605686951 -0.42563157397021273 -0.5035646751037118 -0.4223338208198519
60808 28468.829279999998 -0.7014714408462833 -0.2757276532049696 -0.5852618710536729 -0.2989659198401604
60808 28888.82928 -0.7454233531339811 -0.11166485233406921 -0.6373332822539007 -0.16025377589053022
60808 29308.82928 -0.7514670880218284 0.05861175361253441 -0.6570352108077685 -0.012907738657428199
60808 29728.82928 -0.7188465829737589 0.22666155428441218 -0.6429976101735712 0.13578734575578638
60808 30148.829279999998 -0.6486685310275006 0.38380406384020027 -0.5954353284986461 0.2781732320157377
60808 30568.829279999998 -0.5441216813737587 0.5215178340670663 -0.5163809337264227 0.40657284205025007
60808 30988.829279999998 0.4105323809568426 -0.6320747293616851 0.4097887465702981 -0.5138267060718061
60808 31408.829279999998 0.2551464125053339 -0.709218632616206 0.2814113199400594 -0.5938997460390519
60808 31828.829279999998 0.08658322676078913 -0.7487518950122398 0.1383852736329548 -0.6424355692213828
60808 32248.829279999998 -0.08590025700879324 -0.7488355587313253 -0.011388059850462753 -0.6570667880194595
60808 32668.82928 -0.2531051917015148 -0.7099623410723718 -0.15985858056163504 -0.6374452685631888
60808 33088.82928 -0.4064870971170886 -0.6346970000004903 -0.2993726090490173 -0.5850675166328109
60808 33508.82928 -0.5385130346363156 -0.5273101575788682 -0.42302119996342447 -0.5029918226198513
60808 33928.82928 -0.6428769077870654 -0.3934141289117439 -0.5248593813841123 -0.39554675372178405
60808 34348.82928 -0.7146123198642573 -0.23965080110821127 -0.6000270912577633 -0.26807501857346694
60808 34768.82928 -0.7501606064302704 -0.07346625183253723 -0.6448228396392809 -0.1267488851287517
60808 35188.82928 -0.7474767980792214 0.09706652000574723 -0.656803669087559 0.02157469119892461
60808 35608.82928 -0.7062032994583302 0.2634254874552942 -0.6349437717046461 0.16950020403110722
60808 36028.82928 -0.6279007674011993 0.4169139178471152 -0.5798603462467262 0.3093305517613491
60808 36448.82928 -0.5162458581787795 0.5491316717099322 -0.4940258470220137 0.43345482291986653
60808 36868.82928 0.377034221735253 -0.6526221068722297 0.38183258075571475 -0.5349144431921562
60808 37288.82928 0.2178807667266266 -0.721551867867324 0.24940064025049577 -0.6080215408276551
60808 37708.82928 0.04761762278012875 -0.7522451507194279 0.10410259900993614 -0.6488624230907898
60808 38128.82928 -0.12445302916687603 -0.743405097346348 -0.0460719722736699 -0.6555438033735578
60808 38548.82928 -0.2892429901113403 -0.6960226019948061 -0.1931274022605196 -0.6281662492365649
60808 38968.82928 -0.4384130836986412 -0.6130793654721861 -0.3295567237384512 -0.5686123684135335
60808 39388.82928 -0.5646958222765335 -0.49917717295024394 -0.44865849592172335 -0.4802565276454746
60808 39808.82928 -0.6620803365588795 -0.36018163378106427 -0.5447300379240887 -0.3676792140060476
60808 40228.82928 -0.7259073725371818 -0.20292983449473967 -0.613171561768213 -0.23642885739019537
60808 40648.82928 -0.7529444223814498 -0.03502369690779376 -0.6505591796391871 -0.09284821617437751
60808 41068.82928 -0.7415064800702121 0.1353410731398009 -0.6547577916541897 0.05606396528412894
60808 41488.82928 -0.691646880684815 0.29956935648683997 -0.6250988047062912 0.20281587079859376
60808 41908.82928 -0.6053956839703234 0.4489732787688609 -0.562614349343032 0.33968243212589005
60808 42328.82928 0.48692120124643834 -0.5753073415663799 0.470224081764572 -0.45914977887963243
60808 42748.82928 0.3424738282125266 -0.6714215135534835 0.35275295856957767 -0.5544999353899115
60808 43168.82928 0.18000791456213247 -0.7319379087725475 0.21666274707526587 -0.6204202627465203
60808 43588.82928 0.008525760926040436 -0.7537166507562839 0.06952446643429083 -0.6534560967198862
60808 44008.82928 -0.16266082040566437 -0.7359987564657167 -0.08061769787204984 -0.6521871470488252
60808 44428.82928 -0.3246033706974004 -0.6802568581141348 -0.2258499913189647 -0.6171507434507354
60808 44848.82928 -0.46918778012557083 -0.5898694051427403 -0.3588293415218028 -0.5505982342147658
60808 45268.82928 -0.5894187925348334 -0.4697483924735352 -0.47307420947156 -0.4562046986914614
60808 45688.82928 -0.6795816950693211 -0.3259958850620622 -0.5631304029209215 -0.3387913103304624
60808 46108.82928 -0.7353290010817032 -0.1656377356213129 -0.6246585246175798 -0.204100779834417
60808 46528.82928 -0.7537607491215204 0.003574421659590958 -0.6545176776264892 -0.0586392894567385
60808 46800.000288 0.06645226776382546 0.37686961341526465 -0.9098437319534375 0.16042996608587587
60808 46920.000288 0.07420899631907722 0.37541729720454686 -0.9063433355142154 0.17915534040020809
60808 47040.000288 0.08193418873772614 0.37380516275586717 -0.9024576906679049 0.1978044629610321
60808 47160.000288 0.0896245727113434 0.37203389905987366 -0.8981884467938623 0.21636942474075696
60808 47280.000288 0.0972768749573626 0.3701042672398515 -0.8935374240340567 0.23484231479859946
60808 47400.000288 0.10488784880638476 0.36801709370652325 -0.8885065988484784 0.2532152872859025
60808 47520.000288 0.11245426498358384 0.3657732718643005 -0.8830981081879252 0.2714805392502267
60808 47640.000288 0.1199729128966632 0.36337376171397856 -0.8773142486010714 0.289630313797537
60808 47760.000288 0.1274406019602095 0.3608195894181287 -0.87115747525486 0.30765690333833
60808 47880.000288 0.13485416291440935 0.3581118468383887 -0.8646304008899446 0.3255526528160171
60808 48000.000288 0.1422104491356849 0.3552516910452602 -0.8577357947128549 0.34330996291167687
60808 48120.000288 0.14950633793828116 0.35224034380113106 -0.8504765812259026 0.3609212932225612
60808 48240.000288 0.1567387318665644 0.34907909101682244 -0.842855838995376 0.37837916541365085
60808 48360.000288 0.16390455997752698 0.34576928218199215 -0.8348767993588058 0.3956761663410111
60808 48480.000288 0.1710007791131484 0.3423123297698836 -0.826542845071971 0.412804951145868
60808 48600.000288 0.17802437516226127 0.3387097086167159 -0.8178575088963158 0.42975824631853016
60808 48720.000288 0.18497236431155537 0.3349629552761143 -0.8088244721274733 0.44652885273115245
60808 48840.000288 -0.19184179428535872 -0.3310736673490203 0.7994475630656037 -0.4631096486383237
60808 48960.000288 -0.19862974557386565 -0.32704350278937616 0.7897307554282045 -0.47949359264469243
60808 49080.000288 -0.2053333326495293 -0.3228741791860411 0.7796781667059993 -0.4956737266387536
60808 49200.000288 -0.2119497051712305 -0.318567473021267 0.769294056462626 -0.5116431786918995
60808 49320.000288 -0.21847604917589547 -0.3141252189061255 0.7585828245787529 -0.5273951659219029
60808 49440.000288 -0.22490958825730947 -0.3095493087932947 0.7475490094411739 -0.5429229973200994
60808 49560.000288 -0.2312475847317181 -0.3048416911675378 0.7361972860775599 -0.5582200765414104
60808 49680.000288 -0.23748734078992098 -0.300004370214269 0.7245324642374139 -0.5732799046564709
60808 49800.000288 -0.24362619963553392 -0.2950394049665819 0.7125594864197774 -0.5880960828651176
60808 49920.000288 -0.24966154660903014 -0.2899489084311393 0.7002834258483118 -0.6026623151703863
60808 50040.000288 -0.25559081029724184 -0.284735046693215 0.6877094843941808 -0.616972411012439
60808 50160.000288 -0.2614114636279271 -0.2794000380013294 0.67484299044734 -0.6310202878615331
60808 50280.000288 -0.26712102494901235 -0.27394615183178617 0.6616893967366992 -0.6447999737693605
60808 50400.000288 -0.2727170590921353 -0.2683757079334708 0.6482542780996263 -0.6583056098780242
60808 50520.000288 -0.2781971784200346 -0.2626910753532731 0.6345433292013408 -0.6715314528858282
60808 50640.000288 -0.2835590438573888 -0.25689467144242945 0.6205623622045948 -0.6844718774692085
60808 50760.000288 -0.2888003659046379 -0.2509889608441359 0.6063173043901648 -0.6971213786599664
60808 50880.000288 -0.29391890563430323 -0.24497645446271674 0.5918141957286361 -0.7094745741770296
60808 51000.000288 -0.2989124756693917 -0.238859708414686 0.5770591864039125 -0.7215262067119261
60808 51120.000288 -0.303778941143327 -0.23264132296195578 0.5620585342889999 -0.7332711461671264
60808 51240.000288 -0.3085162206409496 -0.2263239414275034 0.5468186023745489 -0.744704391846382
60808 51360.000288 -0.3131222871200438 -0.21991024909379214 0.5313458561507597 -0.7558210745961211
60808 51480.000288 -0.31759516881287614 -0.21340297208425899 0.5156468609432702 -0.766616458896936
60808 51600.000288 -0.3219329501071087 -0.2068048762282392 0.4997282792039314 -0.7770859449040589
60808 51720.000288 -0.3261337724056388 -0.20011876590969566 0.48359686775716526 -0.7872250704358356
60808 51840.000288 -0.330195834964814 -0.19334748289989684 0.4672594750024132 -0.7970295129094234
60808 51960.000288 -0.33411739571099125 -0.1864939051738897 0.45072303807198877 -0.8064950912234082
60808 52080.000288 -0.33789677203479146 -0.17956094571032985 0.43399457994381796 -0.8156177675869188
60808 52200.000288 -0.34153234156251727 -0.17255155127556543 0.41708120651060876 -0.8243936492931485
60808 52320.000288 -0.3450225429029242 -0.16546870119393922 0.39999010361070875 -0.8328189904339868
60808 52440.000288 -0.348365876368971 -0.15831540610491382 0.38272853402201157 -0.8408901935549474
60808 52560.000288 -0.35156090467482504 -0.15109470670636127 0.36530383441718517 -0.8486038112509506
60808 52680.000288 -0.35460625360784226 -0.14380967248315166 0.3477234122784803 -0.8559565477031584
60808 52800.000288 -0.3575006126749196 -0.13646340042171834 0.32999474277353996 -0.8629452601551411
60808 52920.000288 -0.3602427357220825 -0.1290590137115159 0.31212536559477433 -0.8695669603265805
60808 53040.000288 -0.36283144152684516 -0.12159966043419347 0.2941228817640917 -0.8758188157630701
60808 53160.000288 -0.365265614362651 -0.11408851224082808 0.2759949504041173 -0.881698151121107
60808 53280.000288 -0.36754420453488734 -0.1065287630177304 0.25774928547718895 -0.8872024493872454
60808 53400.000288 -0.3696662288879476 -0.09892362754124837 0.23939365249330613 -0.8923293530304593
60808 53520.000288 -0.37163077128278726 -0.09127634012206974 0.22093586518842057 -0.8970766650867277
60808 53640.000288 -0.3734369830444392 -0.08359015323958098 0.20238378217459774 -0.9014423501748493
60808 53760.000288 -0.3750840833789792 -0.07586833616681753 0.18374530356356292 -0.9054245354425535
60808 53880.000288 -0.3765713597594439 -0.06811417358660855 0.16502836756531442 -0.9090215114419814
60808 54000.000288 -0.37789816828023737 -0.060330964199509465 0.14624094706350077 -0.9122317329336714
60808 54120.000288 -0.3790639339795943 -0.05252201932411945 0.12739104616927013 -0.9150538196182395
60808 54240.000288 -0.38006815112969355 -0.04469066149044351 0.10848669675547597 -0.9174865567949694
60808 54360.000288 -0.3809103834940491 -0.03684022302690467 0.08953595497300626 -0.9195288959466233
60808 54480.000288 -0.38159026455184525 -0.028974044641695434 0.07054689775121253 -0.9211799552498056
60808 54600.000288 -0.3821074976888966 -0.021095473999108223 0.05152761928431648 -0.9224390200103058
60808 54720.000288 -0.3824618563549902 -0.013207864291543555 0.03248622750581042 -0.9233055430228889
60808 54840.000288 -0.38265318418735367 -0.005314572807870652 0.013430840552831638 -0.9237791448550857
60808 54960.000288 -0.3826813951000779 0.0025810405011592527 -0.005630416777449705 -0.923859614054593
60808 55080.000288 -0.3825464733393271 0.010475614459743793 -0.024689416577373148 -0.9235469072799731
60808 55200.000288 -0.38224847350424085 0.01836578810538103 -0.043738031382154395 -0.9228411493544052
60808 55320.000288 -0.38178752053345166 0.026248202128049108 -0.06276813772504261 -0.9217426332423246
60808 55440.000288 -0.38116380965719904 0.03411950030946466 -0.08177161969210056 -0.9202518199488515
60808 55560.000288 -0.3803776063150745 0.04197633096170958 -0.10074037247454065 -0.9183693383419865
60808 55680.000288 -0.3794292460394553 0.04981534836449275 -0.11966630591650022 -0.916095984897627
60808 55800.000288 -0.37831913430475356 0.057633214200300424 -0.13854134805612267 -0.9134327233675376
60808 55920.000288 -0.37704774634263116 0.06542659898671878 -0.15735744865789975 -0.9103806843704728
60808 56040.000288 -0.37561562692339745 0.07319218350516615 -0.17610658273413013 -0.9069411649067409
60808 56160.000288 -0.3740233901038169 0.08092666022534425 -0.19478075405354675 -0.9031156277965471
60808 56280.000288 -0.37227171894161437 0.08862673472461047 -0.21337199863492728 -0.8989057010425765
60808 56400.000288 -0.37036136517699575 0.09628912710162488 -0.2318723882238705 -0.8943131771172769
60808 56520.000288 -0.36829314888150383 0.10391057338349602 -0.25027403375065627 -0.889340012175453
60808 56640.000288 -0.3660679580746052 0.11148782692576574 -0.26856908876735813 -0.8839883251927768
60808 56760.000288 -0.3636867483083814 0.11901765980451111 -0.28674975286228094 -0.8782603970309458
60808 56880.000288 -0.3611505422207264 0.12649686419993483 -0.3048082750500104 -0.8721586694302222
60808 57000.000288 -0.3584604290575069 0.13392225377076283 -0.32273695713522993 -0.8656857439301864
60808 57120.000288 -0.3556175641641103 0.14129066501884874 -0.34052815704868394 -0.8588443807195476
60808 57240.000288 -0.3526231684468466 0.14859895864336337 -0.3581742921536137 -0.8516374974159326
60808 57360.000288 -0.34947852780468414 0.15584402088400523 -0.37566784252112606 -0.8440681677765717
60808 57480.000288 -0.3461849925318228 0.16302276485266692 -0.39300135417296905 -0.8361396203408534
60808 57600.000288 -0.34274397669159246 0.17013213185302659 -0.4101674422902977 -0.8278552370057296
60808 57720.000288 -0.3391569574622294 0.17716909268753842 -0.42715879438701093 -0.8192185515349816
60808 57840.000288 -0.33542547445504767 0.18413064895133016 -0.4439681734463786 -0.8102332480033477
60808 57960.000288 -0.33155112900557293 0.19101383431251925 -0.4605884210196863 -0.8009031591765334
60808 58080.000288 -0.3275355834382025 0.1978157157784697 -0.4770124602856898 -0.7912322648281231
60808 58200.000288 -0.323380560304941 0.2045333949475368 -0.4932332990697914 -0.7812246899943877
60808 58320.000288 -0.3190878415988295 0.21116400924582332 -0.5092440328217634 -0.7708847031680268
60808 58440.000288 -0.3146592679425907 0.21770473314851965 -0.525037847551097 -0.7602167144317966
60808 58560.000288 -0.3100967377532278 0.2241527793852242 -0.5406080227185256 -0.7492252735333018
60808 58680.000288 -0.3054022063831062 0.23050540012883117 -0.5559479340829171 -0.7379150679019331
60808 58800.000288 -0.30057768523817713 0.23675988816743285 -0.5710510565023519 -0.7262909206091949
60808 58920.000288 -0.295625240873845 0.24291357805909708 -0.5859109666890253 -0.7143577882730334
60808 59040.000288 -0.290546994068664 0.24896384726920753 -0.6005213459177151 -0.7021207589067242
60808 59160.000288 -0.28534511887668557 0.25490811728983964 -0.6148759826863738 -0.6895850497135693
60808 59280.000288 -0.2800218416589355 0.2607438547405823 -0.6289687753278318 -0.6767560048285998
60808 59400.000288 -0.27457944009483504 0.2664685724501822 -0.6427937345711515 -0.6636390930088741
60808 59520.000288 -0.26902024217402976 0.2720798305186915 -0.6563449860520576 -0.6502399052733312
60808 59640.000288 -0.2633466251690049 0.2775752373598509 -0.669616772772005 -0.6365641524929935
60808 59760.000288 -0.2575610145889852 0.2829524507233974 -0.682603457505186 -0.6226176629324626
60808 59880.000288 -0.2516658831155631 0.2882091786969257 -0.6952995251527838 -0.6084063797436879
60808 60000.000288 -0.24566374952055875 0.29334318068690507 -0.707699585043674 -0.5939363584130892
60808 60120.000288 -0.23955717756661893 0.29835226837847856 -0.7197983731808149 -0.5792137641630976
60808 60240.000288 -0.2333487748910595 0.30323430667368817 -0.7315907544326027 -0.564244869309154
60808 60360.000288 -0.22704119187342756 0.3079872146077219 -0.743071724668498 -0.5490360505732337
60808 60480.000288 -0.2206371204872931 0.31260896624283674 -0.754236412838234 -0.5335937863549141
60808 60600.000288 -0.21413929313674587 0.31709759153957834 -0.7650800829939812 -0.5179246539609949
60808 60720.000288 -0.20755048147811841 0.3214511772049106 -0.7755981362547684 -0.5020353267947467
60808 60840.000288 -0.20087349522737874 0.32566786751686905 -0.7857861127125971 -0.4859325715057355
60808 60960.000288 -0.19411118095373092 0.3297458651253007 -0.7956396932795413 -0.4696232451013816
60808 61080.000288 -0.18726642085989387 0.33368343182839183 -0.8051547014752762 -0.4531142920211307
60808 61200.000288 -0.1803421315495439 0.3374788893244277 -0.8143271051543653 -0.436412741174486
60808 61320.000288 -0.17334126278238926 0.34113061993842675 -0.8231530181727394 -0.41952570294386143
60808 61440.000288 -0.1662667962174086 0.34463706732328947 -0.8316287019927137 -0.4024603661533833
60808 61560.000288 -0.15912174414468544 0.34799673713496404 -0.8397505672259664 -0.38522399500477605
60808 61680.000288 -0.15190914820632676 0.3512081976811981 -0.8475151751138723 -0.3678239259815149
60808 61800.000288 -0.1446320781069657 0.3542700805435581 -0.854919238944582 -0.35026756472236786
60808 61920.000288 -0.13729363031431668 0.35718108117222447 -0.8619596254062555 -0.33256238286562756
60808 62040.000288 -0.12989692675023212 0.3599399594531805 -0.8686333558759095 -0.3147159148652052
60808 62160.000288 -0.12244511347279728 0.3625455402474785 -0.8749376076432474 -0.29673575477991965
60808 62280.000288 -0.11494135934987747 0.36499671390208394 -0.8808697150689934 -0.2786295530372778
60808 62400.000288 -0.10738885472469045 0.3672924367320835 -0.8864271706771067 -0.26040501317314785
60808 62520.000288 -0.09979081007383273 0.369431731473798 -0.891607626180431 -0.24206988854869324
60808 62640.000288 -0.0921504546582388 0.3714136877085378 -0.8964088934392865 -0.22363197904588347
60808 62760.000288 -0.08447103516768935 0.3732374622567348 -0.9008289453524447 -0.2050991277432783
60808 62880.000288 -0.07675581435923025 0.37490227954203104 -0.9048659166801875 -0.18647921757333813
60808 63000.000288 -0.06900806969015275 0.3764074319252568 -0.9085181047989049 -0.16778016796295783
60808 63120.000288 -0.06123109194596078 0.37775228000790173 -0.9117839703869666 -0.14900993145866598
60808 63240.000288 -0.05342818386389063 0.37893625290497873 -0.9146621380414737 -0.13017649033808096
60808 63360.000288 -0.04560265875256104 0.3799588484870778 -0.9171513968255871 -0.11128785320934996
60808 63480.000288 -0.037757839108174776 0.38081963359141263 -0.9192507007462484 -0.0923520515999225
60808 63600.000288 -0.02989705522799275 0.38151824420190883 -0.9209591691619496 -0.07337713653665219
60808 63720.000288 -0.02202364382145786 0.3820543855979932 -0.9222760871205509 -0.05437117511854583
60808 63840.000288 -0.014140946619663126 0.3824278324723011 -0.9232009056268774 -0.03534224708405912
60808 63960.000288 -0.006252308983628393 0.3826384290171319 -0.92373324184011 -0.016298441374423555
60808 64080.000288 0.0016389214880028955 0.38268608897960005 -0.923872879200956 0.0027521473052263133
60808 64200.000288 0.009529396351276129 0.38257079568568814 -0.9236197674885677 0.02180142192527662
60808 64320.000288 0.017415767708725806 0.3822926020331129 -0.9229740228073439 0.04084128657004222
60808 64440.000288 0.025294689600068917 0.38185163045312936 -0.921935927503724 0.059863649873449984
60808 64560.000288 0.03316281939120674 0.3812480728414185 -0.9205059300131451 0.07886042845030433
60808 64680.000288 0.04101681916118647 0.38048219045808374 -0.9186846446373819 0.0978235503220179
60808 64800.000288 0.04885335708665788 0.3795543137967356 -0.9164728512525075 0.11674495833547545
60808 64920.000288 0.05666910882484054 0.3784648424229945 -0.9138714949469765 0.13561661357707835
60808 65040.000288 0.06446075891474436 0.37721424477817284 -0.910881685581513 0.1544304988295694
60808 65160.000288 0.07222500327203807 0.3758030600337194 -0.9075046960463997 0.1731786234654219
60808 65280.000288 0.07995862810644143 0.37423187300600225 -0.903741924282403 0.1918532181437012
60808 65400.000288 0.08765842689547988 0.37250133470573527 -0.8995949165319875 0.21044652999387264
60808 65520.000288 0.09532110845544936 0.3706121838762355 -0.8950654263868971 0.22895060151079308
60808 65640.000288 0.10294327784660788 0.36856526083694696 -0.8901554543085733 0.24735722592050285
60808 65760.000288 0.110521695265623 0.36636144412699057 -0.8848670919828401 0.265658571588855
60808 65880.000288 0.11805313838456455 0.36400167977774645 -0.8792025929754744 0.28384684980062047
60808 66000.000288 0.12553441168136437 0.36148697825209875 -0.8731643653721345 0.3019143373247749
60808 66120.000288 0.13296234007579805 0.35881841604290043 -0.8667549756583646 0.3198533610914534
60808 66240.000288 0.1403337708625667 0.35599713501532576 -0.859977147211133 0.33765630290426046
60808 66360.000288 0.14764557505144918 0.35302434188076587 -0.8528337591076496 0.35531560271636614
60808 66480.000288 0.1548946486666894 0.3499013076525107 -0.8453278448932601 0.37282376180388804
60808 66600.000288 0.16207791403251978 0.34662936707625286 -0.8374625912908038 0.39017334590112074
60808 66720.000288 0.1691923210475559 0.34320991803468065 -0.8292413368499955 0.4073569883043629
60808 66840.000288 0.17623484844814014 0.339644420926732 -0.8206675705372861 0.4243673929441733
60808 66960.000288 0.18320250506047867 0.3359343980217885 -0.8117449302667662 0.4411973374256772
60808 67080.000288 -0.19009233104119574 -0.33208143278918306 0.8024772013728546 -0.457839676036054
60808 67200.000288 -0.1969013991059341 -0.32808716920355796 0.7928683150255466 -0.4742873427181799
60808 67320.000288 -0.2036268157457805 -0.323953311026496 0.7829223465887991 -0.4905333540097887
60808 67440.000288 -0.21026572243101171 -0.31968162106480175 0.7726435139229496 -0.5065708119470979
60808 67560.000288 -0.21681529680199335 -0.31527392040591945 0.7620361756316943 -0.5223929069322888
60808 67680.000288 -0.2232727538467737 -0.3107320876307876 0.7511048292544216 -0.5379929205639947
60808 67800.000288 -0.22963534706514027 -0.30605805800467584 0.7398541094045217 -0.5533642284299928
60808 67920.000288 -0.23590036961874244 -0.3012538226462928 0.7282887858543861 -0.5685003028613801
60808 68040.000288 -0.242065155467045 -0.29632142767554737 0.7164137615676127 -0.5833947156476346
60808 68160.000288 -0.2481270804887138 -0.29126297334039797 0.7042340706791822 -0.5980411407116458
60808 68280.000288 -0.2540835635881462 -0.28608061312310185 0.691754876424132 -0.6124333567441379
60808 68400.000288 -0.2599320677868315 -0.28077655282622943 0.6789814690153048 -0.6265652497967793
60808 68520.000288 -0.265670101299195 -0.275353049638792 0.6659192634707553 -0.6404308158332634
60808 68640.000288 -0.2712952185925743 -0.2698124111828302 0.6525737973913941 -0.6540241632376363
60808 68760.000288 -0.2768050214309974 -0.26415699454078984 0.6389507286893762 -0.6673395152791998
60808 68880.000288 -0.2821971599024112 -0.2583892052639923 0.6250558332677209 -0.680371212533313
60808 69000.000288 -0.287469333428962 -0.25251149636256104 0.6108950026517574 -0.6931137152572859
60808 69120.000288 -0.2926192917599462 -0.2465263672770765 0.5964742415728476 -0.7055616057206995
60808 69240.000288 -0.29764483594706254 -0.24043636283228956 0.5817996655048535 -0.7177095904894029
60808 69360.000288 -0.30254381930148305 -0.23424407217320595 0.5668774981539486 -0.7295525026623549
60808 69480.000288 -0.3073141483323794 -0.22795212768381495 0.5517140689021252 -0.7410853040606238
60808 69600.000288 -0.31195378366640214 -0.22156320388878314 0.5363158102049941 -0.7523030873676605
60808 69720.000288 -0.31646074094764987 -0.21508001633839072 0.5206892549443474 -0.7632010782200471
60808 69840.000288 -0.3208330917176566 -0.20850532047703918 0.5048410337360226 -0.7737746372478236
60808 69960.000288 -0.3250689642747844 -0.20184191049570843 0.4887778721938891 -0.78401926206336
60808 70080.000288 -0.32916654451233285 -0.19509261816898313 0.472506588151285 -0.7939305891974523
60808 70200.000288 -0.33312407673466543 -0.18826031167735538 0.45603408884147967 -0.8035043959813432
60808 70320.000288 -0.33693986445121593 -0.18134789441495228 0.4393673680371933 -0.812736602374305
60808 70440.000288 -0.3406122711486923 -0.1743583037805906 0.422513503144587 -0.8216232727388959
60808 70560.000288 -0.34413972104205665 -0.16729450995035092 0.4054796522467316 -0.8301606175647198
60808 70680.000288 -0.3475206998007061 -0.16015951463635933 0.38827305110817534 -0.8383449951330428
60808 70800.000288 -0.3507537552472026 -0.1529563498376158 0.3709010101544301 -0.8461729131157306
60808 70920.000288 -0.3538374980300544 -0.14568807657996516 0.3533709114197227 -0.8536410301131594
60808 71040.000288 -0.3567706022727245 -0.138357783639833 0.3356902054499396 -0.8607461571364743
60808 71160.000288 -0.359551806197479 -0.13096858625285002 0.3178664081635157 -0.8674852590311178
60808 71280.000288 -0.3621799127222365 -0.12352362481017543 0.2999070976771885 -0.8738554558375851
60808 71400.000288 -0.3646537900295088 -0.11602606354362352 0.2818199110995146 -0.87985402408783
60808 71520.000288 -0.36697237210709693 -0.10847908919994859 0.26361254129307515 -0.8854783980365906
60808 71640.000288 -0.36913465926011396 -0.10088590970440663 0.24529273360588758 -0.8907261708270309
60808 71760.000288 -0.37113971859383665 -0.0932497528139466 0.226868282573104 -0.8955950955898295
60808 71880.000288 -0.372986684466889 -0.08557386476052534 0.2083470285904065 -0.9000830864747393
60808 72000.000288 -0.37467475891423707 -0.07786150888505242 0.18973685456059958 -0.904188219613677
60808 72120.000288 -0.3762032120395316 -0.07011596426253233 0.17104568251503174 -0.907908734014406
60808 72240.000288 -0.3775713823763381 -0.062340524318935116 0.15228147021143235 -0.9112430323839552
60808 72360.000288 -0.3787786772178355 -0.0545384954404274 0.13345220770998417 -0.9141896818809172
60808 72480.000288 -0.3798245729146098 -0.046713195575525626 0.11456591392930361 -0.9167474147958643
60808 72600.000288 -0.3807086151401768 -0.03886795283078286 0.09563063318412628 -0.9189151291591602
60808 72720.000288 -0.3814304191239185 -0.031006104060660032 0.07665443170659443 -0.9206918892754896
60808 72840.000288 -0.3819896698511491 -0.023130993452216465 0.05764539415300601 -0.9220769261845067
60808 72960.000288 -0.3823861222300494 -0.015245971105253525 0.03861162009789277 -0.923069638047065
60808 73080.000288 -0.3826196012252609 -0.007354391608597373 0.01956122051740947 -0.9236695904565436
60808 73200.000288 -0.38269000195793756 5.403873868147252E-4 5.023142639800573E-4 -0.9238765166748671
60808 73320.000288 -0.3825972897721153 0.008435006597334493 -0.018556975465754567 -0.9236903177928728
60808 73440.000288 -0.38234150026726355 0.016326106537858848 -0.037608524667824286 -0.9231110628147635
60808 73560.000288 -0.3819227392969433 0.02421032895417366 -0.05664421207046151 -0.9221389886664408
60808 73680.000288 -0.38134118293351965 0.03208431825574517 -0.07565592267438792 -0.920774500127591
60808 73800.000288 -0.38059707739889104 0.039944722948224376 -0.09463555129174428 -0.9190181696874767
60808 73920.000288 -0.3796907389612917 0.04778819706498608 -0.11357500608167605 -0.9168707373244352
60808 74040.000288 -0.3786225537981956 0.055611401596977354 -0.13246621208048534 -0.9143331102091842
60808 74160.000288 -0.3773929778254313 0.06341100592020434 -0.15130111472438942 -0.911406362332082
60808 74280.000288 -0.37600253649265725 0.07118368922014963 -0.17007168336283535 -0.908091734054566
60808 74400.000288 -0.3744518245453615 0.0789261419124091 -0.1887699147603395 -0.9043906315850724
60808 74520.000288 -0.37274150575364373 0.0866350670589093 -0.20738783658497242 -0.9003046263797656
60808 74640.000288 -0.3708723126079903 0.09430718177896082 -0.2259175108814329 -0.8958354544685363
60808 74760.000288 -0.3688450459824148 0.10193921865451684 -0.24435103752686765 -0.8909850157067066
60808 74880.000288 -0.36666057476525343 0.1095279271289463 -0.2626805576675522 -0.8857553729530033
60808 75000.000288 -0.36431983545802943 0.11707007489864132 -0.2808982571345426 -0.8801487511743894
60808 75120.000288 -0.36182383174277816 0.12456244929682139 -0.2989963698365758 -0.8741675364783916
60808 75240.000288 -0.3591736340182773 0.132001858668881 -0.31696718112846267 -0.8678142750736138
60808 75360.000288 -0.3563703789056498 0.13938513373861197 -0.33480303115322285 -0.8610916721591999
60808 75480.000288 -0.35341526872379964 0.1467091289647122 -0.3524963181564276 -0.8540025907439992
60808 75600.000288 -0.35030957093518195 0.1539707238869357 -0.37003950177110734 -0.846550050396273
60808 75720.000288 -0.34705461756241496 0.16116682446127592 -0.3874251062716708 -0.8387372259248177
60808 75840.000288 -0.34365180457622585 0.16829436438362935 -0.4046457237954523 -0.8305674459923578
60808 75960.000288 -0.34010259125523845 0.17535030640133709 -0.4216940175303934 -0.8220441916621671
60808 76080.000288 -0.3364084995181302 0.18233164361207543 -0.4385627248675133 -0.813171094878846
60808 76200.000288 -0.3325711132286356 0.1892354007495514 -0.45524466051685364 -0.8039519368842377
60808 76320.000288 -0.3285920774739284 0.19605863545550925 -0.4717327195856282 -0.7943906465694562
60808 76440.000288 -0.32447309781687367 0.20279843953754983 -0.4880198806173472 -0.7844912987640376
60808 76560.000288 -0.32021593952266286 0.20945194021229271 -0.5040992085907317 -0.7742581124632292
60808 76680.000288 -0.31582242676031574 0.2160163013334458 -0.5199638578773216 -0.7636954489944112
60808 76800.000288 -0.3112944417795479 0.22248872460436028 -0.5356070751567207 -0.7528078101236382
60808 76920.000288 -0.3066339240635484 0.22886645077462178 -0.5510222022883149 -0.7415998361033753
60808 77040.000288 -0.30184286945816274 0.23514676082022426 -0.5662026791384163 -0.7300763036624996
60808 77160.000288 -0.296923329278217 0.24132697710683632 -0.5811420463614514 -0.7182421239398596
60808 77280.000288 -0.29187740939142753 0.24740446453556977 -0.5958339481341528 -0.7061023403627017
60808 77400.000288 -0.2867072692803797 0.2533766316714226 -0.6102721348427066 -0.6936621264701983
60808 77520.000288 -0.28141512108264316 0.25924093185411656 -0.6244504657226777 -0.6809267836824907
60808 77640.000288 -0.27600322860976323 0.2649948642909154 -0.6383629114504404 -0.6679017390162592
60808 77760.000288 -0.2704739063458754 0.27063597513035587 -0.6520035566841906 -0.6545925427488534
60808 77880.000288 -0.264829518426926 0.2761618585165648 -0.6653666025533086 -0.6410048660323155
60808 78000.000288 -0.25907247760077523 0.2815701576237223 -0.6784463690957444 -0.6271444984581696
60808 78120.000288 -0.25320524416857976 0.28685856567061113 -0.6912372976432877 -0.6130173455732999
60808 78240.000288 -0.24723032490795485 0.2920248269147972 -0.7037339531539789 -0.5986294263478561
60808 78360.000288 -0.2411502719784372 0.2970667376259643 -0.715931026490892 -0.5839868705961546
60808 78480.000288 -0.23496768180982114 0.3019821470379305 -0.7278233366464673 -0.5690959163516144
60808 78600.000288 -0.22868519397390674 0.30676895827888073 -0.7394058329116264 -0.5539629071967462
60808 78720.000288 -0.22230549004016256 0.31142512927930405 -0.750673596988944 -0.5385942895492417
60808 78840.000288 -0.2158312924157646 0.3159486736572265 -0.7616218450492422 -0.5229966099050433
60808 78960.000288 -0.20926536317061756 0.32033766158029253 -0.7722459297307609 -0.5071765120395582
60808 79080.000288 -0.2026105028476423 0.32459022060417564 -0.782541342080415 -0.49114073416785636
60808 79200.000288 -0.1958695492589573 0.3287045364868872 -0.7925037134362509 -0.47489610606509136
60808 79320.000288 -0.18904537626831716 0.3326788539785927 -0.8021288172505434 -0.45844954614799777
60808 79440.000288 -0.18214089256030822 0.33651147758643535 -0.8114125708527433 -0.44180805851870797
60808 79560.000288 -0.17515904039672517 0.340200772313911 -0.8203510371516073 -0.42497872997198255
60808 79680.000288 -0.16810279436057762 0.3437451643744854 -0.8289404262758341 -0.4079687269668618
60808 79800.000288 -0.16097516008818769 0.3471431418788578 -0.8371770971524549 -0.39078529256414773
60808 79920.000288 -0.1537791729898358 0.3503932554956731 -0.8450575590223229 -0.37343574333068247
60808 80040.000288 -0.14651789695941958 0.3534941190851465 -0.8525784728919807 -0.3559274662118439
60808 80160.000288 -0.13919442307355176 0.3564444103052592 -0.859736652921284 -0.33826791537339884
60808 80280.000288 -0.131811868280656 0.35924287119017423 -0.8665290677460333 -0.3204646090141518
60808 80400.000288 -0.12437337408047304 0.3618883087004957 -0.8729528417350481 -0.3025251261506019
60808 80520.000288 -0.11688210519451901 0.3643795952450692 -0.8790052561810027 -0.28445710337502
60808 80640.000288 -0.10934124822799039 0.3667156691739035 -0.8846837504244501 -0.26626823158839374
60808 80760.000288 -0.1017540103236461 0.36889553524198004 -0.8899859229104372 -0.24796625270960912
60808 80880.000288 -0.0941236178082117 0.37091826504357556 -0.8949095321771666 -0.22955895636241738
60808 81000.000288 -0.08645331483181908 0.37278299741684034 -0.8994524977762091 -0.21105417654158126
60808 81120.000288 -0.07874636200106135 0.37448893881834194 -0.9036129011237641 -0.19245978825979285
60808 81240.000288 -0.07100603500623777 0.376035363667271 -0.9073889862825362 -0.17378370417696712
60808 81360.000288 -0.06323562324332466 0.37742161465914026 -0.9107791606738215 -0.15503387121337361
60808 81480.000288 -0.05543842843126462 0.3786471030485621 -0.9137819957194966 -0.1362182671483423
60808 81600.000288 -0.047617763225174296 0.3797113089011843 -0.9163962274134896 -0.11734489720607527
60808 81720.000288 -0.03977694982603278 0.38061378131423335 -0.918620756822605 -0.09842179063034134
60808 81840.000288 -0.03191931858744234 0.3813541386058295 -0.920454650516362 -0.07945699724958784
60808 81960.000288 -0.02404820662007228 0.38193206847266775 -0.9218971409257717 -0.0604585840343263
60808 82080.000288 -0.016166956394348213 0.382347328116148 -0.9229476266308668 -0.04143463164836814
60808 82200.000288 -0.008278914342000872 0.38259974433669974 -0.923605672576983 -0.022393230995743155
60808 82320.000288 -3.874294570361324E-4 0.3826892135963749 -0.9238710102197303 -0.0033424797649366563
60808 82440.000288 0.007504148103276385 0.3826157020495954 -0.9237435375987306 0.015709521027766994
60808 82560.000288 0.01539246841679353 0.38237924554208347 -0.9232233193402094 0.034754670494061626
60808 82680.000288 0.02327418319375506 0.3819799495781201 -0.9223105865885453 0.053784871326924784
60808 82800.000288 0.031145947172254163 0.3814179892560138 -0.9210057368670621 0.0727920332495419
60808 82920.000288 0.03900441951144756 0.3806936091720465 -0.9193093338682413 0.09176807645835541
60808 83040.000288 0.04684626518189471 0.3798071232929729 -0.9172221071736848 0.11070493505842285
60808 83160.000288 0.05466815635258862 0.3787589147973141 -0.9147449519041146 0.1295945604896624
60808 83280.000288 0.06246677377419409 0.3775494358854194 -0.9118789282998274 0.14842892494255766
60808 83400.000288 0.07023880815857707 0.3761792075587695 -0.9086252612315749 0.16720002476306953
60808 83520.000288 0.07798096155695515 0.374648819367663 -0.9049853396408134 0.1858998838522247
60808 83640.000288 0.08568994875810586 0.37295892912233225 -0.9009607158963528 0.20452055711171852
60808 83760.000288 0.09336249897296177 0.3711102624961045 -0.8965531048983444 0.2230541345788827
60808 83880.000288 0.10099533030506269 0.3691036200130007 -0.8917644008047118 0.24149267982132114
60808 84000.000288 0.1085852382527307 0.36693985380926686 -0.8865966216534915 0.2598284437713609
60808 84120.000288 0.11612899119638631 0.36461989421515895 -0.8810519728201612 0.2780536123411055
60808 84240.000288 0.12362339024980726 0.3621447344069999 -0.8751328104720936 0.2961604510390309
60808 84360.000288 0.13106525487697007 0.35951543417535153 -0.8688416506260341 0.3141412702768801
60808 84480.000288 0.13845142651885797 0.3567331188199645 -0.8621811665803029 0.33198843417520213
60808 84600.000288 0.14577876998942665 0.3537989786147639 -0.8551541877082744 0.34969436397591686
60808 84720.000288 0.1530441747820723 0.3507142682683839 -0.8477636982433026 0.36725154123445874
60808 84840.000288 0.1602445563584841 0.3474803063606017 -0.840012836007555 0.38465251096484404
60808 84960.000288 0.1673768574257891 0.3440984747532111 -0.8319048910812481 0.4018898847518778
60808 85080.000288 0.1744380492027495 0.3405702179754057 -0.8234433044121889 0.418956343832217
60808 85200.000288 0.1814251326747264 0.33689704258414466 -0.8146316663663861 0.43584464214343627
60808 85320.000288 -0.18833513983729105 -0.3330805164997691 0.8054737152202254 -0.45254760934076566
60808 85440.000288 -0.19516513492802878 -0.32912226831741814 0.7959733355951017 -0.4690581537802422
60808 85560.000288 -0.20191221564627873 -0.3250239865945534 0.7861345568351262 -0.4853692654676788
60808 85680.000288 -0.2085735143604869 -0.32078741911508357 0.7759615513286302 -0.5014740189725336
60808 85800.000288 -0.21514619930282125 -0.3164143721304705 0.7654586327741787 -0.5173655763058808
60808 85920.000288 -0.22162747575075153 -0.31190670957824806 0.7546302543917391 -0.5330371897617272
60808 86040.000288 -0.22801458719529263 -0.30726635227834154 0.7434810070796198 -0.5484822047209889
60808 86160.000288 -0.2343048164955547 -0.3024952771076561 0.7320156175178703 -0.5636940624172634
60808 86280.000288 -0.24049548701924808 -0.2975955161532247 0.7202389462187289 -0.5786663026638111
