CIC_OEM_VERS = 2.0
CREATION_DATE = 2025-03-13T18:00:38.528182
ORIGINATOR = ISAE-SUPAERO


META_START
OBJECT_NAME = BLUE2
OBJECT_ID = BLUE2
CENTER_NAME = Earth
REF_FRAME = EME2000
TIME_SYSTEM = UTC
START_TIME = 2025-03-13T00:00:00.000
USEABLE_START_TIME = 2025-03-13T00:00:00.000
USEABLE_STOP_TIME = 2025-03-13T23:55:00.000
STOP_TIME = 2025-03-13T23:55:00.000
INTERPOLATION = lagrange
INTERPOLATION_DEGREE = 5
META_STOP



60747 0.0 -6419.139700000001 -2718.4689 -518.64032 0.079536317 1.1506327 -7.4521999
60747 420.0 -5737.9331 -1976.759 -3489.606 3.1055486 2.3194702 -6.4525774
60747 840.0 -3900.6802000000002 -836.68016 -5756.307900000001 5.492011000000001 3.0161514 -4.1577605
60747 1260.0 -1280.5976 471.36213000000004 -6865.0951 6.7717089 3.1063679000000004 -1.0319328
60747 1680.0 1596.1793 1684.7266000000002 -6592.8236 6.6929944 2.5723725 2.3088851
60747 2100.0 4150.5936 2558.2871 -4988.4102 5.2594583 1.5143169 5.203462000000001
60747 2520.0 5860.8550000000005 2911.7624 -2368.2481000000002 2.7392395 0.13751491999999998 7.0590177
60747 2940.0 6368.9687 2668.1347 737.9420500000001 -0.36577129 -1.2790312 7.4730951
60747 3360.0 5562.018 1873.6671000000001 3690.7911000000004 -3.4107606 -2.4381207 6.3391649
60747 3780.0 3603.1653 691.18008 5877.0504 -5.7523937 -3.0934418999999997 3.8879752
60747 4200.0 898.42665 -634.44523 6843.828 -6.9002882 -3.1080786 0.63630824
60747 4620.0 -1992.1178 -1829.3385 6394.6957999999995 -6.623103100000001 -2.4825657000000003 -2.7351186
60747 5040.0 -4473.6453 -2648.3937 4627.6332 -4.9887886 -1.3505192 -5.5301553000000006
60747 5460.0 -6040.2219000000005 -2925.6655 1910.8065000000001 -2.3439018000000003 0.051856921 -7.1803423
60747 5880.0 -6377.5770999999995 -2607.4366 -1196.5599 0.76200824 1.4359301 -7.3602586
60747 6300.0 -5424.469400000001 -1761.5102 -4061.8025000000002 3.6959004 2.5221211 -6.0502606
60747 6720.0 -3379.5954 -560.9616 -6107.9986 5.8739737 3.0967677 -3.5280309
60747 7140.0 -656.7489300000001 752.15327 -6925.8863 6.870910100000001 3.049475 -0.29954058
60747 7560.0 2197.6076000000003 1914.1064 -6349.57 6.488292 2.3883173 2.9999655
60747 7980.0 4607.6374000000005 2689.393 -4488.2892 4.7874683000000005 1.238079 5.7140803
60747 8400.0 6078.7327000000005 2916.8448 -1711.3747 2.0917725000000003 -0.17596414999999999 7.2809641
60747 8820.0 6300.8442000000005 2545.0950000000003 1417.215 -1.0559971000000001 -1.5646860999999999 7.3550693
60747 9240.0 5220.666700000001 1647.3721 4251.6145 -3.9981234 -2.6352403 5.9030645999999996
60747 9660.0 3059.14 408.43171 6202.947700000001 -6.1129901 -3.1604038 3.2255455000000004
60747 10080.0 264.6034 -915.11922 6867.929400000001 -6.9599933 -3.031521 -0.11292159
60747 10500.0 -2584.8916 -2050.1730000000002 6113.2124 -6.3719030000000005 -2.2793989999999997 -3.4155824
60747 10920.0 -4904.0833 -2764.4242999999997 4099.7657 -4.4808737 -1.0634785999999998 -6.0026745
60747 11340.0 -6221.3414 -2913.7713 1245.7431000000001 -1.6855276 0.36332865 -7.3502671
60747 11760.0 -6274.062400000001 -2470.7812999999996 -1862.7803000000001 1.4355715 1.7083836 -7.1964898
60747 12180.0 -5058.8432999999995 -1528.3763999999999 -4594.5005 4.2494457 2.7014299999999998 -5.5895615
60747 12600.0 -2826.3709 -278.56439 -6400.4706 6.1990093 3.1482406000000003 -2.8642141000000003
60747 13020.0 -27.036114 1027.1191 -6919.4107 6.9038919 2.9631232 0.43646912
60747 13440.0 2777.2894 2126.202 -6044.2135 6.2204387 2.1800518 3.6631022
60747 13860.0 5019.2496 2795.0367 -3943.7608 4.2678697 0.9478669200000001 6.169552800000001
60747 14280.0 6236.3927 2893.3963 -1037.2687 1.4228812 -0.48975377 7.4308208
60747 14700.0 6170.1027 2396.4115 2082.4861 -1.7358797 -1.8364894 7.163177800000001
60747 15120.0 4827.523700000001 1403.7703000000001 4769.9185 -4.545236200000001 -2.8072502 5.4075839
60747 15540.0 2485.0562999999997 120.36686 6466.767900000001 -6.4123001 -3.196445 2.5310408000000004
60747 15960.0 -371.43125000000003 -1188.0772 6823.426 -6.9506821 -2.9249105 -0.8606394900000001
60747 16380.0 -3151.7909 -2251.9574 5770.7833 -6.058243000000001 -2.0532152000000004 -4.061812
60747 16800.0 -5286.0667 -2854.0619 3531.007 -3.9297402000000003 -0.7650754 -6.4156652
60747 17220.0 -6341.4941 -2873.5861 567.97152 -1.0117755 0.67235438 -7.4479044000000005
60747 17640.0 -6109.543000000001 -2309.6718 -2511.2835 2.0940893000000003 1.9654015 -6.9626090000000005
60747 18060.0 -4644.367700000001 -1279.4439 -5082.9494 4.7612223 2.855681 -5.074693
60747 18480.0 -2246.0286 7.9310259 -6631.1350999999995 6.4640395 3.1699511000000005 -2.1722548
60747 18900.0 602.7212 1293.6704 -6845.7903 6.8700099 2.8479038 1.1693043
60747 19320.0 3329.6986 2318.9294 -5679.7164 5.8914928 1.9493759 4.2917474
60747 19740.0 5381.3424 2874.1119 -3360.2783 3.7054845999999997 0.64648894 6.564864
60747 20160.0 6332.2204 2841.5939 -352.88027000000005 0.73935225 -0.80062912 7.5066187
60747 20580.0 5978.125599999999 2223.5858 2726.7623 -2.3982354999999997 -2.0914758 6.8992281
60747 21000.0 4386.7572 1145.4384 5240.2311 -5.046279999999999 -2.9521098 4.8580304
60747 21420.0 1886.982 -169.90126999999998 6665.8025 -6.6472749 -3.2011167 1.812003
60747 21840.0 -1002.9714 -1450.3357 6710.914900000001 -6.8725703000000005 -2.7893697000000004 -1.5988327
60747 22260.0 -3686.8784 -2432.4675 5371.1882000000005 -5.6855341 -1.8064648 -4.6668654
60747 22680.0 -5615.674900000001 -2916.3103 2927.5825 -3.3414303 -0.45859818 -6.7646417
60747 23100.0 -6399.6416 -2805.5351 -115.11021000000001 -0.33005347 0.9755953500000001 -7.4722739
60747 23520.0 -5886.066 -2125.8276 -3135.0215000000003 2.7305231 2.2042163 -6.6611759
60747 23940.0 -4185.7282000000005 -1017.4069000000001 -5521.8251 5.225915 2.9830761000000003 -4.5111561
60747 24360.0 -1644.9542 295.34853999999996 -6797.411400000001 6.6663999 3.1614528 -1.4594973
60747 24780.0 1225.6651000000002 1548.7542 -6705.6613 6.7697036 2.7048373999999997 1.8912398000000001
60747 25200.0 3848.8145 2489.9436 -5259.7971 5.5049643 1.6985829000000001 4.879180000000001
60747 25620.0 5689.9378 2925.4348999999997 -2743.9253 3.1063623 0.33708053000000004 6.895762700000001
60747 26040.0 6365.0951 2761.6393 334.62099 0.048548034000000004 -1.1052297000000002 7.5075772
60747 26460.0 5726.8899 2028.1408000000001 3343.3478 -3.0359541 -2.3268712000000003 6.5662294
60747 26880.0 3902.9899 874.78696 5657.8013 -5.4960231 -3.068449 4.2604296999999995
60747 27300.0 1271.1412 -459.69837 6798.209400000001 -6.815592400000001 -3.1744773 1.0759716000000001
60747 27720.0 -1623.4808 -1699.5176000000001 6531.853099999999 -6.72659 -2.6262387 -2.3197319000000003
60747 28140.0 -4184.7007 -2590.1101000000003 4918.9276 -5.257970500000001 -1.5414713 -5.2243195
60747 28560.0 -5889.7487 -2950.6631 2296.119 -2.7224171999999998 -0.14681063 -7.0460981
60747 28980.0 -6395.5232000000005 -2710.2981 -796.13195 0.35253837 1.2702098000000002 -7.4233623
60747 29400.0 -5606.2702 -1921.0427 -3727.3657000000003 3.3383752 2.4224983000000004 -6.2956718
60747 29820.0 -3687.9182 -744.80452 -5906.5556 5.6390083 3.0824593 -3.9050455000000004
60747 30240.0 -1029.4723000000001 580.9365200000001 -6897.595200000001 6.8043401 3.1228811999999997 -0.7332724100000001
60747 30660.0 1835.3501 1789.9278000000002 -6500.4307 6.604147 2.5352331 2.5949798
60747 31080.0 4329.2955 2637.5692999999997 -4788.707200000001 5.0648764 1.4299819 5.4193639000000005
60747 31500.0 5941.8972 2948.4605 -2101.0009 2.47674 0.022585483 7.1587468
60747 31920.0 6334.7898 2654.2527999999998 1018.1524000000001 -0.6421228800000001 -1.4006161 7.433647
60747 32340.0 5419.1984 1811.8753000000002 3925.9292000000005 -3.6423639 -2.5405577 6.167779800000001
60747 32760.0 3381.3754 594.29115 6018.425 -5.890135 -3.1551965 3.6210038
60747 33180.0 643.86341 -746.3605 6862.7178 -6.9160059 -3.1166953 0.33038515
60747 33600.0 -2226.8208 -1933.3073000000002 6288.0924 -6.5147715 -2.436903 -3.0162938
60747 34020.0 -4640.558599999999 -2723.3493 4418.4191 -4.7801718 -1.260512 -5.7292333
60747 34440.0 -6105.8508 -2956.6739 1642.5345 -2.0786979999999997 0.1674573 -7.2578735
60747 34860.0 -6329.3698 -2588.6007999999997 -1468.9194 1.0295544 1.5536343 -7.3021774
60747 35280.0 -5272.8778 -1696.9346 -4283.151900000001 3.9124086000000005 2.6185809 -5.869758200000001
60747 35700.0 -3155.4628 -463.75337 -6233.9007 5.9972211 3.1531181000000004 -3.2616994
60747 36120.0 -405.00986 862.4814100000001 -6930.8858 6.8768827 3.0544876 0.000299164
60747 36540.0 2426.442 2015.2791000000002 -6231.878 6.3747712000000005 2.3402687 3.2745075000000003
60747 36960.0 4766.9052 2760.574 -4270.549099999999 4.5750134 1.1456210000000002 5.907417000000001
60747 37380.0 6135.0105 2942.9601000000002 -1437.2025 1.8222726 -0.29435965 7.3512367
60747 37800.0 6241.6354 2520.3209 1691.6022 -1.3265470000000001 -1.6842497 7.2855110000000005
60747 38220.0 5057.7972 1576.6392 4469.3035 -4.2122393 -2.730573 5.7074619
60747 38640.0 2826.4654 306.40223 6318.8961 -6.2254057000000005 -3.2115046000000005 2.9454757
60747 39060.0 10.485406000000001 -1027.3542 6858.7088 -6.9479879 -3.0282144 -0.41831743
60747 39480.0 -2808.0276000000003 -2149.6112000000003 5981.593900000001 -6.2392442 -2.2229482 -3.6828624
60747 39900.0 -5050.8018 -2830.9492 3873.6763 -4.256187 -0.9660057799999999 -6.1775751
60747 40320.0 -6262.3593 -2934.1798 972.0528800000001 -1.415705 0.48163984 -7.3983881
60747 40740.0 -6201.8758 -2441.2992999999997 -2128.1591000000003 1.6955989 1.8236066000000002 -7.1097832
60747 41160.0 -4888.7121 -1455.2096999999999 -4798.0175 4.448037500000001 2.7907566000000004 -5.386857600000001
60747 41580.0 -2592.7989 -176.50701 -6501.3249000000005 6.297554900000001 3.1941929 -2.5862741000000002
60747 42000.0 223.16535000000002 1137.5871000000002 -6897.129400000001 6.883127900000001 2.9564674 0.7351733400000001
60747 42420.0 2993.7982 2222.7315 -5902.4276 6.0831155 2.1212754 3.9237691
60747 42840.0 5157.6754 2857.6575000000003 -3710.0840000000003 4.0394624 0.84783849 6.3385096
60747 43260.0 6267.4699 2908.7457000000004 -758.8016600000001 1.1490070000000001 -0.6108621200000001 7.470971899999999
60747 43680.0 6086.5549 2360.9067000000005 2348.4321 -1.9980024 -1.9531587 7.064231700000001
60747 44100.0 4646.286599999999 1324.6179 4968.1215999999995 -4.7398693000000005 -2.8946880000000004 5.1897599
60747 44520.0 2243.7977 13.977285 6556.2751 -6.4984841 -3.2364777 2.2406253
60747 44940.0 -622.6544200000001 -1299.7458000000001 6786.2817000000005 -6.911252800000001 -2.9096390000000003 -1.1625602
60747 45360.0 -3361.2857000000004 -2346.0516000000002 5615.49 -5.9026987 -1.9863662 -4.3127229
60747 45780.0 -5411.3177000000005 -2911.5802000000003 3290.2525 -3.6913038 -0.66084955 -6.564820200000001
60747 46200.0 -6357.6753 -2883.1566000000003 291.46809 -0.73988893 0.7924901 -7.4663074
60747 46620.0 -6014.1831 -2269.6971000000003 -2767.2094 2.3443219 2.0772017000000003 -6.8481891
60747 47040.0 -4457.3173 -1198.2091 -5266.755700000001 4.9403572 2.9370834 -4.8516399
60747 47460.0 -2005.0856 114.04561 -6705.9744 6.5373258 3.2050479000000003 -1.8850983000000001
60747 47880.0 849.28965 1403.3727 -6796.272400000001 6.822904 2.8294894 1.4645058
60747 48300.0 3532.1378 2409.9508 -5514.826599999999 5.7316422000000005 1.8801538 4.5364666
60747 48720.0 5497.8741 2927.4992 -3112.3817000000004 3.4630776 0.53951087 6.708148100000001
60747 49140.0 6337.921 2845.8188999999998 -72.164526 0.46327562 -0.92359569 7.5164016
60747 49560.0 5870.9545 2177.356 2982.3386 -2.6499152 -2.2044164 6.771688600000001
60747 49980.0 4188.6076 1058.1746 5417.5469 -5.2200077 -3.0310698000000005 4.6196338
60747 50400.0 1639.0122 -280.14351 6728.2566 -6.7066664000000005 -3.2296859 1.5132964
60747 50820.0 -1249.3932 -1560.8153 6646.1623 -6.806166500000001 -2.7620210000000003 -1.8950813000000002
60747 51240.0 -3881.197 -2520.6111 5193.3802000000005 -5.5083911 -1.729397 -4.8996471
60747 51660.0 -5718.580900000001 -2964.3442999999997 2673.893 -3.0909951 -0.34804831 -6.8871285
60747 52080.0 -6390.8731 -2804.0237 -392.48773 -0.057960569 1.0968846 -7.460912400000001
60747 52500.0 -5768.161099999999 -2075.4120000000003 -3379.7322000000004 2.9693405 2.311883 -6.5198928
60747 52920.0 -3982.9697 -928.43604 -5684.6648 5.384482 3.0559612 -4.2692706
60747 53340.0 -1398.1728 404.986 -6845.6921 6.7140071 3.1853217 -1.1649341
60747 53760.0 1467.0193000000002 1657.0438000000001 -6629.1533 6.696454800000001 2.6745127 2.1809877
60747 54180.0 4035.8495000000003 2574.8118 -5072.8597 5.323562 1.6190915000000001 5.1061217
60747 54600.0 5783.8005 2969.1029 -2483.5411000000004 2.8515987000000003 0.22372294 7.0120759
60747 55020.0 6345.4398 2754.5645 615.49135 -0.22765464 -1.2291844 7.4866573
60747 55440.0 5596.974200000001 1971.3981 3586.56 -3.2752893 -2.4351302 6.410890500000001
60747 55860.0 3689.4686 780.0210000000001 5812.771900000001 -5.6476525 -3.1380128 4.0031529
60747 56280.0 1018.3179 -572.84141 6833.0033 -6.8479051 -3.1909351999999997 0.77124194
60747 56700.0 -1863.3374 -1807.7048 6439.8485 -6.6338856999999996 -2.5867235 -2.608166
60747 57120.0 -4362.5037999999995 -2671.2707 4719.7473 -5.06052 -1.4546127 -5.437422
60747 57540.0 -5969.5869 -2988.4581000000003 2031.1384 -2.4616072 -0.030804163 -7.141081000000001
60747 57960.0 -6361.8138 -2697.3588 -1072.5743 0.62306969 1.3916403000000002 -7.3823128
60747 58380.0 -5466.5145 -1860.2637 -3959.2461000000003 3.5643035 2.5250288000000003 -6.1283561
60747 58800.0 -3470.6687 -648.57127 -6047.3005 5.776020900000001 3.1459691 -3.645774
60747 59220.0 -778.36596 693.31275 -6918.88 6.8258394 3.1349159 -0.43311878000000004
60747 59640.0 2069.9291000000003 1895.8409 -6397.3235 6.505001900000001 2.4927808000000002 2.8771907999999997
60747 60060.0 4499.6308 2715.3405000000002 -4580.9668 4.8629424 1.3405550000000002 5.626601399999999
60747 60480.0 6012.398099999999 2981.7324 -1830.0682 2.2113998 -0.09624494900000001 7.2467864
60747 60900.0 6289.920700000001 2635.6724 1296.9145 -0.91636337 -1.5242599000000001 7.3818407
60747 61320.0 5267.5521 1745.0103000000001 4154.6926 -3.8673488000000003 -2.6426601 5.9857009
60747 61740.0 3154.2441000000003 492.99122 6149.6668 -6.0181893 -3.2141635 3.3470926
60747 62160.0 388.35972 -861.07657 6869.582 -6.920767 -3.1205536 0.022550051
60747 62580.0 -2457.9782 -2037.8346000000001 6169.7991 -6.3963666 -2.3855035 -3.2940461
60747 63000.0 -4800.1767 -2796.4456 4199.9535000000005 -4.5640314 -1.1649232 -5.9202694000000005
60747 63420.0 -6161.822400000001 -2983.7094 1369.1333 -1.8099577 0.28737114 -7.3241183
60747 63840.0 -6270.9955 -2564.4142 -1741.3383000000001 1.2959296 1.6734445 -7.2316270000000005
60747 64260.0 -5112.6053 -1626.6965 -4499.5123 4.1231166 2.7143929 -5.6781095
60747 64680.0 -2925.869 -361.70863 -6350.8103 6.1111969 3.2062665000000004 -2.9877552
60747 65100.0 -152.13537 975.87687 -6924.6868 6.8718235000000005 3.0544045 0.30285566999999997
60747 65520.0 2651.7527000000005 2117.1436000000003 -6103.04 6.2504935999999995 2.2862066 3.5460244
60747 65940.0 4918.6139 2829.9477 -4044.0864 4.3544842 1.0474803 6.0924465
60747 66360.0 6181.2223 2965.1426 -1158.5963000000002 1.5490940000000002 -0.41703237000000004 7.4097493000000005
60747 66780.0 6171.8738 2490.2747999999997 1965.1566 -1.5956756 -1.8057745 7.2030512
60747 67200.0 4886.039400000001 1500.4038 4680.9841 -4.419998 -2.8250192000000003 5.5005968
60747 67620.0 2588.3653 199.81560000000002 6424.8895 -6.3280047 -3.2590736000000002 2.6581930000000003
60747 68040.0 -244.56723000000002 -1142.2275 6837.6149000000005 -6.9247974999999995 -3.0194812000000004 -0.7254641500000001
60747 68460.0 -3027.5121000000004 -2249.2265 5838.5519 -6.0962624 -2.1604181 -3.9463168
60747 68880.0 -5190.059700000001 -2895.1828 3638.8268 -4.0239881 -0.86305813 -6.3438419999999995
60747 69300.0 -6293.6062 -2950.3246000000004 693.9476500000001 -1.1425629 0.60369163 -7.4347861
60747 69720.0 -6119.5426 -2406.4986000000004 -2392.7742000000003 1.9540549 1.940041 -7.010571700000001
60747 70140.0 -4710.0776 -1376.7729 -4995.8063 4.6405377 2.8786720999999997 -5.1734059
60747 70560.0 -2354.0131 -70.26305599999999 -6592.6522 6.3867867 3.2364863 -2.301232
60747 70980.0 474.25394 1250.3297 -6863.3206 6.851350000000001 2.9444914 1.0360949000000002
60747 71400.0 3206.5695 2319.1261 -5749.3798 5.9351866 2.0565487 4.180930099999999
60747 71820.0 5288.4006 2917.7327 -3467.7364 3.8031354000000004 0.74249939 6.4988475
60747 72240.0 6288.3826 2919.6596 -476.06158000000005 0.87152953 -0.73550093 7.4991417
60747 72660.0 5992.406599999999 2319.9951 2613.305 -2.2585023 -2.0708276000000003 6.9522525
60747 73080.0 4456.2345000000005 1240.2266000000002 5160.0695000000005 -4.9277806 -2.9803436000000003 4.9607873
60747 73500.0 1997.3662 -96.373305 6635.6955 -6.5743919 -3.2723222 1.9434664000000001
60747 73920.0 -874.39319 -1413.276 6737.4092 -6.8603513000000005 -2.8887774 -1.4654413
60747 74340.0 -3566.6284 -2439.5827999999997 5449.2934000000005 -5.7367751 -1.9137711 -4.5588028000000005
60747 74760.0 -5528.6761 -2966.3037999999997 3041.6705 -3.445732 -0.5519278900000001 -6.704419700000001
60747 75180.0 -6363.9357 -2888.3721 11.822185 -0.46569576 0.9152193200000001 -7.472398500000001
60747 75600.0 -5909.0479000000005 -2224.8013 -3021.0268 2.5916144 2.1890886000000003 -6.7215243000000005
60747 76020.0 -4262.6922 -1112.5263 -5443.769700000001 5.1121886000000005 3.0162167 -4.6188881
60747 76440.0 -1760.2757 223.24554 -6770.777099999999 6.6005332 3.2360141 -1.5923903000000001
60747 76860.0 1095.1969 1514.1463999999999 -6735.463900000001 6.7646566 2.8057736 1.759965
60747 77280.0 3729.4186 2499.7614 -5339.7204 5.5618984000000005 1.8055571000000001 4.7758911
60747 77700.0 5605.7253 2977.6072999999997 -2857.5051000000003 3.2141091999999998 0.42824741 6.841595900000001
60747 78120.0 6333.1465 2845.366 210.79046 0.1853786 -1.0488071 7.5138316000000005
60747 78540.0 5753.652400000001 2126.0431000000003 3234.872 -2.8981214 -2.3169863 6.6318207000000005
60747 78960.0 3982.8147000000004 966.53862 5587.152700000001 -5.3855819 -3.107085 4.3717902
60747 79380.0 1387.5065 -393.10052 6780.053400000001 -6.7550489 -3.2534937 1.2102677000000002
60747 79800.0 -1494.5579 -1671.8322 6570.1766 -6.7283951 -2.7292715 -2.1897322
60747 80220.0 -4069.8334 -2607.0951 5006.2175 -5.321948900000001 -1.6474760000000002 -5.1252365
60747 80640.0 -5812.7127 -3008.9861 2414.7816000000003 -2.8354228 -0.23424422000000003 -6.9984141
60747 81060.0 -6372.2955999999995 -2798.2137000000002 -670.17801 0.21383705 1.2191720000000001 -7.4369438
60747 81480.0 -5641.6809 -2020.7799 -3619.6901000000003 3.2027390000000002 2.4181968 -6.367541
60747 81900.0 -3774.7345 -836.23095 -5838.827700000001 5.5340394 3.1256238 -4.020032700000001
60747 82320.0 -1150.1191999999999 516.20933 -6883.1862 6.7509047 3.2046662 -0.86780305
60747 82740.0 1705.1246 1764.8826999999999 -6541.899 6.6127512 2.639185 2.4679599
60747 83160.0 4215.669599999999 2657.207 -4877.3856 5.1340316999999995 1.5351301000000002 5.325476800000001
60747 83580.0 5867.8275 3008.7015 -2218.5978999999998 2.5927078000000003 0.10737680000000001 7.117360700000001
60747 84000.0 6315.2358 2742.6071 895.94012 -0.50303442 -1.3539360999999999 7.4534497
60747 84420.0 5457.942099999999 1909.9588 3824.3689 -3.5086821 -2.5417083 6.244589100000001
60747 84840.0 3470.2427000000002 681.73467 5958.497 -5.7892778 -3.2037809000000004 3.7389506000000003
60747 85260.0 764.45182 -687.64153 6856.8305 -6.8684386 -3.2024835 0.46535664000000004
60747 85680.0 -2099.3836 -1915.4331000000002 6337.6759 -6.5303076 -2.5422260000000003 -2.891705
60747 86100.0 -4532.580900000001 -2750.077 4513.5897 -4.8556957 -1.3639021 -5.6405296
