CIC_AEM_VERS = 1.0
CREATION_DATE = 2025-05-14T14:35:32.291Z
ORIGINATOR = CS Group

META_START
OBJECT_NAME = BLUE2
OBJECT_ID = BLUE2
CENTER_NAME = null
REF_FRAME_A = EME2000
REF_FRAME_B = SC_BODY_1
ATTITUDE_DIR = A2B
TIME_SYSTEM = UTC
START_TIME = 2025-05-13T20:36:25.867008
STOP_TIME = 2025-05-14T21:59:60.0
ATTITUDE_TYPE = QUATERNION
QUATERNION_TYPE = LAST
META_STOP

60808 74185.867008 -0.5564918097378817 -0.5083002848298651 -0.4442715396671582 -0.4843247724185786
60808 74605.867008 -0.6561218791672113 -0.37090697775452897 -0.5413672518280918 -0.3726306377355305
60808 75025.867008 -0.7224963415206894 -0.2147203024601627 -0.6110010855603064 -0.24201632516167726
60808 75445.867008 -0.7522633389701774 -0.04728934379090054 -0.6496949964575087 -0.09879270409976465
60808 75865.867008 -0.743607222780879 0.12322221177851506 -0.6552544493453866 0.05006187537031696
60808 76285.867008 -0.6964427625228063 0.2882212556624174 -0.6269450573980405 0.19706821488547802
60808 76705.867008 -0.6126558399305922 0.4389983078075427 -0.5657266843055297 0.3344945832232952
60808 77125.867008 0.4962744449603626 -0.567243516852483 0.47444675058305513 -0.4548040773006449
60808 77545.867008 0.353425632881178 -0.665707584352128 0.3578616213453344 -0.5512338833260176
60808 77965.867008 0.19197024809068197 -0.7288788297434509 0.22238010214048776 -0.6184093834765167
60808 78385.867008 0.02086059577139246 -0.7534648103309098 0.07554079654800488 -0.6528010441121869
60808 78805.867008 -0.1506018460211906 -0.7385501890583445 -0.07462403412041473 -0.6529119050442322
60808 79225.867008 -0.3134429124829551 -0.6854598349778288 -0.2201880478933115 -0.6192056030199525
60808 79645.867008 -0.45949019631503635 -0.5974397279134567 -0.3537861253838822 -0.5538681327598872
60808 80065.867008 -0.5816673869899545 -0.4792904439485277 -0.46890011593235176 -0.46051753770136583
60808 80485.867008 -0.6741615249127387 -0.337026463102885 -0.5600291422805159 -0.3439284246645516
60808 80905.867008 -0.7325135521744105 -0.17760527185350197 -0.6227846345401562 -0.20980839418706518
60808 81325.867008 -0.7537030236608103 -0.008732680460747214 -0.6539707539577776 -0.0646354808477386
60808 81745.867008 -0.7362849747041716 0.16130776366808558 -0.6517117232765677 0.08447526945304648
60808 82165.867008 -0.680599072648716 0.3238620807811135 -0.6156438997066225 0.22995835208980248
60808 82585.867008 -0.5890105814698654 0.47025150106607444 -0.5471537440910555 0.36407806990915337
60808 83005.867008 0.46603768243156146 -0.592347726139561 0.44953795265795354 -0.4794253633374085
60808 83425.867008 0.3182442182511767 -0.683239323159685 0.3279702065631688 -0.5695087255213085
60808 83845.867008 0.15380277468368403 -0.7378885678153222 0.18917269574402418 -0.6293479635082578
60808 84265.867008 -0.018196072940959887 -0.7535409548272902 0.040850163076365964 -0.6558781872452669
60808 84685.867008 -0.1884671466064582 -0.7298081515562493 -0.10893773624685904 -0.64806848881386
60808 85105.867008 -0.34818939114666364 -0.6684802579892821 -0.2523616975503407 -0.6068046359257723
60808 85525.867008 -0.4894182693853958 -0.5731845119567207 -0.3822324209191962 -0.5346285151794569
60808 85945.867008 -0.6053515348346993 -0.4490220664157567 -0.492254151209363 -0.4354475327317256
60808 86365.867008 -0.6904743273657706 -0.3022390529982847 -0.5771759004995337 -0.31426857617973675
60809 385.867008 -0.7406406138808284 -0.1399759025340014 -0.6328759968854049 -0.17699209119711115
60809 805.8670079999999 -0.7531696160157666 0.02991444634230213 -0.6564489986000168 -0.030255043343738148
60809 1225.867008 -0.7269984666454936 0.19903909406221476 -0.6463483500267729 0.11870332323765065
60809 1645.867008 -0.6629038400422892 0.3586992527235389 -0.6025938135188107 0.26224805215981795
60809 2065.867008 -0.5637359169642334 0.5002796338338273 -0.527005946268141 0.39266631698378174
60809 2485.867008 0.4345001871499293 -0.61586664007151 0.423327993774199 -0.5027039672618642
60809 2905.867008 0.28217635869799107 -0.6989220168369196 0.29713291725765484 -0.5861710897464247
60809 3325.867008 0.11521343065400338 -0.7449018557665111 0.15542874635362025 -0.638505282264356
60809 3745.867008 -0.05719656626573324 -0.7515944128107451 0.0060542401063926185 -0.6571131847831201
60809 4165.867008 -0.22582249253746978 -0.7191294982349132 -0.1429355045391223 -0.6414252943053562
60809 4585.867008 -0.3820143104824353 -0.6497454343074207 -0.2838306874147701 -0.5927360947883551
60809 5005.867008 -0.518070936045493 -0.5474327735574473 -0.40963122733099394 -0.5139281284921567
60809 5425.867008 -0.6274702891896158 -0.4175748513617467 -0.5142753166647944 -0.4091859948285627
60809 5845.867008 -0.7050013252651849 -0.2666371650872466 -0.5927658473427658 -0.2837365041593734
60809 6265.867008 -0.7468380222526037 -0.10193599724401348 -0.6412515544675461 -0.14366093719812556
60809 6685.867008 -0.7506466291842605 0.06853856514353375 -0.6571255826774962 0.004251090816942787
60809 7105.867008 -0.7157573830609604 0.236297300295479 -0.6391819824370233 0.15264779000912798
60809 7525.867008 -0.6433970869675076 0.3926152311940784 -0.5878366838741063 0.293839244839827
60809 7945.867008 -0.5369052131417171 0.5289765434603785 -0.5053493876670705 0.42016497349788035
60809 8365.867008 0.40176443224478486 -0.6377139996615926 0.3959077253804168 -0.5245600714910966
60809 8785.867008 0.2453453362017942 -0.7126962200219886 0.2654608924053989 -0.601165766302213
60809 9205.867008 0.07633471841300835 -0.7498915740621871 0.12126919684007693 -0.6458555719455431
60809 9625.867008000001 -0.09600917312289256 -0.7476303677751949 -0.02872336005078245 -0.6565105029197769
60809 10045.867008000001 -0.2625436733652625 -0.706548827487083 -0.17650057808276368 -0.6330143125466855
60809 10465.867008000001 -0.41480790111882043 -0.6293139272465449 -0.314492415111461 -0.5770553760084814
60809 10885.867008 -0.5453555511377385 -0.5202603613987167 -0.4359002378090186 -0.49184089081589316
60809 11305.867008 -0.647954549039774 -0.38503905536438165 -0.5348990931992013 -0.3818151232172972
60809 11725.867008 -0.7176985343470355 -0.2303217805941318 -0.606751014695976 -0.2524161194247884
60809 12145.867008 -0.7510843079667896 -0.0635891133472789 -0.6478814451992174 -0.10990186511760858
60809 12565.867008 -0.7461342094576836 0.10703704072948124 -0.6559891444373457 0.03879504825608714
60809 12985.867008000001 -0.7025837176149085 0.2729838493367601 -0.6302202555755084 0.18622128558798096
60809 13405.867008000001 -0.6221233707959073 0.42552051430977694 -0.571400251685826 0.32464835712576096
60809 13825.867008000001 -0.5085842055639282 0.556262910620635 -0.4822345978868342 0.44650136922487793
60809 14245.867008000001 0.36791638056246445 -0.6578301723183497 0.3673450288573583 -0.544935437529266
60809 14665.867008 0.20785054405213918 -0.7245270219419566 0.23303518276815077 -0.6144536999688127
60809 15085.867008 0.03727062169268047 -0.7528486857692944 0.08678324354893076 -0.6513819353752561
60809 15505.867008 -0.13453243806014584 -0.7416654460556413 -0.0633931415841708 -0.654075453473656
60809 15925.867008 -0.29853481633954576 -0.6921055733046914 -0.2095485691446202 -0.6228613296739014
60809 16345.867008 -0.4464837518269789 -0.6072450771034046 -0.3442708489498606 -0.5598064471328704
60809 16765.867008 -0.5712001202131111 -0.4917439155450755 -0.4609725941684883 -0.46842567352622655
60809 17185.867008 -0.6667456756540668 -0.3515024230852999 -0.5540738617826514 -0.35340968613073437
60809 17605.867008 -0.7285212010153763 -0.19338661605192914 -0.6190985765220487 -0.2203983415352083
60809 18025.867008 -0.7533528202620388 -0.02503605197978268 -0.6527519144777291 -0.07581333952648071
60809 18445.867008 -0.7396268749021833 0.14530359534411863 -0.6530462295029767 0.07327737191280852
60809 18865.867008 -0.6874957499361383 0.3089895475365657 -0.6194921167869544 0.2193275417536836
60809 19285.867008 -0.5991261791394175 0.4573106764903594 -0.5533363219648885 0.3545894547672022
60809 19705.867008 0.47884466148465465 -0.5820496400318161 0.45773272195017833 -0.47160021412480363
60809 20125.867008 0.3330528093732771 -0.6761489084652705 0.3377273993422043 -0.5637718363694147
60809 20545.867008 0.16980694333466526 -0.7343757049964195 0.1999565275760374 -0.6259994512665991
60809 20965.867008 -0.0018551028157583846 -0.7537646269751549 0.05207998187234068 -0.6550748973993165
60809 21385.867008 -0.17264519961071254 -0.7337211667069707 -0.09784940740989619 -0.6498248826007443
60809 21805.867008 -0.3336855514182818 -0.6758476732666859 -0.24198226909632606 -0.6110061020625549
60809 22225.867008 -0.47694953746348806 -0.5836084515896387 -0.3730798883889213 -0.5410468656467933
60809 22645.867008 -0.595531165001433 -0.46196784703244687 -0.4847784013592321 -0.44375470859003746
60809 23065.867008 -0.6837894746229509 -0.3170603940661212 -0.5717464476147093 -0.3240534840878358
60809 23485.867008 -0.7374373263638059 -0.15594075176777397 -0.6297700284915149 -0.1877721567147261
60809 23905.867008 -0.7536353438000701 0.013600607047747171 -0.655840855207449 -0.04149174260072533
60809 24325.867008 -0.731144511475462 0.1832051970665564 -0.6482964802252408 0.1075882560258154
60809 24745.867008 -0.6705500327479156 0.3441775208847627 -0.6070257407294115 0.2518416919243064
60809 25165.867008 -0.5745048509592738 0.48785989783824557 -0.5337059194660975 0.383529513639259
60809 25585.867008 0.4478238600424137 -0.6062315989268893 0.43194367347127177 -0.49533998605745844
60809 26005.867008 0.2973323821440944 -0.6925936364064966 0.3071948716908182 -0.5809809120312005
60809 26425.867008 0.1313801800072201 -0.7422057732083456 0.16638514576038346 -0.635756102438481
60809 26845.867008 -0.04088175899244974 -0.7526446409381349 0.01731787983597463 -0.6569283197478823
60809 27265.867008 -0.2102072958924371 -0.7238367234927291 -0.13195048501992312 -0.6437875115128492
60809 27685.867008 -0.367884856074394 -0.657837431719301 -0.2736819224245353 -0.5975021769316721
60809 28105.867008 -0.5061231816966059 -0.5584789724782379 -0.40082441727288737 -0.520845801333568
60809 28525.867008 -0.6182912810010955 -0.43101364791884217 -0.5072444808635782 -0.4179068841011784
60809 28945.867008 -0.6990526044268173 -0.2818044470979104 -0.5878581207814626 -0.2938273977545524
60809 29365.867008 -0.7444339712329072 -0.11808315531060133 -0.6387218972260759 -0.15462460641895856
60809 29785.867008 -0.7519387475632043 0.05221883306686942 -0.6571238780591571 -0.007037206172051536
60809 30205.867008 -0.7207178217300829 0.22064060221826398 -0.6417386745350236 0.1416157466507068
60809 30625.867008 -0.6518040985671504 0.37845545038471423 -0.5928470776416822 0.2836463144426255
60809 31045.867008 -0.5483364756209449 0.5170849390415764 -0.5125680652782041 0.4113687564423539
60809 31465.867008 0.4156129311385801 -0.6287463216930843 0.4049509601238122 -0.5176472489278942
60809 31885.867008 0.2608593132958454 -0.7071379391131629 0.2758328425535719 -0.5965103491997645
60809 32305.867008 0.09267364120011216 -0.7480230841558771 0.1324040092228564 -0.6436942132242267
60809 32725.867008 -0.07971446530283564 -0.7495198161541081 -0.0174206793990804 -0.6569339153545578
60809 33145.867008 -0.24713485569622187 -0.7120631221984152 -0.16561533354700336 -0.6359732969230449
60809 33565.867008 -0.4010584818155036 -0.6381417411608449 -0.30457240046516887 -0.5823769099362831
60809 33985.867008 -0.5339430779828657 -0.5319380962680968 -0.42743503162926016 -0.4992453754908001
60809 34405.867008 -0.6394406616650543 -0.39897702134484425 -0.528304483245458 -0.3909313873698338
60809 34825.867008 -0.7125116460496762 -0.24582975776641083 -0.6023564147533536 -0.2627958029451279
60809 35245.867008 -0.7495037192586139 -0.07990178632102678 -0.6459187055284671 -0.12103266174319692
60809 35665.867008 -0.7482725415768128 0.09073892696238924 -0.6565820670360218 0.027470709903388145
60809 36085.867008 -0.7083710473451645 0.25754310135304453 -0.6333698899651868 0.17528431964684477
60809 36505.867008 -0.6312919957580035 0.41176311929686965 -0.5769709232583708 0.31468413273181095
60809 36925.867008 -0.5206682235093207 0.5449423701388605 -0.48994750705322254 0.43805690793254426
60809 37345.867008 0.3822700595009799 -0.6495709903199637 0.3767873431954173 -0.5384778808378277
60809 37765.867008 0.2236933091251917 -0.7197728576807917 0.24368933267194548 -0.6103309314958157
60809 38185.867008 0.05374665446521497 -0.751833741880158 0.09807030723039734 -0.6497996126068502
60809 38605.867008 -0.11829557937988218 -0.7444113406242047 -0.05207580504963101 -0.6550923769802891
60809 39025.867008 -0.283372973505056 -0.6984346970027774 -0.19878475236607268 -0.6263971217496938
60809 39445.867008 -0.4331574635926572 -0.6168056435712962 -0.33459863534322815 -0.5656581679946153
60809 39865.867008 -0.560364919379053 -0.5040362555917739 -0.4528677824261979 -0.47628707920613317
60809 40285.867008 -0.6589348491725516 -0.3659070408732969 -0.547933160312817 -0.36288586885535074
60809 40705.867008 -0.7241291533958968 -0.20919081164320227 -0.6152280296647124 -0.23102087576900032
60809 41125.867008 -0.7526188098751829 -0.041456891422175936 -0.6513578397915938 -0.08705870271088037
60809 41545.867008 -0.7426203841153965 0.12909602267736736 -0.6542239483976312 0.06196940671169272
60809 41965.867008 -0.6941019746615409 0.2938389977909088 -0.6232119040389892 0.20853780187841633
60809 42385.867008 -0.6090316963552589 0.44403060392185484 -0.5594306230046131 0.3448979467322167
60809 42805.867008 0.4915391585615726 -0.571368446851728 0.4658930229360995 -0.4635418478652043
60809 43225.867008 0.3478523137274272 -0.6686523233390786 0.34751726783453174 -0.5577943948127752
60809 43645.867008 0.18590620492905463 -0.7304634896464919 0.21083749170159002 -0.6224223046737061
60809 44065.867008 0.014677702128113826 -0.7536232970440737 0.06345930320427969 -0.6540714089833659
60809 44485.867008 -0.15654990672305022 -0.7373240678909833 -0.0865776419871034 -0.6514212596482019
60809 44905.867008 -0.31885316989103474 -0.6829723766136148 -0.23139641459552787 -0.6150911218230388
60809 45325.867008 -0.46412364786537574 -0.5938637359817777 -0.3637049963208259 -0.54738814220731
60809 45745.867008 -0.5853422492485013 -0.474820314903608 -0.47707230631843023 -0.45202005966943315
60809 46165.867008 -0.6767374937758625 -0.33186268349595116 -0.5660852424462127 -0.33382783302990665
60809 46585.867008 -0.7338778137774999 -0.1719587339895815 -0.6264361344732112 -0.19857320482914656
60809 47005.867008 -0.7537650900394379 -0.0028356315775235922 -0.6550141505873507 -0.052788358202601096
60809 47425.867008 -0.7349881357198531 0.16718687467043067 -0.6500429070825541 0.09635978539126376
60809 47845.867008 -0.6779445257067216 0.3294148227274268 -0.6112838521467107 0.24126571811267464
60809 48265.867008 -0.5850872066025568 0.47514463695294 -0.5402769205061091 0.37418095062858475
60809 48685.867008 0.4610408478972554 -0.5962612506369893 0.44048678609436304 -0.48773481404883556
60809 49105.867008 0.3124722834401736 -0.6859148189174407 0.31724346441981865 -0.5755332462630198
60809 49525.867008 0.14761959071565528 -0.7391664254711177 0.17738931504048805 -0.6327515174242251
60809 49945.867008 -0.02441211556273558 -0.7533799967854868 0.02868173389377697 -0.6565058927367661
60809 50365.867008 -0.19436823481025056 -0.7282728607913103 -0.12082615060845403 -0.645941693081296
60809 50785.867008 -0.35348282680791776 -0.6657111776462918 -0.26336368193041726 -0.6020947518030073
60809 51205.867008 -0.49387704154335627 -0.5693646767154018 -0.39182257473708637 -0.5276214577436634
60809 51625.867008 -0.6088054093090873 -0.4443505985220469 -0.4999964416756803 -0.42651152094726746
60809 52045.867008 -0.6927923530805791 -0.29691937844022986 -0.5827207311029935 -0.3038324995166492
60809 52465.867008 -0.7417172207615441 -0.13422327467160655 -0.6359541262355354 -0.16553557408061279
60809 52885.867008 -0.7529207500688627 0.035862266528527954 -0.6568781215767323 -0.018313256100475864
60809 53305.867008 -0.7253771801482801 0.20490272302718293 -0.6440496380372611 0.13054839853574693
60809 53725.867008 -0.659927944322397 0.3641614168999416 -0.5976194579014767 0.2733725558306599
60809 54145.867008 -0.5595177026392729 0.5050049275377275 -0.5195671057562535 0.4024425253523226
60809 54565.867008 0.42926150905684535 -0.6195406003370572 0.41380737797377 -0.5105560256335364
60809 54985.867008 0.27623674264010567 -0.7013011812335443 0.28606740355310095 -0.5916378586943255
60809 55405.867008 0.10895119159170792 -0.7458532332097078 0.14345859742995035 -0.6412895002920318
60809 55825.867008 -0.06339999447756202 -0.7511051086307576 -0.006142270436495927 -0.6571026015797746
60809 56245.867008 -0.23163017518919393 -0.7172878219549162 -0.15470097963402946 -0.6386808665658205
60809 56665.867008 -0.38714896141215593 -0.6467071925195527 -0.29457551780311764 -0.5874612779851899
60809 57085.867008 -0.5223203898656881 -0.5433875399348373 -0.41885274519439225 -0.5064323939256282
60809 57505.867008 -0.6306777130180521 -0.4127232439506507 -0.5215585876398622 -0.3998522050261615
60809 57925.867008 -0.7070437483337279 -0.26118278296036207 -0.5977802246659313 -0.2730045692394568
60809 58345.867008 -0.7476132731155407 -0.09609443121132524 -0.643746847816526 -0.13202367241493582
60809 58765.867008 -0.7500760372654874 0.07451954360038605 -0.6569389028336549 0.016249734933438252
60809 59185.867008 -0.7138043752644874 0.2421259674348648 -0.6362595027654637 0.16441464316675258
60809 59605.867008 -0.6400993530133682 0.3979652644895783 -0.5822633430754424 0.30473901266857384
60809 60025.867008 -0.5324005459709159 0.5335088892607955 -0.4973769739332146 0.4295742887215449
60809 60445.867008 0.3963021078818566 -0.641122836643225 0.38596013676362373 -0.5319219119874146
60809 60865.867008 0.23926625807366386 -0.714759947016522 0.2541075988289255 -0.6060521463585155
60809 61285.867008 0.07002592238826136 -0.7505067342651266 0.10916579874596269 -0.6480114508251562
60809 61705.867008 -0.10216880055229301 -0.7468119892426676 -0.040896390212342815 -0.6558665063751274
60809 62125.867008 -0.26823035175335 -0.7044068768215238 -0.1880972184120471 -0.6296688548042307
60809 62545.867008 -0.41976214362432535 -0.6260174621873684 -0.3249408916038282 -0.5712401393285553
60809 62965.867008 -0.5493818353390928 -0.5160048038473284 -0.4447178446793103 -0.48388498636527133
60809 63385.867008 -0.6509047915537162 -0.3800250836813349 -0.5416934969588368 -0.3721183191646366
60809 63805.867008 -0.7194551025410829 -0.2247545478998716 -0.6112116428338213 -0.24143337857534383
60809 64225.867008 -0.7515517007986371 -0.05769272926461394 -0.6497773854447462 -0.09813734957326768
60809 64645.867008 -0.7452439789236952 0.11300252741792328 -0.6551813952198557 0.05078562821215859
60809 65065.867008 -0.7003164469420506 0.2787165591793059 -0.6266867724746246 0.19783236081856928
60809 65485.867008 -0.6185410743478253 0.43068719801405553 -0.5652660679024855 0.335245804283219
60809 65905.867008 0.5038532109952437 -0.5605331015373795 0.4737919083053983 -0.45547317316719876
60809 66325.867008 0.3623100869894397 -0.660919107639933 0.3570533066340857 -0.5517520006704144
60809 66745.867008 0.20172343893682196 -0.7262440684578182 0.22148429603063813 -0.6187260410110043
60809 67165.867008 0.03100526160057197 -0.753120567350211 0.07463504446574323 -0.6528994523851073
60809 67585.867008 -0.14057184926742455 -0.740530555283336 -0.07546544969471711 -0.6528085613621077
60809 68005.867008 -0.30404269465130457 -0.689687882374714 -0.22091504122990796 -0.6189387766920442
60809 68425.867008 -0.4512194347057546 -0.6037189575092312 -0.35437796501046404 -0.5534805326322044
60809 68845.867008 -0.5749789939357683 -0.4873037910936637 -0.4693578673944696 -0.4600406112869498
60809 69265.867008 -0.6694272174936476 -0.3463498877210177 -0.5603595307564501 -0.3433746525950366
60809 69685.867008 -0.7299911372773882 -0.1877319305959959 -0.6229878806206955 -0.20917878078547905
60809 70105.867008 -0.7535182483827368 -0.019110417646482535 -0.6540320044977063 -0.06393104397944309
60809 70525.867008 -0.738427996700707 0.15123108813224878 -0.6516030890066579 0.08524474217157416
60809 70945.867008 -0.6849322165782858 0.31460664042384867 -0.6153378611348852 0.23075926232400756
60809 71365.867008 -0.5952875171487433 0.4622809929717401 -0.5466385173152892 0.3648498141034046
60809 71785.867008 0.47392527541762747 -0.5860475858098959 0.4488325306240783 -0.4800962611188559
60809 72205.867008 0.3273503439835761 -0.6789144468095111 0.32712132426211926 -0.5700075134769429
60809 72625.867008 0.16368451739048756 -0.7357527339600853 0.1882539016451739 -0.6296314491448726
60809 73045.867008 -0.008022861175418323 -0.7537123790437019 0.03994381587970354 -0.6559403745370544
60809 73465.867008 -0.17851507148115242 -0.7323010211795999 -0.10976201939775397 -0.647935091449075
60809 73885.867008 -0.33897584719644014 -0.6731932801117776 -0.25306485397534534 -0.606518229167301
60809 74305.867008 -0.4814400322586657 -0.5798931876759328 -0.3828027718594027 -0.5342297484065995
60809 74725.867008 -0.5990489783469112 -0.45738079546553917 -0.49269745121802205 -0.4349624708455862
60809 75145.867008 -0.6861965865733756 -0.31179953770361846 -0.5774986470336587 -0.3137046469804857
60809 75565.867008 -0.7386186521513373 -0.1502199003878743 -0.6330713898578204 -0.17634365189903065
60809 75985.867008 -0.7534986959967983 0.019541732522041003 -0.6564953954471184 -0.029523407288000104
60809 76405.867008 -0.7296388255082563 0.18908635281300662 -0.6462147303623607 0.11949919561866963
60809 76825.867008 -0.6676937802551993 0.3496766945326702 -0.6022540218182897 0.2630614344842708
60809 77245.867008 -0.5704120187468678 0.49263471080419113 -0.5264555389523655 0.39342818415356107
60809 77665.867008 0.44271875856391446 -0.6099689351843472 0.4225959618282948 -0.50333949971378
60809 78085.867008 0.29153152366115126 -0.6950576642339722 0.2962796446297182 -0.586619626572032
60809 78505.867008 0.12524941018535987 -0.7432678261187174 0.15453380914494438 -0.6387368986806143
60809 78925.867008 -0.046975465122955605 -0.752290912571744 0.0051956241707884895 -0.6571336957027317
