CIC_OEM_VERS = 2.0
CREATION_DATE = 2025-03-13T18:00:38.253046
ORIGINATOR = ISAE-SUPAERO


META_START
OBJECT_NAME = BLUE1
OBJECT_ID = BLUE1
CENTER_NAME = Earth
REF_FRAME = EME2000
TIME_SYSTEM = UTC
START_TIME = 2025-03-13T00:00:00.000
USEABLE_START_TIME = 2025-03-13T00:00:00.000
USEABLE_STOP_TIME = 2025-03-13T23:55:00.000
STOP_TIME = 2025-03-13T23:55:00.000
INTERPOLATION = lagrange
INTERPOLATION_DEGREE = 5
META_STOP



60747 0.0 -6419.139700000001 -2718.4689 -518.64032 0.079536317 1.1506327 -7.4521999
60747 420.0 -5737.9331 -1976.759 -3489.606 3.1055486 2.3194702 -6.4525774
60747 840.0 -3900.6802000000002 -836.68016 -5756.307900000001 5.492011000000001 3.0161514 -4.1577605
60747 1260.0 -1280.5976 471.36213000000004 -6865.0951 6.7717089 3.1063679000000004 -1.0319328
60747 1680.0 1596.1793 1684.7266000000002 -6592.8236 6.6929944 2.5723725 2.3088851
60747 2100.0 4150.5936 2558.2871 -4988.4102 5.2594583 1.5143169 5.203462000000001
60747 2520.0 5860.8550000000005 2911.7624 -2368.2481000000002 2.7392395 0.13751491999999998 7.0590177
60747 2940.0 6368.9687 2668.1347 737.9420500000001 -0.36577129 -1.2790312 7.4730951
60747 3360.0 5562.018 1873.6671000000001 3690.7911000000004 -3.4107606 -2.4381207 6.3391649
60747 3780.0 3603.1653 691.18008 5877.0504 -5.7523937 -3.0934418999999997 3.8879752
60747 4200.0 898.42665 -634.44523 6843.828 -6.9002882 -3.1080786 0.63630824
60747 4620.0 -1992.1178 -1829.3385 6394.6957999999995 -6.623103100000001 -2.4825657000000003 -2.7351186
60747 5040.0 -4473.6453 -2648.3937 4627.6332 -4.9887886 -1.3505192 -5.5301553000000006
60747 5460.0 -6040.2219000000005 -2925.6655 1910.8065000000001 -2.3439018000000003 0.051856921 -7.1803423
60747 5880.0 -6377.5770999999995 -2607.4366 -1196.5599 0.76200824 1.4359301 -7.3602586
60747 6300.0 -5424.469400000001 -1761.5102 -4061.8025000000002 3.6959004 2.5221211 -6.0502606
60747 6720.0 -3379.5954 -560.9616 -6107.9986 5.8739737 3.0967677 -3.5280309
60747 7140.0 -656.7489300000001 752.15327 -6925.8863 6.870910100000001 3.049475 -0.29954058
60747 7560.0 2197.6076000000003 1914.1064 -6349.57 6.488292 2.3883173 2.9999655
60747 7980.0 4607.6374000000005 2689.393 -4488.2892 4.7874683000000005 1.238079 5.7140803
60747 8400.0 6078.7327000000005 2916.8448 -1711.3747 2.0917725000000003 -0.17596414999999999 7.2809641
60747 8820.0 6300.8442000000005 2545.0950000000003 1417.215 -1.0559971000000001 -1.5646860999999999 7.3550693
60747 9240.0 5220.666700000001 1647.3721 4251.6145 -3.9981234 -2.6352403 5.9030645999999996
60747 9660.0 3059.14 408.43171 6202.947700000001 -6.1129901 -3.1604038 3.2255455000000004
60747 10080.0 264.6034 -915.11922 6867.929400000001 -6.9599933 -3.031521 -0.11292159
60747 10500.0 -2584.8916 -2050.1730000000002 6113.2124 -6.3719030000000005 -2.2793989999999997 -3.4155824
60747 10920.0 -4904.0833 -2764.4242999999997 4099.7657 -4.4808737 -1.0634785999999998 -6.0026745
60747 11340.0 -6221.3414 -2913.7713 1245.7431000000001 -1.6855276 0.36332865 -7.3502671
60747 11760.0 -6274.062400000001 -2470.7812999999996 -1862.7803000000001 1.4355715 1.7083836 -7.1964898
60747 12180.0 -5058.8432999999995 -1528.3763999999999 -4594.5005 4.2494457 2.7014299999999998 -5.5895615
60747 12600.0 -2826.3709 -278.56439 -6400.4706 6.1990093 3.1482406000000003 -2.8642141000000003
60747 13020.0 -27.036114 1027.1191 -6919.4107 6.9038919 2.9631232 0.43646912
60747 13440.0 2777.2894 2126.202 -6044.2135 6.2204387 2.1800518 3.6631022
60747 13860.0 5019.2496 2795.0367 -3943.7608 4.2678697 0.9478669200000001 6.169552800000001
60747 14280.0 6236.3927 2893.3963 -1037.2687 1.4228812 -0.48975377 7.4308208
60747 14700.0 6170.1027 2396.4115 2082.4861 -1.7358797 -1.8364894 7.163177800000001
60747 15120.0 4827.523700000001 1403.7703000000001 4769.9185 -4.545236200000001 -2.8072502 5.4075839
60747 15540.0 2485.0562999999997 120.36686 6466.767900000001 -6.4123001 -3.196445 2.5310408000000004
60747 15960.0 -371.43125000000003 -1188.0772 6823.426 -6.9506821 -2.9249105 -0.8606394900000001
60747 16380.0 -3151.7909 -2251.9574 5770.7833 -6.058243000000001 -2.0532152000000004 -4.061812
60747 16800.0 -5286.0667 -2854.0619 3531.007 -3.9297402000000003 -0.7650754 -6.4156652
60747 17220.0 -6341.4941 -2873.5861 567.97152 -1.0117755 0.67235438 -7.4479044000000005
60747 17640.0 -6109.543000000001 -2309.6718 -2511.2835 2.0940893000000003 1.9654015 -6.9626090000000005
60747 18060.0 -4644.367700000001 -1279.4439 -5082.9494 4.7612223 2.855681 -5.074693
60747 18480.0 -2246.0286 7.9310259 -6631.1350999999995 6.4640395 3.1699511000000005 -2.1722548
60747 18900.0 602.7212 1293.6704 -6845.7903 6.8700099 2.8479038 1.1693043
60747 19320.0 3329.6986 2318.9294 -5679.7164 5.8914928 1.9493759 4.2917474
60747 19740.0 5381.3424 2874.1119 -3360.2783 3.7054845999999997 0.64648894 6.564864
60747 20160.0 6332.2204 2841.5939 -352.88027000000005 0.73935225 -0.80062912 7.5066187
60747 20580.0 5978.125599999999 2223.5858 2726.7623 -2.3982354999999997 -2.0914758 6.8992281
60747 21000.0 4386.7572 1145.4384 5240.2311 -5.046279999999999 -2.9521098 4.8580304
60747 21420.0 1886.982 -169.90126999999998 6665.8025 -6.6472749 -3.2011167 1.812003
60747 21840.0 -1002.9714 -1450.3357 6710.914900000001 -6.8725703000000005 -2.7893697000000004 -1.5988327
60747 22260.0 -3686.8784 -2432.4675 5371.1882000000005 -5.6855341 -1.8064648 -4.6668654
60747 22680.0 -5615.674900000001 -2916.3103 2927.5825 -3.3414303 -0.45859818 -6.7646417
60747 23100.0 -6399.6416 -2805.5351 -115.11021000000001 -0.33005347 0.9755953500000001 -7.4722739
60747 23520.0 -5886.066 -2125.8276 -3135.0215000000003 2.7305231 2.2042163 -6.6611759
60747 23940.0 -4185.7282000000005 -1017.4069000000001 -5521.8251 5.225915 2.9830761000000003 -4.5111561
60747 24360.0 -1644.9542 295.34853999999996 -6797.411400000001 6.6663999 3.1614528 -1.4594973
60747 24780.0 1225.6651000000002 1548.7542 -6705.6613 6.7697036 2.7048373999999997 1.8912398000000001
60747 25200.0 3848.8145 2489.9436 -5259.7971 5.5049643 1.6985829000000001 4.879180000000001
60747 25620.0 5689.9378 2925.4348999999997 -2743.9253 3.1063623 0.33708053000000004 6.895762700000001
60747 26040.0 6365.0951 2761.6393 334.62099 0.048548034000000004 -1.1052297000000002 7.5075772
60747 26460.0 5726.8899 2028.1408000000001 3343.3478 -3.0359541 -2.3268712000000003 6.5662294
60747 26880.0 3902.9899 874.78696 5657.8013 -5.4960231 -3.068449 4.2604296999999995
60747 27300.0 1271.1412 -459.69837 6798.209400000001 -6.815592400000001 -3.1744773 1.0759716000000001
60747 27720.0 -1623.4808 -1699.5176000000001 6531.853099999999 -6.72659 -2.6262387 -2.3197319000000003
60747 28140.0 -4184.7007 -2590.1101000000003 4918.9276 -5.257970500000001 -1.5414713 -5.2243195
60747 28560.0 -5889.7487 -2950.6631 2296.119 -2.7224171999999998 -0.14681063 -7.0460981
60747 28980.0 -6395.5232000000005 -2710.2981 -796.13195 0.35253837 1.2702098000000002 -7.4233623
60747 29400.0 -5606.2702 -1921.0427 -3727.3657000000003 3.3383752 2.4224983000000004 -6.2956718
60747 29820.0 -3687.9182 -744.80452 -5906.5556 5.6390083 3.0824593 -3.9050455000000004
60747 30240.0 -1029.4723000000001 580.9365200000001 -6897.595200000001 6.8043401 3.1228811999999997 -0.7332724100000001
60747 30660.0 1835.3501 1789.9278000000002 -6500.4307 6.604147 2.5352331 2.5949798
60747 31080.0 4329.2955 2637.5692999999997 -4788.707200000001 5.0648764 1.4299819 5.4193639000000005
60747 31500.0 5941.8972 2948.4605 -2101.0009 2.47674 0.022585483 7.1587468
60747 31920.0 6334.7898 2654.2527999999998 1018.1524000000001 -0.6421228800000001 -1.4006161 7.433647
60747 32340.0 5419.1984 1811.8753000000002 3925.9292000000005 -3.6423639 -2.5405577 6.167779800000001
60747 32760.0 3381.3754 594.29115 6018.425 -5.890135 -3.1551965 3.6210038
60747 33180.0 643.86341 -746.3605 6862.7178 -6.9160059 -3.1166953 0.33038515
60747 33600.0 -2226.8208 -1933.3073000000002 6288.0924 -6.5147715 -2.436903 -3.0162938
60747 34020.0 -4640.558599999999 -2723.3493 4418.4191 -4.7801718 -1.260512 -5.7292333
60747 34440.0 -6105.8508 -2956.6739 1642.5345 -2.0786979999999997 0.1674573 -7.2578735
60747 34860.0 -6329.3698 -2588.6007999999997 -1468.9194 1.0295544 1.5536343 -7.3021774
60747 35280.0 -5272.8778 -1696.9346 -4283.151900000001 3.9124086000000005 2.6185809 -5.869758200000001
60747 35700.0 -3155.4628 -463.75337 -6233.9007 5.9972211 3.1531181000000004 -3.2616994
60747 36120.0 -405.00986 862.4814100000001 -6930.8858 6.8768827 3.0544876 0.000299164
60747 36540.0 2426.442 2015.2791000000002 -6231.878 6.3747712000000005 2.3402687 3.2745075000000003
60747 36960.0 4766.9052 2760.574 -4270.549099999999 4.5750134 1.1456210000000002 5.907417000000001
60747 37380.0 6135.0105 2942.9601000000002 -1437.2025 1.8222726 -0.29435965 7.3512367
60747 37800.0 6241.6354 2520.3209 1691.6022 -1.3265470000000001 -1.6842497 7.2855110000000005
60747 38220.0 5057.7972 1576.6392 4469.3035 -4.2122393 -2.730573 5.7074619
60747 38640.0 2826.4654 306.40223 6318.8961 -6.2254057000000005 -3.2115046000000005 2.9454757
60747 39060.0 10.485406000000001 -1027.3542 6858.7088 -6.9479879 -3.0282144 -0.41831743
60747 39480.0 -2808.0276000000003 -2149.6112000000003 5981.593900000001 -6.2392442 -2.2229482 -3.6828624
60747 39900.0 -5050.8018 -2830.9492 3873.6763 -4.256187 -0.9660057799999999 -6.1775751
60747 40320.0 -6262.3593 -2934.1798 972.0528800000001 -1.415705 0.48163984 -7.3983881
60747 40740.0 -6201.8758 -2441.2992999999997 -2128.1591000000003 1.6955989 1.8236066000000002 -7.1097832
60747 41160.0 -4888.7121 -1455.2096999999999 -4798.0175 4.448037500000001 2.7907566000000004 -5.386857600000001
60747 41580.0 -2592.7989 -176.50701 -6501.3249000000005 6.297554900000001 3.1941929 -2.5862741000000002
60747 42000.0 223.16535000000002 1137.5871000000002 -6897.129400000001 6.883127900000001 2.9564674 0.7351733400000001
60747 42420.0 2993.7982 2222.7315 -5902.4276 6.0831155 2.1212754 3.9237691
60747 42840.0 5157.6754 2857.6575000000003 -3710.0840000000003 4.0394624 0.84783849 6.3385096
60747 43260.0 6267.4699 2908.7457000000004 -758.8016600000001 1.1490070000000001 -0.6108621200000001 7.470971899999999
60747 43680.0 6086.5549 2360.9067000000005 2348.4321 -1.9980024 -1.9531587 7.064231700000001
60747 44100.0 4646.286599999999 1324.6179 4968.1215999999995 -4.7398693000000005 -2.8946880000000004 5.1897599
60747 44520.0 2243.7977 13.977285 6556.2751 -6.4984841 -3.2364777 2.2406253
60747 44940.0 -622.6544200000001 -1299.7458000000001 6786.2817000000005 -6.911252800000001 -2.9096390000000003 -1.1625602
60747 45360.0 -3361.2857000000004 -2346.0516000000002 5615.49 -5.9026987 -1.9863662 -4.3127229
60747 45780.0 -5411.3177000000005 -2911.5802000000003 3290.2525 -3.6913038 -0.66084955 -6.564820200000001
60747 46200.0 -6357.6753 -2883.1566000000003 291.46809 -0.73988893 0.7924901 -7.4663074
60747 46620.0 -6014.1831 -2269.6971000000003 -2767.2094 2.3443219 2.0772017000000003 -6.8481891
60747 47040.0 -4457.3173 -1198.2091 -5266.755700000001 4.9403572 2.9370834 -4.8516399
60747 47460.0 -2005.0856 114.04561 -6705.9744 6.5373258 3.2050479000000003 -1.8850983000000001
60747 47880.0 849.28965 1403.3727 -6796.272400000001 6.822904 2.8294894 1.4645058
60747 48300.0 3532.1378 2409.9508 -5514.826599999999 5.7316422000000005 1.8801538 4.5364666
60747 48720.0 5497.8741 2927.4992 -3112.3817000000004 3.4630776 0.53951087 6.708148100000001
60747 49140.0 6337.921 2845.8188999999998 -72.164526 0.46327562 -0.92359569 7.5164016
60747 49560.0 5870.9545 2177.356 2982.3386 -2.6499152 -2.2044164 6.771688600000001
60747 49980.0 4188.6076 1058.1746 5417.5469 -5.2200077 -3.0310698000000005 4.6196338
60747 50400.0 1639.0122 -280.14351 6728.2566 -6.7066664000000005 -3.2296859 1.5132964
60747 50820.0 -1249.3932 -1560.8153 6646.1623 -6.806166500000001 -2.7620210000000003 -1.8950813000000002
60747 51240.0 -3881.197 -2520.6111 5193.3802000000005 -5.5083911 -1.729397 -4.8996471
60747 51660.0 -5718.580900000001 -2964.3442999999997 2673.893 -3.0909951 -0.34804831 -6.8871285
60747 52080.0 -6390.8731 -2804.0237 -392.48773 -0.057960569 1.0968846 -7.460912400000001
60747 52500.0 -5768.161099999999 -2075.4120000000003 -3379.7322000000004 2.9693405 2.311883 -6.5198928
60747 52920.0 -3982.9697 -928.43604 -5684.6648 5.384482 3.0559612 -4.2692706
60747 53340.0 -1398.1728 404.986 -6845.6921 6.7140071 3.1853217 -1.1649341
60747 53760.0 1467.0193000000002 1657.0438000000001 -6629.1533 6.696454800000001 2.6745127 2.1809877
60747 54180.0 4035.8495000000003 2574.8118 -5072.8597 5.323562 1.6190915000000001 5.1061217
60747 54600.0 5783.8005 2969.1029 -2483.5411000000004 2.8515987000000003 0.22372294 7.0120759
60747 55020.0 6345.4398 2754.5645 615.49135 -0.22765464 -1.2291844 7.4866573
60747 55440.0 5596.974200000001 1971.3981 3586.56 -3.2752893 -2.4351302 6.410890500000001
60747 55860.0 3689.4686 780.0210000000001 5812.771900000001 -5.6476525 -3.1380128 4.0031529
60747 56280.0 1018.3179 -572.84141 6833.0033 -6.8479051 -3.1909351999999997 0.77124194
60747 56700.0 -1863.3374 -1807.7048 6439.8485 -6.6338856999999996 -2.5867235 -2.608166
60747 57120.0 -4362.5037999999995 -2671.2707 4719.7473 -5.06052 -1.4546127 -5.437422
60747 57540.0 -5969.5869 -2988.4581000000003 2031.1384 -2.4616072 -0.030804163 -7.141081000000001
60747 57960.0 -6361.8138 -2697.3588 -1072.5743 0.62306969 1.3916403000000002 -7.3823128
60747 58380.0 -5466.5145 -1860.2637 -3959.2461000000003 3.5643035 2.5250288000000003 -6.1283561
60747 58800.0 -3470.6687 -648.57127 -6047.3005 5.776020900000001 3.1459691 -3.645774
60747 59220.0 -778.36596 693.31275 -6918.88 6.8258394 3.1349159 -0.43311878000000004
60747 59640.0 2069.9291000000003 1895.8409 -6397.3235 6.505001900000001 2.4927808000000002 2.8771907999999997
60747 60060.0 4499.6308 2715.3405000000002 -4580.9668 4.8629424 1.3405550000000002 5.626601399999999
60747 60480.0 6012.398099999999 2981.7324 -1830.0682 2.2113998 -0.09624494900000001 7.2467864
60747 60900.0 6289.920700000001 2635.6724 1296.9145 -0.91636337 -1.5242599000000001 7.3818407
60747 61320.0 5267.5521 1745.0103000000001 4154.6926 -3.8673488000000003 -2.6426601 5.9857009
60747 61740.0 3154.2441000000003 492.99122 6149.6668 -6.0181893 -3.2141635 3.3470926
60747 62160.0 388.35972 -861.07657 6869.582 -6.920767 -3.1205536 0.022550051
60747 62580.0 -2457.9782 -2037.8346000000001 6169.7991 -6.3963666 -2.3855035 -3.2940461
60747 63000.0 -4800.1767 -2796.4456 4199.9535000000005 -4.5640314 -1.1649232 -5.9202694000000005
60747 63420.0 -6161.822400000001 -2983.7094 1369.1333 -1.8099577 0.28737114 -7.3241183
60747 63840.0 -6270.9955 -2564.4142 -1741.3383000000001 1.2959296 1.6734445 -7.2316270000000005
60747 64260.0 -5112.6053 -1626.6965 -4499.5123 4.1231166 2.7143929 -5.6781095
60747 64680.0 -2925.869 -361.70863 -6350.8103 6.1111969 3.2062665000000004 -2.9877552
60747 64827.0 -14095.385 -3627.6696 -3627.6696 1.7630918999999998 -3.4252646 -3.4252646
60747 64917.0 -13929.789 -3934.1019 -3934.1007999999997 1.9120806000000001 -3.3851212999999998 -3.3850970000000005
60747 65007.0 -13751.067000000001 -4236.8327 -4236.8282 2.0592411999999998 -3.3416819 -3.3416314000000003
60747 65097.0 -13559.186 -4535.509099999999 -4535.4988 2.2044288 -3.2950468 -3.2949683
60747 65187.0 -13354.332 -4829.8463 -4829.827700000001 2.3475048000000003 -3.2452597 -3.2451515
60747 65277.0 -13136.702000000001 -5119.5627 -5119.5329 2.4883326 -3.1923685 -3.1922288
60747 65367.0 -12906.504 -5404.381 -5404.3372 2.6267775 -3.136424 -3.1362512000000002
60747 65457.0 -12663.958 -5684.029 -5683.9681 2.762707 -3.0774798000000003 -3.0772722
60747 65547.0 -12409.296 -5958.2391 -5958.1579 2.8959911000000003 -3.0155924 -3.0153486
60747 65637.0 -12142.762 -6226.7491 -6226.644200000001 3.0265025999999997 -2.9508211 -2.9505395
60747 65727.0 -11864.612000000001 -6489.3022 -6489.1703 3.1541165 -2.8832279 -2.8829072
60747 65817.0 -11575.112000000001 -6745.647400000001 -6745.4848 3.278711 -2.8128775999999998 -2.8125165
60747 65907.0 -11274.539 -6995.5395 -6995.3425 3.4001669000000003 -2.7398376 -2.7394349000000005
60747 65997.0 -10963.18 -7238.7396 -7238.504400000001 3.5183683 -2.6641778 -2.6637322
60747 66087.0 -10641.333 -7475.0151 -7474.7379 3.6332021 -2.5859706 -2.5854812000000003
60747 66177.0 -10309.308 -7704.1401 -7703.8168 3.7445588 -2.505291 -2.5047567
60747 66267.0 -9967.420199999999 -7925.8956 -7925.5222 3.8523318 -2.422216 -2.421636
60747 66357.0 -9615.9984 -8140.0695000000005 -8139.6418 3.9564184 -2.3368253 -2.3361988
60747 66447.0 -9255.3785 -8346.4571 -8345.9709 4.0567191 -2.2492004000000003 -2.2485266999999998
60747 66537.0 -8885.9055 -8544.8611 -8544.3121 4.1531381000000005 -2.1594253 -2.1587037000000002
60747 66627.0 -8507.9329 -8735.091699999999 -8734.4756 4.245583300000001 -2.0675857 -2.0668158
60747 66717.0 -8121.8223 -8916.9672 -8916.2796 4.3339666 -1.9737696 -1.9729508
60747 66807.0 -7727.9433 -9090.313699999999 -9089.5502 4.4182035 -1.8780664999999999 -1.8771986999999999
60747 66897.0 -7326.672500000001 -9254.965300000002 -9254.1215 4.4982137 -1.780568 -1.7796509
60747 66987.0 -6918.393900000001 -9410.7648 -9409.8362 4.5739206999999995 -1.6813674 -1.6804006999999999
60747 67077.0 -6503.4980000000005 -9557.563199999999 -9556.5454 4.6452523 -1.5805593 -1.5795432
60747 67167.0 -6082.3818 -9695.2202 -9694.108699999999 4.7121404 -1.4782401 -1.4771747
60747 67257.0 -5655.448 -9823.604 -9822.3945 4.774521200000001 -1.3745075999999998 -1.3733931
60747 67347.0 -5223.1050000000005 -9942.5921 -9941.28 4.832335100000001 -1.269461 -1.2682974999999999
60747 67437.0 -4785.7663 -10052.071 -10050.652 4.8855269 -1.1632004999999999 -1.1619886
60747 67527.0 -4343.8503 -10151.935 -10150.405 4.9340458 -1.0558277 -1.0545678
60747 67617.0 -3897.7797 -10242.089 -10240.444 4.977845599999999 -0.94744511 -0.94613793
60747 67707.0 -3447.981 -10322.448 -10320.682 5.0168843 -0.8381563 -0.83680252
60747 67797.0 -2994.8844 -10392.933 -10391.044 5.051124700000001 -0.72806562 -0.72666608
60747 67887.0 -2538.9234 -10453.479 -10451.461 5.0805341 -0.61727823 -0.61583386
60747 67977.0 -2080.5341000000003 -10504.026 -10501.876 5.105084300000001 -0.50589994 -0.5044117800000001
60747 68067.0 -1620.1548 -10544.526 -10542.241 5.1247518 -0.39403710000000003 -0.39250632
60747 68157.0 -1158.2258000000002 -10574.941 -10572.516 5.139517700000001 -0.28179656999999997 -0.28022441
60747 68247.0 -695.1890500000001 -10595.241 -10592.673 5.149368000000001 -0.16928553 -0.16767334
60747 68337.0 -231.48734 -10605.408 -10602.693000000001 5.154293 -0.056611428 -0.054960676
60747 68427.0 232.43579000000003 -10605.43 -10602.565 5.1542881 0.056118112000000005 0.057805871
60747 68517.0 696.13661 -10595.308 -10592.289 5.1493530000000005 0.16879542 0.17051853
60747 68607.0 1159.1716000000001 -10575.051 -10571.876 5.1394923 0.28131288 0.28306958
60747 68697.0 1621.0977 -10544.68 -10541.345 5.1247154 0.39356299 0.39535144000000005
60747 68787.0 2081.4733 -10504.221 -10500.724 5.1050361 0.50543854 0.50725678
60747 68877.0 2539.8577 -10453.715 -10450.053 5.0804732 0.61683262 0.6186786200000001
60747 68967.0 2995.8126 -10393.209 -10389.380000000001 5.0510497999999995 0.7276388100000001 0.72951044
60747 69057.0 3448.9017000000003 -10322.761 -10318.762 5.016794 0.83775122 0.83964627
60747 69147.0 3898.6915 -10242.438 -10238.267 4.9777382 0.9470646100000001 0.94898078
60747 69237.0 4344.751700000001 -10152.316 -10147.973 4.9339195 1.0554745 1.0574094
60747 69327.0 4786.655400000001 -10052.483 -10047.964 4.8853796 1.1628771999999998 1.1648284000000002
60747 69417.0 5223.9798 -9943.0318 -9938.3369 4.8321646000000005 1.2691701 1.2711351
60747 69507.0 5656.3063 -9824.0684 -9819.1961 4.774325200000001 1.3742516 1.3762276
60747 69597.0 6083.2212 -9695.7059 -9690.6553 4.7119164 1.478021 1.4800055
60747 69687.0 6504.3159000000005 -9558.0669 -9552.8375 4.6449976 1.5803792 1.5823694000000001
60747 69777.0 6919.187400000001 -9411.2829 -9405.8742 4.5736326 1.6812282 1.6832213
60747 69867.0 7327.4385 -9255.494 -9249.9059 4.4978891999999995 1.7804715000000002 1.7824647
60747 69957.0 7728.6783 -9090.8491 -9085.081699999999 4.417839799999999 1.8780141000000001 1.8800044
60747 70047.0 8122.5227 -8917.5053 -8911.559 4.3335604000000005 1.9737627 1.9757471
60747 70137.0 8508.5947 -8735.6283 -8729.5039 4.2451316 2.0676255 2.0696008999999997
60747 70227.0 8886.5244 -8545.392 -8539.090199999999 4.1526377000000005 2.1595126000000002 2.1614761
60747 70317.0 9255.9501 -8346.978000000001 -8340.5002 4.0561668 2.249336 2.2512844
60747 70407.0 9616.5179 -8140.576 -8133.9236 3.955811 2.3370097000000003 2.3389398999999997
60747 70497.0 9967.8824 -7926.3833 -7919.5581 3.8516661 2.4224495999999998 2.4243584
60747 70587.0 10309.707 -7704.6045 -7697.608700000001 3.7438314999999998 2.5055738 2.5074579
60747 70677.0 10641.665 -7475.4518 -7468.2876 3.6324102 2.5863026000000002 2.5881589
60747 70767.0 10963.437 -7239.144200000001 -7231.8144 3.5175085 2.6645586 2.6663838
60747 70857.0 11274.715 -6995.907700000001 -6988.4151 3.3992363 2.7402667000000003 2.7420575
60747 70947.0 11575.201000000001 -6745.9749 -6738.322700000001 3.2777067000000004 2.8133542000000005 2.8151073
60747 71037.0 11864.608 -6489.5847 -6481.7766 3.1530356000000004 2.883751 2.8854632000000002
60747 71127.0 12142.657000000001 -6226.982400000001 -6219.0222 3.0253424 2.9513895000000003 2.9530575
60747 71217.0 12409.083 -5958.4193 -5950.311 2.8947492 3.0162048 3.0178253
60747 71307.0 12663.629 -5684.152099999999 -5675.9003 2.7613808 3.0781346 3.0797044000000002
60747 71397.0 12906.052 -5404.4434 -5396.0527 2.6253649 3.1371192999999997 3.1386352000000004
60747 71487.0 13136.119 -5119.5607 -5111.036099999999 2.4868317 3.1931024000000003 3.194561
60747 71577.0 13353.61 -4829.7766 -4821.1235 2.3459136 3.2460301 3.2474282
60747 71667.0 13558.316 -4535.3685000000005 -4526.5923 2.2027457 3.2958513 3.2971858000000003
60747 71757.0 13750.041000000001 -4236.618 -4227.7248 2.057465 3.3425182 3.343786
60747 71847.0 13928.6 -3933.8112 -3924.8069 1.9102107000000002 3.385986 3.3871838
60747 71937.0 14093.824 -3627.2378 -3618.129 1.7611238 3.4262127 3.4273376
60747 72027.0 14245.552 -3317.1913 -3307.9846000000002 1.6103471 3.4631597000000003 3.4642087000000004
60747 72117.0 14383.64 -3003.9685 -2994.6710000000003 1.4580252 3.4967914 3.4977615
60747 72207.0 14507.954 -2687.8693 -2678.4881 1.3043039 3.5270754 3.5279636
60747 72297.0 14618.377 -2369.1962000000003 -2359.7389 1.1493306 3.5539826 3.5547861
60747 72387.0 14714.801 -2048.2545 -2038.7288 0.99325398 3.577487 3.5782030000000002
60747 72477.0 14797.134 -1725.3514 -1715.7652 0.83622354 3.5975659 3.5981918
60747 72567.0 14865.297 -1400.796 -1391.1577 0.67838988 3.6142001 3.6147331
60747 72657.0 14919.225 -1074.8992 -1065.2172 0.5199043400000001 3.6273734 3.6278110000000003
60747 72747.0 14958.865 -747.97299 -738.25598 0.36091892999999997 3.637073 3.6374128999999997
60747 72837.0 14984.18 -420.33052000000004 -410.58741 0.20158609000000002 3.6432898000000002 3.6435294
60747 72927.0 14995.144 -92.28551 -82.525438 0.042058664 3.6460175 3.6461545
60747 73017.0 14991.749 235.84787 245.61559 -0.11751035 3.6452535 3.6452858999999997
60747 73107.0 14973.996000000001 563.7553800000001 573.52122 -0.27696789 3.6409985000000002 3.6409241000000003
60747 73197.0 14941.903 891.12299 900.87725 -0.43616102 3.6332565 3.6330733
60747 73287.0 14895.499 1217.6372 1227.3700000000001 -0.5949370199999999 3.622035 3.6217411000000004
60747 73377.0 14834.831 1542.9852 1552.6865 -0.75314361 3.6073446 3.6069384
60747 73467.0 14759.955 1866.8556 1876.5152 -0.91062902 3.5891995000000003 3.5886792
60747 73557.0 14670.944 2188.938 2198.5456 -1.0672422 3.5676171 3.5669812000000003
60747 73647.0 14567.882 2508.9241 2518.4692000000005 -1.222833 3.542618 3.5418651
60747 73737.0 14450.869 2826.5075 2835.9795 -1.3772521 3.5142263 3.5133551000000005
60747 73827.0 14320.017 3141.3839 3150.7722000000003 -1.5303514 3.4824692 3.4814786
60747 73917.0 14175.45 3453.2519 3462.5456000000004 -1.6819842 3.4473772 3.4462662
60747 74007.0 14017.308 3761.8127999999997 3771.001 -1.832005 3.4089841 3.4077518
60747 74097.0 13845.742 4066.7711000000004 4075.8430000000003 -1.98027 3.3673265999999997 3.3659723
60747 74187.0 13660.916000000001 4367.8348 4376.7793 -2.1266371 3.3224448000000004 3.3209679999999997
60747 74277.0 13463.008 4664.715700000001 4673.5217 -2.270966 3.2743819 3.2727819
60747 74367.0 13252.208 4957.1295 4965.786 -2.4131183000000003 3.2231839 3.2214606
60747 74457.0 13028.716 5244.796200000001 5253.2921 -2.5529578 3.1689000000000003 3.1670532
60747 74547.0 12792.749 5527.4405 5535.7645999999995 -2.6903505 3.1115823999999996 3.1096121
60747 74637.0 12544.53 5804.791700000001 5812.932900000001 -2.8251649000000003 3.0512861 3.0491924
60747 74727.0 12284.300000000001 6076.584400000001 6084.531599999999 -2.9572716999999997 2.988069 2.9858522
60747 74817.0 12012.307 6342.5583 6350.3005 -3.0865444 2.9219917 2.9196523
60747 74907.0 11728.811 6602.459 6609.9851 -3.2128593000000003 2.8531177 2.8506563000000003
60747 74997.0 11434.084 6856.0376 6863.336700000001 -3.3360954 2.7815132 2.7789304
60747 75087.0 11128.41 7103.0515000000005 7110.112700000001 -3.4561348 2.7072467000000002 2.7045436
60747 75177.0 10812.079 7343.2643 7350.076900000001 -3.5728626 2.6303896 2.6275673000000004
60747 75267.0 10485.397 7576.4461 7582.999400000001 -3.6861671 2.5510156000000004 2.5480753
60747 75357.0 10148.675000000001 7802.3739000000005 7808.657200000001 -3.7959400000000003 2.4692008000000003 2.4661439
60747 75447.0 9802.2369 8020.831400000001 8026.834400000001 -3.9020761000000004 2.3850238 2.3818517999999997
60747 75537.0 9446.4137 8231.6097 8237.3222 -4.0044742 2.2985651 2.2952798
60747 75627.0 9081.5466 8434.507099999999 8439.9189 -4.1030362 2.2099078 2.2065109
60747 75717.0 8707.9851 8629.3297 8634.4308 -4.197667900000001 2.1191368 2.1156304
60747 75807.0 8326.087 8815.891 8820.6716 -4.288279 2.026339 2.0227254
60747 75897.0 7936.2181 8994.0126 8998.463300000001 -4.3747828 1.9316035 1.9278849
60747 75987.0 7538.7518 9163.5242 9167.6356 -4.4570968 1.835021 1.8311999
60747 76077.0 7134.0688 9324.2637 9328.0267 -4.5351423 1.7366839 1.7327631
60747 76167.0 6722.5565 9476.0775 9479.483199999999 -4.6088449 1.6366866 1.6326687
60747 76257.0 6304.6091 9618.8204 9621.8602 -4.678134200000001 1.5351247000000001 1.5310128
60747 76347.0 5880.626700000001 9752.3559 9755.0216 -4.7429440000000005 1.4320956 1.4278927000000001
60747 76437.0 5451.0154 9876.5565 9878.8399 -4.8032126 1.3276978 1.3234070999999998
60747 76527.0 5016.1864000000005 9991.3034 9993.1969 -4.8588825 1.2220313 1.2176562
60747 76617.0 4576.5561 10096.487000000001 10097.983 -4.909900700000001 1.1151972 1.1107413
60747 76707.0 4132.5453 10192.007 10193.098 -4.9562184 1.0072978000000001 1.0027647
60747 76797.0 3684.5791000000004 10277.772 10278.452 -4.997791599999999 0.89843633 0.8938297900000001
60747 76887.0 3233.0864 10353.7 10353.962 -5.0345806 0.78871691 0.7840408700000001
60747 76977.0 2778.4992 10419.718 10419.557 -5.0665505 0.67824451 0.67350303
60747 77067.0 2321.2527999999998 10475.764000000001 10475.173 -5.0936709 0.56712483 0.5623220700000001
60747 77157.0 1861.7847 10521.785 10520.759 -5.1159159 0.45546414 0.45060439
60747 77247.0 1400.5348000000001 10557.735 10556.269 -5.1332645 0.34336923 0.33845691
60747 77337.0 937.94447 10583.581 10581.671 -5.1457002 0.23094731 0.22598694
60747 77427.0 474.45649 10599.299 10596.941 -5.1532113 0.11830587000000001 0.11330208
60747 77517.0 10.514399 10604.873 10602.063 -5.1557906000000004 0.0055526325 0.0005101519
60747 77607.0 -453.4378 10600.298 10597.032000000001 -5.153435900000001 -0.10720461 -0.11228094000000001
60747 77697.0 -916.9561 10585.579 10581.855 -5.1461494000000005 -0.21985803 -0.22496329
60747 77787.0 -1379.597 10560.73 10556.546 -5.1339384 -0.33229995 -0.33742910000000004
60747 77877.0 -1840.9176000000002 10525.775 10521.128 -5.1168145 -0.44442284000000004 -0.44957080000000005
60747 77967.0 -2300.4767 10480.747 10475.636 -5.0947941000000005 -0.55611953 -0.5612811000000001
60747 78057.0 -2757.8343 10425.689 10420.113 -5.0678985 -0.6672832399999999 -0.67245315
60747 78147.0 -3212.5529 10360.655 10354.614 -5.0361534 -0.7778076700000001 -0.78298061
60747 78237.0 -3664.1973 10285.706 10279.199 -4.999589200000001 -0.88758719 -0.8927577400000001
60747 78327.0 -4112.3354 10200.915 10193.943000000001 -4.9582409 -0.9965168200000001 -1.0016795
60747 78417.0 -4556.5384 10106.362000000001 10098.926 -4.9121481000000005 -1.1044924 -1.1096418000000001
60747 78507.0 -4996.3811 10002.138 9994.2391 -4.8613549 -1.2114108000000001 -1.2165413
60747 78597.0 -5431.4427000000005 9888.3426 9879.983300000002 -4.8059099 -1.3171697 -1.3222756999999998
60747 78687.0 -5861.3069000000005 9765.0851 9756.2675 -4.745866100000001 -1.4216678999999999 -1.4267438
60747 78777.0 -6285.5623 9632.483199999999 9623.2104 -4.6812809 -1.5248057 -1.5298458000000001
60747 78867.0 -6703.8031 9490.663900000001 9480.939199999999 -4.6122162 -1.6264843000000002 -1.631483
60747 78957.0 -7115.6288 9339.7627 9329.590300000002 -4.5387379 -1.7266066000000002 -1.731558
60747 79047.0 -7520.6456 9179.9243 9169.308500000001 -4.4609163 -1.8250767 -1.8299753
60747 79137.0 -7918.465700000001 9011.301300000001 9000.2473 -4.3788259 -1.9218004000000002 -1.9266404000000001
60747 79227.0 -8308.7085 8834.055300000002 8822.5686 -4.292545100000001 -2.0166854 -2.0214611000000002
60747 79317.0 -8691.0006 8648.3559 8636.4424 -4.2021564 -2.1096408 -2.1143465000000004
60747 79407.0 -9064.976 8454.3806 8442.046900000001 -4.1077463 -2.2005776 -2.2052076
60747 79497.0 -9430.277 8252.3151 8239.5683 -4.0094051 -2.2894088999999997 -2.2939576
60747 79587.0 -9786.553800000002 8042.3527 8029.200400000001 -3.9072269000000004 -2.3760497000000003 -2.3805114
60747 79677.0 -10133.466 7824.6943 7811.144700000001 -3.8013092000000004 -2.4604171000000004 -2.4647861
60747 79767.0 -10470.68 7599.5482 7585.6097 -3.6917536 -2.5424304 -2.5467012
60747 79857.0 -10797.875 7367.1298 7352.8116 -3.5786647 -2.622011 -2.6261781
60747 79947.0 -11114.737000000001 7127.6615 7112.9731 -3.4621507 -2.6990827 -2.7031407
60747 80037.0 -11420.963 6881.3724 6866.3239 -3.3423232 -2.7735719 -2.7775154000000004
60747 80127.0 -11716.259 6628.4982 6613.1001 -3.2192967 -2.8454072000000004 -2.8492308
60747 80217.0 -12000.344000000001 6369.2807999999995 6353.5442 -3.0931889999999997 -2.9145198 -2.9182183
60747 80307.0 -12272.945 6103.9682999999995 6087.9047 -2.9641208000000003 -2.9808436 -2.9844117999999997
60747 80397.0 -12533.801 5832.8145 5816.4358 -2.8322156 -3.0443151 -3.0477478000000002
60747 80487.0 -12782.662 5556.079 5539.397599999999 -2.6975995 -3.1048734000000002 -3.1081658
60747 80577.0 -13019.291000000001 5274.026400000001 5257.0553 -2.5604016 -3.1624607 -3.1656077000000002
60747 80667.0 -13243.461000000001 4986.9268 4969.679099999999 -2.4207530000000004 -3.2170216999999997 -3.2200187000000002
60747 80757.0 -13454.957 4695.0549 4677.544400000001 -2.2787875 -3.2685041999999997 -3.2713464
60747 80847.0 -13653.577000000001 4398.6899 4380.9308 -2.1346411 -3.3168589 -3.3195418
60747 80937.0 -13839.131 4098.1155 4080.1222000000002 -1.9884516 -3.3620394 -3.3645587
60747 81027.0 -14011.441 3793.6193 3775.4067999999997 -1.8403591 -3.4040027 -3.4063539
60747 81117.0 -14170.343 3485.4928 3467.0764 -1.6905054 -3.4427083 -3.4448874000000003
60747 81207.0 -14315.684000000001 3174.0307000000003 3155.4261 -1.5390340000000002 -3.4781193 -3.4801223
60747 81297.0 -14447.325 2859.5312000000004 2840.7543 -1.38609 -3.5102018 -3.5120248000000003
60747 81387.0 -14565.14 2542.2951000000003 2523.3625 -1.2318197 -3.5389251 -3.5405643
60747 81477.0 -14669.017 2222.6262 2203.5545 -1.0763710000000002 -3.5642616 -3.5657134999999998
60747 81567.0 -14758.856 1900.8304 1881.6365 -0.9198927 -3.5861872 -3.5874484000000004
60747 81657.0 -14834.571 1577.2155 1557.9168 -0.7625347 -3.6046808 -3.6057482000000003
60747 81747.0 -14896.091 1252.0913 1232.7053999999998 -0.6044477 -3.6197248 -3.6205952000000003
60747 81837.0 -14943.355 925.76897 906.3136700000001 -0.4457831 -3.6313048 -3.6319754
60747 81927.0 -14976.319 598.56072 579.05416 -0.28669288 -3.6394097000000003 -3.6398779
60747 82017.0 -14994.951000000001 270.77971 251.24021 -0.12732939000000001 -3.6440318000000005 -3.6442951
60747 82107.0 -14999.234 -57.260387 -76.81428 0.032154750999999995 -3.6451668 -3.6452229000000003
60747 82197.0 -14989.164 -385.24566 -404.7952 0.19160679 -3.6428136 -3.6426604000000005
60747 82287.0 -14964.751 -712.86226 -732.3885200000001 0.35087404 -3.6369746000000003 -3.6366102000000002
60747 82377.0 -14926.017 -1039.7966999999999 -1059.2806 0.50980398 -3.6276553 -3.6270781000000003
60747 82467.0 -14873.001 -1365.7361 -1385.1584 0.66824442 -3.6148649 -3.6140733000000003
60747 82557.0 -14805.752 -1690.3686 -1709.71 0.8260436600000001 -3.5986154999999997 -3.5976083
60747 82647.0 -14724.337 -2013.3836000000001 -2032.6246 0.98305061 -3.5789229000000002 -3.5776991
60747 82737.0 -14628.832 -2334.472 -2353.593 1.139115 -3.555806 -3.5543647000000003
60747 82827.0 -14519.329 -2653.3266000000003 -2672.3081 1.2940873 -3.529287 -3.5276275999999998
60747 82917.0 -14395.933 -2969.6423 -2988.4647000000004 1.4478193000000001 -3.4993914 -3.4975135
60747 83007.0 -14258.763 -3283.1166000000003 -3301.7601 1.6001638 -3.4661479 -3.4640514
60747 83097.0 -14107.95 -3593.4495 -3611.8945 1.750975 -3.4295884 -3.4272734000000002
60747 83187.0 -13943.638 -3900.344 -3918.5708 1.9001086 -3.3897481 -3.3872149
60747 83277.0 -13765.985 -4203.5070000000005 -4221.496 2.0474223 -3.3466647 -3.3439137999999997
60747 83367.0 -13575.161 -4502.6477 -4520.379400000001 2.1927744 -3.3003806 -3.2974128
60747 83457.0 -13371.348 -4797.4806 -4814.9354 2.3360262 -3.2509394000000005 -3.2477556
60747 83547.0 -13154.743 -5087.7235 -5104.8821 2.4770407 -3.1983887 -3.1949902000000003
60747 83637.0 -12925.552 -5373.0988 -5389.941900000001 2.615683 -3.1427788999999997 -3.1391671999999997
60747 83727.0 -12683.995 -5653.3335 -5669.8421 2.7518206000000003 -3.0841633 -3.08034
60747 83817.0 -12430.303 -5928.1597 -5944.3147 2.8853233 -3.0225981 -3.0185652000000003
60747 83907.0 -12164.72 -6197.3144 -6213.0972 3.0160634 -2.9581423 -2.9539020000000002
60747 83997.0 -11887.499 -6460.540400000001 -6475.9323 3.1439160000000004 -2.8908576 -2.8864123
60747 84087.0 -11598.905 -6717.585900000001 -6732.5685 3.2687589 -2.8208085 -2.8161608
60747 84177.0 -11299.216 -6968.205 -6982.7604 3.3904728 -2.7480621000000003 -2.7432149
60747 84267.0 -10988.718 -7212.158200000001 -7226.2685 3.5089414000000003 -2.672688 -2.6676444000000004
60747 84357.0 -10667.707 -7449.2122 -7462.8598 3.6240514 -2.5947584000000004 -2.5895216999999997
60747 84447.0 -10336.492 -7679.1403 -7692.308 3.7356930000000004 -2.5143479 -2.5089217
60747 84537.0 -9995.3897 -7901.7227 -7914.3937000000005 3.8437595 -2.4315335 -2.4259215
60747 84627.0 -9644.725900000001 -8116.7465999999995 -8128.9043 3.9481477000000003 -2.3463943 -2.3406006
60747 84717.0 -9284.8365 -8324.0064 -8335.6346 4.0487579 -2.2590119 -2.2530407
60747 84807.0 -8916.0657 -8523.3039 -8534.386900000001 4.1454941 -2.1694698 -2.1633255
60747 84897.0 -8538.766599999999 -8714.448699999999 -8724.9711 4.2382637999999995 -2.0778537000000004 -2.0715410000000003
60747 84987.0 -8153.299900000001 -8897.258 -8907.2049 4.3269785 -1.9842511999999999 -1.9777749
60747 85077.0 -7760.0346 -9071.557 -9080.913900000001 4.4115535 -1.8887517 -1.882117
60747 85167.0 -7359.3469000000005 -9237.1791 -9245.931900000001 4.4919081 -1.7914466 -1.7846587
60747 85257.0 -6951.6201 -9393.966 -9402.1012 4.567965500000001 -1.6924289000000001 -1.6854934000000001
60747 85347.0 -6537.2442 -9541.767800000001 -9549.2724 4.6396533 -1.5917932000000001 -1.5847157
60747 85437.0 -6116.6157 -9680.4432 -9687.3046 4.7069029 -1.4896357 -1.4824220000000001
60747 85527.0 -5690.1368 -9809.8595 -9816.0658 4.7696501 -1.3860540000000001 -1.3787103
60747 85617.0 -5258.2155 -9929.8931 -9935.4328 4.827835100000001 -1.2811470999999999 -1.2736795
60747 85707.0 -4821.265 -10040.429 -10045.292 4.8814022999999995 -1.1750152 -1.1674302
60747 85797.0 -4379.7032 -10141.362000000001 -10145.537 4.9303006 -1.0677596 -1.0600639
60747 85887.0 -3933.9524 -10232.595 -10236.073 4.9744833 -0.95948292 -0.9516831
60747 85977.0 -3484.4389 -10314.042 -10316.812 5.0139082 -0.85028847 -0.84239151
60747 86067.0 -3031.5927 -10385.623 -10387.679 5.0485375999999995 -0.74028058 -0.73229355
60747 86157.0 -2575.847 -10447.271 -10448.604 5.0783383 -0.6295643 -0.62149441
60747 86247.0 -2117.6376 -10498.926 -10499.53 5.103282 -0.51824538 -0.5101
60747 86337.0 -1657.4027 -10540.54 -10540.408 5.1233448 -0.40643013 -0.39821674
