CIC_MEM_VERS = 1.0
CREATION_DATE = 2025-05-13T13:35:42.442541
ORIGINATOR = CS Group

META_START
OBJECT_NAME = BLUE1
OBJECT_ID = BLUE1
USER_DEFINED_PROTOCOL = NONE
USER_DEFINED_CONTENT = LLA
USER_DEFINED_SIZE = 3.0
USER_DEFINED_TYPE = REAL
USER_DEFINED_UNIT = [deg] [km]
TIME_SYSTEM = UTC
META_STOP

60807 73708.82928 0.12126904251966435 83.92294150827067 621.3486527757099
60807 74128.82928 25.862321140325605 80.14393376338606 629.1722865676176
60807 74548.82928 51.338117699275415 74.10919648900786 633.19998124172
60807 74968.82928 75.57649324084501 51.84003790501445 628.3530102911401
60807 75388.82928 74.30007699974688 -66.93686640216269 612.2065596584389
60807 75808.82928 49.646407526812034 -86.7772709943517 588.0850552813939
60807 76228.82928 23.73062684486706 -92.58654024686862 564.4376672585165
60807 76648.82928 -2.5339674353210926 -96.37410432104092 550.6536605546104
60807 77068.82928 -28.830022155745425 -100.33853302401899 551.3607078776774
60807 77488.82928 -54.800796118815555 -107.19380512793283 563.9184749387452
60807 77908.82928 -78.71656847032312 -139.27122945910708 581.0931802496524
60807 78328.82928 -70.52713517741144 106.74156919155072 596.182616516254
60807 78748.82928 -45.50274650619306 91.99616152782816 606.9216087534048
60807 79168.82928 -19.79563599216338 86.8231428144086 615.1045881443046
60807 79588.82928 6.008716516110498 83.18234004503284 623.122434108644
60807 80008.82928 31.711501237540528 79.16526082796948 630.4210738708598
60807 80428.82928 57.07453101199283 71.82668329615709 632.8080301659921
60807 80848.82928 80.00749006201161 33.12203003463507 625.4183429386466
60807 81268.82928 68.96147143308357 -75.15143297109472 606.9678863162109
60807 81688.82928 43.775204527491724 -88.44208169316306 582.1646276070816
60807 82108.82928 17.746388565243635 -93.45724042007652 560.1278360988597
60807 82528.82928 -8.552195424879983 -97.138801958093 549.5685283247122
60807 82948.82928 -34.81029269098128 -101.41131433369496 553.4969675195039
60807 83368.82928 -60.61620698677685 -110.00524858045947 567.820466791237
60807 83788.82928 -81.90484632583059 -169.9775890506294 584.9801476578511
60807 84208.82928 -64.97638968652322 101.09313548037332 599.0818738854065
60807 84628.82928 -39.65334069782923 90.57193607084497 608.9507605184374
60807 85048.82928 -13.901800302949985 86.00827805862511 616.904249104729
60807 85468.82928 11.895318746236285 82.42260152157361 624.9065257435811
60807 85888.82928 37.54887382186888 78.04379780106673 631.489828112749
60807 86308.82928 62.75091465963884 68.68341559179363 631.9633972869796
60808 328.82928 82.20340110771322 -3.117703978621731 621.9359388458251
60808 748.82928 63.365911460696275 -80.08328501381746 601.4082763111397
60808 1168.82928 37.865524171649874 -89.79960530894968 576.3666979600168
60808 1588.82928 11.745092404895304 -94.26948801031267 556.3675016275643
60808 2008.82928 -14.572342742421538 -97.93157322303249 549.177061764895
60808 2428.82928 -40.7743077509862 -102.66283540514826 556.1075057852029
60808 2848.82928 -66.33730971337125 -114.07137982267881 571.8082000994704
60808 3268.82928 -81.36107701068084 148.3066198052099 588.6590035644101
60808 3688.82928 -59.27896999962675 97.43166931923786 601.7561783684513
60808 4108.82928 -33.781761656761276 89.3799941834556 610.9374525330647
60808 4528.82928 -8.001447290934959 85.23650027939125 618.8041723976769
60808 4948.82928 17.778409501225138 81.62585872733311 626.7203174220366
60808 5368.82928 43.36955127283834 76.72036163482645 632.3262575785337
60808 5788.82928 68.32012912756322 64.02420649793899 630.6308028054041
60808 6208.82928 80.45617789387416 -41.403828160079044 617.9414387078884
60808 6628.82928 57.638948754469986 -83.3765649746777 595.635008299884
60808 7048.82928 31.926103207142308 -90.9485906950203 570.8473371070852
60808 7468.82928 5.732219687631306 -95.0459928601124 553.2945832259169
60808 7888.82928 -20.588197689547037 -98.77299129635718 549.5367861183472
60808 8308.82928 -46.712386177274624 -104.17243961349207 559.1759201054633
60808 8728.82928 -71.87734779779811 -120.52161615987306 575.8592129655773
60808 9148.82928 -77.57056500821348 122.54655307429105 592.1563544208673
60808 9568.82928 -53.50520476311088 94.8459291836695 604.2524738874624
60808 9988.82928 -27.89729437368306 88.34886017527728 612.8953915301747
60808 10408.82928 -2.100648698395807 84.48827750982639 620.7355564494518
60808 10828.82928 23.652741118800144 80.77068230266842 628.4100893553571
60808 11248.82928 49.165357860927855 75.10283562731799 632.7402723886089
60808 11668.82928 73.67112652490093 56.379416711482925 628.6521353394885
60808 12088.82928 76.17737306927152 -62.00184279878405 613.3606368633015
60808 12508.82928 51.83165886625364 -85.75346037655905 589.6644704799428
60808 12928.82928 25.961042590915504 -91.95217895762224 565.6834655715231
60808 13348.82928 -0.28987735811027393 -95.80587240935296 550.9492693563013
60808 13768.82928 -26.596992074278095 -99.6885580879511 550.6213676891458
60808 14188.82928 -52.61574761814517 -106.06866253146934 562.6442299852307
60808 14608.82928 -77.01495003423159 -132.1354928657978 579.9344034342362
60808 15028.82928 -72.53521500705028 110.02302884968925 595.5046904023194
60808 15448.82928 -47.68545168431442 92.89896744424564 606.6493794808291
60808 15868.82928 -22.003885875324563 87.43102914831518 614.8905047154418
60808 16288.82928 3.797818672416009 83.7468252194983 622.7257829814223
60808 16708.829279999998 29.5151429137422 79.83043649401286 629.9515114749382
60808 17128.829279999998 54.92574650398468 73.04249971457142 632.6671326587812
60808 17548.829279999998 78.49486097508924 42.05835205937874 625.9758950166371
60808 17968.829279999998 70.9978496813945 -72.31121197199526 608.2017195884588
60808 18388.82928 45.96937435328529 -87.57552170802344 583.5524860846455
60808 18808.82928 19.974166419483268 -92.85499100116378 560.9417159709723
60808 19228.829279999998 -6.318257774532968 -96.56711595826526 549.3807158221692
60808 19648.829279999998 -32.595009349456355 -100.71143070730453 552.4528223741914
60808 20068.829279999998 -58.46853659333403 -108.56988166018463 566.5249540246667
60808 20488.829279999998 -81.04374359522747 -155.89233862892092 584.0535596034654
60808 20908.829279999998 -67.06305826512245 103.17652879277215 598.7566132152396
60808 21328.829279999998 -41.83757685118653 91.35790933199695 609.0148833105839
60808 21748.82928 -16.10659250035277 86.59257965172092 616.9571751418779
60808 22168.82928 9.689790729225905 82.99581311483853 624.7288721384941
60808 22588.82928 35.360886564998616 78.76928239035686 631.2465381407117
60808 23008.829279999998 60.631286450175914 70.27895099165185 632.0799909583606
60808 23428.829279999998 81.79598090786047 12.816344702025134 622.723836092415
60808 23848.829279999998 65.476291928697 -78.20616674490861 602.7257222735946
60808 24268.829279999998 40.07113819593274 -89.03723042217048 577.6480150744947
60808 24688.829279999998 13.976483630098574 -93.6871395940528 556.9684731059027
60808 25108.829279999998 -12.34037301130714 -97.34674524857921 548.8034287986264
60808 25528.82928 -38.5675198764588 -101.88688458014141 555.0168935174368
60808 25948.82928 -64.23230018501567 -112.07736577867358 570.6362775252361
60808 26368.829279999998 -82.06533367563426 163.19930186658902 587.9610783929364
60808 26788.829279999998 -61.41161824352383 98.9172571129971 601.6399826206061
60808 27208.829279999998 -35.97595860261126 90.0868732406677 611.0939697468611
60808 27628.829279999998 -10.211000754826644 85.8064734424288 618.8499922541495
60808 28048.829279999998 15.571768448041173 82.21624116500769 626.5391529578756
60808 28468.829279999998 41.1858428431502 77.53364776046126 632.1888071305344
60808 28888.82928 66.24675069377201 66.3092412891524 630.9744012528939
60808 29308.82928 81.54262013378026 -28.733293965293885 618.9839890046759
60808 29728.82928 59.7944726295208 -81.99801155730661 597.1118675092986
60808 30148.829279999998 34.14721729937537 -90.25549500556579 572.1462896971552
60808 30568.829279999998 7.973570421738465 -94.4739167606121 553.7888909450888
60808 30988.829279999998 -18.35118823120676 -98.16541404793043 549.0329139065135
60808 31408.829279999998 -44.50827798710094 -103.28435732005443 558.0587742016331
60808 31828.829279999998 -69.84702029601785 -117.4271013959097 574.7827929557061
60808 32248.829279999998 -79.21193332595213 130.2939050524526 591.603947214097
60808 32668.82928 -55.67157446342059 96.00087198854852 604.2209399320751
60808 33088.82928 -30.10572187428296 89.00329145097628 613.0116832388001
60808 33508.82928 -4.319461996101884 85.05289070509826 620.6633645014192
60808 33928.82928 21.441129799964774 81.38779401480785 628.1620941611973
60808 34348.82928 46.98436871892632 76.04374285396523 632.6674236549286
60808 34768.82928 71.69415548578965 60.06271496109572 629.1692249337499
60808 35188.82928 77.94985951970621 -55.687811904648484 614.5769199915185
60808 35608.82928 54.01972534534951 -84.65901806206872 591.216474249476
60808 36028.82928 28.198148225688016 -91.30573282371114 566.9060007103599
60808 36448.82928 1.9622364034662791 -95.23650786417781 551.2780833411001
60808 36868.82928 -24.354353127579223 -99.04838332111001 549.9907394353826
60808 37288.82928 -50.4163578852309 -105.01398470178871 561.5187038590452
60808 37708.82928 -75.16903088427587 -126.57926561098814 578.9567243962051
60808 38128.82928 -74.4992121973614 114.0524869846778 595.0563250699632
60808 38548.82928 -49.87731460392184 93.85590462736818 606.6139245315603
60808 38968.82928 -24.225687868536266 88.05066024017708 614.865634624653
60808 39388.82928 1.5707904409230895 84.31310271264522 622.4472863266169
60808 39808.82928 27.300582122524474 80.4852708798473 629.5420937226678
60808 40228.82928 52.75371297060819 74.17581008109245 632.5533674878432
60808 40648.82928 76.77505828439216 48.95697671725661 626.5563214676507
60808 41068.82928 73.00734611132611 -68.86864296381316 609.4911157580565
60808 41488.82928 48.1782579618704 -86.65678633397772 585.10655626751
60808 41908.82928 22.221522700829563 -92.24059109312869 562.0623988670062
60808 42328.82928 -4.0607772535818825 -95.99475544171851 549.5605170581314
60808 42748.82928 -30.352141790935686 -100.02693586727119 551.714516428803
60808 43168.82928 -56.28435204488228 -107.25506994819197 565.3993589510992
60808 43588.82928 -79.75259976573905 -144.5822995664173 583.161590135651
60808 44008.82928 -69.15100786205541 105.626983047976 598.3570407224323
60808 44428.82928 -44.04505607641813 92.18733014865694 608.8990751421193
60808 44848.82928 -18.335294101651563 87.18831528966766 616.7249647465815
60808 45268.82928 7.461119830295008 83.56871886062851 624.2084234989608
60808 45688.82928 33.15041336137097 79.47434272813327 630.6778471989836
60808 46108.82928 58.48181291032169 71.71645546344699 631.9253690615557
60808 46528.82928 80.84890476820473 26.494118482084957 623.321577261365
60808 46800.000288 -14.033819001329668 -165.56724790023105 8623.110234309923
60808 46920.000288 -15.649147180366862 -163.7796241061 8623.302224446936
60808 47040.000288 -17.249613517251607 -161.9638175372545 8623.613875767413
60808 47160.000288 -18.833346209654483 -160.11656287324377 8623.950978843757
60808 47280.000288 -20.398375098498438 -158.23452886181514 8624.303709534657
60808 47400.000288 -21.94262696820643 -156.31431472209619 8624.669720953609
60808 47520.000288 -23.463913001548086 -154.3524589261252 8625.046553070044
60808 47640.000288 -24.959918489063732 -152.34545000436066 8625.431650903698
60808 47760.000288 -26.42819284757123 -150.28974274637648 8625.822382069362
60808 47880.000288 -27.866140217607857 -148.1817808604512 8626.216054754977
60808 48000.000288 -29.27101100093653 -146.01802724677376 8626.609936113324
60808 48120.000288 -30.63989479539856 -143.7950031049991 8627.001270955549
60808 48240.000288 -31.969715291838646 -141.5093371050868 8627.387300621458
60808 48360.000288 -33.25722781326704 -139.1578257700914 8627.765281898419
60808 48480.000288 -34.49902029416831 -136.73750601265516 8628.132505860185
60808 48600.000288 -35.691518608273455 -134.24574039002064 8628.486316497483
60808 48720.000288 -36.83099724235281 -131.68031505016208 8628.824129013889
60808 48840.000288 -37.913596362966544 -129.03954949344555 8629.143447663093
60808 48960.000288 -38.935346309191544 -126.32241614454577 8629.441883006795
60808 49080.000288 -39.89220044010368 -123.52866632225583 8629.7171684768
60808 49200.000288 -40.78007704323914 -120.6589575609679 8629.967176129656
60808 49320.000288 -41.59491064507457 -117.71497549192961 8630.189931487905
60808 49440.000288 -42.33271254248957 -114.69954182649123 8630.38362736817
60808 49560.000288 -42.98963969899843 -111.61669866626943 8630.546636603376
60808 49680.000288 -43.562070351343515 -108.47175872226386 8630.677523573853
60808 49800.000288 -44.04668381274357 -105.27131139309685 8630.77505447
60808 49920.000288 -44.440541133362665 -102.02317630577386 8630.838206217828
60808 50040.000288 -44.74116260634012 -98.7362989824515 8630.866174007528
60808 50160.000288 -44.94659771732983 -95.42058764951952 8630.858377374358
60808 50280.000288 -45.055483138677396 -92.08669545279812 8630.814464790801
60808 50400.000288 -45.06708483293392 -88.74575782267635 8630.734316738733
60808 50520.000288 -44.98132125237383 -85.4090996190201 8630.618047240061
60808 50640.000288 -44.79876591994999 -82.08793015530465 8630.466003834597
60808 50760.000288 -44.52062919936048 -78.7930456309498 8630.278766004089
60808 50880.000288 -44.14872060956417 -75.53455762458125 8630.057142051211
60808 51000.000288 -43.685394408950835 -72.3216632823115 8629.80216445274
60808 51120.000288 -43.133482199036635 -69.16246822279037 8629.515083715347
60808 51240.000288 -42.49621687643114 -66.06386776626141 8629.197360771373
60808 51360.000288 -41.77715237376758 -63.03148672112592 8628.85065795823
60808 51480.000288 -40.98008332716869 -60.06967334311775 8628.476828630106
60808 51600.000288 -40.108968192956915 -57.18153968621861 8628.077905460717
60808 51720.000288 -39.167858536534155 -54.36903857190444 8627.656087529924
60808 51840.000288 -38.16083635547787 -51.63306674308724 8627.213726356667
60808 51960.000288 -37.09196047881674 -48.97358419554101 8626.753311056518
60808 52080.000288 -35.96522237530596 -46.389740864149495 8626.277452599526
60808 52200.000288 -34.78451114306966 -43.88000345005709 8625.788866929814
60808 52320.000288 -33.5535870504299 -41.44227692223372 8625.290357054302
60808 52440.000288 -32.27606274213817 -39.0740169006903 8624.78479470397
60808 52560.000288 -30.955391094322678 -36.77233059737064 8624.275101879854
60808 52680.000288 -29.594858667921947 -34.534065189969574 8623.764232104852
60808 52800.000288 -28.197583746820207 -32.35588341965661 8623.255151292498
60808 52920.000288 -26.766518028320625 -30.23432685502047 8622.750818404487
60808 53040.000288 -25.30445114023299 -28.165867689604394 8622.25416611718
60808 53160.000288 -23.814017275678292 -26.146950184491324 8621.768081661172
60808 53280.000288 -22.29770335340886 -24.174022974833377 8621.295387961367
60808 53400.000288 -20.757858221082017 -22.243563469297406 8620.838825196684
60808 53520.000288 -19.19670251773927 -20.35209551677672 8620.401032899443
60808 53640.000288 -17.61633889797191 -18.49620142082831 8619.98453271437
60808 53760.000288 -16.018762393604426 -16.672529268057147 8619.591711934618
60808 53880.000288 -14.405870749858963 -14.877796415500969 8619.224807927672
60808 54000.000288 -12.779474622992602 -13.108789862889157 8618.8858935585
60808 54120.000288 -11.141307566716415 -11.362364124073604 8618.576863710574
60808 54240.000288 -9.493035766754899 -9.635437111128425 8618.299422998027
60808 54360.000288 -7.836267508013545 -7.9249844560148475 8618.05507475415
60808 54480.000288 -6.172562378281763 -6.228032618719424 8617.845111372582
60808 54600.000288 -4.503440227229144 -4.5416510670189 8617.670606068223
60808 54720.000288 -2.83038991061443 -2.862943760863143 8617.53240611493
60808 54840.000288 -1.154877857822673 -1.1890401329291584 8617.431127606817
60808 54960.000288 0.5216434933071948 0.4829142746270426 8617.367151779117
60808 55080.000288 2.197727346473885 2.155767379551764 8617.34062291355
60808 55200.000288 3.8719242315015343 3.832370211094761 8617.351447842033
60808 55320.000288 5.542773672386563 5.515586525456052 8617.39929705105
60808 55440.000288 7.208795788063282 7.208302264152086 8617.483607377957
60808 55560.000288 8.868482776930911 8.91343472369682 8617.603586278952
60808 55680.000288 10.520290239469203 10.6339412858593 8617.758217637698
60808 55800.000288 12.162628298341092 12.372827529679917 8617.946269072607
60808 55920.000288 13.793852482640746 14.133154508726527 8618.166300690551
60808 56040.000288 15.412254352905128 15.918044928911552 8618.416675224684
60808 56160.000288 17.01605185689308 17.730687902762973 8618.695569484702
60808 56280.000288 18.60337942373496 19.574341884506957 8619.000987038833
60808 56400.000288 20.17227782697691 21.452335306278396 8619.330772038797
60808 56520.000288 21.72068387635839 23.368064339166256 8619.68262409116
60808 56640.000288 23.24642003530556 25.32498709471484 8620.054114071801
60808 56760.000288 24.747184107432673 27.326613465309137 8620.442700774054
60808 56880.000288 26.2205391923073 29.376489680221656 8620.845748275657
60808 57000.000288 27.66390417955728 31.47817653551769 8621.260543905275
60808 57120.000288 29.07454513200428 33.63522015220053 8621.684316685556
60808 57240.000288 30.449568002968626 35.85111404462242 8622.114256126777
60808 57360.000288 31.785913239129115 38.129251263338574 8622.547531243255
60808 57480.000288 33.080352935341075 40.47286544321746 8622.981309663397
60808 57600.000288 34.32949132604598 42.88495977587754 8623.41277670389
60808 57720.000288 35.52976951029129 45.36822327836431 8623.83915427925
60808 57840.000288 36.67747540062487 47.924934293029324 8624.257719519328
60808 57960.000288 37.7687599421001 50.556851968716565 8624.66582297013
60808 58080.000288 38.79966064339166 53.26509756896873 8625.060906257266
60808 58200.000288 39.76613337080459 56.050028829881455 8625.440519095822
60808 58320.000288 40.664093149585874 58.91111220466922 8625.802335532928
60808 58440.000288 41.48946437017848 61.846799577987056 8626.144169305897
60808 58560.000288 42.238240293816126 64.85441772836428 8626.463988194186
60808 58680.000288 42.90655109325985 67.93008020170392 8626.759927260853
60808 58800.000288 43.490738876764134 71.06863201049352 8627.030300930677
60808 58920.000288 43.98743728457853 74.26363735241424 8627.273613881993
60808 59040.000288 44.393652408320634 77.50741905994735 8627.488570671996
60808 59160.000288 44.7068410824682 80.79115560209299 8627.674083953438
60808 59280.000288 44.92498216298955 84.10503724171072 8627.829281186778
60808 59400.000288 45.04663635669308 87.43847776939097 8627.953509840303
60808 59520.000288 45.0709905704484 90.78037272273974 8628.046341090274
60808 59640.000288 44.997883619649336 94.11938997527012 8628.107572006684
60808 59760.000288 44.82781139825992 97.44427487873419 8628.137226198309
60808 59880.000288 44.56191112243632 100.74415042843249 8628.135552902546
60808 60000.000288 44.201925820807695 104.00879351070023 8628.103024523884
60808 60120.000288 43.75015165125269 107.22887107529053 8628.040332639715
60808 60240.000288 43.209371701902434 110.39612454398188 8627.94838250342
60808 60360.000288 42.582780572678864 113.50349614589163 8627.82828608455
60808 60480.000288 41.87390420193068 116.54519630917407 8627.681353695152
60808 60600.000288 41.08651914461526 119.51671599657354 8627.509084260231
60808 60720.000288 40.224574922932554 122.41479144537931 8627.31315429938
60808 60840.000288 39.292122283310135 125.23733094420989 8627.095405695034
60808 60960.000288 38.29324933118678 127.98331409378211 8626.857832330805
60808 61080.000288 37.232026682773714 130.65267368658797 8626.602565691108
60808 61200.000288 36.11246204542543 133.24616922576422 8626.33185951998
60808 61320.000288 34.938464056792824 135.7652595246536 8626.0480736436
60808 61440.000288 33.713814790107136 138.21198007979825 8625.753657066625
60808 61560.000288 32.44215006005532 140.58882921292073 8625.451130457304
60808 61680.000288 31.126946519188486 142.89866547422054 8625.143068140931
60808 61800.000288 29.77151449121845 145.14461756249034 8624.83207972438
60808 61920.000288 28.37899551701948 147.3300070660087 8624.520791477365
60808 62040.000288 26.952363666635215 149.4582836452578 8624.211827597968
60808 62160.000288 25.49442977555711 151.5329718274566 8623.907791490828
60808 62280.000288 24.007847880288693 153.55762831895888 8623.611247186904
60808 62400.000288 22.49512324577774 155.5358086198994 8623.32470103266
60808 62520.000288 20.958621488387106 157.4710417057761 8623.050583775348
60808 62640.000288 19.40057839861819 159.3668115893954 8622.791233168193
60808 62760.000288 17.823110155841196 161.2265446673098 8622.548877216377
60808 62880.000288 16.228223702307332 163.05360186795278 8622.325618180308
60808 63000.000288 14.617827106453431 164.851274739964 8622.123417447736
60808 63120.000288 12.993739796865489 166.62278473935183 8621.944081380498
60808 63240.000288 11.357702589772753 168.37128508716776 8621.789248235187
60808 63360.000288 9.711387465957271 170.09986467183893 8621.660376249627
60808 63480.000288 8.056407078843094 171.81155356067356 8621.558732979265
60808 63600.000288 6.39432399567216 173.50932976270963 8621.485385958958
60808 63720.000288 4.726659688952795 175.19612695049005 8621.441194756406
60808 63840.000288 3.054903306981846 176.87484290197312 8621.426804474098
60808 63960.000288 1.3805202607124283 178.54834846663516 8621.442640746312
60808 64080.000288 -0.2950393296365527 -179.78050310738962 8621.488906267467
60808 64200.000288 -1.9703322807047703 -178.10886662471677 8621.565578877213
60808 64320.000288 -3.6439140348303605 -176.43389529732866 8621.672411216838
60808 64440.000288 -5.314330340477134 -174.75273112040904 8621.808931960424
60808 64560.000288 -6.980108873362429 -173.06249538878143 8621.974448612502
60808 64680.000288 -8.639750749026021 -171.3602794827615 8622.168051852585
60808 64800.000288 -10.291721880612512 -169.6431360700742 8622.388621391068
60808 64920.000288 -11.934444140728699 -167.90807089682968 8622.63483326404
60808 65040.000288 -13.56628629702844 -166.15203537233907 8622.90516855101
60808 65160.000288 -15.18555493028143 -164.37192012534214 8623.189650023842
60808 65280.000288 -16.79050117360382 -162.56453110371203 8623.391893759032
60808 65400.000288 -18.379292416285594 -160.72660524686427 8623.523556540333
60808 65520.000288 -19.94998249808461 -158.8548321144137 8623.826236917583
60808 65640.000288 -21.500499810230146 -156.94586335542394 8624.20571873421
60808 65760.000288 -23.028688687068573 -154.99625520970565 8624.60010195276
60808 65880.000288 -24.53227019068197 -153.00251079371037 8625.004260176236
60808 66000.000288 -26.008833788590163 -150.96109250892005 8625.415370785324
60808 66120.000288 -27.455826198099576 -148.86844465685778 8625.830710390528
60808 66240.000288 -28.8705427411794 -146.72102124953017 8626.247513967946
60808 66360.000288 -30.250119836012722 -144.51532244592994 8626.66298881588
60808 66480.000288 -31.59152927091204 -142.24794070963787 8627.074332957596
60808 66600.000288 -32.89157491254777 -139.91561786309472 8627.478754052989
60808 66720.000288 -34.146892613366504 -137.51531405374988 8627.873488338339
60808 66840.000288 -35.353954196210246 -135.04428932455176 8628.255819408223
60808 66960.000288 -36.50907649105412 -132.50019795531256 8628.623096699199
60808 67080.000288 -37.60843646169312 -129.88119497035132 8628.972753546817
60808 67200.000288 -38.64809346703409 -127.18605316028994 8629.30232469327
60808 67320.000288 -39.62401962618261 -124.41428763576698 8629.609463127415
60808 67440.000288 -40.53213907059746 -121.56628335382717 8629.89195614428
60808 67560.000288 -41.368376544433126 -118.64341932848603 8630.147740516502
60808 67680.000288 -42.12871533768714 -115.64818152454048 8630.374916676385
60808 67800.000288 -42.80926390392088 -112.58425498554624 8630.571761814112
60808 67920.000288 -43.40632974671533 -109.45658487592475 8630.736741804982
60808 68040.000288 -43.91649830923201 -106.27139616319062 8630.868521886505
60808 68160.000288 -44.336713754790324 -103.03616293001483 8630.965976014475
60808 68280.000288 -44.66435779726268 -99.75952096183207 8631.028194836072
60808 68400.000288 -44.89732225642019 -96.45112126464807 8631.05449222719
60808 68520.000288 -45.034070894476145 -93.12142721446327 8631.044410350554
60808 68640.000288 -45.07368641842722 -89.78146353142304 8630.997723201082
60808 68760.000288 -45.01589932793931 -86.44253041449356 8630.914438614813
60808 68880.000288 -44.86109649177224 -83.11590012319738 8630.794798727624
60808 69000.000288 -44.610308812402934 -79.8125153522196 8630.63927888045
60808 69120.000288 -44.26517889975399 -76.54270853227403 8630.448584977421
60808 69240.000288 -43.827911114746094 -73.3159587462773 8630.223649313974
60808 69360.000288 -43.3012074803616 -70.14069872244681 8629.96562490194
60808 69480.000288 -42.688193670127276 -67.02417909550655 8629.675878328673
60808 69600.000288 -41.99233952735117 -63.97239166180775 8629.355981197157
60808 69720.000288 -41.217378375662314 -60.99004846029258 8629.007700201415
60808 69840.000288 -40.36722884367673 -58.08060973441741 8628.632985892651
60808 69960.000288 -39.445922166879065 -55.246351432829684 8628.233960179097
60808 70080.000288 -38.457537075132365 -52.48846188334321 8627.812902585989
60808 70200.000288 -37.406143534094056 -49.80715742081745 8627.372235380879
60808 70320.000288 -36.29575586281574 -47.2018077509032 8626.914508003223
60808 70440.000288 -35.13029514421491 -44.671063349198505 8626.442381365623
60808 70560.000288 -33.913560397451924 -42.21297892725683 8625.958611303078
60808 70680.000288 -32.649207686620066 -39.82512871107484 8625.466029698538
60808 70800.000288 -31.340736176825576 -37.50471081449051 8624.967524721531
60808 70920.000288 -29.991480088772587 -35.248639266515276 8624.466022334722
60808 71040.000288 -28.604605521206572 -33.05362324691082 8623.96446811773
60808 71160.000288 -27.183111182280257 -30.91623381027909 8623.465808294442
60808 71280.000288 -25.72983217238582 -28.832958864877583 8622.972970331146
60808 71400.000288 -24.24744607592077 -26.800247463191695 8622.488843649442
60808 71520.000288 -22.738480736866112 -24.814544603438172 8622.016260668537
60808 71640.000288 -21.20532320514999 -22.87231777557617 8621.557978265044
60808 71760.000288 -19.650229442961916 -20.970076446554526 8621.116659741689
60808 71880.000288 -18.075334470102426 -19.104385594768964 8620.694857414615
60808 72000.000288 -16.482662704456 -17.271874293768594 8620.29499593504
60808 72120.000288 -14.874138318208063 -15.469240225021732 8619.919356459637
60808 72240.000288 -13.251595483489213 -13.6932508791227 8619.57006177904
60808 72360.000288 -11.616788424104378 -11.94074209069598 8619.249062507708
60808 72480.000288 -9.971401224251808 -10.208614448137435 8618.958124430901
60808 72600.000288 -8.317057372124252 -8.493828027192384 8618.69881709689
60808 72720.000288 -6.655329037236417 -6.793395817768954 8618.472503733827
60808 72840.000288 -4.987746096387118 -5.104376146188897 8618.280332561586
60808 72960.000288 -3.315804935286506 -3.4238643396633175 8618.123229559294
60808 73080.000288 -1.6409770618710486 -1.7489838353592115 8618.001892738863
60808 73200.000288 0.03528242620689701 -0.07687690212114404 8617.916787964601
60808 73320.000288 1.7115264729776871 1.5953048820134255 8617.868146347635
60808 73440.000288 3.3863077447555234 3.270410269575029 8617.855963233167
60808 73560.000288 5.058170308911515 4.951297981624473 8617.879998786853
60808 73680.000288 6.725641259838634 6.64084622466129 8617.939780175662
60808 73800.000288 8.38722224247421 8.341961958898862 8618.034605326846
60808 73920.000288 10.041380826581618 10.057589773700546 8618.163548237813
60808 74040.000288 11.6865416894993 11.790720200547476 8618.325465798578
60808 74160.000288 13.321077571643487 13.54439725908956 8618.519006077851
60808 74280.000288 14.943299978152474 15.321724986795296 8618.742618013768
60808 74400.000288 16.551449612360063 17.125872646646275 8618.994562440192
60808 74520.000288 18.143686543074274 18.96007823938896 8619.272924370754
60808 74640.000288 19.718080128862486 20.827649866452052 8619.575626453832
60808 74760.000288 21.2725987498871 22.731964396638297 8619.900443504026
60808 74880.000288 22.80509943253695 24.67646278475655 8620.24501800832
60808 75000.000288 24.313317495593225 26.664641275423197 8620.606876498801
60808 75120.000288 25.7948564003893 28.700037604246894 8620.983446677981
60808 75240.000288 27.247178052683672 30.786211188087716 8621.3720751782
60808 75360.000288 28.667593881793717 32.92671618641007 8621.770045832247
60808 75480.000288 30.053257113333235 35.12506623209545 8622.174598329464
60808 75600.000288 31.401156754921594 37.384689593466355 8622.582947129216
60808 75720.000288 32.70811392717509 39.708873567673955 8622.992300502117
60808 75840.000288 33.970781290399884 42.100697054114036 8623.399879569095
60808 75960.000288 35.185646432707465 44.562950556634334 8623.802937208331
60808 76080.000288 36.34904018582219 47.09804336038594 8624.19877670175
60808 76200.000288 37.45715090391719 49.707898367081675 8624.584769994264
60808 76320.000288 38.50604575683596 52.39383608475698 8624.958375442176
60808 76440.000288 39.49170002617056 55.15645056543099 8625.31715493124
60808 76560.000288 40.41003522275798 57.99548163748779 8625.658790250955
60808 76680.000288 41.25696654053666 60.909689502972235 8625.981098620041
60808 76800.000288 42.028459704866364 63.89673950431887 8626.282047265504
60808 76920.000288 42.72059665853435 66.95310637196644 8626.55976695265
60808 77040.000288 43.32964877391594 70.07400823671425 8626.812564339267
60808 77160.000288 43.8521554334298 73.25338078736205 8627.038933030513
60808 77280.000288 44.28500496415741 76.48390086323576 8627.2375633148
60808 77400.000288 44.625514157725284 79.75706629475016 8627.407350656229
60808 77520.000288 44.871502080991135 83.0633349493011 8627.547402884446
60808 77640.000288 45.02135370970136 86.39232098254388 8627.657045855629
60808 77760.000288 45.07406918528847 89.73304079817174 8627.735827478624
60808 77880.000288 45.029295233741074 93.07419596144396 8627.783520181532
60808 78000.000288 44.887336446258345 96.40447614391118 8627.80012188259
60808 78120.000288 44.64914557823083 99.71286283171385 8627.785855452645
60808 78240.000288 44.31629359127721 102.98891443914717 8627.741166643413
60808 78360.000288 43.890921635518154 106.22301565014166 8627.666720481242
60808 78480.000288 43.375678358243995 109.4065778603794 8627.563396150663
60808 78600.000288 42.773646698951474 112.53218279644412 8627.43228040574
60808 78720.000288 42.0882646347737 115.59366689646305 8627.274659556744
60808 78840.000288 41.32324419825015 118.58614905903096 8627.092010087797
60808 78960.000288 40.48249258680751 121.50600832205926 8626.885987969312
60808 79080.000288 39.570038441307496 124.3508206202157 8626.658416737673
60808 79200.000288 38.58996551822702 127.11926496293181 8626.41127442255
60808 79320.000288 37.54635512947857 129.81100936005737 8626.146679410063
60808 79440.000288 36.44323795988589 132.4265859053593 8625.866875337322
60808 79560.000288 35.28455524564649 134.9672629508586 8625.574215120452
60808 79680.000288 34.07412882802824 137.43492057879436 8625.271144224396
60808 79800.000288 32.81563928169485 139.83193384702827 8624.96018328802
60808 79920.000288 31.512611137776055 142.16106671326054 8624.643910222729
60808 80040.000288 30.168404151720257 144.42537822454582 8624.324941906638
60808 80160.000288 28.786209576907392 146.62814152420884 8624.005915599497
60808 80280.000288 27.369050470882755 148.77277547003953 8623.689470205712
60808 80400.000288 25.91978515985659 150.86278814343626 8623.378227514162
60808 80520.000288 24.441113101830986 152.90173121540752 8623.074773544211
60808 80640.000288 22.935582506953097 154.89316397664615 8622.781640126528
60808 80760.000288 21.405599187262148 156.84062579332578 8622.501286846536
60808 80880.000288 19.85343621192856 158.7476157821238 8622.236083475676
60808 81000.000288 18.281244035856258 160.61757857886096 8621.988293012737
60808 81120.000288 16.69106084836783 162.45389518339562 8621.760055453724
60808 81240.000288 15.084822954898318 164.25987798351372 8621.553372403412
60808 81360.000288 13.464375059174657 166.0387691818507 8621.370092636673
60808 81480.000288 11.831480357600316 167.7937419654273 8621.211898710675
60808 81600.000288 10.187830392898887 169.52790386323508 8621.080294722204
60808 81720.000288 8.535054641913298 171.24430183125315 8620.97659529631
60808 81840.000288 6.874729834122169 172.9459286857138 8620.901915883935
60808 81960.000288 5.20838901406895 174.63573057430276 8620.857164437211
60808 82080.000288 3.5375303734558416 176.31661523201547 8620.843034521326
60808 82200.000288 1.8636258880073084 177.9914608142448 8620.859999911965
60808 82320.000288 0.18812980093258477 179.66312513534564 8620.908310716895
60808 82440.000288 -1.4875130005018868 -178.66554483292188 8620.98799104952
60808 82560.000288 -3.161858665828833 -176.99170333129226 8621.098838271439
60808 82680.000288 -4.83345606873605 -175.31249617041516 8621.240423810084
60808 82800.000288 -6.500838449819928 -173.62505119406296 8621.412095546222
60808 82920.000288 -8.16251496485574 -171.92646897347797 8621.612981755392
60808 83040.000288 -9.816962091291973 -170.2138138736147 8621.841996575913
60808 83160.000288 -11.462614849959719 -168.48410565606147 8622.097846964913
60808 83280.000288 -13.09785780522687 -166.73431181673746 8622.37904109128
60808 83400.000288 -14.721015815624288 -164.96134089973455 8622.683898096604
60808 83520.000288 -16.330344519198622 -163.16203708232766 8623.010559126393
60808 83640.000288 -17.924020557351067 -161.33317638746004 8623.356999645686
60808 83760.000288 -19.50013161135935 -159.47146489705398 8623.72098972219
60808 83880.000288 -21.05666063291688 -157.5735464094699 8624.12081253336
60808 84000.000288 -22.591493576859875 -155.63598494072252 8624.51138682798
60808 84120.000288 -24.10238693991289 -153.65529891114969 8624.913311252707
60808 84240.000288 -25.586969858914138 -151.62795969116655 8625.322906629497
60808 84360.000288 -27.04273105633188 -149.55041434719348 8625.737456769702
60808 84480.000288 -28.46701026530403 -147.41911081620685 8626.154207979756
60808 84600.000288 -29.856990321266085 -145.2305317630136 8626.57037408537
60808 84720.000288 -31.209690861450984 -142.98123781705775 8626.98315421013
60808 84840.000288 -32.52196425995918 -140.66792137770778 8627.389751586046
60808 84960.000288 -33.790494529993616 -138.28747206441614 8627.787392495626
60808 85080.000288 -35.011800039759216 -135.83705461570986 8628.173345109328
60808 85200.000288 -36.18224099163277 -133.3141995782081 8628.54493806857
60808 85320.000288 -37.29803268902379 -130.7169064300704 8628.899578683095
60808 85440.000288 -38.355265640783315 -128.04375781739122 8629.234770618286
60808 85560.000288 -39.34993350408427 -125.29404233174151 8629.548130952986
60808 85680.000288 -40.277969715415054 -122.46788174437027 8629.837406493181
60808 85800.000288 -41.135293378658744 -119.56635691335674 8630.100489232413
60808 85920.000288 -41.91786454823785 -116.59162484084632 8630.335430855499
60808 86040.000288 -42.621748456405996 -113.547017803736 8630.540456188934
60808 86160.000288 -43.24318750103299 -110.43711440965579 8630.713975508184
60808 86280.000288 -43.77867897676584 -107.26777217836086 8630.85459562007
