CIC_OEM_VERS = 2.0
CREATION_DATE = 2025-05-13T09:56:03.748370
ORIGINATOR = ISAE-SUPAERO


META_START
OBJECT_NAME = PLEIADES-NEO3
OBJECT_ID = PLEIADES-NEO3
CENTER_NAME = Earth
REF_FRAME = EME2000
TIME_SYSTEM = UTC
START_TIME = 2025-05-13T04:34:46.349
USEABLE_START_TIME = 2025-05-13T04:34:46.349
USEABLE_STOP_TIME = 2025-05-13T23:56:46.349
STOP_TIME = 2025-05-13T23:56:46.349
INTERPOLATION = lagrange
INTERPOLATION_DEGREE = 5
META_STOP



60808 16486.349000000002 -6143.5243 -3360.5765 14.675844999999999 -0.48267079 0.91688879 7.4729236000000006
60808 16906.349000000002 -5716.6957999999995 -2647.8360000000002 3045.7322999999997 2.4636621 2.4101727 6.7149093
60808 17326.349000000002 -4139.9428 -1402.4875 5462.4563 4.9117145 3.4163566000000003 4.597278500000001
60808 17746.349000000002 -1730.2283 125.04611 6777.157 6.3662063 3.7329914 1.5567804
60808 18166.349 1027.2448000000002 1627.5140000000001 6726.4962000000005 6.5401723 3.2993545 -1.7936846000000002
60808 18586.349 3578.2537 2802.9846000000002 5321.0137 5.3995885 2.2022104 -4.7849805
60808 19006.349 5409.283 3414.5308 2842.4312000000004 3.1694853 0.65950112 -6.8157991
60808 19426.349 6149.4738 3337.5033 -210.88551999999999 0.296663 -1.0187341 -7.4722299
60808 19846.349 5649.6556 2587.547 -3221.1748 -2.6358441 -2.4913671 -6.6170475
60808 20266.349000000002 4010.7523 1315.7851 -5580.8678 -5.0330216000000005 -3.4600859 -4.4274819
60808 20686.349000000002 1565.0131000000001 -220.71109 -6815.0554 -6.413822100000001 -3.7313575 -1.3495673
60808 21106.349000000002 -1195.1736 -1712.9068 -6676.465099999999 -6.5052528 -3.2528568 1.9983598999999999
60808 21526.349000000002 -3714.9852 -2860.7845 -5192.5331 -5.2882817 -2.1194211000000003 4.9475777
60808 21946.349 -5486.6381 -3432.4461 -2659.4785 -3.0025144 -0.55608609 6.903843
60808 22366.349 -6151.0648 -3311.578 410.76679 -0.1066934 1.1220124 7.464817
60808 22786.349 -5573.7733 -2522.1581 3398.1497999999997 2.8082381 2.5723475 6.515312
60808 23206.349 -3868.9271000000003 -1222.3901 5697.076 5.1569767 3.5045221000000004 4.2516295
60808 23626.349 -1386.7421000000002 322.86446 6847.5165 6.4599374 3.7276626000000004 1.1336909000000002
60808 24046.349000000002 1374.3025 1803.2458000000001 6617.6313 6.463034700000001 3.2012304 -2.2094336
60808 24466.349000000002 3858.9884 2921.0782000000004 5053.979 5.166167000000001 2.0305045 -5.1093698000000005
60808 24886.349000000002 5566.8378 3450.9035 2470.491 2.8263982000000003 0.44878497 -6.9820291
60808 25306.349 6152.4782000000005 3285.0634 -612.21164 -0.08557930899999999 -1.2250074 -7.4450198
60808 25726.349 5496.687599999999 2456.3272 -3571.2401 -2.9789937 -2.651273 -6.4044006
60808 26146.349 3734.5506 1133.1707 -5809.6818 -5.2675714 -3.5412387 -4.0727318
60808 26566.349 1221.6708999999998 -417.83662 -6877.4598 -6.4937806 -3.7182711 -0.92548951
60808 26986.349 -1536.4543 -1884.987 -6561.0026 -6.415798 -3.1487699 2.4069611
60808 27406.349000000002 -3985.7495 -2973.4135 -4923.1546 -5.0475601 -1.9451356000000002 5.2595966
60808 27826.349000000002 -5634.147599999999 -3464.2674 -2292.7741 -2.6576052 -0.34628393 7.054015000000001
60808 28246.349000000002 -6146.5135 -3256.926 799.1158800000001 0.26528254 1.3210438 7.4238170000000006
60808 28666.349000000002 -5416.4528 -2390.9404 3730.8647 3.1371932 2.7244650999999998 6.2993949
60808 29086.349 -3597.5077 -1044.3089 5910.414900000001 5.3735948 3.5768985 3.9014614
60808 29506.349 -1055.2787 512.2707800000001 6898.3845 6.5250338 3.7086572 0.72339816
60808 29926.349 1698.8487 1966.0396 6497.8453 6.3658641 3.0957838000000004 -2.5982151
60808 30346.349 4111.6629 3024.8906 4788.9803 4.9268883 1.8597972 -5.4006273
60808 30766.349 5697.0306 3475.0452000000005 2114.2043 2.4916766 0.24610361 -7.118632400000001
60808 31186.349000000002 6137.4337000000005 3226.6369 -987.55521 -0.44462504 -1.4161405 -7.3953267
60808 31606.349000000002 5337.5665 2326.1672000000003 -3889.2232000000004 -3.2908599 -2.7937979 -6.1844581
60808 32026.349000000002 3465.4239 958.4895799999999 -6006.851900000001 -5.4707004 -3.6072262 -3.7276716000000003
60808 32446.349 897.41592 -601.7072 -6915.429099999999 -6.5489811 -3.6954466000000004 -0.52535504
60808 32866.349 -1850.5621 -2041.2052 -6433.218900000001 -6.3132067 -3.0421707000000002 2.7829289
60808 33286.349 -4226.6946 -3070.7064 -4655.7753 -4.8074528 -1.7757427000000001 5.537272700000001
60808 33706.349 -5753.840200000001 -3483.3717 -1940.3876 -2.3295152 -0.14905857 7.175874100000001
60808 34126.349 -6119.3451 -3192.9506 1166.6473999999998 0.62103888 1.5099593 7.3680376
60808 34546.349 -5250.2746 -2258.2567999999997 4038.2625000000003 3.4459602 2.8644107 6.071379
60808 34966.349 -3323.1671 -868.43989 6094.1415 5.5728342 3.6401389 3.5512318
60808 35386.349 -727.41705 696.16024 6920.8676 6.5762692 3.6828569000000004 0.31844531000000004
60808 35806.349 2014.5609 2120.7828 6352.4845000000005 6.2573066 2.9848829 -2.979037
60808 36226.349 4351.130700000001 3118.6192 4502.4248 4.677054600000001 1.6843194000000001 -5.6803672
60808 36646.349 5810.0294 3487.4844 1742.3771000000002 2.1498126 0.041321632000000004 -7.2374111
60808 37066.349 6095.534000000001 3152.0162 -1370.4464 -0.81348732 -1.6112755 -7.3302848
60808 37486.349 5150.1255 2180.0212 -4205.9081 -3.6092071999999997 -2.9369316 -5.9407949
60808 37906.349 3166.998 768.6944599999999 -6192.1218 -5.6715371999999995 -3.6681683 -3.3558279000000004
60808 38326.349 547.17724 -797.22694 -6930.5105 -6.5904029 -3.6611857 -0.1008574
60808 38746.349 -2182.4767 -2203.1441 -6274.152700000001 -6.1859499 -2.9192744 3.1731298000000003
60808 39166.349 -4473.6376 -3166.5137000000004 -4354.4276 -4.5372893 -1.5893351 5.812593700000001
60808 39586.349 -5864.4835 -3492.6666 -1556.3098 -1.9708843999999999 0.063733771 7.2835246
60808 40006.349 -6073.1512999999995 -3114.9415 1555.1373999999998 0.99226292 1.7039692 7.2842215
60808 40426.349 -5056.9493 -2108.6616000000004 4353.9925 3.7567644000000002 3.0017206 5.8141901
60808 40846.349 -3023.5092000000004 -678.29373 6274.067400000001 5.7596353 3.6926106 3.1730526
60808 41266.349 -382.36342 888.4657900000001 6930.0981 6.6022108 3.6406798 -0.10203266000000001
60808 41686.349 2335.5367 2276.8566 6191.2273 6.1190002 2.8576442 -3.3566084000000003
60808 42106.349 4583.9328 3207.6248 4205.049900000001 4.4039402 1.4983198 -5.940055999999999
60808 42526.349 5908.1907 3491.6533 1368.4174 1.7963619000000002 -0.16682031 -7.3303232
60808 42946.349 6040.5521 3071.4258 -1744.207 -1.1772343 -1.8000857000000001 -7.2364626
60808 43366.349 4953.3324 2031.1028999999999 -4503.6727 -3.9107418 -3.068785 -5.6789776000000005
60808 43786.349 2867.2009 581.0921 -6353.098 -5.8514702 -3.7171398 -2.9781918000000003
60808 44206.349 204.22118 -985.8649300000001 -6921.200900000001 -6.6122996 -3.6169148 0.31877910000000004
60808 44626.349 -2499.786 -2354.6337000000003 -6094.348599999999 -6.0436326000000005 -2.7894691 3.5514149
60808 45046.349 -4700.7746 -3249.6586 -4038.2821000000004 -4.257098699999999 -1.3990795 6.0719887
60808 45466.349 -5954.2608 -3489.7139 -1166.2359 -1.6089151 0.27586657000000003 7.3689995
60808 45886.349 -6006.4847 -3025.7377 1941.6580000000001 1.3649485 1.8958382999999999 7.1755535
60808 46306.349 -4841.2813 -1948.3973 4655.477 4.0635327000000006 3.1344626 5.5374094
60808 46726.349 -2704.4036 -480.08092 6431.9214 5.9367973 3.7374164999999997 2.7778924000000003
60808 47146.349 -23.170619 1084.9641000000001 6910.9348 6.6123901 3.5877455 -0.5350718900000001
60808 47566.349 2662.7632000000003 2432.0749 5997.8956 5.959181 2.7174316 -3.7382911
60808 47986.349 4813.5052000000005 3290.4302000000002 3876.4684 4.1069103 1.2997724000000002 -6.1910738
60808 48406.349 5995.6009 3486.6891 973.06224 1.425105 -0.38156982 -7.3973701
60808 48826.349 5966.7394 2978.6483 -2128.0112000000004 -1.5456637000000002 -1.9877842000000001 -7.1135507
60808 49246.349 4732.8721 1869.3101000000001 -4796.545400000001 -4.2071479 -3.1949446 -5.394016400000001
60808 49666.349 2542.0464 381.75549 -6494.2155 -6.0249654 -3.7595129000000003 -2.5781205000000003
60808 50086.349 -158.75416 -1181.5623 -6880.404 -6.6200653 -3.5608225000000004 0.7640851900000001
60808 50506.349 -2829.0821 -2507.8188999999998 -5877.6957 -5.8703084 -2.6386393 3.9514356
60808 50926.349 -4927.491 -3327.4132000000004 -3685.5437 -3.935142 -1.1846319 6.332762
60808 51346.349 -6028.0217 -3473.1508 -744.7849100000001 -1.2106054 0.50623311 7.435738300000001
60808 51766.349 -5910.2941 -2916.9015 2347.4817000000003 1.7616429 2.0970883 7.0356084
60808 52186.349 -4598.1939 -1771.2013000000002 4964.2303 4.374763700000001 3.2630311 5.2139407
60808 52606.349 -2358.3540000000003 -267.95099 6578.0964 6.1023538 3.7697647 2.3420149
60808 53026.349 355.30983000000003 1288.8931000000002 6865.336200000001 6.5986425 3.5169738 -0.99707997
60808 53446.349 2997.5251000000003 2586.6557000000003 5768.8526 5.7680643 2.5570782 -4.1349933000000005
60808 53866.349 5036.6228 3364.0722 3508.9489 3.7752221 1.081167 -6.4422718
60808 54286.349 6061.0602 3463.8162 540.4294100000001 1.0190545 -0.6145723799999999 -7.450657100000001
60808 54706.349 5861.1548 2864.0258 -2536.4877 -1.9432692 -2.1873528 -6.9564319
60808 55126.349 4475.7368 1684.7368000000001 -5100.3161 -4.5162623 -3.3208946999999998 -5.058570899999999
60808 55546.349 2186.4654 165.13432999999998 -6632.0344000000005 -6.180257800000001 -3.7847448 -2.1317428
60808 55966.349 -544.12377 -1388.1089 -6823.6005000000005 -6.5903857 -3.4800432999999997 1.2329860000000001
60808 56386.349 -3162.7969 -2660.3383 -5636.389400000001 -5.6632644 -2.4698172 4.3430664
60808 56806.349 -5141.7385 -3394.3715 -3305.5528 -3.5952776 -0.9625188600000001 6.5730883
60808 57226.349 -6080.4641 -3441.6189 -303.63576 -0.7976289799999999 0.7415747699999999 7.4752676000000005
60808 57646.349 -5789.1827 -2792.6973 2759.955 2.1600251 2.2949591000000003 6.8617498
60808 58066.349 -4329.731400000001 -1580.2742 5265.1432 4.6738235 3.3811648 4.8617068
60808 58486.349 -1997.6652 -49.201716999999995 6707.3663 6.2405311 3.7847899000000003 1.8899323
60808 58906.349 735.51387 1491.8696000000002 6799.901900000001 6.5524421 3.4284728 -1.4562891
60808 59326.349 3321.1335 2733.7637000000004 5525.211700000001 5.549748800000001 2.3841957000000003 -4.510378800000001
60808 59746.349 5239.7935 3426.7356 3138.4022999999997 3.4296438 0.8586220600000001 -6.661379200000001
60808 60166.349 6103.6111 3429.8072 117.78131 0.61322118 -0.8437889900000001 -7.472326
60808 60586.349 5737.072099999999 2741.6054 -2926.0692999999997 -2.3284029 -2.3769739 -6.7728333
60808 61006.349 4214.137900000001 1500.7866000000001 -5378.6101 -4.7989234 -3.4302226 -4.705579800000001
60808 61426.349 1842.55 -42.291608000000004 -6745.3147 -6.3007362 -3.7918817 -1.6912461
60808 61846.349 -899.7837099999999 -1576.866 -6751.2747 -6.5344032 -3.3904523 1.6636125
60808 62266.349 -3461.0919 -2794.0667000000003 -5394.6598 -5.4514922 -2.3051961999999997 4.6867842
60808 62686.349 -5323.985900000001 -3447.6367000000005 -2947.848 -3.2661099 -0.75259993 6.7668832000000005
60808 63106.349 -6111.2712 -3404.6426 96.222167 -0.41832553 0.95387692 7.4789196
60808 63526.349 -5663.9692000000005 -2673.7989 3121.0642000000003 2.5116563000000003 2.4663766000000003 6.6762188
60808 63946.349 -4071.2264 -1402.0068999999999 5514.3473 4.9302982 3.4796288 4.528689900000001
60808 64366.349 -1661.0158999999999 151.12284 6796.2127 6.3498999000000005 3.7896085 1.4724286
60808 64786.349 1082.7975000000001 1674.0415 6710.2213 6.492833 3.3386660000000004 -1.8743766000000002
60808 65206.349 3609.3551 2861.1527 5274.7136 5.3328566 2.2175621999999997 -4.8449331
60808 65626.349 5410.973599999999 3473.6538 2777.2960000000003 3.0987439 0.64866581 -6.8443151
60808 66046.349 6123.6584 3387.0794 -280.70704 0.23611088000000002 -1.0539813 -7.4655696
60808 66466.349 5602.4304 2618.0676000000003 -3281.6752 -2.6748588 -2.5447694000000003 -6.5789999
60808 66886.349 3952.9353 1321.8033 -5620.0185 -5.0449219 -3.5220268999999997 -4.365170600000001
60808 67306.349 1508.0645 -240.45257 -6824.728099999999 -6.397969600000001 -3.7899526999999997 -1.2733859
60808 67726.349 -1240.0554 -1754.3406000000002 -6653.380400000001 -6.4643063000000005 -3.2955432 2.0758979
60808 68146.349 -3737.8616 -2914.5831000000003 -5138.5187000000005 -5.2274438000000005 -2.1353944 5.0141450999999995
60808 68566.349 -5482.705400000001 -3488.2644 -2589.3462000000004 -2.9313298 -0.54192023 6.9376299
60808 68986.349 -6118.0253 -3355.6326000000004 487.67109999999997 -0.041491363999999996 1.1629612 7.4624549
60808 69406.349 -5516.5132 -2544.588 3465.9076 2.8563114 2.6326006000000004 6.4751348
60808 69826.349 -3798.804 -1219.1499 5737.8725 5.1776808 3.5714691 4.1808033
60808 70246.349 -1315.4968999999999 352.70785 6854.7005 6.4473877 3.7864303 1.0445474
60808 70666.349 1433.3613 1853.7451 6586.3914 6.4181422 3.2389397 -2.2999281000000003
60808 71086.349 3893.4998 2981.4151 4988.0835 5.0959427999999996 2.0387915 -5.180584
60808 71506.349 5568.9343 3508.222 2381.9532000000004 2.7452962000000003 0.42664058 -7.0163849
60808 71926.349 6121.5280999999995 3327.6571000000004 -705.7911300000001 -0.1588396 -1.2715757 -7.4340256
60808 72346.349 5441.0135 2476.7709 -3650.9347000000002 -3.0264692 -2.7111601999999997 -6.3505332
60808 72766.349 3666.2449 1127.6714 -5860.4745 -5.2790761 -3.6027945 -3.9920243
60808 73186.349 1156.236 -447.62224 -6891.8797 -6.4693887000000005 -3.7707017 -0.8360495600000001
60808 73606.349 -1585.3808000000001 -1933.2426 -6539.019700000001 -6.3633285 -3.1829348 2.4883971000000003
60808 74026.349 -4008.7246 -3030.9392000000003 -4871.0575 -4.978514100000001 -1.9542222 5.3197942000000005
60808 74446.349 -5624.626700000001 -3518.1152 -2219.183 -2.5847260000000003 -0.32671906 7.0872237
60808 74866.349 -6104.814200000001 -3295.0522 881.06262 0.33830572000000003 1.3711571 7.4213839
60808 75286.349 -5349.956700000001 -2405.3675 3802.58 3.1942168000000004 2.7924244 6.250520300000001
60808 75706.349 -3513.4412 -1029.2702 5953.7622 5.399868000000001 3.6471839 3.8160523
60808 76126.349 -962.98034 556.25369 6893.513 6.5211713 3.7683939 0.60588784
60808 76546.349 1780.6432 2029.1061000000002 6439.8825 6.3176546 3.1240991 -2.7268938
60808 76966.349 4163.934 3091.5602000000003 4680.988 4.8360139 1.8478941 -5.5057143
60808 77386.349 5704.68 3528.4459 1972.3671000000002 2.3745498 0.19669299 -7.1698275
60808 77806.349 6091.161099999999 3251.3723 -1136.5426000000002 -0.5648206699999999 -1.4928067 -7.3789791
60808 78226.349 5247.650000000001 2317.7000000000003 -4015.5582000000004 -3.3810358000000003 -2.8761436 -6.0964504
60808 78646.349 3348.3251 917.56811 -6085.2968 -5.5067612 -3.6763726 -3.5925588
60808 79066.349 778.1529 -666.49229 -6933.081 -6.5234982 -3.7384133000000004 -0.37700895
60808 79486.349 -1947.603 -2117.4344 -6391.7792 -6.2356679999999995 -3.053352 2.9109814000000003
60808 79906.349 -4283.8024000000005 -3144.9712000000004 -4569.2789 -4.6988873 -1.7557017000000001 5.6208115
60808 80326.349 -5760.9043 -3541.8701 -1828.3936 -2.2127702 -0.10079122 7.2079852
60808 80746.349 -6078.6496 -3226.0725 1280.8807 0.72699179 1.5796393000000002 7.3439654
60808 81166.349 -5170.222 -2259.5312000000004 4130.9896 3.5250092 2.9441064999999997 5.994022
60808 81586.349 -3217.9159 -836.78109 6144.8228 5.6119433 3.7144743 3.4303812
60808 82006.349 -615.9486800000001 754.89873 6914.7083 6.5656402 3.7348075 0.17260957
60808 82426.349 2110.7808999999997 2194.5251000000003 6285.666 6.1894829 2.9970679000000002 -3.1302447000000004
60808 82846.349 4408.5931 3188.6511 4378.6883 4.563732600000001 1.654805 -5.7960481
60808 83266.349 5813.1990000000005 3536.7689 1582.3835000000001 2.0089097 -0.026107428 -7.289881
60808 83686.349 6038.6142 3167.4500000000003 -1535.8101000000001 -0.95329006 -1.7018007 -7.301796599999999
60808 84106.349 5040.8076 2156.4574 -4342.3629 -3.7144038 -3.0286772 -5.83345
60808 84526.349 3025.5788 710.07875 -6270.9636 -5.715413 -3.739914 -3.1942055000000003
60808 84946.349 402.44026 -879.07141 -6936.7743 -6.5622441 -3.6984545 0.076045685
60808 85366.349 -2301.4461 -2292.3529 -6210.139 -6.0943532 -2.9170244 3.324666
60808 85786.349 -4544.831099999999 -3246.9948 -4237.7943 -4.4060898 -1.5511271 5.907770999999999
60808 86206.349 -5877.5125 -3551.0483 -1414.2823 -1.8306664000000001 0.12862645 7.3079168
