CIC_MEM_VERS = 1.0
CREATION_DATE = 2025-05-13T09:56:05.658847
ORIGINATOR = CS Group

META_START
OBJECT_NAME = PLEIADES-NEO4
OBJECT_ID = PLEIADES-NEO4
USER_DEFINED_PROTOCOL = NONE
USER_DEFINED_CONTENT = LLA
USER_DEFINED_SIZE = 3.0
USER_DEFINED_TYPE = REAL
USER_DEFINED_UNIT = [deg] [km]
TIME_SYSTEM = UTC
META_STOP

60808 19402.35984 0.12086309621642675 -151.29285544164074 624.4125914840787
60808 19822.35984 25.93275567077532 -155.11887257286662 625.6080627153362
60808 20242.35984 51.48304619104841 -161.25032908248008 632.5227627486825
60808 20662.35984 75.70275513071766 175.95511121615723 637.7561460583655
60808 21082.35984 74.14560673265615 57.813555000921546 636.7906343037874
60808 21502.35984 49.677153933973074 38.10457864410347 629.9331657809422
60808 21922.35984 24.068142344982828 32.28621332638908 621.5233051609817
60808 22342.35984 -1.7798435980070764 28.511655976464464 619.1109508242704
60808 22762.35984 -27.605839636397455 24.623998745112864 624.1184092454081
60808 23182.35984 -53.160829300915275 18.152143681191248 628.3565699340802
60808 23602.35984 -77.11613803680474 -8.337001758532057 636.0028642430975
60808 24022.35984 -72.61419578098719 -125.07109168953185 637.6494649030725
60808 24442.35984 -47.98254957299952 -142.4070282938479 633.4122820850242
60808 24862.35984 -22.39263975514365 -147.95339776062926 627.8503043384117
60808 25282.35984 3.4106153554155885 -151.67927286747005 626.2413278674829
60808 25702.35984 29.186271552171306 -155.62411912150628 629.7762914647669
60808 26122.35984 54.64571930542168 -162.41496953103749 637.2877082901709
60808 26542.35984 78.24207084360411 167.27522428463655 641.5424164502969
60808 26962.35984 71.31842065817543 52.90029032626084 638.637142507571
60808 27382.35984 46.554110039461875 37.19398572358131 629.7893037490188
60808 27802.35984 20.91307907709075 31.843493608160358 623.5996250738377
60808 28222.35984 -4.906299733454616 28.14632414331135 622.8111405970142
60808 28642.35984 -30.695658271631213 24.130094812447588 624.0789814362804
60808 29062.35984 -56.19134228942878 16.940497616000094 626.1723490935976
60808 29482.35984 -79.44165966435797 -18.93374784861615 629.5855476885281
60808 29902.35984 -69.69603207904099 -129.25183157417212 630.1545359790603
60808 30322.35984 -44.76173742209031 -143.2830023304977 626.6349767513152
60808 30742.35984 -19.091034124924384 -148.40730038937414 623.7182516843808
60808 31162.35984 6.7356129658758 -152.0745414650069 626.0265468231817
60808 31582.35984 32.47161751151836 -156.17480214269392 634.0920584710706
60808 32002.35984 57.82399775331401 -163.80395451229998 643.0288110309243
60808 32422.35984 80.39249874884675 154.24433096554046 647.0614879508311
60808 32842.35984 68.38549888369964 49.26590130568445 642.7042045994982
60808 33262.35984 43.43130975403433 36.39156884473197 631.9094309080144
60808 33682.35984 17.750049860453867 31.42027415374413 620.3060083900957
60808 34102.35984 -8.131618485648177 27.762558407423807 615.2368715241611
60808 34522.35984 -33.96102222276014 23.563043272007548 618.0277306580621
60808 34942.35984 -59.399805614595586 15.404762985565688 625.0940174938169
60808 35362.35984 -81.28887211449253 -35.369431763178156 627.548364745095
60808 35782.35984 -66.59094944916005 -132.4948077031455 625.050597983237
60808 36202.35984 -41.4653124429761 -144.0767682429439 625.9715518134545
60808 36622.35984 -15.764376278516231 -148.84478159062527 622.8996377988833
60808 37042.35984 10.082109538951977 -152.47966632930476 623.3170643967383
60808 37462.35984 35.83043376947581 -156.78861485869868 628.1091759513665
60808 37882.35984 61.14360090529146 -165.57164496557692 634.784540197348
60808 38302.35984 81.88227928906997 133.51883312061494 637.6352002839925
60808 38722.35984 65.02808395030291 46.18847409655173 633.8578449164974
60808 39142.35984 39.84616592568033 35.56594866778539 625.8131512544994
60808 39562.35984 14.109352805718688 30.94383528547685 619.613312681246
60808 39982.35984 -11.760973519983779 27.31320353122937 619.6918319953705
60808 40402.35984 -37.51884510751564 22.880338487750564 624.1086900244724
60808 40822.35984 -62.840953760880225 13.360459447091335 626.1716063461496
60808 41242.35984 -82.13794051707022 -59.59296578746886 629.9566819912817
60808 41662.35984 -63.23108773108343 -135.13912654008638 627.6332446607775
60808 42082.35984 -37.941805618524214 -144.8372601712802 622.4727205883478
60808 42502.35984 -12.175633542491205 -149.3039956976064 619.8940199843421
60808 42922.35984 13.678558938328845 -152.93120178470554 623.9488438022315
60808 43342.35984 39.37278472294753 -157.5056832734817 633.944323360729
60808 43762.35984 64.5116746011491 -167.82911356708524 643.3795306516191
60808 44182.35984 82.0129951488146 108.71696201826738 646.8122497317169
60808 44602.35984 61.791172416360126 43.927464007829094 641.8035275616998
60808 45022.35984 36.537419068440386 34.88934774086313 631.4167858580574
60808 45442.35984 10.797860673280317 30.5318039122978 621.3645549883398
60808 45862.35984 -15.070879531419948 26.897754996824176 618.3092090141109
60808 46282.35984 -40.820109592203444 22.184727723725498 622.0189343372069
60808 46702.35984 -65.99492272326646 10.98030258603825 627.9068238309591
60808 47122.35984 -81.55338481657729 -82.59003650968967 630.8871942633971
60808 47542.35984 -60.070833005816624 -137.07963589927294 628.5035597246059
60808 47962.35984 -34.686015736197064 -145.46606160079224 623.6752160926195
60808 48382.35984 -8.90762868317291 -149.70333903979122 621.7920065260477
60808 48802.35984 16.92848178222259 -153.34589397616313 626.3546732542011
60808 49222.35984 42.57883850051242 -158.2196831218489 635.8115663888639
60808 49642.35984 67.56187171772065 -170.45492198160233 644.1246698100365
60808 50062.35984 80.87159907970874 88.27687934253731 645.8550446686706
60808 50482.35984 58.66263936474519 42.18189621791845 639.3926788715697
60808 50902.35984 33.297833626679775 34.28709291242401 628.503081761008
60808 51322.35984 7.5202961039397636 30.13503797135864 619.0799266959131
60808 51742.35984 -18.35678216848267 26.471331316270295 617.4993403765343
60808 52162.35984 -44.07468848860323 21.421930002647922 622.4987629150039
60808 52582.35984 -69.0712626787575 7.952102581860416 628.9546761261978
60808 53002.35984 -79.88389588383252 -100.21843025969122 631.2452037365175
60808 53422.35984 -56.89318472679853 -138.6658797702356 628.3774462261639
60808 53842.35984 -31.425856696108156 -146.042916149699 623.6204209675699
60808 54262.35984 -5.629517577874256 -150.09580761183557 622.3800206746714
60808 54682.35984 20.1943938130031 -153.7797585222819 627.5485541573818
60808 55102.35984 45.802606924515366 -159.02399436896323 636.812160990798
60808 55522.35984 70.5802895439082 -173.90265388297823 644.7255095378915
60808 55942.35984 78.85937141942792 73.62557645602182 645.5750557188186
60808 56362.35984 55.492871750416924 40.727582026530584 638.4211493625718
60808 56782.35984 30.047093609000314 33.73194216590621 627.5952517954705
60808 57202.35984 4.249826828719192 29.746463730983272 619.3810566191343
60808 57622.35984 -21.615606256897337 26.029835094263827 618.6290414473527
60808 58042.35984 -47.2859897990927 20.573847543433153 623.8459840082056
60808 58462.35984 -72.03932997149617 3.983306650949974 629.7930696407216
60808 58882.35984 -77.58541727945978 -112.01082177964419 631.1723683820032
60808 59302.35984 -53.726299657118254 -139.9813100453529 627.5117683116134
60808 59722.35984 -28.186164921645446 -146.5728657710943 622.6562945620262
60808 60142.35984 -2.3686209163067 -150.4812260347471 622.016109187769
60808 60562.35984 23.44649220881464 -154.2338064701816 627.925363062011
60808 60982.35984 49.00947656235093 -159.93379122595448 637.4324177696354
60808 61402.35984 73.5015516081298 -178.55702031342287 645.0223660989986
60808 61822.35984 76.3610910544748 63.86482190347412 645.1718879529425
60808 62242.35984 52.309444390725204 39.50309848737292 637.5979758898154
60808 62662.35984 26.798122511030463 33.217397356550414 627.0962878284707
60808 63082.35984 0.9871941867125116 29.362525275368068 620.1338555285865
60808 63502.35984 -24.86002568781496 25.566164888689013 620.1885956994238
60808 63922.35984 -50.47320765508 19.61085429322124 625.4578472486129
60808 64342.35984 -74.8784803063534 -1.4593705416691871 630.5518707292064
60808 64762.35984 -74.94580101757097 -119.89503206691072 630.8629228204644
60808 65182.35984 -50.555345467417894 -141.09645068548878 626.3829707670343
60808 65602.35984 -24.952240841975854 -147.06482997825194 621.4577716923546
60808 66022.35984 0.884828160850666 -150.86277201674685 621.4333977057772
60808 66442.35984 26.690059958653816 -154.71336252396074 628.0178925667162
60808 66862.35984 52.20247065172956 -160.9785137010271 637.6560537887082
60808 67282.35984 76.27207944374561 174.88192952741096 644.9107051916865
60808 67702.35984 73.59332825225046 57.22606441706614 644.4842545570175
60808 68122.35984 49.10834418928721 38.453213490045556 636.7172970332856
60808 68542.35984 23.54226946260302 32.7357629250377 626.7686545736588
60808 68962.35984 -2.277891753612597 28.979373973525394 621.0442752089702
60808 69382.35984 -28.10199250524583 25.07296731677273 621.9972482786793
60808 69802.35984 -53.64711814666161 18.497212979691795 627.3050440444644
60808 70222.35984 -77.5219325674026 -9.269162353440521 631.478165794827
60808 70642.35984 -72.11328810561437 -125.37328773013992 630.589089577302
60808 71062.35984 -47.37555325908463 -142.05878064629815 625.2267118214867
60808 71482.35984 -21.718303927140614 -147.52640342752542 620.2123026782892
60808 71902.35984 4.135503256627801 -151.24414793702064 620.7612515753058
60808 72322.35984 29.92873428815599 -155.2242970682028 627.888215112666
60808 72742.35984 55.38286166286257 -162.1949499024703 637.5045283915616
60808 73162.35984 78.78404951699757 165.2376179340219 644.4148203269197
60808 73582.35984 70.66757436397852 52.51213276778383 643.5443573115251
60808 74002.35984 45.8894685828807 37.53658768886861 635.8205155759131
60808 74422.35984 20.277348841057037 32.27951299457244 626.6385595197881
60808 74842.35984 -5.547129807589842 28.593545213198293 622.2893352729369
60808 75262.35984 -31.342250185261744 24.544765708771397 624.1580921070907
60808 75682.35984 -56.80592406302903 17.192543576024395 629.421938814918
60808 76102.35984 -79.82139420439125 -20.864246490640156 632.5833446853767
60808 76522.35984 -69.16845686835558 -129.3500406685901 630.2838035229049
60808 76942.35984 -44.1880948009133 -142.90352380502875 623.8483236570067
60808 77362.35984 -18.482131069529824 -147.96466982038564 618.7764218153744
60808 77782.35984 7.386753043003196 -151.6292387262355 619.9129030716758
60808 78202.35984 33.16584985505306 -155.77439035175342 627.5538725616537
60808 78622.35984 58.5500223620434 -163.63715834784074 637.1074144654192
60808 79042.35984 80.82017999585541 150.74755902813126 643.7260816822738
60808 79462.35984 67.64223447997915 49.02375570358713 642.5633159742766
60808 79882.35984 42.65573226356756 36.726522719955206 635.0987090131528
60808 80302.35984 17.005991986473695 31.844592887389297 626.8602176286563
60808 80722.35984 -8.81767616412196 28.203050580180957 623.7680029189582
60808 81142.35984 -34.57884126785996 23.975030682017685 626.4812102799741
60808 81562.35984 -59.94570772508262 15.638082640825806 631.5755683477311
60808 81982.35984 -81.49727350590385 -37.97244917277415 633.6391840902372
60808 82402.35984 -66.15084984066192 -132.35554224923396 629.8596521167663
60808 82822.35984 -41.001411866385894 -143.65313803027212 622.9481657663774
60808 83242.35984 -15.255506101530965 -148.3826964450374 617.5998747367155
60808 83662.35984 10.624697869497199 -152.01904199064126 618.9946202794429
60808 84082.35984 36.38896807329373 -156.3688763823492 626.7662021301828
60808 84502.35984 61.6958956333174 -165.37651203117326 634.92142362032
60808 84922.35984 82.00483869244152 130.14632399332694 641.155174657855
60808 85342.35984 64.53052659781119 46.328137663530924 640.0517095323462
60808 85762.35984 39.37898365493445 35.993417660194 633.5581104731127
60808 86182.35984 13.693831167757015 31.420384908997637 627.2206660202519
