CIC_MEM_VERS = 1.0
CREATION_DATE = 2025-02-12T09:04:53.633910
ORIGINATOR = CS Group

META_START
OBJECT_NAME = PLEIADES-NEO3
OBJECT_ID = PLEIADES-NEO3
USER_DEFINED_PROTOCOL = NONE
USER_DEFINED_CONTENT = LLA
USER_DEFINED_SIZE = 3.0
USER_DEFINED_TYPE = REAL
USER_DEFINED_UNIT = [deg] [km]
TIME_SYSTEM = UTC
META_STOP

60718 14690.426112 0.12086385175568268 119.94924616953953 624.0173936421354
60718 15110.426112 25.927331788016804 116.12451878043395 626.5044037444667
60718 15530.426112000001 51.471469518897635 109.99679091453021 633.187430668742
60718 15950.426112000001 75.6902315827947 87.23410166911779 637.9721080865124
60718 16370.426112000001 74.15936139151812 -30.91870370233566 636.5065166315287
60718 16790.426112 49.688784446458115 -50.65075102133885 629.1772803842807
60718 17210.426112 24.08998271014185 -56.46871318354361 624.5401828854104
60718 17630.426112 -1.7215262237921947 -60.23826266045583 623.9415053389197
60718 18050.426112 -27.53553082250002 -64.12070512847573 625.273595220688
60718 18470.426112 -53.100696771955796 -70.57991146982407 625.430994233336
60718 18890.426112 -77.09880339041639 -97.0243320735888 624.9964882506316
60718 19310.426112 -72.5700392037267 146.088184173834 626.4185870863013
60718 19730.426112 -47.879294534493894 128.80053695514425 625.293945508304
60718 20150.426112 -22.23878395843188 123.26272800722056 623.6130889574235
60718 20570.426112 3.6066895850865195 119.53534355836194 618.9301111623978
60718 20990.426112 29.434908168362007 115.57339820427161 621.3686146054467
60718 21410.426112 54.953859341863875 108.69939452899379 628.012387733273
60718 21830.426112 78.52359431156341 77.23976151166525 633.0400086129554
60718 22250.426112 70.92465070024028 -36.433602362824864 632.5680384048344
60718 22670.426112 46.095298516917026 -51.701588720363205 627.4073517977962
60718 23090.426112 20.438515953835562 -56.99119466851482 622.4497812679849
60718 23510.426112 -5.402118445012751 -60.68133701780671 622.7881130694324
60718 23930.426112 -31.173413739468838 -64.71734860318915 629.5802302162258
60718 24350.426112 -56.59004344427951 -71.99846654520387 638.2258718532241
60718 24770.426112 -79.63320747218997 -108.88018340413335 643.2760874999711
60718 25190.426112 -69.51539684159462 141.76083800909117 640.7157945811165
60718 25610.426112 -44.62685171218461 127.91796922299064 631.9965721662649
60718 26030.426112 -18.967174421048586 122.81320196703318 623.695380745916
60718 26450.426112 6.881949508967051 119.14573527875793 619.9515276887098
60718 26870.426112 32.681874827763004 115.02619540374654 623.1784490461122
60718 27290.426112 58.116361805859704 107.293446202664 629.7313718266837
60718 27710.426112 80.61829618388833 63.48184235286346 633.8034035732497
60718 28130.426112 67.931081416065 -39.98297831354588 632.0924207156493
60718 28550.426112 42.888553114653014 -52.51252103900112 626.1596161274201
60718 28970.426112 17.186604124583663 -57.42604257882086 621.246653951876
60718 29390.426112 -8.666160992712898 -61.072761971249754 622.1935420164506
60718 29810.426112 -34.41864414576793 -65.28869374205068 629.6776707171634
60718 30230.426112 -59.75458837341551 -73.54888951378699 638.2626374694437
60718 30650.426112 -81.39779404559383 -125.67417938690646 642.6242120801697
60718 31070.426112 -66.45920884435961 138.61910668650953 639.4037369928326
60718 31490.426112 -41.38193371332493 127.14009942508997 630.6695961616912
60718 31910.426112 -15.678667681408406 122.38101694419551 622.8357670071891
60718 32330.426112 10.176673495641655 118.74631760979454 620.3752718034981
60718 32750.426112 35.947602871097736 114.42716930899635 624.7403006852235
60718 33170.426112 61.280640347414696 105.58703045261866 631.5243309217268
60718 33590.426112 81.92363227530302 43.63244816225055 635.0267545075864
60718 34010.426112 64.85936882095385 -42.713617845670754 632.4213081310817
60718 34430.426112 39.664387923240376 -53.24009495411845 625.9487056708983
60718 34850.426112 13.930388179228999 -57.844634219252825 621.1091327253961
60718 35270.426112 -11.924242949741627 -61.47180831391041 622.4548834800235
60718 35690.426112 -37.67095665800973 -65.91391303404383 624.6396734420764
60718 36110.426112 -62.96896141613899 -75.48665843591773 627.0161893394799
60718 36530.426112 -82.14182502703997 -149.4132063157664 626.8512693724228
60718 36950.426112 -63.07944313119745 135.98872140675365 625.3574691725738
60718 37370.426112 -37.773098542171006 126.36178283395446 627.924183314304
60718 37790.426112 -12.033664353721235 121.91280560910954 622.3757666982696
60718 38210.426112 13.813704246152982 118.28680412378478 623.2145297630152
60718 38630.426112 39.53942629293035 113.69402532478433 628.5238592305416
60718 39050.426112 64.71371520677438 103.2528770182093 636.9370009861302
60718 39470.426112 81.96441390447846 18.122223696899145 640.515002406397
60718 39890.426112 61.50226629141127 -45.02138565536906 636.8803910410352
60718 40310.426112 36.21142113500635 -53.94479675345668 628.8921946499675
60718 40730.426112 10.467249966177803 -58.27925232050474 623.8868350279521
60718 41150.426112 -15.378093028286312 -61.91130413504966 623.1613993633486
60718 41570.426112 -41.09283309655312 -66.64480014111656 624.9665168973397
60718 41990.426112 -66.25256212293552 -78.00973723113212 626.472306675518
60718 42410.426112 -81.43713895894722 -173.28180697283892 625.7654138694503
60718 42830.426112 -59.75429039913575 133.975442556784 626.9848737396477
60718 43250.426112 -34.35870280532604 125.70220193064247 624.9178468667996
60718 43670.426112 -8.5995401809066 121.48858991292653 624.1066249683164
60718 44090.426112 17.225172600745605 117.84484967754561 623.839934558201
60718 44510.426112 42.9255751697039 112.9264148673937 626.3135686708882
60718 44930.426112 67.99007054697815 100.34121889207361 629.70653466748
60718 45350.426112 80.57373793006802 -3.447040418192714 632.166894760306
60718 45770.426112 58.03250003737381 -46.90612384051826 629.1690053418428
60718 46190.426112 32.596478379881226 -54.61549882331288 623.8949648380926
60718 46610.426112 6.806121309926649 -58.730202644127324 621.8369174522971
60718 47030.426112 -19.026796473326726 -62.3973363512958 626.3175509025706
60718 47450.426112 -44.659839690507 -67.50345605358694 635.0642958791775
60718 47870.426112 -69.52700128583007 -81.35549388573531 643.1263184688884
60718 48290.426112 -79.63193244817609 169.31444487821574 644.5383918327839
60718 48710.426112 -56.59459097966295 132.42881495685486 638.1045691855047
60718 49130.426112 -31.172990211539013 125.14353715760551 627.8210023631236
60718 49550.426112 -5.382239309010173 121.10393716642575 618.8082310824248
60718 49970.426112 20.488181186765097 117.40795162608912 618.486234160653
60718 50390.426112 46.17129691930817 112.10291888086078 624.2637712943184
60718 50810.426112 71.0079197128395 96.73571124662426 631.2616593682878
60718 51230.426112 78.45223696659336 -17.13973336201941 633.1864073689859
60718 51650.426112 54.86497630497497 -48.309521865205916 629.5709936817748
60718 52070.426112 29.360440859323347 -55.16045241975783 624.1515478125684
60718 52490.426112 3.5558465889736754 -59.11632890388278 622.4499021467248
60718 52910.426112 -22.264486523786037 -62.84126459017226 627.1024075229095
60718 53330.426112 -47.85912591635598 -68.36942379237763 634.8747199815507
60718 53750.426112 -72.4818922068097 -85.51541215514692 642.3869001773261
60718 54170.426112 -77.26932037464087 158.05485453451377 643.0712955889561
60718 54590.426112 -53.4062535772455 131.1252995965267 636.3702093269285
60718 55010.426112 -27.90903619313306 124.6112971860599 626.650503906026
60718 55430.426112 -2.1020478633252417 120.71507672923497 618.8477307553704
60718 55850.426112 23.753481184216916 116.9487416422202 620.134162151969
60718 56270.426112 49.37791085191235 111.17892065846807 626.7073418176295
60718 56690.426112 73.90312592851251 91.87978213248384 632.8881369573274
60718 57110.426112 75.91297802103716 -26.205581811748615 634.0037968152218
60718 57530.426112 51.705876299097234 -49.48879569212013 629.6222763555195
60718 57950.426112 26.143080353638496 -55.663658980681745 624.0091816093797
60718 58370.426112 0.3245283524745024 -59.49670119258112 622.6198812187732
60718 58790.426112 -25.483920854956228 -63.30676299114103 627.0008009403779
60718 59210.426112 -51.036030739223335 -69.35317129575395 634.2985856074532
60718 59630.426112 -75.30365261582965 -91.26055446537961 641.3731597521157
60718 60050.426112 -74.58605323409499 150.49918969939353 641.5552632710754
60718 60470.426112 -50.212656383891094 130.01592747059686 634.8763978375571
60718 60890.426112 -24.653682363578504 124.11582764701457 626.057820095543
60718 61310.426112 1.1613776959211735 120.33013967136382 624.612177640931
60718 61730.426112 26.96140441644248 116.47124256391014 626.4985606806947
60718 62150.426112 52.496078630251596 110.14432469776567 633.3743718236625
60718 62570.426112 76.54291058822825 85.29842796839287 640.7118194722344
60718 62990.426112 73.27871303322183 -32.154114597054324 641.1606755239122
60718 63410.426112 48.73745642457589 -50.43875445005221 634.9386062921795
60718 63830.426112 23.1600950412637 -56.09742158558343 626.9389866243063
60718 64250.426112 -2.6589413064924337 -59.842867269081 621.7617150971167
60718 64670.426112 -28.464437179572514 -63.760176637011476 625.2545061790152
60718 65090.426112 -53.97157644229978 -70.40001277430464 632.9164446862335
60718 65510.426112 -77.74084781248628 -98.87160444992949 639.2127793167002
60718 65930.426112 -71.9149528181949 145.5306522593084 638.8382550814792
60718 66350.426112 -47.21398691525897 129.11879527800653 632.3824655280872
60718 66770.426112 -21.599164192930527 123.68263995858317 624.8733325715615
60718 67190.426112 4.223552181628033 119.97269075233567 624.4361605328825
60718 67610.426112 30.0053058360594 115.99157898659243 627.5915137973876
60718 68030.426112 55.468995766184555 108.99902480484019 633.8290966179093
60718 68450.426112 78.87626890609569 76.00574878936493 637.3065631895491
60718 68870.426112 70.49597514573139 -36.49779245625485 634.3881955601436
60718 69290.426112 45.63570920070184 -51.30935259709347 626.1446228101445
60718 69710.426112 19.966572356183573 -56.54119510628781 619.9826526436676
60718 70130.426112 -5.901097726991887 -60.22694959179033 618.213111798961
60718 70550.426112 -31.710984164603012 -64.2957612367259 624.0886508002154
60718 70970.426112 -57.185303667495596 -71.7563304178793 626.5046671608751
60718 71390.426112 -80.08875592958007 -111.5517314981964 622.9884443593384
60718 71810.426112 -68.7231326998969 141.36144388204647 623.9573318971121
60718 72230.426112 -43.68226047882005 128.18615638125488 621.7781657471921
60718 72650.426112 -17.972216505972437 123.18395597955815 621.3274348772288
60718 73070.426112 7.862424696144948 119.53139766703373 626.6812638693159
60718 73490.426112 33.57688081697077 115.3722595264324 637.5117186289914
60718 73910.426112 58.86963958453329 107.42497816749432 648.5521641201569
60718 74330.426112 80.94872285250794 60.609748928963754 653.3628802587774
60718 74750.426112 67.46208510560612 -39.93478238843482 648.4859808524661
60718 75170.426112 42.491147944680876 -52.090588334881225 636.1313993409076
60718 75590.426112 16.82724437665008 -56.95635470553085 622.734971920087
60718 76010.426112 -9.047000353312884 -60.602724119750185 615.0085773564034
60718 76430.426112 -34.88218677774386 -64.85978250909255 615.0897285580373
60718 76850.426112 -60.32459791280304 -73.3501382906115 619.8054962205674
60718 77270.426112 -81.66692375905146 -129.7562213730921 623.3592390972046
60718 77690.426112 -65.6540666859111 138.43438522221265 623.242894965693
60718 78110.426112 -40.43818448869699 127.43511986290478 619.8777648258898
60718 78530.426112 -14.680987367122759 122.7576247729464 619.2092948228012
60718 78950.426112 11.170754598973481 119.12857124672699 625.0877561988566
60718 79370.426112 36.87174547329656 114.75330015281527 636.585569204228
60718 79790.426112 62.07523267320201 105.60632431831888 647.8797664347917
60718 80210.426112 82.05562574861776 39.206310960694786 652.5793164838185
60718 80630.426112 64.30912175209585 -42.61864858270282 647.6820339680787
60718 81050.426112 39.185468901759954 -52.826423765097836 635.8830180593582
60718 81470.426112 13.493450895733995 -57.38359248511442 623.6547696227827
60718 81890.426112 -12.371131381598978 -61.01144308911994 617.2226832178371
60718 82310.426112 -38.16291655029748 -65.49880893077209 617.9246171145387
60718 82730.426112 -63.481011370072466 -75.32430705171213 622.1131675977107
60718 83150.426112 -82.1258377463795 -152.90761377454623 624.799934936086
60718 83570.426112 -62.54485554268422 136.14814468906013 625.433356643084
60718 83990.426112 -37.2444299830677 126.77098348471681 624.5133138168098
60718 84410.426112 -11.475741816040347 122.35813148266203 626.0889776965481
60718 84830.426112 14.338411111065552 118.73552521079277 628.1770798376386
60718 85250.426112 40.01238616717383 114.10875046992322 634.7689545797966
60718 85670.426112 65.12858007218784 103.44624720125579 641.6041237917875
60718 86090.426112 81.86952943088258 15.794326481460065 642.6195888024718
