CIC_OEM_VERS = 2.0
CREATION_DATE = 2025-03-13T14:00:42.865158
ORIGINATOR = ISAE-SUPAERO


META_START
OBJECT_NAME = PLEIADES-NEO4
OBJECT_ID = PLEIADES-NEO4
CENTER_NAME = Earth
REF_FRAME = EME2000
TIME_SYSTEM = UTC
START_TIME = 2025-03-13T04:12:18.315
USEABLE_START_TIME = 2025-03-13T04:12:18.315
USEABLE_STOP_TIME = 2025-03-13T23:55:18.315
STOP_TIME = 2025-03-13T23:55:18.315
INTERPOLATION = lagrange
INTERPOLATION_DEGREE = 5
META_STOP



60747 15138.315 -5972.5426 3655.0558 14.680502 0.5548105900000001 0.87514263 7.4733443
60747 15558.315 -5144.5175 3641.2826 3045.8873 3.3162442999999997 -0.93707013 6.712136800000001
60747 15978.315 -3280.6448 2894.3009 5461.9497 5.4064073 -2.5583799 4.596085
60747 16398.315 -756.7785799999999 1565.1051000000002 6776.5987000000005 6.4062549 -3.6626458 1.557464
60747 16818.315 1919.1722 -78.55639599999999 6726.2203 6.1185053 -4.0305293 -1.7934682
60747 17238.315 4209.209400000001 -1706.327 5320.3382 4.5994535 -3.5880239 -4.7871923
60747 17658.315 5650.8048 -2990.2676 2838.503 2.1487789 -2.4208899 -6.821814900000001
60747 18078.315 5951.7572 -3670.4230000000002 -216.74142 -0.74060507 -0.76211941 -7.4764285
60747 18498.315 5049.961 -3608.8476 -3228.15 -3.4793244 1.0499131 -6.6167647
60747 18918.315 3128.8367000000003 -2818.9254 -5586.7715 -5.5107854 2.6463582000000003 -4.4217200000000005
60747 19338.315 577.7932099999999 -1461.5328000000002 -6817.920700000001 -6.428908900000001 3.7064582 -1.3414869
60747 19758.315 -2089.4088 189.44243 -6676.1776 -6.0551408 4.0210152 2.0046301
60747 20178.315 -4337.0486 1802.3153 -5190.55 -4.4646957 3.5280088000000003 4.9492365000000005
60747 20598.315 -5712.5932999999995 3052.7205 -2658.7396000000003 -1.9726063 2.3240133999999997 6.9007613
60747 21018.315 -5937.6350999999995 3688.2772999999997 409.72738000000004 0.91771735 0.65169496 7.4606732000000004
60747 21438.315 -4962.0959 3577.7200000000003 3393.0123 3.6281966000000003 -1.1540491 6.5195058
60747 21858.315 -2985.1154 2744.7763 5687.7023 5.610280700000001 -2.7284893 4.2635612
60747 22278.315 -406.94583 1360.7763 6844.4847 6.4519855 -3.7487939000000003 1.1355792
60747 22698.315 2252.3596000000002 -297.48659000000004 6614.8196 5.994679100000001 -4.0124532 -2.2096882
60747 23118.315 4458.6805 -1895.9407 5051.2848 4.3318868 -3.4690286 -5.1080265
60747 23538.315 5768.1066 -3113.0176 2469.0618 1.7965356 -2.2272782 -6.9774276
60747 23958.315 5916.735900000001 -3703.6475 -611.38399 -1.1007089 -0.5371701799999999 -7.4393549000000005
60747 24378.315 4875.161599999999 -3549.2819 -3568.5804 -3.7736856 1.2592059999999998 -6.4015084
60747 24798.315 2854.292 -2682.0104 -5807.384900000001 -5.6845110000000005 2.7996059 -4.0777106
60747 25218.315 261.06239 -1276.9591 -6878.808400000001 -6.453597 3.7769716 -0.9372434100000001
60747 25638.315 -2384.4030000000002 383.98727 -6567.7732000000005 -5.9287397 3.9974133000000003 2.3941342
60747 26058.315 -4550.6861 1967.5877 -4934.3535 -4.2096839 3.4143803 5.2523924
60747 26478.315 -5798.8782 3154.1256000000003 -2303.4419 -1.6348517 2.1403091 7.0588935
60747 26898.315 -5875.0774 3703.1665000000003 794.0650899999999 1.2789375 0.42874247000000004 7.4364933
60747 27318.315 -4761.162200000001 3502.0769 3730.3157 3.9334704 -1.3694287 6.304394500000001
60747 27738.315 -2683.9683999999997 2592.5559 5910.447400000001 5.7872853 -2.8869771 3.8971880999999997
60747 28158.315 -64.589437 1159.3369 6893.5632000000005 6.4709351 -3.8194809000000003 0.70804543
60747 28578.315 2567.959 -507.34428 6485.4827000000005 5.8504447 -3.9811863 -2.6174693
60747 28998.315 4683.8258 -2071.9518000000003 4769.1905 4.0525254 -3.3417592 -5.4153209
60747 29418.315 5856.7744 -3219.4549 2090.3824 1.4369871 -2.0287978 -7.1220110000000005
60747 29838.315 5850.0442 -3718.5206000000003 -1010.6442 -1.4682516 -0.30707457 -7.390763700000001
60747 30258.315 4665.6106 -3469.0214 -3907.783 -4.0744429 1.4742041 -6.1688017
60747 30678.315 2543.5611000000004 -2522.4252 -6017.8355 -5.8572732 2.9558439 -3.7079074999999997
60747 31098.315 -88.686112 -1069.9093 -6917.9112000000005 -6.463420500000001 3.8428635 -0.50511072
60747 31518.315 -2703.0706 597.0323000000001 -6427.5088 -5.7733759000000004 3.9595335 2.8014335999999997
60747 31938.315 -4774.2788 2143.8506 -4642.9520999999995 -3.9201074 3.2801037 5.5522482
60747 32358.315 -5882.091 3257.8554 -1920.3334 -1.2711627 1.9376527000000001 7.1898764
60747 32778.315 -5802.6331 3714.3631 1191.3825 1.6434589000000002 0.19851089 7.3721066
60747 33198.315 -4548.7333 3419.1089 4061.4066000000003 4.2240887 -1.5798422 6.0591707
60747 33618.315 -2374.1717000000003 2431.5829 6105.707200000001 5.9498994000000005 -3.0374238 3.5234921
60747 34038.315 281.48859000000004 951.60261 6911.229200000001 6.476627400000001 -3.8832439 0.27360136999999995
60747 34458.315 2880.2995 -719.51464 6323.8188 5.688615700000001 -3.9403493 -3.0290638
60747 34878.315 4897.7492999999995 -2245.7467 4454.6679 3.7530981000000003 -3.2024987 -5.718508300000001
60747 35298.315 5925.9153 -3318.3739 1683.3906000000002 1.0589914 -1.8175804 -7.2505732
60747 35718.315 5757.6347000000005 -3721.0597000000002 -1428.8379 -1.8455716 -0.067627473 -7.3143079
60747 36138.315 4429.3922999999995 -3374.117 -4252.6537 -4.3702496 1.6907421999999999 -5.9027954000000005
60747 36558.315 2211.4584 -2349.5561000000002 -6220.7488 -6.0100463 3.1039482 -3.3103939000000002
60747 36978.315 -449.18488 -854.72279 -6940.7762999999995 -6.444092800000001 3.8930623 -0.060521807000000004
60747 37398.315 -3019.9956 810.93096 -6269.7659 -5.589389199999999 3.9037068 3.2022378
60747 37818.315 -4985.909 2314.0506 -4340.2533 -3.6111383000000004 3.1314229 5.8304923
60747 38238.315 -5949.4971 3351.9256 -1536.2535 -0.89749822 1.7253957 7.2924717
60747 38658.315 -5712.8984 3713.5587 1577.9927 2.0058779 -0.033582727 7.281753
60747 39078.315 -4321.327200000001 3324.4174 4372.2662 4.5067376 -1.7876741 5.7946013999999995
60747 39498.315 -2055.9073000000003 2263.0472999999997 6280.1755 6.0951097 -3.1792999 3.1343056000000002
60747 39918.315 625.07472 744.374 6916.1152 6.4511688000000005 -3.9276092 -0.15791757
60747 40338.315 3179.7837999999997 -924.52797 6152.203 5.504880600000001 -3.8828567 -3.4170039
60747 40758.315 5092.4539 -2406.7335000000003 4143.0442 3.4464763 -3.0539525 -5.9857674
60747 41178.315 5976.6213 -3402.8632000000002 1294.9352 0.69177993 -1.6081644 -7.3428876
60747 41598.315 5654.4272 -3712.163 -1815.4406000000001 -2.1985781 0.15991541 -7.2134887
60747 42018.315 4193.554700000001 -3273.9483999999998 -4559.5401 -4.638002 1.8904028000000002 -5.6304335000000005
60747 42438.315 1890.7812 -2178.5437 -6386.4937 -6.1397309 3.2360819000000003 -2.9221542
60747 42858.315 -790.4189100000001 -647.20104 -6932.425200000001 -6.4107038 3.9319074 0.36634405
60747 43278.315 -3313.5146 1013.4825000000001 -6088.8031 -5.3992489 3.8415173 3.5834988
60747 43698.315 -5172.5960000000005 2470.9692000000005 -4022.4037000000003 -3.3009877000000003 2.9798409 6.0898039
60747 44118.315 -5991.095200000001 3431.2805 -1145.1372 -0.5290562700000001 1.5142803 7.3762694
60747 44538.315 -5600.5047 3699.0633 1963.5309 2.3579361 -0.26160453 7.1716261
60747 44958.315 -4077.3791 3218.823 4674.003 4.770216500000001 -1.9859101000000001 5.512590400000001
60747 45378.315 -1729.7423999999999 2087.7153000000003 6436.973900000001 6.2163899 -3.3074179 2.7381218
60747 45798.315 967.1629399999999 534.84364 6895.5086 6.4065129 -3.9606168 -0.5908175800000001
60747 46218.315 3468.139 -1125.4075 5959.4799 5.3001618 -3.8123963 -3.8005136000000004
60747 46638.315 5268.214599999999 -2558.5658 3813.7014 3.1236042000000004 -2.8945151 -6.241817
60747 47058.315 6002.4463 -3474.0424 894.47061 0.31251029 -1.3898248000000002 -7.4193377
60747 47478.315 5522.1978 -3686.6168 -2206.3687000000004 -2.5590611 0.39436562 -7.091850099999999
60747 47898.315 3927.2349 -3155.0204 -4860.738200000001 -4.9055759 2.0932355 -5.3324774
60747 48318.315 1541.7729 -1988.5429 -6535.2497 -6.2584861 3.3654623999999997 -2.5068467
60747 48738.315 -1152.8523 -423.43876 -6896.6692 -6.3545037 3.9603201 0.81424012
60747 49158.315 -3616.7862999999998 1226.4126 -5874.4057 -5.178580200000001 3.7623299 3.9711281
60747 49578.315 -5356.1136 2630.5013 -3672.4775 -2.961551 2.8092636000000004 6.3360189
60747 49998.315 -6019.5339 3506.1456000000003 -731.02294 -0.14222516 1.2882631 7.4301519
60747 50418.315 -5470.7406 3675.6423 2357.6726000000003 2.7112302 -0.49530419000000003 7.0249378
60747 50838.315 -3818.9900000000002 3104.0558 4969.7078 5.0193091999999995 -2.1798488000000003 5.1993444
60747 51258.315 -1397.2828000000002 1906.6281000000001 6577.1949 6.3147528 -3.4243148999999997 2.3237935000000003
60747 51678.315 1306.0501000000002 324.89964000000003 6855.522 6.337357600000001 -3.9785218 -1.0215897999999999
60747 52098.315 3747.5904 -1322.8716000000002 5750.2761 5.0759451 -3.7276795000000003 -4.166323500000001
60747 52518.315 5431.6972000000005 -2702.5652000000005 3483.9186 2.788598 -2.7230873 -6.4648321
60747 52938.315 6015.9396 -3535.1055 509.56828 -0.058993488000000004 -1.171235 -7.4595103
60747 53358.315 5384.1112 -3653.1346000000003 -2568.5067999999997 -2.8981316 0.61894462 -6.9453401999999995
60747 53778.315 3664.5888 -3033.1793 -5126.4309 -5.1488884 2.2820533000000003 -5.0263518000000005
60747 54198.315 1205.6153000000002 -1801.2658000000001 -6647.7833 -6.3582101 3.4822545000000003 -2.0964065
60747 54618.315 -1495.9667 -206.89445 -6828.0601 -6.286296 3.9799778999999997 1.252186
60747 55038.315 -3896.6296 1429.0865000000001 -5631.4087 -4.9496528 3.6770515 4.348721800000001
60747 55458.315 -5512.8393 2777.3442000000005 -3298.2964 -2.6141621 2.6329591999999997 6.5709888
60747 55878.315 -6017.8449 3565.7504 -298.70395 0.2508667 1.0568106 7.4671983
60747 56298.315 -5308.0953 3634.3172000000004 2761.2362000000003 3.0644304000000004 -0.73162026 6.855667
60747 56718.315 -3523.6296 2967.2506000000003 5262.050200000001 5.2639876 -2.3743044 4.8611812
60747 57138.315 -1031.5494 1704.1796000000002 6702.6374000000005 6.3955133 -3.5342202000000005 1.8840418
60747 57558.315 1667.6852 98.507109 6791.3312000000005 6.2380202 -3.980902 -1.4684457
60747 57978.315 4031.5447000000004 -1526.9332 5510.777099999999 4.8257272 -3.6268314 -4.5251246
60747 58398.315 5584.0097000000005 -2845.0092000000004 3118.4072 2.4398202 -2.5419949 -6.671959
60747 58818.315 6011.295400000001 -3589.8069 96.094144 -0.44026068 -0.94368935 -7.4725674
60747 59238.315 5225.2877 -3610.1327 -2946.2154 -3.2317582000000002 0.84474167 -6.764309
60747 59658.315 3387.7338 -2903.8749 -5393.6725 -5.3673651 2.4598296 -4.6913547
60747 60078.315 869.1874300000001 -1613.9324 -6754.3967999999995 -6.4205248 3.5775078 -1.6781011000000001
60747 60498.315 -1823.8464 -0.044928364000000005 -6756.037700000001 -6.1844869 3.9764804 1.6705825
60747 60918.315 -4150.594 1613.7868 -5397.832200000001 -4.7053358 3.5769254999999998 4.6873042
60747 61338.315 -5642.2976 2902.9231 -2951.09 -2.2744167 2.4556774 6.764775
60747 61758.315 -5995.9492 3606.4948 92.10306800000001 0.6204507499999999 0.83648577 7.4775156
60747 62178.315 -5138.8147 3581.7851 3116.6421 3.3911653999999998 -0.9522232500000001 6.6768803
60747 62598.315 -3244.8336000000004 2834.3817999999997 5510.640200000001 5.4736836 -2.5459784 4.5280450000000005
60747 63018.315 -696.93612 1515.9327 6792.0335000000005 6.4510457 -3.6244543 1.4701507
60747 63438.315 1991.1793 -107.3545 6704.1727 6.1305508 -3.9732458999999998 -1.8812372000000002
60747 63858.315 4278.8499 -1708.9850000000001 5264.8360999999995 4.5764099 -3.5229847 -4.855755
60747 64278.315 5704.9562000000005 -2966.4837 2762.7514 2.0971610000000003 -2.3618939 -6.854421
60747 64698.315 5980.441900000001 -3625.6361 -297.81336 -0.80808322 -0.72291689 -7.4689172
60747 65118.315 5047.1484 -3551.7542000000003 -3296.7529 -3.5478305999999997 1.0595881999999999 -6.5777073
60747 65538.315 3092.5257 -2759.6566000000003 -5629.9890000000005 -5.5776983 2.6319850000000002 -4.3550618000000005
60747 65958.315 517.30979 -1413.3233 -6827.7309000000005 -6.4745449 3.668369 -1.2540138
60747 66378.315 -2162.2795 217.55876 -6648.1113 -6.0670732 3.9647667 2.0941254
60747 66798.315 -4407.0299 1804.6957 -5128.0925 -4.439211500000001 3.4636879 5.020136000000001
60747 67218.315 -5764.9501 3028.6624 -2573.5822000000003 -1.9159631 2.2647417 6.9356595
60747 67638.315 -5961.8463 3642.6938999999998 500.60778999999997 0.99456117 0.6089891000000001 7.4515116
60747 68058.315 -4958.1477 3523.1612999999998 3473.5754 3.7028808 -1.1681549 6.4633544
60747 68478.315 -2957.1527 2695.072 5746.496099999999 5.662098100000001 -2.7071829 4.1753601
60747 68898.315 -362.46735 1325.9823000000001 6863.000900000001 6.482561700000001 -3.7009092999999997 1.0506574
60747 69318.315 2304.892 -309.07097 6599.104200000001 6.0021396000000005 -3.9521799 -2.2865988
60747 69738.315 4508.9250999999995 -1881.8594 5006.0617 4.3130386 -3.4089964 -5.170655300000001
60747 70158.315 5808.2525000000005 -3076.9646000000002 2406.5351 1.7511757000000001 -2.1766915 -7.010172400000001
60747 70578.315 5934.1229 -3650.3168 -679.75409 -1.1604386 -0.50870928 -7.4399224
60747 70998.315 4863.963 -3488.1026 -3629.5969 -3.8437118999999997 1.2649063 -6.3675668
60747 71418.315 2813.8748 -2623.2644 -5846.9405 -5.7478808 2.780303 -4.012550200000001
60747 71838.315 198.57744 -1231.5042 -6886.749 -6.492990300000001 3.7336595000000004 -0.8550171000000001
60747 72258.315 -2456.618 407.37709 -6541.2018 -5.9349438 3.9373389000000003 2.4725371000000003
60747 72678.315 -4618.58 1964.4061000000002 -4879.259900000001 -4.1835402 3.3501611 5.3068807
60747 73098.315 -5851.518900000001 3126.2637000000004 -2233.5031000000004 -1.5859011 2.0871307000000003 7.0760325
60747 73518.315 -5907.2676 3659.1983999999998 862.73636 1.3307840000000002 0.40383649000000005 7.4154507
60747 73938.315 -4766.2671 3450.9332999999997 3784.3797999999997 3.9849769000000004 -1.363038 6.264054600000001
60747 74358.315 -2662.0935 2544.9195 5936.847400000001 5.8409996 -2.8584609999999997 3.8449211
60747 74778.315 -21.931171 1126.5472 6890.9481 6.5139189 -3.7760384 0.6378106
60747 75198.315 2622.9785 -519.1151 6452.224200000001 5.8630912 -3.9264654 -2.7001619000000003
60747 75618.315 4739.9854000000005 -2060.2363 4711.9569 4.0235467 -3.2795443 -5.4812794
60747 76038.315 5898.1547 -3184.3996 2017.3252 1.3793253 -1.9748634999999999 -7.1516614
60747 76458.315 5862.883900000001 -3664.5296000000003 -1088.3908000000001 -1.5449797 -0.27191393 -7.383144100000001
60747 76878.315 4644.485 -3405.1759 -3973.933 -4.1570844 1.485539 -6.1213116
60747 77298.315 2489.6076000000003 -2459.2798 -6056.3072999999995 -5.9277442 2.9409915 -3.6254152
60747 77718.315 -166.42365 -1018.4075 -6916.7426 -6.5034947 3.8027443 -0.40215783
60747 78138.315 -2789.0054 627.24963 -6382.6768 -5.7712154 3.8996284 2.9020153
60747 78558.315 -4850.2998 2146.6361 -4560.875599999999 -3.8752774 3.2111121 5.6250242
60747 78978.315 -5933.575 3233.1181 -1817.2923 -1.1938869 1.873412 7.2150892
60747 79398.315 -5818.905400000001 3666.8423 1294.0436000000002 1.7304087 0.15656631 7.3457042
60747 79818.315 -4528.8385 3359.8848 4143.2963 4.303326 -1.5903471 5.9915106
60747 80238.315 -2326.1955000000003 2376.0432 6156.3201 6.0038038 -3.0130753 3.430346
60747 80658.315 344.08579 914.5303299999999 6928.361900000001 6.4943588000000005 -3.8273703 0.18378686
60747 81078.315 2945.2857999999997 -730.61701 6305.6393 5.6806393 -3.8728379 -3.0986259
60747 81498.315 4954.5909 -2228.8776000000003 4412.781 3.7232585 -3.1395068999999998 -5.761268100000001
60747 81918.315 5966.7225 -3278.5442000000003 1629.4907 1.011274 -1.7718021000000002 -7.2651629
60747 82338.315 5776.566400000001 -3667.3835 -1481.7096000000001 -1.9028608 -0.048128276 -7.3016591
60747 82758.315 4417.9862 -3314.7047000000002 -4294.111400000001 -4.437833400000001 1.6870926 -5.867293800000001
60747 83178.315 2169.012 -2294.2053 -6240.151400000001 -6.0766933 3.081909 -3.2434551000000003
60747 83598.315 -515.2577 -812.71793 -6926.9754 -6.4866619000000005 3.8518592 0.028236611000000002
60747 84018.315 -3095.9644 832.18198 -6217.3644 -5.5921509 3.847007 3.2930515000000002
60747 84438.315 -5053.8088 2309.6095 -4253.8667000000005 -3.5707842000000003 3.0677093 5.8970687
60747 84858.315 -5993.4621 3321.6892000000003 -1431.2398 -0.82644763 1.6687578 7.313079200000001
60747 85278.315 -5724.1005000000005 3663.6761 1680.7053 2.0858784 -0.06737774 7.2512810000000005
60747 85698.315 -4296.7659 3264.5636 4452.1724 4.5766301 -1.7884553 5.7290647
60747 86118.315 -2004.4352 2208.3272 6325.5658 6.14397 -3.149006 3.0459531
