CIC_AEM_VERS = 1.0
CREATION_DATE = 2025-02-05T13:42:28.679Z
ORIGINATOR = CS Group

META_START
OBJECT_NAME = PLEIADES-NEO4
OBJECT_ID = PLEIADES-NEO4
CENTER_NAME = null
REF_FRAME_A = EME2000
REF_FRAME_B = SC_BODY_1
ATTITUDE_DIR = A2B
TIME_SYSTEM = UTC
START_TIME = 2025-02-05T04:19:47.370432
STOP_TIME = 2025-02-06T00:00:00.0
ATTITUDE_TYPE = QUATERNION
QUATERNION_TYPE = LAST
META_STOP

60711 15587.370432 -0.41648251763181954 -0.6286608393915861 -0.5482729154786002 -0.3615586697551634
60711 16007.370432 -0.5469304057858606 -0.5191876629761552 -0.6154103587132835 -0.22930632836592169
60711 16427.370432 -0.6494999440587886 -0.38324586857247944 -0.6511460996874209 -0.08532985264030206
60711 16847.370432 -0.718950076884162 -0.22774713601520927 -0.6536579457078969 0.06303426844232783
60711 17267.370432 -0.75172220622148 -0.06058439283747389 -0.6228043041485827 0.20822597040721197
60711 17687.370432 -0.746110860761646 0.1097427586570917 -0.5601256043980295 0.34283292968090023
60711 18107.370432 0.7023821849276425 -0.2744926379909291 0.468816004656735 -0.4599180489638865
60711 18527.370432 0.6228774878304706 -0.4250808595859021 0.35367337081603034 -0.5533941133978019
60711 18947.370432 0.5115506555673226 -0.5540809730921382 0.22038894563619543 -0.618658964767567
60711 19367.370432 0.3741064002240284 -0.654808527264468 0.07581496673762239 -0.6523206916476978
60711 19787.370432 0.21755578056653702 -0.7221001113822123 -0.0726578102269778 -0.652657455405898
60711 20207.370432 0.04987878478671785 -0.752507488546641 -0.2174396926206518 -0.6196487445177823
60711 20627.370432 -0.12037817640596646 -0.7444666494010056 -0.3511234317548209 -0.554969222793059
60711 21047.370432 -0.2845356765356623 -0.6983718336633961 -0.46686912221917753 -0.46189766555192013
60711 21467.370432 -0.4341419050739559 -0.6165968252720906 -0.5587089708042674 -0.3452150739263444
60711 21887.370432 -0.5615303800391311 -0.5033634623322959 -0.6219510970161848 -0.2109163104226805
60711 22307.370432 -0.6602424145892707 -0.36443086923455115 -0.6534047820600637 -0.06582010564652407
60711 22727.370432 -0.7252140463411423 -0.20693473220729722 -0.6514729606723062 0.08261709937211299
60711 23147.370432 -0.7531511082797433 -0.038925531621996384 -0.6162893748436353 0.2267942184884362
60711 23567.370432 -0.7426604493876657 0.1310520339591686 -0.549667294360674 0.35936984684401585
60711 23987.370432 0.6942912214434366 -0.29435507014197565 0.455000480640338 -0.47359197113692186
60711 24407.370432 0.6105096277804573 -0.44266944210308645 0.33709961483083184 -0.5636360608552424
60711 24827.370432 0.49557737803691 -0.5684232659662686 0.20196409210797767 -0.6249068399252024
60711 25247.370432 0.35538066275123575 -0.6651659209575262 0.05651372217370143 -0.6542668273306329
60711 25667.370432 0.19707654635380725 -0.727960949746294 -0.09181965953448135 -0.6502329126126277
60711 26087.370432 0.0287095092898552 -0.7536138133244924 -0.2354832730566632 -0.6130168126188498
60711 26507.370432 -0.14116983128215096 -0.7408059173796677 -0.3671494324013128 -0.5444988207502672
60711 26927.370432 -0.30396983148114565 -0.6901370100139296 -0.4801254174494762 -0.4480991324219713
60711 27347.370432 -0.45125062280094547 -0.6041958010565012 -0.56853238455959 -0.3287723180476698
60711 27767.370432 -0.5754548951981697 -0.48740011596546307 -0.6278403069728461 -0.19263784542389129
60711 28187.370432 -0.6702355236081712 -0.34573329818969295 -0.6550383237553691 -0.04666501717897375
60711 28607.370432 -0.7307397600741201 -0.18652141156885285 -0.6487721366544514 0.1016064996641347
60711 29027.370432 -0.7539508049992497 -0.017869107367776707 -0.6094221518624869 0.24462935118697046
60711 29447.370432 -0.7387314787581687 0.1516672722447262 -0.539017699048339 0.37514365373047126
60711 29867.370432 0.6858709083112815 -0.31349077603131814 0.4411357434570419 -0.4865222362031796
60711 30287.370432 0.5980465458884556 -0.45938153096855205 0.32073062473965214 -0.5730975521758831
60711 30707.370432 0.4797737785377128 -0.581838349795294 0.18398368405065935 -0.6304214940325893
60711 31127.370432 0.3366247004851935 -0.6748638288689669 0.037415579884364725 -0.6556238997241394
60711 31547.370432 0.17614523205042584 -0.7333156264517133 -0.11115918477596833 -0.6471975624703595
60711 31967.370432 0.006672105115856853 -0.7541363115716182 -0.25399923842308186 -0.6055726987430762
60711 32387.370432 -0.16312118060595202 -0.7362880003450074 -0.38377795991555735 -0.5329033106190313
60711 32807.370432 -0.3244460584868176 -0.6807580323180067 -0.4937812430974284 -0.4329934647682833
60711 33227.370432 -0.46902845353534867 -0.5905134088658103 -0.5784055361699943 -0.31105185974660415
60711 33647.370432 -0.5895169856007914 -0.4703111270035892 -0.6334100207301793 -0.173403901753577
60711 34067.370432 -0.679903565835631 -0.3263320555739388 -0.6561296389412266 -0.027063399116463653
60711 34487.370432 -0.7357052688585095 -0.16588773578103008 -0.645509869037706 0.12056544059636208
60711 34907.370432 -0.7541606992663461 0.002981243036311129 -0.6021207025416809 0.2620752018844341
60711 35327.370432 -0.734307656849896 0.17182370925320256 -0.5281024352045538 0.39035457722576583
60711 35747.370432 0.6770383753068502 -0.3321438918730114 0.42708611837668925 -0.49889570146799483
60711 36167.370432 0.5851469432008233 -0.4757130353296398 0.30412864183221905 -0.5820703841439481
60711 36587.370432 0.4632261293593076 -0.5951053949953902 0.1654540399072108 -0.6355281918251603
60711 37007.370432 0.31748733585913946 -0.6840825547955001 0.01817875407374134 -0.6564315521772655
60711 37427.370432 0.15542656302623223 -0.737988828684057 -0.1300844443959024 -0.643656049120643
60711 37847.370432 -0.014551356990044234 -0.7540267227825972 -0.2716275286631447 -0.5978715957560092
60711 38267.370432 -0.18375815419584005 -0.7314113375762403 -0.39920462937739226 -0.5214461236936487
60711 38687.370432 -0.34345761231397026 -0.6713699697795747 -0.5062317926287048 -0.41836420061196383
60711 39107.370432 -0.4854576638335924 -0.577091324320727 -0.5872535546469637 -0.2939893239107263
60711 39527.370432 -0.6025304451508139 -0.4535339968206342 -0.6382080417611057 -0.1547723225441733
60711 39947.370432 -0.6888385469079549 -0.30704379792618997 -0.6566313024260433 -0.007803532730529641
60711 40367.370432 -0.7401015868639937 -0.14504995807160423 -0.6416809611600879 0.13948367241182738
60711 40787.370432 -0.7537775060516665 0.024319911787479356 -0.5941384473035826 0.2796918280838164
60711 41207.370432 -0.7291427655644953 0.19257521096464505 -0.5163557112893581 0.4057615001028843
60711 41627.370432 0.6673357516429386 -0.3512375451478953 0.4121615798134464 -0.511290537349674
60711 42047.370432 0.5713917698929639 -0.49215623537028924 0.28678477915039446 -0.5908029923184126
60711 42467.370432 0.4461323171406803 -0.6080322530308194 0.1465930603490445 -0.640135305645966
60711 42887.370432 0.2979500359207867 -0.6928201348363523 -0.001213436705249048 -0.6566769102317386
60711 43307.370432 0.13446994179255065 -0.7420952374453531 -0.14899565255490702 -0.6395410767378202
60711 43727.370432 -0.035848365628251326 -0.7533139447186991 -0.2890884656666119 -0.5896277252577768
60711 44147.370432 -0.20427918760508668 -0.7259455870363917 -0.4143119214049443 -0.5095278696553682
60711 44567.370432 -0.36216018138874817 -0.6614669531693291 -0.5182321918620503 -0.40340657927109796
60711 44987.370432 -0.5014151096925277 -0.5632834687914262 -0.5955634907616119 -0.2767647918904644
60711 45407.370432 -0.6149684018959858 -0.4365254455980511 -0.6424359819400192 -0.136144809389428
60711 45827.370432 -0.697147998296457 -0.2876823836343736 -0.6565789128653157 0.011298044002775539
60711 46247.370432 -0.7438704421765248 -0.1242756068797155 -0.6373444740935873 0.15812767035894942
60711 46667.370432 -0.752791948065421 0.04549239664531101 -0.5857059945815718 0.296956583841049
60711 47087.370432 -0.7234080030817088 0.2130863636460368 -0.5042133806957789 0.42076588434992795
60711 47507.370432 0.6571000526926619 -0.370020810290426 0.3968986221160896 -0.5232357064131491
60711 47927.370432 0.5571354790450344 -0.5082339190603598 0.26914976040807653 -0.5990465323980122
60711 48347.370432 0.4285914161699654 -0.6205214855329787 0.12751116763060685 -0.6442075644595057
60711 48767.370432 0.2780661541914795 -0.7010365914110251 -0.020711330302530168 -0.656352003267356
60711 49187.370432 0.11331887781938395 -0.7456145222153555 -0.16785921240755483 -0.6348551811249854
60711 49607.370432 -0.0572008149522982 -0.7519882325689711 -0.30637451723268017 -0.5808411314955495
60711 50027.370432 -0.2247127780747787 -0.7198761402833055 -0.42912504833432125 -0.4971259427074718
60711 50447.370432 -0.3806294124481279 -0.6510076613266114 -0.5298313307148651 -0.38805803208587775
60711 50867.370432 -0.5170020670601069 -0.5490042976970338 -0.6033910035261149 -0.2592729076272941
60711 51287.370432 -0.626937327612488 -0.4191402421561374 -0.6461385787863214 -0.11737112786115365
60711 51707.370432 -0.7049118395001506 -0.2680689237259215 -0.6559827017899446 0.03041456258611455
60711 52127.370432 -0.7470435884734546 -0.1034141962847198 -0.6324806258480958 0.17663419503111547
60711 52547.370432 -0.7512063614442908 0.06655977171755906 -0.5768097679330808 0.31392561369139893
60711 52967.370432 -0.7171268712135608 0.23329782356609907 -0.4917185733913874 0.435332080927548
60711 53387.370432 0.6464387561311264 -0.38832120512521245 0.38144276012552025 -0.5346260346911378
60711 53807.370432 0.5426363876385351 -0.523674217687193 0.25152522657996246 -0.6066680516841203
60711 54227.370432 0.41099862350874006 -0.6323014512240757 0.10862847667515575 -0.6476687890496837
60711 54647.370432 0.2582915758481398 -0.7085501525642277 -0.03987508398923028 -0.6554785433741872
60711 55067.370432 0.09237128138755614 -0.748485213259169 -0.18632663610404535 -0.6296981948404713
60711 55487.370432 -0.0782468738334966 -0.7500754417580919 -0.3231980473930397 -0.5716706049535997
60711 55907.370432 -0.24478767462301976 -0.7132853638953248 -0.4434481348244731 -0.48441380629175357
60711 56327.370432 -0.3987113876846435 -0.6400793498778306 -0.5409292646067135 -0.37245561599014687
60711 56747.370432 -0.5321697372646366 -0.5342992465088477 -0.6107039322837237 -0.24157895813369665
60711 57167.370432 -0.6384307511579085 -0.4014008032451271 -0.6492973326904602 -0.09847103579819486
60711 57587.370432 -0.7121426625564419 -0.24819641295192962 -0.6548246838047992 0.04955806942125178
60711 58007.370432 -0.7496388571760672 -0.08241856479772171 -0.6270624699696555 0.19504210505426395
60711 58427.370432 -0.7490298076877147 0.08760758143636749 -0.5674049947718507 0.33065212955329876
60711 58847.370432 -0.710289401330426 0.2533206895170218 -0.47880645061639526 0.4495130448256369
60711 59267.370432 0.6352984301905541 -0.40627478655837934 0.36569831151163207 -0.5455285944493675
60711 59687.370432 0.5277788970728693 -0.538634318816222 0.23376812724029844 -0.613738518495046
60711 60107.370432 0.39319633606273624 -0.6435148153237658 0.08977068542642862 -0.6505586428629848
60711 60527.370432 0.23845125061378225 -0.7154621882861697 -0.05887769067415284 -0.6540552543588098
60711 60947.370432 0.07149105606519376 -0.7507560082806664 -0.20451748934083305 -0.6240408972870973
60711 61367.370432 -0.09910625422474889 -0.7475923346430615 -0.3396499057471865 -0.562069028752166
60711 61787.370432 -0.26457284002828374 -0.7061740572062012 -0.4573255224865663 -0.471352076192192
60711 62207.370432 -0.4164174295142561 -0.6286981246386992 -0.5515223525889607 -0.356592606579638
60711 62627.370432 -0.5468893261615998 -0.5192250954862722 -0.6174675994005167 -0.2237210960958889
60711 63047.370432 -0.6494109653013503 -0.38338984957802164 -0.6518848439720909 -0.07952214525773826
60711 63467.370432 -0.7188143230279772 -0.2281642822384616 -0.6530981078771311 0.0686286442219991
60711 63887.370432 -0.7516533377220381 -0.061387175274866555 -0.6211052639159995 0.213253665241489
60711 64307.370432 -0.7462799953101139 0.108562202908399 -0.5575192581462289 0.3470629532169783
60711 64727.370432 0.7029142397795954 -0.2731175518617229 0.4654995137766188 -0.46328023598451074
60711 65147.370432 0.623686628366327 -0.42388746430471563 0.34966281767700436 -0.5559409331363716
60711 65567.370432 0.5125450503496866 -0.5531566818238931 0.2158401288211993 -0.6202646979363452
60711 65987.370432 0.3751321374837973 -0.6542165875070107 0.07087285123840749 -0.6528809807421699
60711 66407.370432 0.2184745071141901 -0.7218173042566236 -0.0777891599600903 -0.6520717104809991
60711 66827.370432 0.05060432006636006 -0.7524537312339765 -0.22249354829203452 -0.6178585648116471
60711 67247.370432 -0.11984753954023541 -0.7445480263812404 -0.3557799727636491 -0.5520012813918536
60711 67667.370432 -0.28412259581523674 -0.6985370748718799 -0.4707924984908507 -0.4579025321412756
60711 68087.370432 -0.43378366140430125 -0.6168481629105973 -0.5616354776636603 -0.3404345300377325
60711 68507.370432 -0.5611815835539248 -0.5037562328316363 -0.6237024493429755 -0.20566998528409733
60711 68927.370432 -0.6598951138020381 -0.36506866950263545 -0.653915058521254 -0.06048472176438963
60711 69347.370432 -0.7249370205711975 -0.20791952470408742 -0.6508061181959077 0.0876765873592016
60711 69767.370432 -0.7530853403852527 -0.040255856800641476 -0.6145976470884296 0.23132589194346692
60711 70187.370432 -0.7429386587469542 0.12948761097315675 -0.5471254031572663 0.363220182759356
60711 70607.370432 0.6949728922327161 -0.29274962221196615 0.4517573272250791 -0.47668192230763023
60711 71027.370432 0.6115687561476527 -0.4412085861680378 0.333291148641936 -0.5658936739640698
60711 71447.370432 0.4968950836256383 -0.5672752833847471 0.1976981591181871 -0.626266290495269
60711 71867.370432 0.35676886577145106 -0.6644258107131755 0.05189900919845757 -0.654645561596892
60711 72287.370432 0.1983359801656089 -0.7276217494173263 -0.0966331873831452 -0.6495317204284874
60711 72707.370432 0.029701973509968796 -0.7535781077767871 -0.24026486730470092 -0.6111551536134049
60711 73127.370432 -0.14047772607106254 -0.740940405059305 -0.3715962241137603 -0.5414698245081182
60711 73547.370432 -0.3034445471399303 -0.6903723886870294 -0.48385232036752746 -0.4440656526061966
60711 73967.370432 -0.45081577277438445 -0.6045262699901209 -0.5712693704682875 -0.32398215116643714
60711 74387.370432 -0.5750456452141749 -0.48788904036210706 -0.6294092128996088 -0.1874322088965782
60711 74807.370432 -0.6698739592217533 -0.34644256936550694 -0.6553887528030672 -0.04137641341680889
60711 75227.370432 -0.7304982770247312 -0.18748229180998505 -0.6479531820451054 0.10667394901847956
60711 75647.370432 -0.7539255172979531 -0.019060106155084924 -0.6075527679149956 0.24922411785218235
60711 76067.370432 -0.7390061916425616 0.15033840383388172 -0.5362481246284295 0.37908595579252274
60711 76487.370432 0.6864762168767885 -0.3121686830913886 0.43761541867394854 -0.4896875149504483
60711 76907.370432 0.5989610147866672 -0.45819130146939946 0.3166259175372568 -0.5753733243444589
60711 77327.370432 0.48084935947656 -0.580953236342313 0.17938118450829177 -0.6317433191722542
60711 77747.370432 0.33812293821175976 -0.6741185919506755 0.032874807169418985 -0.6558629808847719
60711 78167.370432 0.1780413190319419 -0.7328615193931008 -0.11540200356135903 -0.6464500442294252
60711 78587.370432 0.008775702230345796 -0.754118517242499 -0.25784045336381717 -0.6039425052200585
60711 79007.370432 -0.16095065942662437 -0.7367691664104249 -0.38706978028323147 -0.5305120788903052
60711 79427.370432 -0.3224776443825044 -0.6816954898297732 -0.49647725336344617 -0.4298950626745379
60711 79847.370432 -0.4674537947402022 -0.5917641379348073 -0.5804057947571575 -0.3072967104437857
60711 80267.370432 -0.5884406028112241 -0.47166167297782574 -0.6345807688847677 -0.16905670932719208
60711 80687.370432 -0.6793374232741908 -0.3275166300668555 -0.6563082990876431 -0.02220222776025642
60711 81107.370432 -0.7355031490801968 -0.16679573135781597 -0.6445317240819652 0.12567083331407708
60711 81527.370432 -0.7541654889052881 0.0023180660050831354 -0.5999291380098892 0.2670469458371601
60711 81947.370432 -0.734437483048145 0.17127510383896305 -0.5248002839300824 0.3947797921446371
60711 82367.370432 0.6773346176391323 -0.3315415940937172 0.4229471087759247 -0.5024079321741782
60711 82787.370432 0.5857390575009377 -0.474986105211138 0.29951266240790286 -0.5844571168457072
60711 83207.370432 0.4642113656805088 -0.5943402449960614 0.1606800549340356 -0.6367490880224752
60711 83627.370432 0.3189392096770731 -0.6834097259856794 0.0135585002010708 -0.6565402455531878
60711 84047.370432 0.15730725105824353 -0.7375930031894589 -0.13433926405973104 -0.6427783074609345
60711 84467.370432 -0.012447014109563712 -0.7540668361094419 -0.2754323263887677 -0.5961252486682006
60711 84887.370432 -0.18156490819602236 -0.731961187657614 -0.4024114416828765 -0.5189720950854045
60711 85307.370432 -0.3414412556728218 -0.6723983690150465 -0.5088013537565452 -0.41523425278507436
60711 85727.370432 -0.4838223488889852 -0.5784608983079673 -0.5891070663891672 -0.29026158577158306
60711 86147.370432 -0.6014104802785962 -0.45501227484926104 -0.6392354862600091 -0.15049005632764748
