CIC_AEM_VERS = 1.0
CREATION_DATE = 2025-02-05T13:42:28.800Z
ORIGINATOR = CS Group

META_START
OBJECT_NAME = PLEIADES1B
OBJECT_ID = PLEIADES1B
CENTER_NAME = null
REF_FRAME_A = EME2000
REF_FRAME_B = SC_BODY_1
ATTITUDE_DIR = A2B
TIME_SYSTEM = UTC
START_TIME = 2025-02-04T22:09:45.05184
STOP_TIME = 2025-02-05T23:59:60.0
ATTITUDE_TYPE = QUATERNION
QUATERNION_TYPE = LAST
META_STOP

60710 79785.05184 -0.41802690837096634 -0.6295464285313809 -0.5463538443842185 -0.3611402427420402
60710 80205.05184 -0.5468104109461188 -0.5216238373050892 -0.6126381321925066 -0.23147670686211005
60710 80625.05184 -0.6485740244702499 -0.38792166788974214 -0.6486192320922729 -0.09034160793418777
60710 81045.05184 -0.7182753422243605 -0.23503868098598085 -0.6525186811690024 0.05528762898075917
60710 81465.05184 -0.7524580506754064 -0.07049972631718264 -0.6241368485227891 0.19821671190646586
60710 81885.05184 -0.7494064650622706 0.09758845681387032 -0.5648500735074515 0.3313771834001033
60710 82305.05184 -0.7092122863369581 0.2609850992367124 -0.477514428236235 0.4482016083319308
60710 82725.05184 0.6338569742966431 -0.4114646552597328 0.3664820513333318 -0.5427827186434799
60710 83145.05184 0.5271042233065976 -0.5415310551186177 0.23728109480545417 -0.6104121035516828
60710 83565.05184 0.3942672348173305 -0.6447370240719715 0.09632993780266119 -0.6477561735894528
60710 83985.05184 0.24167165773033214 -0.716072331041156 -0.04962481838106996 -0.6529721310804958
60710 84405.05184 0.0769391894362179 -0.7518292677846029 -0.1932295416374171 -0.6256959784671461
60710 84825.05184 -0.09164845331869438 -0.7501584615719699 -0.32722380888313735 -0.5672630980737936
60710 85245.05184 -0.2555974839113826 -0.7111735079572887 -0.4448489815243682 -0.48063661058498947
60710 85665.05184 -0.4066861481181408 -0.6369331787414133 -0.5402313747101541 -0.3702331218650834
60710 86085.05184 -0.5374250806078429 -0.5312857001893544 -0.6086999165138955 -0.24164891711724565
60711 105.05184 -0.6414392249586035 -0.399601539550003 -0.6469991135855516 -0.10132362653045923
60711 525.05184 -0.7137483063942898 -0.24843438961020683 -0.6533938770629084 0.043819522989050105
60711 945.05184 -0.7509372168195982 -0.08516387751114382 -0.6276742605664377 0.18672287750802866
60711 1365.05184 -0.7512357051137457 0.08232093190780324 -0.5711088169566019 0.3204729297873921
60711 1785.05184 -0.7145748103846233 0.24592154587664952 -0.4863857891140251 0.43855934351618325
60711 2205.05184 0.6426226278236695 -0.39763202455135455 0.3775411925996742 -0.5351519215611659
60711 2625.05184 0.5387741358770685 -0.5299150697449323 0.2498291306061775 -0.6053906630166204
60711 3045.05184 0.4080694706807115 -0.6360835502930821 0.10953301317349864 -0.6456620967425968
60711 3465.05184 0.25696599773906437 -0.7107218396247292 -0.036358774176037535 -0.6538508868441057
60711 3885.05184 0.09302218107016635 -0.7500063206840418 -0.18050334802206702 -0.6294886290599379
60711 4305.05184 -0.07555033189264027 -0.7519490286054195 -0.31564855896890076 -0.5737863652537715
60711 4725.05184 -0.2402994678483897 -0.7164855731578543 -0.4350126924192932 -0.48955954351085723
60711 5145.05184 -0.3929674220877886 -0.6454841300788676 -0.5326310715333745 -0.3810918322809012
60711 5565.05184 -0.5259696901964911 -0.542621611966461 -0.6037066242529093 -0.2538818289178716
60711 5985.05184 -0.6327951526407133 -0.4131402842520393 -0.6448387784048825 -0.1143168849639427
60711 6405.05184 -0.7083181041485773 -0.26349789046002187 -0.6541493079154559 0.030708435522076097
60711 6825.05184 -0.7489638284421151 -0.10102063706986839 -0.6312905610843483 0.17412708593764686
60711 7245.05184 -0.7528037463856501 0.06642786869182678 -0.5774056726802972 0.3089927941642082
60711 7665.05184 -0.7196115659202792 0.2307488757552676 -0.49506642917632054 0.4287462900528132
60711 8085.05184 0.6508960195917092 -0.3839192620552825 0.388194457860053 -0.5274897485158703
60711 8505.05184 0.5499004527479449 -0.5183394509640301 0.261948341952431 -0.6002639184477818
60711 8925.05184 0.42151881351878406 -0.6272338893661246 0.12252699358996248 -0.6433402472425972
60711 9345.05184 0.2720807844746208 -0.7050594747671886 -0.02313641675809081 -0.6544676386042989
60711 9765.05184 0.10903143431619611 -0.7478354780763787 -0.16773366181942723 -0.6330242197213888
60711 10185.05184 -0.059441573428741616 -0.7533840155542962 -0.3039697516579131 -0.5800703530888525
60711 10605.05184 -0.22483193210160182 -0.7214794300520337 -0.424964989202928 -0.4983199697694327
60711 11025.05184 -0.3789585068585322 -0.6537957807857311 -0.5247558762620917 -0.39188365293123967
60711 11445.05184 -0.5141605998166984 -0.5538122697202993 -0.598418635234346 -0.2661315173136131
60711 11865.05184 -0.6237833427245844 -0.4266136572998731 -0.6423936705694467 -0.12737935765611041
60711 12285.05184 -0.7025360353740104 -0.2785368861540362 -0.6546400246007221 0.01751457231412062
60711 12705.05184 -0.7466563011471474 -0.11684885201939384 -0.6346495771002341 0.1614640146456916
60711 13125.05184 -0.7540333869302056 0.05059090736175775 -0.5834267373778985 0.29746840773342226
60711 13545.05184 -0.7242779778344177 0.2156514925717297 -0.503432537908607 0.41889321354083886
60711 13965.05184 0.6587521205161908 -0.3702689499489089 0.3984931819047722 -0.519759302364628
60711 14385.05184 0.5605774151169008 -0.5067613402268597 0.2737039909068827 -0.5950059084361901
60711 14805.05184 0.43453522626798424 -0.6182779910950714 0.135198973369589 -0.6408062893413919
60711 15225.05184 0.28684349887066063 -0.6991761841165353 -0.010135596156883985 -0.654805879944906
60711 15645.05184 0.1248495857750591 -0.7453530623625262 -0.15502854461350818 -0.6362605941857612
60711 16065.05184 -0.04332353836426583 -0.7544793686853802 -0.29218942185030294 -0.5860966601256961
60711 16485.05184 -0.20933404300730535 -0.7261233346016267 -0.414801855420112 -0.5068171091481246
60711 16905.05184 -0.3648640200686346 -0.6617563623656852 -0.5167268133087497 -0.4024253522526575
60711 17325.05184 -0.5021793615803766 -0.5646827139891757 -0.5929276819359355 -0.27818354609613816
60711 17745.05184 -0.6145072399849074 -0.43984582298492036 -0.6397050011805394 -0.14033536786375628
60711 18165.05184 -0.6964197229259065 -0.2934627747947475 -0.6548744878624231 0.0043098116548151
60711 18585.05184 -0.7439876967283165 -0.13272583409932284 -0.6377818229143672 0.14866239080399649
60711 19005.05184 -0.7549307308265782 0.03454328138783153 -0.5892929907223025 0.2856923598036423
60711 19425.05184 -0.7286901684812492 0.20021488029800816 -0.5117416528862582 0.40871153735521504
60711 19845.05184 0.6664612660032515 -0.35619757233678084 0.4088380588837894 -0.5116679704523844
60711 20265.05184 0.571215577417612 -0.4947362552290844 0.28558904487633174 -0.5893960462405486
60711 20685.05184 0.44758580501775475 -0.6088937959368107 0.14804953887023675 -0.6379628723182723
60711 21105.05184 0.3016716914761387 -0.6929047893234365 0.0030528161357802545 -0.6548800071831561
60711 21525.05184 0.14073051229342518 -0.7425178208322739 -0.14215408402537688 -0.6392608427324699
60711 21945.05184 -0.02719228318335007 -0.7552340957967012 -0.28028799903475143 -0.5918789385326285
60711 22365.05184 -0.19374587731341858 -0.7304389901084524 -0.40446167712371783 -0.5151040365709313
60711 22785.05184 -0.3506021333995111 -0.6694229050115528 -0.5084700711099455 -0.41280661948066183
60711 23205.05184 -0.48996154783149326 -0.5753159694902614 -0.5871702844588313 -0.290138370341779
60711 23625.05184 -0.6049422933655808 -0.45290951329319984 -0.6367321642007577 -0.15326429962103982
60711 24045.05184 -0.689980635148171 -0.30829708291835123 -0.6548279593350862 -0.008942899843363866
60711 24465.05184 -0.7409832416202886 -0.14859461831070164 -0.6406539076483451 0.13574257129541786
60711 24885.05184 -0.7555000081319345 0.018422290462738147 -0.5949351605777013 0.2737380346885286
60711 25305.05184 -0.7327992340391892 0.18463170168369097 -0.5198732040170739 0.39830675247851877
60711 25725.05184 0.673905341161119 -0.3419179901948483 0.4190578401102164 -0.5033231623696565
60711 26145.05184 0.5816325059014142 -0.4824545530735859 0.29740248509372297 -0.5835177753569171
60711 26565.05184 0.46046473327761356 -0.5992176691147479 0.16087827806220428 -0.63484533082949
60711 26985.05184 0.31638075547188516 -0.6863168625808451 0.01626537091519721 -0.6546814640825075
60711 27405.05184 0.15654786010413008 -0.7393497163464475 -0.12921030667573774 -0.641996465008965
60711 27825.05184 -0.011054069471477555 -0.7556495641293763 -0.2682628040384959 -0.5974166148916572
60711 28245.05184 -0.178081489693953 -0.7344230200395192 -0.3939500908383037 -0.5231760091908905
60711 28665.05184 -0.3361966050160451 -0.6767799054210942 -0.5000012796113903 -0.423012438092395
60711 29085.05184 -0.4775379532456784 -0.585676619390532 -0.5811686514266705 -0.30196589096802195
60711 29505.05184 -0.5951193743184616 -0.46575122078003856 -0.6334928782381397 -0.16611894495891782
60711 29925.05184 -0.6832431221166432 -0.32296893171138685 -0.6545059146229726 -0.02217911073630975
60711 30345.05184 -0.7376527960635791 -0.16436964162338524 -0.643254639779621 0.12277801828574049
60711 30765.05184 -0.7557312604639672 0.00231814386138135 -0.6003237681937087 0.2616796925790909
60711 31185.05184 -0.7365757305460574 0.16898494230889408 -0.5277829575897903 0.38774402912382167
60711 31605.05184 0.6810417437341394 -0.32749235015090944 0.4291034938641938 -0.4947737820840334
60711 32025.05184 0.5917865642844433 -0.469953463968819 0.3090993415336593 -0.5773993428291903
60711 32445.05184 0.47314317561790986 -0.5892639243113118 0.17365329662910042 -0.6314650389699163
60711 32865.05184 0.330962182419922 -0.679410647624539 0.029488511576900144 -0.654213752062142
60711 33285.05184 0.1723129562834635 -0.7358419908462798 -0.1161957719106827 -0.6444713742241136
60711 33705.05184 0.005106311011849778 -0.7557218944761321 -0.25611137937088185 -0.6027149451888516
60711 34125.05184 -0.16232568028919947 -0.7380749141358394 -0.3832675110554907 -0.531038425738996
60711 34545.05184 -0.32163662628957645 -0.683829318538546 -0.4913236753158151 -0.43304548238069235
60711 34965.05184 -0.4649016612889123 -0.5957647665569589 -0.5749303844734476 -0.3136651738229087
60711 35385.05184 -0.5850349672707281 -0.47836287016117396 -0.6300001948497924 -0.17889328106702482
60711 35805.05184 -0.6762043389158026 -0.3374663223223638 -0.6539205177014511 -0.03538544699063529
60711 36225.05184 -0.7339910106007174 -0.18004050575728495 -0.6455926469377096 0.10978500291005328
60711 36645.05184 -0.7556168473487845 -0.01376582174116046 -0.605465408617626 0.2495302008213945
60711 37065.05184 -0.7400140014772927 0.1532663464134399 -0.5354797489228386 0.37702804029431897
60711 37485.05184 0.6878759627326586 -0.31289768348201863 0.43899242583742554 -0.48601167642719956
60711 37905.05184 0.601697977003227 -0.45720018332348 0.3207094212553298 -0.5710280237932914
60711 38325.05184 0.48565730071971946 -0.5789945259716635 0.18641933260479923 -0.6278137921260301
60711 38745.05184 0.3454683460028347 -0.6721516882116113 0.0427776112978283 -0.6534782367577351
60711 39165.05184 0.18808837444227178 -0.7319714071058396 -0.10305255553766439 -0.6466999252948136
60711 39585.05184 0.021350852765589512 -0.7554425162838228 -0.24378379355660304 -0.6077994798254601
60711 40005.05184 -0.14641908009445584 -0.7414004257219666 -0.37237143369150394 -0.5387266255663572
60711 40425.05184 -0.3068704157206664 -0.690586104136264 -0.48241089018737493 -0.44294594902532636
60711 40845.05184 -0.45201612217332476 -0.6056022436722567 -0.5684414799932688 -0.32527162737868903
60711 41265.05184 -0.5746700006933229 -0.49076865522606594 -0.6262475762278303 -0.19161025708323384
60711 41685.05184 -0.6688600409915586 -0.3518039264309932 -0.653070613043939 -0.048569715779697514
60711 42105.05184 -0.7300010808263413 -0.19560731441166626 -0.6476665271014831 0.09676915941214402
60711 42525.05184 -0.7551599351652425 -0.0298169102293275 -0.6103533431712521 0.23730406794928455
60711 42945.05184 -0.7431126148419266 0.13749553342788348 -0.5429501249015868 0.3661745237172127
60711 43365.05184 0.6943975361940143 -0.29815682579468483 0.4487037335738083 -0.4770529618780765
60711 43785.05184 0.6113464226935662 -0.4442179012000493 0.3322037527376867 -0.5644171102829898
60711 44205.05184 0.4979802219128606 -0.5684290191714596 0.19914163350172576 -0.6238964325540376
60711 44625.05184 0.3598702169633087 -0.6645505593874149 0.056100643433568485 -0.6524712244743016
60711 45045.05184 0.20385330538198493 -0.7277385242801281 -0.08980138901315916 -0.6486726298332062
60711 45465.05184 0.03767893482703777 -0.7548066642596717 -0.23128292033098646 -0.6126625565698118
60711 45885.05184 -0.13035671729549858 -0.7443959189613369 -0.36126069554277734 -0.5462348871553308
60711 46305.05184 -0.291891810158102 -0.697050267028439 -0.47325865579280757 -0.4527099967036221
60711 46725.05184 -0.4388751883554968 -0.615188486551847 -0.5617014149834536 -0.3367836330131873
60711 47145.05184 -0.5640190204218225 -0.5029647302419302 -0.6222401512454103 -0.2042699657638367
60711 47565.05184 -0.6612050366039007 -0.36597369998753476 -0.6519663728757438 -0.06173329025991555
60711 47985.05184 -0.7256799153604567 -0.2110530854207839 -0.6494866246222482 0.08373995470267741
60711 48405.05184 -0.7543549988944459 -0.04580332580200319 -0.6149910739677098 0.2250257094833366
60711 48825.05184 -0.745854973354085 0.12171762935030137 -0.5501833918029008 0.35522304656733017
60711 49245.05184 0.7005704526573082 -0.2833305574089962 0.4582031037873254 -0.4679473814239196
60711 49665.05184 0.620671446358128 -0.4310767523970623 0.34352014088144145 -0.5576142950349335
60711 50085.05184 0.5100146981250655 -0.5576445388782748 0.2117205360999724 -0.6197515555036346
60711 50505.05184 0.3740358441659616 -0.6566728248192969 0.06932860835434629 -0.6512077490989733
60711 50925.05184 0.21945296763983335 -0.7231805131637685 -0.07658170777306784 -0.650373417667742
60711 51345.05184 0.053932833015064775 -0.7538152608878552 -0.2187403471864666 -0.6172572093449277
60711 51765.05184 -0.11428867010856505 -0.7470287021178106 -0.35004912446850905 -0.5534905857878933
60711 52185.05184 -0.27681519800107246 -0.7031696939300613 -0.4639415606505486 -0.4622596196890488
60711 52605.05184 -0.4255455907456299 -0.6244734385990618 -0.5547455913337402 -0.34813963229858724
60711 53025.05184 -0.5530970184635924 -0.5149325024320379 -0.6179829836423434 -0.2168530332604805
60711 53445.05184 -0.6532137884795565 -0.38002511189614274 -0.6505995733187434 -0.07491899669628853
60711 53865.05184 -0.7209959253180912 -0.22649598375992283 -0.6510608001287999 0.07059943024544263
60711 54285.05184 -0.7531953579495511 -0.061887822677978856 -0.6194204889920103 0.21256741985620822
60711 54705.05184 -0.7482734411089521 0.10576593946281887 -0.5572532282033176 0.34404834404120643
60711 55125.05184 0.7064582001306754 -0.26828554690186324 0.46757722807147 -0.45859700454832364
60711 55545.05184 0.6297419943188237 -0.4176969093288393 0.35473417216199604 -0.550561513029225
60711 55965.05184 0.5218124310279697 -0.5466021711514302 0.22421617476258232 -0.6153575873360612
60711 56385.05184 0.3879795172354495 -0.6485145028738466 0.08248866242920765 -0.6496895061017035
60711 56805.05184 0.2348579937980213 -0.7183107733026585 -0.06340764070475231 -0.6518058198626048
60711 57225.05184 0.07004157861895911 -0.7524775921158475 -0.20620315732401995 -0.6215721265772026
60711 57645.05184 -0.09827319581622042 -0.7492937533525992 -0.33877045577517617 -0.5604782140857221
60711 58065.05184 -0.2616843432382455 -0.7089307660458665 -0.45447917693582895 -0.4715794219315773
60711 58485.05184 -0.41205294302330825 -0.6334451881522212 -0.5475766662705113 -0.3593318247924896
60711 58905.05184 -0.5419165229673922 -0.5266678754767651 -0.6134667299830278 -0.2293599840417973
60711 59325.05184 -0.6448960270167632 -0.39395388167861867 -0.6489554144753158 -0.08812674662958052
60711 59745.05184 -0.7159563165547527 -0.2419269458161913 -0.6523720229235781 0.05734674689988006
60711 60165.05184 -0.7516855315773653 -0.07805222145516529 -0.6236223065776253 0.19992981539022633
60711 60585.05184 -0.7503676355135214 0.0896735696325745 -0.5641356664399512 0.3326529908681885
60711 61005.05184 -0.7120484159623962 0.25306524367892336 -0.4767960852816002 0.44901061104088696
60711 61425.05184 0.6385390488737662 -0.40410727837368554 0.36582467137623237 -0.5432655892298629
60711 61845.05184 0.5333708622244114 -0.53531731496723 0.23661877549563526 -0.6107065176573846
60711 62265.05184 0.40172341042674803 -0.6400816795198725 0.09559023443334777 -0.6479014216214527
60711 62685.05184 0.2501151402519419 -0.713134215891497 -0.050245022983946834 -0.6529605228548766
60711 63105.05184 0.08607197272026688 -0.7508078689097029 -0.19361811651096258 -0.6256126472938821
60711 63525.05184 -0.08224599619826269 -0.7512183891317838 -0.32737483941787354 -0.5672144589621501
60711 63945.05184 -0.24645213248979195 -0.714365628111046 -0.44483961299761554 -0.4806878555496035
60711 64365.05184 -0.398376437349312 -0.6421336786257212 -0.5401742393537544 -0.3703678496819904
60711 64785.05184 -0.5304842119626637 -0.5381838722113849 -0.6086774212816702 -0.2417776196669323
60711 65205.05184 -0.6362807056655996 -0.40772685636093764 -0.647025016388311 -0.101312893391808
60711 65625.05184 -0.7105928700794202 -0.257267242145837 -0.6533992261384696 0.04405440264737
60711 66045.05184 -0.7498410913131596 -0.09418944611626412 -0.6275536010031886 0.18719819413266814
60711 66465.05184 -0.7521282883090747 0.0735490847866566 -0.5707690883880129 0.32111714029777855
60711 66885.05184 -0.7173145883071761 0.23775476495035922 -0.4857936107323358 0.43924596858337317
60711 67305.05184 0.6470358700424018 -0.3903716339537651 0.37672867314799763 -0.5357518801748518
60711 67725.05184 0.5446586979110878 -0.5238360358069425 0.2488756253198854 -0.6058082481293087
60711 68145.05184 0.4152423237255609 -0.6314012890334558 0.10859999278061047 -0.6458422921750621
60711 68565.05184 0.2652160121640816 -0.7076637948143579 -0.03710432166693189 -0.6538315453649823
60711 68985.05184 0.10203138946484293 -0.7488145370929158 -0.1809785854218128 -0.6293751951109254
60711 69405.05184 -0.0661997282829705 -0.7528117036473729 -0.31585382343103025 -0.5736972172242082
60711 69825.05184 -0.2311086811260923 -0.7194847964161806 -0.4350118597029212 -0.4895866492786863
60711 70245.05184 -0.38450238792216257 -0.65054296280764 -0.5325379669907415 -0.38125461431565666
60711 70665.05184 -0.5187856386957957 -0.5494747212278068 -0.6036270177004945 -0.25411299714226776
60711 71085.05184 -0.6273619677897486 -0.4213263935700199 -0.6448243782188218 -0.11446638243154604
60711 71505.05184 -0.7049009383544802 -0.27248783553280087 -0.6541556466436207 0.03074795209260453
60711 71925.05184 -0.7476522972056016 -0.11026774772389707 -0.6312211370153532 0.1744045368679683
60711 72345.05184 -0.7535399485509964 0.05741384507386939 -0.5771559102708225 0.3094709220121559
60711 72765.05184 -0.7222444264957821 0.22235978221575087 -0.49457457095972823 0.42931935596795917
60711 73185.05184 0.6552426907295703 -0.3764513534618828 0.387481654902814 -0.5280145469927562
60711 73605.05184 0.5557183320920892 -0.5120994064018962 0.2610487697596247 -0.6006537048471428
60711 74025.05184 0.4286219067327523 -0.622405504625627 0.12161050789096339 -0.6435103210135797
60711 74445.05184 0.2802903631666586 -0.701839342493811 -0.023865768665820016 -0.6544381366712573
60711 74865.05184 0.11808025250588441 -0.7464633669247492 -0.1681537958500889 -0.6329089956294827
60711 75285.05184 -0.04995081354075676 -0.754076566244786 -0.3040735270813384 -0.5800109814438033
60711 75705.05184 -0.21546869219332682 -0.724334510617938 -0.42487467092309805 -0.49839168674884526
60711 76125.05184 -0.370269175982707 -0.6587596088578362 -0.5245708436260411 -0.3921249100376323
60711 76545.05184 -0.506698039444382 -0.5606510077811927 -0.5982520225923116 -0.2664996468315873
60711 76965.05184 -0.6181079491221356 -0.43479923506244517 -0.6423399108341079 -0.12763865938958455
60711 77385.05184 -0.6989168498486855 -0.2875067408116015 -0.654636369997859 0.01750240159254739
60711 77805.05184 -0.7451506998969166 -0.1261202885097043 -0.6345872683465701 0.1616882992730228
60711 78225.05184 -0.7545974460547574 0.04143327301601461 -0.5832306928488945 0.2978387772164938
60711 78645.05184 -0.7268189135181087 0.20695408078741725 -0.5030967506778731 0.41928264315990627
60711 79065.05184 0.6631661984194741 -0.36232570692469335 0.398097208998963 -0.5200473897277246
60711 79485.05184 0.5667430217038683 -0.49987846204452996 0.2733724586764613 -0.595139789773084
60711 79905.05184 0.44229467999850797 -0.612769890583474 0.13507927667632869 -0.6408135971184871
60711 80325.05184 0.295940910334251 -0.6953904563412729 -0.009958102530843123 -0.6547915141585116
60711 80745.05184 0.134888039293854 -0.7436175017790505 -0.15456874498168408 -0.6363542495954047
60711 81165.05184 -0.03291926039941498 -0.7550210211571775 -0.2915817262219681 -0.5863784416560228
60711 81585.05184 -0.19924083114272256 -0.7289746472958889 -0.4142247433119586 -0.5072641489732285
60711 82005.05184 -0.3556838906587477 -0.6667543720547355 -0.5162822198845577 -0.4029643243549293
60711 82425.05184 -0.4944472441201495 -0.5714875240765067 -0.5926693752622506 -0.2786878975361989
60711 82845.05184 -0.6086247594064742 -0.44797803750484416 -0.6396136728026438 -0.14066246732740212
60711 83265.05184 -0.6926610199190815 -0.3022683773886643 -0.654855289931081 0.004369069095549175
60711 83685.05184 -0.7423434501102905 -0.14172220956692796 -0.6376657148537824 0.14907532825331304
60711 84105.05184 -0.7553004061587304 0.02570452096266798 -0.5889746709115202 0.28630300571807316
60711 84525.05184 -0.73097160436505 0.19178596471517453 -0.5112339554572399 0.4093146712955685
60711 84945.05184 0.6705988296368578 -0.3483827478796957 0.408284175721021 -0.5120846634349395
60711 85365.05184 0.5771659495954725 -0.4878078628845378 0.2851834507135366 -0.589570483466308
60711 85785.05184 0.4552220916375662 -0.6032256852562011 0.1479361697305262 -0.6379706181461391
60711 86205.05184 0.31074981886554737 -0.6888980412033088 0.0033008096273764763 -0.6548611635736826
