CIC_OEM_VERS = 2.0
CREATION_DATE = 2025-03-13T14:00:42.155664
ORIGINATOR = ISAE-SUPAERO


META_START
OBJECT_NAME = PLEIADES1B
OBJECT_ID = PLEIADES1B
CENTER_NAME = Earth
REF_FRAME = EME2000
TIME_SYSTEM = UTC
START_TIME = 2025-03-13T05:07:36.169
USEABLE_START_TIME = 2025-03-13T05:07:36.169
USEABLE_STOP_TIME = 2025-03-13T23:54:36.169
STOP_TIME = 2025-03-13T23:54:36.169
INTERPOLATION = lagrange
INTERPOLATION_DEGREE = 5
META_STOP



60747 18456.169 -6050.6736 3669.1991000000003 14.662535 0.56921246 0.9069697200000001 7.4284076
60747 18876.169 -5227.42 3678.6776 3030.9308 3.2820275000000003 -0.8603441500000001 6.6948445
60747 19296.169 -3383.7308 2969.9969 5453.7662 5.3509716 -2.4577335 4.6511654
60747 19716.169 -880.0164100000001 1682.0456000000001 6810.3379 6.3736963 -3.5735032 1.7019945
60747 20136.169 1795.1734 66.403901 6836.8273 6.1542634 -3.9926084 -1.5781249000000002
60747 20556.169 4120.3781 -1562.0961000000002 5527.546200000001 4.7342258 -3.6335104 -4.5536945
60747 20976.169 5640.5072 -2885.5168 3134.6987999999997 2.3852100999999997 -2.5633888000000002 -6.6450768
60747 21396.169 6056.9455 -3644.1494 127.97731 -0.43554753 -0.98882086 -7.4338471
60747 21816.169 5286.755700000001 -3688.8723 -2903.9357999999997 -3.1704396999999997 0.77905779 -6.7630143
60747 22236.169 3478.234 -3009.0206000000003 -5363.5779 -5.2848489 2.3936001 -4.770431899999999
60747 22656.169 985.78375 -1737.9886000000001 -6768.7217 -6.3690297000000005 3.5429824 -1.8368806
60747 23076.169 -1699.4594 -127.86597 -6851.4185 -6.1959143 3.9920850000000003 1.4552481000000002
60747 23496.169 -4050.2036000000003 1506.3006 -5588.647599999999 -4.8119274 3.6602517 4.4577324
60747 23916.169 -5608.6983 2845.8037000000004 -3229.9282000000003 -2.4859995 2.6122300000000003 6.587023100000001
60747 24336.169 -6069.9749 3628.5949 -237.6466 0.32553704 1.053596 7.4241848
60747 24756.169 -5344.9299 3702.2353 2801.3316 3.0683878 -0.70782299 6.8069068
60747 25176.169 -3577.7355000000002 3054.1095 5293.215 5.2058808 -2.3262392 4.863284800000001
60747 25596.169 -1115.1452 1812.4314 6753.989500000001 6.326787500000001 -3.4884887 1.9788067
60747 26016.169 1563.7777 219.24011 6901.6703 6.219715900000001 -3.9731171 -1.2873199
60747 26436.169 3939.2081000000003 -1416.3937 5707.191400000001 4.904525899999999 -3.6869218000000004 -4.307977299999999
60747 26856.169 5548.2772 -2776.4182 3400.0079 2.6288274 -2.681165 -6.4975713
60747 27276.169 6073.8128 -3594.1457000000005 427.78168 -0.16929944 -1.1473853999999999 -7.4211901
60747 27696.169 5409.7903 -3707.965 -2628.3673 -2.9405988 0.61480455 -6.8885774
60747 28116.169 3684.9487000000004 -3094.6889 -5167.7982999999995 -5.135788499999999 2.2567416 -5.0018571000000005
60747 28536.169 1237.8553000000002 -1874.892 -6691.9777 -6.3225347 3.4547527000000002 -2.1353183
60747 28956.169 -1452.2405 -287.67288 -6902.845200000001 -6.270006500000001 3.9757957999999998 1.1522221
60747 29376.169 -3859.4797000000003 1355.9743 -5763.2798 -4.9847563 3.7146607 4.2096927
60747 29796.169 -5506.968900000001 2732.2969 -3488.5937000000004 -2.730712 2.7308362 6.4422328
60747 30216.169 -6076.8983 3573.9871000000003 -529.54116 0.062438536999999995 1.2102406 7.4135955000000004
60747 30636.169 -5456.2702 3715.4952000000003 2533.5668 2.8432057 -0.5472768 6.9292523
60747 31056.169 -3763.8084 3127.1712 5097.8771 5.067260800000001 -2.196784 5.0897098
60747 31476.169 -1333.3067 1925.4581 6658.8409 6.303792400000001 -3.4199132 2.2455046000000003
60747 31896.169 1358.1553000000001 347.60407000000004 6917.4108 6.2977942 -3.9676887 -1.0348281
60747 32316.169 3783.4616 -1298.1526000000001 5818.2829 5.0587608 -3.738656 -4.1119325
60747 32736.169 5467.6904 -2689.6222000000002 3576.7777 2.8276021 -2.7769345 -6.3838133
60747 33156.169 6080.5195 -3554.0715 632.58384 0.042422697999999995 -1.2711381 -7.401854800000001
60747 33576.169 5502.8488 -3722.7202 -2435.998 -2.7461755 0.48060001 -6.9669145
60747 33996.169 3850.6122000000005 -3164.4824 -5028.044400000001 -4.9900878 2.1327898 -5.1719498
60747 34416.169 1448.9531000000002 -1990.4548 -6639.5909 -6.256774900000001 3.3647849 -2.3765633
60747 34836.169 -1233.8752 -430.29537 -6960.107 -6.3080934 3.942053 0.87508418
60747 35256.169 -3677.4829 1213.2086000000002 -5928.1651 -5.1359083000000005 3.7550749000000003 3.9587499
60747 35676.169 -5406.7397 2620.9599 -3742.19 -2.9610874 2.8370695 6.2795383000000005
60747 36096.169 -6081.9621 3517.6995 -825.23206 -0.2000518 1.3617978000000002 7.3799375000000005
60747 36516.169 -5568.0301 3726.6229 2253.2337 2.6074011 -0.38398089 7.034673300000001
60747 36936.169 -3963.4663 3205.5888 4889.1278 4.9061314000000005 -2.0558429 5.3074524
60747 37356.169 -1582.4712 2056.6085 6564.8827 6.2429081 -3.3242102 2.539317
60747 37776.169 1108.4531000000002 504.94869 6952.245900000001 6.3570748 -3.941284 -0.7255856300000001
60747 38196.169 3582.4259 -1145.5443 5975.4481 5.2267201 -3.7868989 -3.8486623
60747 38616.169 5354.666 -2571.5924 3825.5552000000002 3.0717683000000005 -2.8906231 -6.2181893
60747 39036.169 6077.7978 -3493.8082999999997 924.22114 0.31466538000000005 -1.4278942 -7.3668349
60747 39456.169 5610.9095 -3731.9787 -2158.7419 -2.4997752 0.31190634 -7.0691031
60747 39876.169 4048.1344 -3241.2859 -4819.2815 -4.8177428 1.9853054 -5.3904250000000005
60747 40296.169 1697.1826 -2119.6097000000004 -6539.7257 -6.1914595 3.2669894 -2.6680205999999997
60747 40716.169 -983.18196 -586.63189 -6988.210599999999 -6.3618002 3.912491 0.56713111
60747 41136.169 -3472.9102000000003 1060.0199 -6078.650000000001 -5.2982806 3.7994081000000004 3.6934712
60747 41556.169 -5288.082200000001 2500.6942999999997 -3985.8608 -3.2011989 2.9470009 6.1085003
60747 41976.169 -6072.5074 3453.8747000000003 -1114.496 -0.47129701 1.5161184 7.3372057
60747 42396.169 -5669.7136 3731.7506000000003 1974.9874 2.3582939 -0.21544521 7.1290499
60747 42816.169 -4156.3419 3278.6567000000005 4676.5197 4.7282499 -1.906262 5.5203966
60747 43236.169 -1828.6922 2183.2633 6459.598400000001 6.1709491 -3.2228469 2.8289020000000002
60747 43656.169 857.11438 660.3677 6974.8861 6.4049822 -3.9079188 -0.41629889
60747 44076.169 3375.3473 -991.78989 6122.130700000001 5.3808278000000005 -3.8265389 -3.5867403
60747 44496.169 5232.9373 -2448.8801000000003 4073.692 3.302842 -2.9940231 -6.0428378
60747 44916.169 6065.3919000000005 -3426.3347000000003 1224.5218 0.5833945700000001 -1.5791256 -7.317131000000001
60747 45336.169 5708.9179 -3732.5329 -1867.5809 -2.2530529 0.14551160999999999 -7.1617074
60747 45756.169 4235.3217 -3308.3486000000003 -4593.363 -4.6470556 1.8405462000000001 -5.602271
60747 46176.169 1933.8768 -2237.5443 -6419.2685 -6.129754 3.17337 -2.9489433
60747 46596.169 -744.96366 -730.15269 -6989.6713 -6.415083 3.8855716000000005 0.27743102
60747 47016.169 -3278.5269 919.58897 -6193.7768 -5.449371 3.8400819999999998 3.4498879000000002
60747 47436.169 -5172.2876 2389.8485 -4186.1947 -3.4178953 3.0444629 5.9515318
60747 47856.169 -6054.935 3392.8678 -1358.381 -0.71466409 1.6520687 7.2900255
60747 48276.169 -5752.7743 3731.9658 1735.903 2.12928 -0.063982502 7.198947100000001
60747 48696.169 -4321.347 3338.3227 4487.6578 4.5574658 -1.7670834 5.7013959000000005
60747 49116.169 -2043.0365 2290.7556 6359.6295 6.0962344 -3.1263018000000002 3.0826606
60747 49536.169 635.816 794.22308 6982.5163 6.4403853 -3.8732831 -0.14429293999999998
60747 49956.169 3188.9998 -855.90549 6241.8725 5.5152525 -3.8564762999999997 -3.3404444
60747 50376.169 5117.2096 -2338.6334 4272.6517 3.5133936 -3.0864525 -5.8810655
60747 50796.169 6042.9481 -3363.176 1464.3193 0.82139251 -1.7110281 -7.2686207000000005
60747 51216.169 5784.768 -3728.8244 -1631.7649 -2.0295917 -0.0016078509000000002 -7.2283985
60747 51636.169 4395.3231 -3365.2862999999998 -4407.9710000000005 -4.4765526 1.7035061 -5.7730774
60747 52056.169 2148.5108999999998 -2345.4561000000003 -6323.013900000001 -6.0441007 3.0713521 -3.1965578
60747 52476.169 -515.91223 -869.80686 -7006.3673 -6.4341318 3.8393725 -0.0045535873
60747 52896.169 -3080.2418 774.62229 -6326.8471 -5.575396700000001 3.8620715 3.1873534
60747 53316.169 -5046.2181 2268.5153999999998 -4415.5643 -3.630688 3.1337505 5.7644382
60747 53736.169 -6029.4179 3320.5787000000005 -1642.1886000000002 -0.97149585 1.7917138000000001 7.222340900000001
60747 54156.169 -5834.7717 3723.8515 1452.3135 1.8839372 0.096161358 7.267944900000001
60747 54576.169 -4498.5796 3398.5257 4261.884400000001 4.3730887 -1.6196078 5.8877019
60747 54996.169 -2282.1492000000003 2408.1971000000003 6235.4531 6.005573 -3.0176327 3.3537334999999997
60747 55416.169 380.55649 946.9645300000001 6986.7002999999995 6.4631195 -3.8248574 0.16420952
60747 55836.169 2969.0081 -699.30465 6369.519700000001 5.6559438 -3.8838051 -3.0589654
60747 56256.169 4976.058599999999 -2208.4193 4502.9052 3.7419289 -3.1831050000000003 -5.684370100000001
60747 56676.169 6008.575900000001 -3285.0502 1751.9352 1.0926112000000001 -1.858171 -7.1969291
60747 57096.169 5863.7181 -3717.9926 -1343.2739 -1.7703639 -0.16942601 -7.2959266
60747 57516.169 4571.2216 -3423.2318 -4174.8383 -4.2808327 1.5485671 -5.965436899999999
60747 57936.169 2386.1181 -2460.1877999999997 -6190.1302000000005 -5.9496782999999995 2.9596414 -3.4737908
60747 58356.169 -263.17605 -1018.5684 -6998.334 -6.4574147 3.7915211 -0.31212532
60747 58776.169 -2861.4144 620.88728 -6444.0893 -5.710873899999999 3.8865532 2.9079211000000003
60747 59196.169 -4903.6485 2139.6602000000003 -4634.8152 -3.8525282 3.2258687 5.565947
60747 59616.169 -5991.0613 3241.7855 -1920.9551000000001 -1.2380347999999999 1.9343715 7.1428998
60747 60036.169 -5908.9778 3711.0037 1168.4122 1.6236176 0.26228006 7.3240525
60747 60456.169 -4671.760700000001 3454.7487 4028.8282999999997 4.1699722 -1.4622524000000001 6.069960699999999
60747 60876.169 -2521.2909 2523.1652000000004 6099.7428 5.899996600000001 -2.8999737 3.6275279
60747 61296.169 121.72578 1098.7142 6976.1631 6.4767434999999995 -3.7704358000000004 0.47651555
60747 61716.169 2740.9937999999997 -540.29737 6486.7108 5.7882825 -3.904554 -2.7690924
60747 62136.169 4824.049 -2073.3563 4726.4542 3.9664654 -3.2750218 -5.4760366000000005
60747 62556.169 5962.664900000001 -3200.5522 2038.1619 1.3647205 -2.002935 -7.1119181
60747 62976.169 5932.611 -3700.4384 -1050.6491 -1.5050391 -0.33805290000000005 -7.3509391
60747 63396.169 4740.5612 -3475.545 -3933.2383 -4.0750984 1.3897906 -6.148302
60747 63816.169 2621.7237000000005 -2571.3432000000003 -6045.9005 -5.843119300000001 2.8416212 -3.7473236
60747 64236.169 -7.329830200000001 -1166.6886000000002 -6978.7251 -6.468934900000001 3.7362585 -0.62233249
60747 64656.169 -2635.055 464.72341 -6552.1111 -5.837428 3.904086 2.6201353
60747 65076.169 -4750.7243 2005.8044 -4849.2433 -4.0700897000000005 3.3129026 5.3552607
60747 65496.169 -5941.5299 3156.3679 -2200.1967999999997 -1.5053554999999998 2.0746453000000002 7.0503333
60747 65916.169 -5972.9306 3690.9546 878.83199 1.358425 0.42885713 7.3687290999999995
60747 66336.169 -4837.4195 3504.498 3785.8633 3.9588861000000004 -1.3019693 6.2436746
60747 66756.169 -2756.6792 2633.3016000000002 5951.3222000000005 5.7846248 -2.7775105 3.8965915
60747 67176.169 -137.62664 1247.9394 6951.8202 6.479979 -3.709901 0.78848749
60747 67596.169 2508.2544 -381.00637 6591.6765000000005 5.910130100000001 -3.9181777 -2.4752129
60747 68016.169 4664.910900000001 -1935.8281000000002 4941.4193 4.1808188 -3.3589989 -5.2590971
60747 68436.169 5906.8117 -3110.764 2321.4024 1.6325630000000002 -2.1423753000000003 -7.0134508
60747 68856.169 5991.0317000000005 -3676.0957000000003 -755.21386 -1.2381837 -0.50484391 -7.3924068
60747 69276.169 4901.6144 -3521.351 -3683.8761 -3.8632953000000003 1.2297533 -6.319559900000001
60747 69696.169 2846.6288 -2672.7925 -5884.1232 -5.7372654 2.725438 -4.0136937
60747 70116.169 234.04241000000002 -1301.9073999999998 -6936.1052 -6.481719 3.685085 -0.9125331
60747 70536.169 -2421.9402000000005 322.31448 -6627.3568 -5.9556226 3.9207292000000002 2.3580584
60747 70956.169 -4604.6722 1883.5483000000002 -5020.351900000001 -4.2655444 3.3901705000000004 5.1670832
60747 71376.169 -5887.2758 3076.5759 -2429.505 -1.7404734000000002 2.1964432 6.964769
60747 71796.169 -6018.8241 3668.1075 637.64616 1.1240559 0.5737684200000001 7.3971438
60747 72216.169 -4974.9085000000005 3543.2836 3579.9809 3.7640577 -1.1578859 6.3818723
60747 72636.169 -2961.2811 2727.9156000000003 5823.3155 5.6646347 -2.6595796000000003 4.1246065
60747 73056.169 -372.09527 1382.4185 6932.2321 6.4611107 -3.6415633 1.0692348999999999
60747 73476.169 2289.3085 -231.37766000000002 6692.224200000001 6.0029924 -3.9164116 -2.1938147
60747 73896.169 4505.6838 -1800.088 5148.6439 4.3757651 -3.4298449 -5.0362456
60747 74316.169 5843.8117999999995 -3017.9425 2598.8828 1.8878377000000002 -2.2715685 -6.9030721
60747 74736.169 6038.6318 -3645.2363 -459.87048 -0.97693283 -0.6650944 -7.4198312
60747 75156.169 5049.7622 -3557.9937000000004 -3428.199 -3.6536158000000003 1.0737094999999999 -6.478702
60747 75576.169 3070.8639 -2773.2309 -5722.8347 -5.6122091 2.600676 -4.265779
60747 75996.169 489.43984000000006 -1444.7955 -6894.3811 -6.4699612 3.6167171 -1.2188337
60747 76416.169 -2186.7408 165.62781 -6714.091200000001 -6.0618629 3.9244045 2.0627428
60747 76836.169 -4435.6377999999995 1743.6638 -5218.5964 -4.4691753 3.4651966 4.9402333
60747 77256.169 -5817.5247 2980.857 -2700.4926 -2.0017308000000003 2.3282271999999997 6.8510505
60747 77676.169 -6061.9777 3635.2532 347.02979 0.85668299 0.73632078 7.4189486
60747 78096.169 -5122.280900000001 3579.553 3326.6168 3.5430826000000004 -0.99656451 6.5345022
60747 78516.169 -3183.8996 2826.0607999999997 5656.5545999999995 5.532933600000001 -2.5309791 4.3774215000000005
60747 78936.169 -626.55875 1523.229 6884.277700000001 6.443566 -3.5702761 1.3728902
60747 79356.169 2052.4117 -75.26939200000001 6772.3256 6.1028629 -3.9160554000000003 -1.8976307
60747 79776.169 4332.4785999999995 -1659.03 5341.4282 4.5743044 -3.5007595 -4.8047224
60747 80196.169 5768.4446 -2919.555 2867.2304 2.147182 -2.4004629 -6.7816676
60747 80616.169 6076.2659 -3608.9700000000003 -168.39251000000002 -0.7074232500000001 -0.82701353 -7.433430400000001
60747 81036.169 5193.276400000001 -3591.1153 -3170.9159 -3.4274446 0.9107809 -6.6252359
60747 81456.169 3292.1838 -2869.2799 -5550.3204000000005 -5.4740957 2.4689741 -4.5161268
60747 81876.169 746.36858 -1585.6553000000001 -6840.6099 -6.4464748 3.5418015 -1.5234185
60747 82296.169 -1945.1018000000001 7.9467736 -6789.2166 -6.1583198 3.9213174 1.7635119
60747 82716.169 -4256.6912 1600.0968 -5407.775000000001 -4.6662181 3.5343872000000003 4.7057109
60747 83136.169 -5735.8348 2879.3088 -2966.1292000000003 -2.2599078 2.4556741000000004 6.7275679
60747 83556.169 -6092.619 3595.1097000000004 57.433159 0.58893292 0.8963366600000001 7.4300981
60747 83976.169 -5257.9103 3607.8462000000004 3069.8206 3.3183849000000003 -0.8356943099999999 6.6765497
60747 84396.169 -3396.952 2916.4956 5482.137900000001 5.394060400000001 -2.4002818 4.6209919
60747 84816.169 -875.16211 1657.7936000000002 6825.3808 6.4156704 -3.4940995 1.6705567000000001
60747 85236.169 1816.6073000000001 77.17310400000001 6840.0659000000005 6.190758 -3.9084616000000003 -1.6018544
60747 85656.169 4155.484100000001 -1518.3551000000002 5523.1242999999995 4.762123300000001 -3.5636089 -4.5666462
60747 86076.169 5685.3578 -2818.224 3128.5531 2.4005866 -2.5228794 -6.647800500000001
