CIC_OEM_VERS = 2.0
CREATION_DATE = 2025-03-13T14:00:42.835903
ORIGINATOR = ISAE-SUPAERO


META_START
OBJECT_NAME = PLEIADES1A
OBJECT_ID = PLEIADES1A
CENTER_NAME = Earth
REF_FRAME = EME2000
TIME_SYSTEM = UTC
START_TIME = 2025-03-13T04:33:53.105
USEABLE_START_TIME = 2025-03-13T04:33:53.105
USEABLE_STOP_TIME = 2025-03-13T23:55:53.105
STOP_TIME = 2025-03-13T23:55:53.105
INTERPOLATION = lagrange
INTERPOLATION_DEGREE = 5
META_STOP



60747 16433.105 -3100.9772000000003 2831.4708 5694.3274 5.5441213 -2.6274877 4.3245906000000005
60747 16853.105 -543.71293 1485.7362 6890.4345 6.4234555 -3.6660995 1.2979685
60747 17273.105 2119.8628 -149.45482 6742.0563 6.044584 -3.9878184 -1.9906312000000002
60747 17693.105 4368.4752 -1753.8616000000002 5279.639099999999 4.4836952000000005 -3.5284535999999997 -4.8815719
60747 18113.105 5763.9763 -3016.2079 2780.8244 2.0498176 -2.3825306 -6.8222212
60747 18533.105 6033.5567 -3689.385 -262.69718 -0.78742842 -0.76983522 -7.4294465
60747 18953.105 5124.6773 -3641.9811 -3254.9557999999997 -3.4677483000000002 0.9911687899999999 -6.5825711
60747 19373.105 3217.6869 -2885.2694 -5611.7272 -5.4643730999999995 2.5533903000000002 -4.4545455
60747 19793.105 685.30358 -1567.9958000000001 -6876.2515 -6.3952761 3.6152903000000003 -1.4694215
60747 20213.105 -1979.8648 52.766109 -6806.8707 -6.087505500000001 3.9757064 1.7936389
60747 20633.105 -4262.3904 1663.3120000000001 -5418.5582 -4.6028534 3.5674924000000003 4.7089067
60747 21053.105 -5720.294 2952.0197000000003 -2979.4611 -2.2243728000000003 2.4677793 6.714870299999999
60747 21473.105 -6069.3076 3668.4522 38.587818 0.59052114 0.88704293 7.4187481
60747 21893.105 -5239.992200000001 3672.6376 3048.9487999999997 3.2933715 -0.86745142 6.6788644999999995
60747 22313.105 -3393.0345 2963.5602000000003 5465.6369 5.3563537 -2.4532691 4.6388142
60747 22733.105 -887.30013 1679.1096000000002 6818.4979 6.378764100000001 -3.562208 1.6967510000000001
60747 23153.105 1790.6458 68.699451 6844.152099999999 6.1627005 -3.9798546999999997 -1.5773130000000002
60747 23573.105 4121.3626 -1555.1919 5538.3448 4.7451017 -3.6224741 -4.5484206
60747 23993.105 5649.3076 -2875.8274 3153.0697999999998 2.4027996 -2.5596509000000003 -6.6337835
60747 24413.105 6074.751 -3635.3715 150.13146 -0.41079241000000005 -0.99711415 -7.4285179
60747 24833.105 5315.6103 -3686.0411000000004 -2882.2053 -3.1437118 0.75947561 -6.771467400000001
60747 25253.105 3518.2074 -3016.6152 -5349.367 -5.2629978 2.3664479000000003 -4.7975832
60747 25673.105 1033.3852 -1758.1067 -6770.6224 -6.3611583000000005 3.5155229 -1.8831012
60747 26093.105 -1651.9062 -158.20139 -6872.9928 -6.2129281 3.9758631 1.4020557
60747 26513.105 -4016.3450000000003 1472.6670000000001 -5635.4457 -4.848417599999999 3.6577247 4.41124
60747 26933.105 -5597.8917 2815.6959 -3301.1671 -2.5406315 2.6267474 6.5525144
60747 27353.105 -6085.8567 3609.0714 -317.88909 0.25900504 1.0870985000000002 7.421008700000001
60747 27773.105 -5387.5985 3699.0467000000003 2727.8049 3.0110479 -0.66580236 6.8413816
60747 28193.105 -3639.9785 3068.5385 5240.688 5.1735762 -2.2868998 4.9276432
60747 28613.105 -1184.1075 1841.1199 6732.1053 6.3270151 -3.4606098000000003 2.0583868
60747 29033.105 1501.6318 256.35957 6913.6936 6.2512623000000005 -3.9613403 -1.2076221
60747 29453.105 3896.0108 -1378.121 5750.6134 4.9622969999999995 -3.69348 -4.2396569
60747 29873.105 5533.7712 -2744.9552000000003 3468.0883 2.7070546 -2.7074178000000004 -6.4500402
60747 30293.105 6095.299400000001 -3577.9322 509.49599 -0.07766118000000001 -1.1933535 -7.4049700000000005
60747 30713.105 5469.6945000000005 -3714.0333 -2548.3145 -2.8472660000000003 0.55266585 -6.916848600000001
60747 31133.105 3774.9465 -3123.3151000000003 -5101.6284000000005 -5.0696411 2.1939847 -5.0870147
60747 31553.105 1347.3581000000001 -1927.5501000000002 -6669.7243 -6.2980562 3.4051912000000004 -2.2570699
60747 31973.105 -1343.5362 -355.91696 -6935.953 -6.2989445 3.9521379000000003 1.0107071
60747 32393.105 -3772.2155000000002 1284.4387 -5849.371400000001 -5.0750431 3.7299731 4.0777291
60747 32813.105 -5467.3549 2675.0046 -3622.4678 -2.8634588 2.7822466 6.350956600000001
60747 33233.105 -6098.944 3545.2206 -689.0615200000001 -0.094547685 1.2931998000000002 7.3859515
60747 33653.105 -5544.634400000001 3726.1179 2378.7825000000003 2.689372 -0.44527656000000004 6.9811912000000005
60747 34073.105 -3914.1277000000005 3183.8611 4984.1459 4.9452669 -2.0931907 5.2210434999999995
60747 34493.105 -1526.0316 2025.4023000000002 6622.5905999999995 6.239229900000001 -3.3321471000000003 2.4535533999999997
60747 34913.105 1156.8896000000002 475.70421000000005 6978.684200000001 6.3268827000000005 -3.9262519000000005 -0.7857970000000001
60747 35333.105 3616.2189 -1165.8158999999998 5983.3559000000005 5.1912808 -3.7619862 -3.8770762
60747 35753.105 5375.1539 -2581.4681 3826.7206 3.0449494 -2.8673956 -6.2244167
60747 36173.105 6089.2522 -3495.2277000000004 924.9908 0.29842615 -1.4115845999999999 -7.3655274
60747 36593.105 5616.5653 -3727.7780000000002 -2157.4552000000003 -2.5125545000000002 0.32292907000000004 -7.0686352
60747 37013.105 4047.8322000000003 -3232.8709 -4817.820900000001 -4.8334243 1.9945105 -5.3891382000000005
60747 37433.105 1689.6596000000002 -2107.5274 -6536.5648 -6.2091013 3.2749428 -2.6596954999999998
60747 37853.105 -999.11424 -570.3424699999999 -6976.1891 -6.3766204 3.9188552 0.5929205
60747 38273.105 -3491.9349 1077.3015 -6052.4238 -5.2954877 3.7964761 3.7357297
60747 38693.105 -5302.3687 2514.2967000000003 -3943.5741000000003 -3.1812561 2.9328262 6.1440988
60747 39113.105 -6075.9354 3459.6888 -1061.2459 -0.44057735000000003 1.4938916 7.3527099
60747 39533.105 -5660.3865000000005 3728.0114 2029.3657 2.3856773 -0.23693079 7.1191491
60747 39953.105 -4138.744 3267.897 4722.6395 4.7384356 -1.9165029 5.4943394
60747 40373.105 -1811.0636000000002 2171.5232 6494.798900000001 6.1608865 -3.2167257 2.8065635
60747 40793.105 867.7971200000001 654.19186 7005.0527 6.385711000000001 -3.8895022 -0.41515957
60747 41213.105 3379.1296 -989.66105 6158.214400000001 5.3768602 -3.809899 -3.5506542
60747 41633.105 5237.9105 -2442.4001000000003 4119.1679 3.3286856 -2.9941257 -5.9997581
60747 42053.105 6083.964900000001 -3422.8869 1281.8193 0.63299055 -1.5975761 -7.288900300000001
60747 42473.105 5751.7480000000005 -3740.4239 -1804.1874 -2.1893865 0.11064899 -7.1638881
60747 42893.105 4304.4232 -3332.7814 -4539.5025000000005 -4.5890801 1.7985617 -5.6460251
60747 43313.105 2022.2929 -2278.7536 -6392.1038 -6.099108 3.13795 -3.0297884
60747 43733.105 -652.14607 -782.6001200000001 -7001.1411 -6.4262063 3.8691905 0.17842044999999998
60747 44153.105 -3199.5297 865.4478100000001 -6246.1472 -5.503745100000001 3.8492028 3.3586044999999998
60747 44573.105 -5123.3217 2344.7332 -4271.1372 -3.5046797 3.0780745 5.891181700000001
60747 44993.105 -6045.955 3365.7862999999998 -1459.522 -0.81508766 1.7029200000000002 7.2747202
60747 45413.105 -5785.4655 3728.1994 1638.4799 2.0342378 -0.0054545683000000005 7.2316782
60747 45833.105 -4394.2259 3362.0031000000004 4415.686900000001 4.4791926 -1.7082631 5.774257700000001
60747 46253.105 -2147.0218 2341.0522 6331.3648 6.043461199999999 -3.071986 3.1981066
60747 46673.105 516.67008 866.07964 7016.4018 6.431941200000001 -3.8357393 0.011954282
60747 47093.105 3080.695 -776.38283 6341.9913 5.577428299999999 -3.8571262 -3.170086
60747 47513.105 5049.8475 -2268.9151 4439.8583 3.6451397 -3.1333253 -5.7391002
60747 47933.105 6042.7484 -3322.7663 1677.3733 1.0042896 -1.8019992 -7.1990675
60747 48353.105 5865.3523 -3733.0382000000004 -1410.5658999999998 -1.8355962 -0.11925524 -7.2627697
60747 48773.105 4550.6388 -3419.4531 -4224.2683 -4.321798 1.5879644000000002 -5.914174200000001
60747 49193.105 2353.1394 -2442.5214 -6216.3476 -5.9699694 2.9874456 -3.4148665
60747 49613.105 -300.94944 -991.6115699999999 -6998.9042 -6.4600367 3.8077819 -0.24925119
60747 50033.105 -2896.2511 651.81086 -6417.9857 -5.6945176 3.8890187000000003 2.9708108
60747 50453.105 -4927.425700000001 2168.297 -4583.662200000001 -3.817169 3.2123421 5.618039
60747 50873.105 -5996.420099999999 3261.2689 -1852.5284 -1.1881035 1.9055172 7.1711173
60747 51293.105 -5892.6255 3716.3786 1241.9131000000002 1.6735307000000001 0.22601073 7.318685
60747 51713.105 -4637.7132 3445.5185 4093.3861 4.2014955 -1.493298 6.0349414
60747 52133.105 -2479.8529 2503.9176 6146.5722000000005 5.9028296000000005 -2.9153744 3.5814081
60747 52553.105 158.85294000000002 1076.8988000000002 7005.554099999999 6.4555204999999996 -3.767729 0.44332889999999997
60747 52973.105 2767.0607000000005 -558.25249 6507.7965 5.7608479 -3.8909236000000003 -2.7741215
60747 53393.105 4841.1731 -2085.6105000000002 4750.7518 3.9533530000000003 -3.2626917 -5.4556992
60747 53813.105 5979.5677000000005 -3209.7893 2073.3343 1.377348 -2.0019747 -7.0842662
60747 54233.105 5959.6544 -3712.1516 -1006.465 -1.4712209 -0.35048367 -7.339389000000001
60747 54653.105 4783.433900000001 -3494.2667 -3890.433 -4.0375973 1.3710612000000002 -6.1663947
60747 55073.105 2678.4633 -2597.9164 -6017.0298 -5.8206676 2.8268809000000004 -3.792484
60747 55493.105 53.32611 -1197.0023999999999 -6971.931500000001 -6.4735908 3.7340836 -0.67887271
60747 55913.105 -2581.8858999999998 436.46831000000003 -6567.9148 -5.8680445 3.9161430999999998 2.5715639
60747 56333.105 -4714.6848 1984.8463000000002 -4883.602 -4.118065 3.3350425 5.3228924
60747 56753.105 -5927.3293 3145.8985000000002 -2243.4327000000003 -1.5601833999999999 2.1018032 7.0404067
60747 57173.105 -5982.2407 3692.4685 836.082 1.3024826 0.45801137000000003 7.3797815
60747 57593.105 -4869.9385 3518.5869 3752.2802 3.904866 -1.2712119 6.277033
60747 58013.105 -2810.2676 2660.3233 5937.3533 5.739465 -2.7470695999999997 3.9570501
60747 58433.105 -206.04701 1286.6547 6969.5121 6.4573598 -3.6861893 0.87858926
60747 58853.105 2438.132 -335.58952000000005 6652.201599999999 5.9274389 -3.9120088 -2.3643925
60747 59273.105 4611.6332 -1892.9946000000002 5047.586 4.2521655 -3.3823141000000003 -5.1516918
60747 59693.105 5893.3562 -3084.2867 2464.6793 1.7495779 -2.1965368 -6.9457226
60747 60113.105 6032.404 -3677.4993 -596.98163 -1.0989468 -0.58140831 -7.392905
60747 60533.105 4999.6448 -3556.3307999999997 -3542.3237000000004 -3.7379543 1.1490482 -6.400007700000001
60747 60953.105 2994.8812000000003 -2743.7472000000002 -5797.179099999999 -5.6507281 2.6564389000000004 -4.1594049
60747 61373.105 407.87201000000005 -1397.7305000000001 -6922.0702 -6.4647181 3.6472388000000002 -1.1082783
60747 61793.105 -2258.2815 220.02816 -6697.2892 -6.021636000000001 3.9292244999999997 2.1611774
60747 62213.105 -4485.2147 1794.0318 -5172.4622 -4.3999758 3.4429247999999997 5.011061300000001
60747 62633.105 -5842.9138 3020.9527000000003 -2639.1587000000004 -1.9245940000000001 2.287029 6.8767586000000005
60747 63053.105 -6056.942900000001 3656.5917000000004 412.11948 0.92094305 0.69034736 7.4110468
60747 63473.105 -5089.6693 3578.5432 3379.5891 3.5899063 -1.0408569 6.5077829000000005
60747 63893.105 -3135.1672000000003 2806.8815 5692.8162999999995 5.5604981 -2.5703545 4.3304422
60747 64313.105 -571.35372 1489.9321000000002 6898.0347 6.4461734 -3.5968804 1.3147757
60747 64733.105 2103.4006 -116.04828 6761.9278 6.080868000000001 -3.9245506000000003 -1.9517141
60747 65153.105 4370.4545 -1699.506 5311.9292000000005 4.5365866 -3.4914483 -4.8393107
60747 65573.105 5789.7015 -2953.2541 2829.0351 2.1097044 -2.3800421000000003 -6.7888983
60747 65993.105 6084.4236 -3633.3838 -204.72655 -0.72982122 -0.8049152800000001 -7.418092400000001
60747 66413.105 5195.7495 -3606.9356000000002 -3199.2044 -3.4253276 0.9249514799999999 -6.604248
60747 66833.105 3299.5621 -2880.9703 -5571.1895 -5.4536972 2.4739275 -4.5052491
60747 67253.105 763.91071 -1596.7017 -6860.9241 -6.4218332 3.5407115 -1.5357028000000001
60747 67673.105 -1919.6203 -3.3871574 -6819.4409000000005 -6.1466106 3.9216998 1.7302615000000001
60747 68093.105 -4231.3143 1590.5125 -5454.124900000001 -4.6794987 3.5430894 4.6650066
60747 68513.105 -5723.342000000001 2876.4366 -3028.8388 -2.3005180999999997 2.4752226999999998 6.6954327000000005
60747 68933.105 -6103.2133 3603.2204 -14.699843000000001 0.5275169200000001 0.9255244 7.4234903999999995
60747 69353.105 -5293.3829000000005 3627.6027000000004 3002.0549 3.2544692 -0.80405162 6.710052800000001
60747 69773.105 -3451.0027999999998 2944.4009 5431.7709 5.3529169 -2.379345 4.6914235
60747 70193.105 -935.58353 1687.5993 6803.1140000000005 6.4110165 -3.4941950000000004 1.7467514000000002
60747 70613.105 1758.6067 103.78547999999999 6843.753 6.2169937 -3.9263168 -1.5380946
60747 71033.105 4112.0932 -1500.7934 5551.1591 4.8057471 -3.5900472 -4.5227357
60747 71453.105 5662.8096 -2812.6439 3170.581 2.4556213 -2.5529864 -6.625100000000001
60747 71873.105 6107.09 -3574.9553 168.90555 -0.3746879 -1.0170248 -7.430460500000001
60747 72293.105 5359.2076 -3639.4566 -2866.0846 -3.1261068 0.71402955 -6.781948900000001
60747 72713.105 3568.4500000000003 -2995.8155 -5342.3265 -5.259466000000001 2.2994973 -4.8157418
60747 73133.105 1085.9353 -1771.5662 -6781.1059000000005 -6.3669032 3.4336345 -1.9246156
60747 73553.105 -1606.3946 -205.25037 -6907.6682 -6.2436119 3.9026582 1.3311029
60747 73973.105 -3989.0401 1400.6332 -5699.1493 -4.9160155 3.6189850999999997 4.3298951
60747 74393.105 -5601.4538 2736.0124 -3387.7325 -2.6347278000000003 2.6349301 6.496651
60747 74813.105 -6129.0602 3541.4725 -418.89495 0.16488394 1.1367293 7.4072484
60747 75233.105 -5466.4269 3659.1619 2631.2318999999998 2.9391465 -0.58605633 6.876340900000001
60747 75653.105 -3740.3985000000002 3065.0179 5168.0815999999995 5.1442492 -2.1965452 5.0032703000000005
60747 76073.105 -1286.3346000000001 1874.3028000000002 6696.3905 6.348383200000001 -3.3797222000000002 2.1534704000000002
60747 76493.105 1418.005 318.76913 6917.517400000001 6.3167774 -3.9052745 -1.1179031
60747 76913.105 3848.9002 -1299.1841000000002 5795.5665 5.0478704 -3.6658462 -4.169349
60747 77333.105 5525.2558 -2662.1187999999997 3536.5646 2.8019643999999997 -2.7167331 -6.4107402
60747 77753.105 6125.154500000001 -3506.4079 586.80957 0.007107481499999999 -1.2369504 -7.4025265000000005
60747 78173.105 5531.2322 -3667.308 -2477.7361 -2.7879166 0.48314586000000004 -6.948061300000001
60747 78593.105 3855.8582 -3111.2705 -5057.0149 -5.0412345 2.1091911 -5.1410217000000005
60747 79013.105 1429.9837 -1950.0583000000001 -6651.7934000000005 -6.3088182 3.3221887000000003 -2.3300466
60747 79433.105 -1272.258 -410.89169 -6951.1786 -6.3466269 3.8861179000000003 0.9274369299999999
60747 79853.105 -3727.6176 1208.0071 -5898.156900000001 -5.1525722 3.6957231000000004 4.004227
60747 80273.105 -5459.1115 2592.2841000000003 -3697.0046 -2.9560184 2.7870297 6.304394
60747 80693.105 -6129.2847 3472.5658 -775.3637600000001 -0.18224727999999998 1.3353475000000001 7.3776926000000005
60747 81113.105 -5607.0590999999995 3677.3088 2297.6159 2.6263024 -0.37556441 7.0128866
60747 81533.105 -3992.5925 3165.9053 4922.978 4.9228021 -2.0120321 5.284641400000001
60747 81953.105 -1605.0877 2041.3299 6591.5235 6.258380600000001 -3.2543643 2.5305288
60747 82373.105 1093.4455 521.27643 6980.0379 6.3802459 -3.8647764000000002 -0.71064117
60747 82793.105 3580.2313 -1099.6647 6013.7935 5.2663801 -3.7268738 -3.8152542
60747 83213.105 5372.8096 -2507.3202 3878.8583 3.1280094 -2.8653154 -6.1839449
60747 83633.105 6122.674400000001 -3428.3777999999998 989.20208 0.37827867 -1.445263 -7.3500638
60747 84053.105 5679.802 -3681.4215 -2092.7438 -2.4447556 0.25493954 -7.0876046
60747 84473.105 4130.1248 -3217.0711 -4765.7668 -4.7968039 1.9078327 -5.4454857
60747 84893.105 1773.5591000000002 -2124.689 -6508.201900000001 -6.2189145 3.1920281 -2.7378519000000003
60747 85313.105 -927.6401800000001 -619.44461 -6982.651400000001 -6.423704300000001 3.8516239000000003 0.50865157
60747 85733.105 -3447.2685 1005.7064 -6094.786599999999 -5.375733500000001 3.7590451 3.6494588
60747 86153.105 -5295.667 2435.0011 -4017.2673 -3.2802711 2.9343732 6.0794899
