CIC_MEM_VERS = 1.0
CREATION_DATE = 2025-06-17T14:14:38.018379
ORIGINATOR = CS Group

META_START
OBJECT_NAME = RED1
OBJECT_ID = RED1
USER_DEFINED_PROTOCOL = NONE
USER_DEFINED_CONTENT = LLA
USER_DEFINED_SIZE = 3.0
USER_DEFINED_TYPE = REAL
USER_DEFINED_UNIT = [deg] [km]
TIME_SYSTEM = UTC
META_STOP

60843 50661.000288 10.567340996829792 169.2714210702133 13622.582374599846
60843 51081.000288 6.806702533338413 173.1594414188797 13622.321708333899
60843 51501.000288 3.015248700682609 176.9869725266816 13622.14848980522
60843 51921.000288 -0.789624604902513 -179.21207459476904 13622.023806756439
60843 52341.000288 -4.591010246377694 -175.40416162215968 13622.267004562156
60843 52761.000288 -8.371792991897639 -171.55573318238558 13622.58092178698
60843 53181.000288 -12.114299274655702 -167.63248570366613 13623.036417364907
60843 53601.000288 -15.799712286910353 -163.59890189877396 13623.619177826364
60843 54021.000288 -19.40749559327465 -159.41786004573217 13624.307786504694
60843 54441.000288 -22.914805793141213 -155.05042424138813 13625.076878730111
60843 54861.000288 -26.295872895268026 -150.4559895584372 13625.897788536598
60843 55281.000288 -29.521386369847868 -145.59298930670673 13626.73955224978
60843 55701.000288 -32.557957996547664 -140.4204552903841 13627.570011450236
60843 56121.000288 -35.36778774866743 -134.9007840982879 13628.356963060884
60843 56541.000288 -37.90873144522417 -129.00404276091405 13629.069314577395
60843 56961.000288 -40.13504194838857 -122.71393744729389 13629.678203533065
60843 57381.000288 -41.999087581280264 -116.03503649318257 13630.15804178655
60843 57801.000288 -43.454270183025926 -108.99993046924983 13630.487447933863
60843 58221.000288 -44.45909334378177 -101.6739557437708 13630.650035094002
60843 58641.000288 -44.981861496465655 -94.15458234305086 13630.63502638707
60843 59061.000288 -45.00498292019551 -86.56347575103513 13630.437676457936
60843 59481.000288 -44.52763190712752 -79.03186714052673 13630.05948416243
60843 59901.000288 -43.56587762775063 -71.6830234254983 13629.508188386833
60843 60321.000288 -42.15023449868402 -64.61714149461969 13628.797544258352
60843 60741.000288 -40.321462667493215 -57.902703462614525 13627.946884139848
60843 61161.000288 -38.12585663550018 -51.57523209430683 13626.98049857401
60843 61581.000288 -35.61108749168892 -45.64163563548651 13625.926861188262
60843 62001.000288 -32.82316849206484 -40.08725484186886 13624.817646166348
60843 62421.000288 -29.804630402515073 -34.88315275043087 13623.686653507932
60843 62841.000288 -26.593700772960602 -29.992229843130488 13622.568695633365
60843 63261.000288 -23.22418505658759 -25.373685877257973 13621.498418765475
60843 63681.000288 -19.725772217620968 -20.98591775218483 13620.5091218522
60843 64101.000288 -16.124558864525923 -16.788177183156126 13619.631623275847
60843 64521.000288 -12.443659493960439 -12.741344185857177 13618.893211921531
60843 64941.000288 -8.703828277868867 -8.808115466657982 13618.31671818702
60843 65361.000288 -4.924057321808387 -4.952827827487268 13617.919737491782
60843 65781.000288 -1.1221408749664301 -1.1410660646370059 13617.714033680491
60843 66201.000288 2.684790861335257 2.6608478224906045 13617.705143391217
60843 66621.000288 6.479757126750183 6.486421564173908 13617.892195357505
60843 67041.000288 10.245416533809012 10.369571291966507 13618.267950999994
60843 67461.000288 13.963546164671056 14.345171537547072 13618.819064817142
60843 67881.000288 17.614496206286073 18.44952648545913 13619.526555290984
60843 68301.000288 21.17661141483059 22.720687915021152 13620.36646957459
60843 68721.000288 24.625620595661232 27.19850363034045 13621.31071839292
60843 69141.000288 27.934013205569187 31.924219708652284 13622.32805160661
60843 69561.000288 31.07045234109591 36.939383746377324 13623.385139952248
60843 69981.000288 33.999320224636065 42.283720892066455 13624.447724796812
60843 70401.000288 36.680557584933624 47.991623392679855 13625.481796066277
60843 70821.000288 39.07003450681831 54.08699372090433 13626.45475990449
60843 71241.000288 41.12074982668712 60.576538896308726 13627.336552665602
60843 71661.000288 42.785141305858424 67.44234193640335 13628.100642260642
60843 72081.000288 44.01861877896214 74.63557575189884 13628.724916090552
60843 72501.000288 44.78405258893913 82.07412572268811 13629.192441903428
60843 72921.000288 45.056427392640735 89.64678770549159 13629.492004831121
60843 73341.000288 44.82646449740486 97.22488423321624 13629.618442830984
60843 73761.000288 44.102067815400154 104.67900207509663 13629.572783997108
60843 74181.000288 42.90709042019699 111.89595566706649 13629.362164388258
60843 74601.000288 41.27785202438936 118.79095966028764 13628.999529070361
60843 75021.000288 39.25852072316937 125.31244624968389 13628.503129434906
60843 75441.000288 36.89657312155698 131.44014305883744 13627.895835238232
60843 75861.000288 34.23916537479556 137.17899746693357 13627.204285689373
60843 76281.000288 31.330722692683885 142.55175653206302 13626.45790949858
60843 76701.000288 28.211658217122853 147.59215725847108 13625.687848429148
60843 77121.000288 24.917945938667863 152.33963039806335 13624.925822327332
60843 77541.000288 21.481247889651645 156.83566066689787 13624.202975712264
60843 77961.000288 17.92935187970151 161.12156129465205 13623.548746714356
60843 78381.000288 14.286752268033489 165.23730537373422 13622.9897984232
60843 78801.000288 10.575272942333553 169.22108068259183 13622.549050568
60843 79221.000288 6.814680053973057 173.10930852895464 13622.244845999912
60843 79641.000288 3.0232634332385104 176.93694414771636 13622.090281992725
60843 80061.000288 -0.781615658095166 -179.26206177662465 13622.092732357845
60843 80481.000288 -4.5830027225771675 -175.45421733563037 13622.25321978731
60843 80901.000288 -8.363904284111037 -171.60584535817324 13622.506043686433
60843 81321.000288 -12.106540997999858 -167.68275088427873 13622.967473799128
60843 81741.000288 -15.792114528137187 -163.64940359482503 13623.561159356841
60843 82161.000288 -19.400097642820658 -159.46867975831958 13624.261140933551
60843 82581.000288 -22.907652142882984 -155.1016473774388 13625.04195488347
60843 83001.000288 -26.289014653743028 -150.50770495839618 13625.87485051111
60843 83421.000288 -29.51488268951771 -145.64528733229983 13626.72877446379
60843 83841.000288 -32.55187728146227 -140.4734238344742 13627.571473192991
60843 84261.000288 -35.36220831973119 -134.95450173493333 13628.370643358605
60843 84681.000288 -37.9037411759138 -129.0585684046543 13629.095087715279
60843 85101.000288 -40.13073624017343 -122.76929656287747 13629.715835571811
60843 85521.000288 -41.9955650426931 -116.0912053543522 13630.207188406786
60843 85941.000288 -43.45162568285963 -109.05682215186836 13630.547653910347
60843 86361.000288 -44.45740886373526 -101.73141359308772 13630.720735644729
60844 381.000288 -44.98119630782844 -94.21238677400709 13630.71555056434
60844 801.000288 -45.005365539571194 -86.62136673442791 13630.527252653124
60844 1221.000288 -44.529056303895075 -79.08957818816822 13630.157247712683
60844 1641.000288 -43.568304913249314 -71.7403171176683 13629.61319133821
60844 2061.000288 -42.15359938864271 -64.67383587919313 13628.908767668188
60844 2481.000288 -40.325682515420695 -57.95868351402386 13628.063251706202
60844 2901.000288 -38.130840538895974 -51.63044709147423 13627.10088636195
60844 3321.000288 -35.61674370696663 -45.69608759772995 13626.050113559211
60844 3741.000288 -32.82940944567241 -40.140983771887065 13624.942598029656
60844 4161.000288 -29.81137542623764 -34.93622281563775 13623.812139914828
60844 4581.000288 -26.600877098837273 -30.044718477284334 13622.693564523299
60844 5001.000288 -23.231727661443067 -25.425676178994877 13621.62154566583
60844 5421.000288 -19.73362300836629 -21.03749375042285 13620.629422265874
60844 5841.000288 -16.13266554807083 -16.839421277785714 13619.748063220275
60844 6261.000288 -12.451974341678387 -12.792336100437865 13619.00481693793
60844 6681.000288 -8.712306895960307 -8.85893218826533 13618.42258084992
60844 7101.000288 -4.932657474154495 -5.003544159553935 13618.019023466615
60844 7521.000288 -1.1308213656126638 -1.1917555419908448 13617.805986435435
60844 7941.000288 2.676071261424748 2.610111820775361 13617.789087709612
60844 8361.000288 6.471040735735067 6.435564617228718 13617.967539815416
60844 8781.000288 10.236747829618547 10.318516748184948 13618.334189573989
60844 9201.000288 13.954972901157262 14.293839437345161 13618.875777771149
60844 9621.000288 17.606070598605942 18.39783274006194 13619.573409462859
60844 10041.000288 21.168391401231126 22.668543963097175 13620.403218145259
60844 10461.000288 24.617671151333525 27.145816913882054 13621.337200180746
60844 10881.000288 27.926407629166423 31.87089547119172 13622.344189896017
60844 11301.000288 31.063273345475167 36.8853288408429 13623.390940846666
60844 11721.000288 33.99266053201804 42.22885042665451 13624.443275060064
60844 12141.000288 36.67451955739378 47.935870992235756 13625.467260245843
60844 12561.000288 39.06472817390311 54.03032567995342 13626.430376353015
60844 12981.000288 41.11628860316504 60.51897123400362 13627.302630041802
60844 13401.000288 42.78163489486301 67.38395720549248 13628.057557802857
60844 13821.000288 44.01616340750179 74.57653392156472 13628.673108673043
60844 14241.000288 44.78271985359801 82.01466220821214 13629.132406003246
60844 14661.000288 45.05625420759296 89.58719386905794 13629.424287673803
60844 15081.000288 44.82744712543896 97.16547204922138 13629.543639593769
60844 15501.000288 44.10416206591555 104.62006226654083 13629.491532765833
60844 15921.000288 42.91021801586385 111.837722177468 13629.27514150501
60844 16341.000288 41.2819110376455 118.7335899739874 13628.907444572318
60844 16761.000288 39.263397056662434 125.25601945751296 13628.406722415248
60844 17181.000288 36.90215049518256 131.38467101760546 13627.795869040388
60844 17601.000288 34.24533251705054 137.12444202186387 13627.101542869017
60844 18021.000288 31.337377596181177 142.4980469798045 13626.35318651631
60844 18441.000288 28.218709996563568 147.5392048007255 13625.58195007745
60844 18861.000288 24.925315035148657 152.2873385696412 13624.819555937976
60844 19281.000288 21.48886528902731 156.78393203404156 13624.097145224954
60844 19701.000288 17.937157833473616 161.0703012362911 13623.444146706197
60844 20121.000288 14.294694827223891 165.1864238067834 13622.887208198883
60844 20541.000288 10.583306477162678 169.17049244203497 13622.449228386182
60844 20961.000288 6.82276383986416 173.05893291907498 13622.148523435691
60844 21381.000288 3.031360328961278 176.8867040087387 13621.998158116961
60844 21801.000288 -0.7735404272839281 -179.3122412870941 13622.005465795432
60844 22221.000288 -4.574982408578763 -175.50441040553363 13622.171794678132
60844 22641.000288 -8.35591858113107 -171.65618171817204 13622.445224281559
60844 23061.000288 -12.0987224765218 -167.73320628509285 13622.691581600635
60844 23481.000288 -15.784535849658944 -163.70001287217877 13623.22710626424
60844 23901.000288 -19.392893684714945 -159.51940142814058 13623.726155995697
60844 24321.000288 -22.900892389363555 -155.15250192348313 13624.202245681457
60844 24741.000288 -26.282791905080714 -150.55866622075226 13624.884606296184
60844 25161.000288 -29.50927556004613 -145.6963187334385 13625.863332736191
60844 25581.000288 -32.546869881866414 -140.52461839871506 13626.836307781825
60844 26001.000288 -35.357796795823845 -135.00594100486435 13627.772420268338
60844 26421.000288 -37.89992901328157 -129.11032879899093 13628.638932811693
60844 26841.000288 -40.127536061109254 -122.82144345103346 13629.405633695045
60844 27261.000288 -41.992999445203765 -116.14378500866826 13630.045547651518
60844 27681.000288 -43.44972663596873 -109.1098528393814 13630.53588232452
60844 28101.000288 -44.45621538792555 -101.7848783884307 13630.858829663064
60844 28521.000288 -44.980750642129294 -94.26623149257 13631.00219446379
60844 28941.000288 -45.00570860404351 -86.67550558016583 13630.959828720817
60844 29361.000288 -44.5302236572454 -79.14390694264597 13630.731856776107
60844 29781.000288 -43.57032425152518 -71.79473030979014 13630.324683387007
60844 30201.000288 -42.15648995822187 -64.72824268064869 13629.750784296686
60844 30621.000288 -40.32945603691964 -58.01301823454133 13629.028287166397
60844 31041.000288 -38.13550279883963 -51.68467299844458 13628.18037915162
60844 31461.000288 -35.62229589774315 -45.750195113953566 13627.234756969438
60844 31881.000288 -32.835849439216105 -40.194986866357546 13626.220443195123
60844 32301.000288 -29.818698674960615 -34.990154600016474 13625.173182349627
60844 32721.000288 -26.609074940761154 -30.09862396373181 13624.125396206182
60844 33141.000288 -23.240787585216754 -25.479610533275 13623.111273055987
60844 33561.000288 -19.743527536301706 -21.09151959814052 13622.163713405933
60844 33981.000288 -16.143391127099054 -16.893607373000716 13621.313194967212
60844 34401.000288 -12.463490206672894 -12.846756896956297 13620.586790521675
60844 34821.000288 -8.724573919346188 -8.913668069260348 13620.007249264832
60844 35241.000288 -4.945627007929147 -5.058682156713707 13619.592222202864
60844 35661.000288 -1.1444340633380858 -1.2473904149398753 13619.35366483709
60844 36081.000288 2.6618866691288963 2.5538762528130405 13619.297439042202
60844 36501.000288 6.456368747291726 6.378614001237121 13619.423128305658
60844 36921.000288 10.221687598089277 10.26072472187019 13619.724072809471
60844 37341.000288 13.93963981230611 14.235066365000145 13620.187623008025
60844 37761.000288 17.590598016430963 18.337924997412763 13620.795602592596
60844 38181.000288 21.152932556240017 22.60733430501826 13621.524964305034
60844 38601.000288 24.602401071306957 27.083126742128247 13622.348615237628
60844 39021.000288 27.911524881181005 31.80654018877912 13623.236382282515
60844 39441.000288 31.049001149019936 36.81912788513315 13624.156083486092
60844 39861.000288 33.97924650057401 42.16064385443448 13625.074667399604
60844 40281.000288 36.662232947463465 47.8655442942212 13625.959380234972
60844 40701.000288 39.05385316435597 53.957843228818724 13626.778919844843
60844 41121.000288 41.10711203806131 60.444415714481146 13627.504536021046
60844 41541.000288 42.77442751104469 67.30756735240548 13628.111034730415
60844 41961.000288 44.01115521177826 74.49872724295737 13628.577648296236
60844 42381.000288 44.78007298760835 81.93602688592112 13628.888862432394
60844 42801.000288 45.05603940343472 89.50843955143904 13629.034731288666
60844 43221.000288 44.829630889834114 97.08734481761246 13629.011369619564
60844 43641.000288 44.108609217536475 104.54324719508445 13628.821128810421
60844 44061.000288 42.91670908286637 111.76276272197534 13628.472374533812
60844 44481.000288 41.290169170372906 118.6608458565078 13627.979236066192
60844 44901.000288 39.27311703809164 125.18566626060844 13627.361093030266
60844 45321.000288 36.913023798990864 131.31672960607068 13626.64187521953
60844 45741.000288 34.25706541528761 137.05882096085634 13625.849204160171
60844 46161.000288 31.349702103922862 142.43458444062193 13625.013404383464
60844 46581.000288 28.231389025136785 147.47770269025096 13624.166418534276
60844 47001.000288 24.9381435756653 152.2275868595355 13623.34066433115
60844 47421.000288 21.501669237567317 156.72572425026158 13622.567873588925
60844 47841.000288 17.949791627932097 161.01344317734984 13621.877954243862
60844 48261.000288 14.30703863699256 165.13073759394757 13621.29791560613
60844 48681.000288 10.595263360784553 169.1158176018947 13620.85089492617
60844 49101.000288 6.834257069136496 173.00512571552605 13620.555319863277
60844 49521.000288 3.0423309484896985 176.83363582624858 13620.424236697672
60844 49941.000288 -0.7631358012405336 -179.36468602091634 13620.464828295011
60844 50361.000288 -4.56517346114483 -175.55633660142405 13620.678139120328
60844 50781.000288 -8.34671154900807 -171.70769783107772 13621.059017257676
60844 51201.000288 -12.090065512971401 -167.78446705387228 13621.596275727963
60844 51621.000288 -15.776405521184055 -163.75113861880047 13622.273067938017
60844 52041.000288 -19.385195657568758 -159.57059677814777 13623.067467636807
60844 52461.000288 -22.893598880027252 -155.20391253441 13623.953302549406
60844 52881.000288 -26.27585557173403 -150.61048916674122 13624.891239331144
60844 53301.000288 -29.50269561312841 -145.74872547588933 13625.825548499093
60844 53721.000288 -32.54072055479324 -140.5776890539532 13626.80000112972
60844 54141.000288 -35.35215975612685 -135.05974739534676 13627.738084277295
60844 54561.000288 -37.894894159419565 -129.1649216864635 13628.6069388983
60844 54981.000288 -40.123199152303314 -122.87683882364624 13629.37632201337
60844 55401.000288 -41.989457475147276 -116.19994874093373 13630.019225346534
60844 55821.000288 -43.447070686997634 -109.16668751883438 13630.512822111548
60844 56241.000288 -44.454521481634195 -101.84221802468063 13630.839268500196
60844 56661.000288 -44.98007018671011 -94.32384973868348 13630.98633211247
60844 57081.000288 -45.006060907224814 -86.7331393983351 13630.947826092852
60844 57501.000288 -44.53159289767067 -79.20129108653717 13630.7238340485
60844 57921.000288 -43.5726619811997 -71.85163245946632 13630.320717948345
60844 58341.000288 -42.15972225897255 -64.78448872040903 13629.750908646118
60844 58761.000288 -40.33349302087748 -58.06850228404628 13629.032486707569
60844 59181.000288 -38.140247934358094 -51.73935348067224 13628.1885900891
60844 59601.000288 -35.62765340792001 -45.80408217583488 13627.246958421927
60844 60021.000288 -32.84172925847961 -40.24812724348531 13626.236016467885
60844 60441.000288 -29.825019036039226 -35.04261762634454 13625.192428352033
60844 60861.000288 -26.615763171569025 -30.150490647199174 13624.147908999254
60844 61281.000288 -23.247779857042246 -25.530966195309105 13623.136750879074
60844 61701.000288 -19.75076790429927 -21.14244928442833 13622.191813136587
60844 62121.000288 -16.150830313104482 -16.944193483365265 13621.34353563227
60844 62541.000288 -12.471084294135048 -12.897078289743398 13620.618959191535
60844 62961.000288 -8.732283069238793 -8.96380011484755 13620.040806971583
60844 63381.000288 -4.953414238638754 -5.108697368952827 13619.626710220167
60844 63801.000288 -1.1522640985717891 -1.2973594150830579 13619.38861127867
60844 64221.000288 2.6540485016213844 2.503883597131898 13619.332365669916
60844 64641.000288 6.4485575942413345 6.328527367101776 13619.457557419384
60844 65061.000288 10.21394016863625 10.210472135853502 13619.757534074595
60844 65481.000288 13.931995506505551 14.184573112005776 13620.219660055996
60844 65901.000288 17.58310011878643 18.2871127600425 13620.825779212457
60844 66321.000288 21.145629503887662 22.556120729748574 13621.552870036237
60844 66741.000288 24.595347778060855 27.031425737327925 13622.373870184161
60844 67161.000288 27.90478404907265 31.754263408236422 13623.258640996666
60844 67581.000288 31.04264441818452 36.76618802262383 13624.175037816189
60844 68001.000288 33.97335516819133 42.10696051243075 13625.09004825067
60844 68421.000288 36.65689782987588 47.81105316019798 13625.970958243975
60844 68841.000288 39.049173015979854 53.902508861177736 13626.786505032891
60844 69261.000288 41.10318986505596 60.388247113624395 13627.50797679681
60844 69681.000288 42.771364283137785 67.25063353571277 13628.110217287789
60844 70101.000288 44.009041054199244 74.4411677160275 13628.57248145111
60844 70521.000288 44.77897695593029 81.87805067673146 13628.879307129087
60844 70941.000288 45.05600006448777 89.45030837068059 13629.020781209609
60844 71361.000288 44.8306504404711 97.02934136503772 13628.99301726925
60844 71781.000288 44.11065312996373 104.48563735124439 13628.798411837895
60844 72201.000288 42.91971137286144 111.70576275414105 13628.445348383952
60844 72621.000288 41.294041498323246 118.60460373614086 13627.947978184657
60844 73041.000288 39.27775892841724 125.1302590789169 13627.325702646085
60844 73461.000288 36.91833165760895 131.26217306580048 13626.602473003051
60844 73881.000288 34.262939115174476 137.00508463800844 13625.805932490404
60844 74301.000288 31.35604896138892 142.3816074979328 13624.96642806758
60844 74721.000288 28.238125618024497 147.4254070149416 13624.11592581567
60844 75141.000288 24.94519605711285 152.1758866277803 13623.28686805153
60844 75561.000288 21.50897274191745 156.67453213372005 13622.51101239006
60844 75981.000288 17.95728920987505 160.96267389919402 13621.818293712682
60844 76401.000288 14.314680026961115 165.08030960236914 13621.235749281495
60844 76821.000288 10.603003695644315 169.06565350276526 13620.786545091363
60844 77241.000288 6.842055673312964 172.95515193466935 13620.489138040131
60844 77661.000288 3.0501501884450817 176.7837818200229 13620.356603738308
60844 78081.000288 -0.7553315961627959 -179.41448880106586 13620.396153940197
60844 78501.000288 -4.557419034202668 -175.60615585888198 13620.608860868959
60844 78921.000288 -8.339041737613673 -171.75760159721455 13620.989598376851
60844 79341.000288 -12.082516287772824 -167.83452480419962 13621.527202220634
60844 79761.000288 -15.769015070572166 -163.80142223589638 13622.204844158441
60844 80181.000288 -19.37800553736993 -159.62118121828087 13623.000608558905
60844 80601.000288 -22.886655236438774 -155.25487596626377 13623.888275956357
60844 81021.000288 -26.26921128922002 -150.66191093872322 13624.8386972728
60844 81441.000288 -29.49640492309803 -145.80069400186133 13625.787743000985
60844 81861.000288 -32.53484759107456 -140.63028874284868 13626.768602333921
60844 82281.000288 -35.34677976302085 -135.11304991914585 13627.71463082149
60844 82701.000288 -37.89009081636775 -129.21897927093198 13628.591609244859
60844 83121.000288 -40.11906251453712 -122.9316711770295 13629.369225608441
60844 83541.000288 -41.98607975001261 -116.25552829274486 13630.020391953916
60844 83961.000288 -43.44453956405512 -109.22292652055083 13630.522198213463
60844 84381.000288 -44.45291146468551 -101.89896295318535 13630.85671585214
60844 84801.000288 -44.97943341058402 -94.38088846208458 13631.011628184104
60844 85221.000288 -45.00641977652825 -86.79022314152328 13630.98066642262
60844 85641.000288 -44.53293685758438 -79.25816700658933 13630.763836485967
60844 86061.000288 -43.5749495138478 -71.90807726298357 13630.367428676334
60845 81.000288 -42.16288735202678 -64.84033324766081 13629.803809792578
60845 501.000288 -40.337453964865276 -58.123641729596066 13629.091004811837
60845 921.000288 -38.144916069257754 -51.79374427838094 13628.252090687616
60845 1341.000288 -35.63294024968016 -45.857730730946315 13627.314665528773
60845 1761.000288 -32.84755043791992 -40.301074144783 13626.307863173672
60845 2181.000288 -29.831298641587725 -35.094928042231416 13625.267172217762
60845 2601.000288 -26.622432586499237 -30.202240073144843 13624.224959250128
60845 3021.000288 -23.254778424390867 -25.582235111914656 13623.215345885177
60845 3441.000288 -19.758041970468724 -21.193318555124645 13622.271263367546
60845 3861.000288 -16.15833207103706 -16.994741993432704 13621.423176746343
60845 4281.000288 -12.478770554780851 -12.947382037785795 13620.698152728142
60845 4701.000288 -8.740114049371103 -9.01393222951297 13620.11894420527
60845 5121.000288 -4.961352405884745 -5.158728695041668 13619.703215435851
60845 5541.000288 -1.1602730783463298 -1.3473594336737278 13619.46294417654
60845 5961.000288 2.6460049736795934 2.4538456669048276 13619.404022990724
60845 6381.000288 6.44051670158436 6.278381387647486 13619.526073949914
60845 6801.000288 10.205941056588927 10.160145875677433 13619.822483202955
60845 7221.000288 13.924080369560446 14.133991167221295 13620.280654033117
60845 7641.000288 17.575315357199983 18.23619570288069 13620.882469245622
60845 8061.000288 21.13802695943955 22.504784686270277 13621.60494629849
60845 8481.000288 24.587986030197662 26.979582708930607 13622.42106177654
60845 8901.000288 27.897729702110297 31.701822805269884 13623.30071585763
60845 9321.000288 31.035973227461447 36.71306005662504 13624.2118025425
60845 9741.000288 33.967152729755405 42.053062237463664 13625.121347783086
60845 10161.000288 36.65125939704114 47.75631792682843 13625.996675376937
60845 10581.000288 39.04420184065522 53.84689950721518 13626.806559717468
60845 11001.000288 41.098993382606906 60.33177205947254 13627.522325279713
60845 11421.000288 42.76804762770436 67.19336293447877 13628.118852858095
60845 11841.000288 44.006697986323694 74.38324440535233 13628.575439812575
60845 12261.000288 44.77767932881746 81.81968932573129 13628.876604726474
60845 12681.000288 45.05578813928899 89.39177834919222 13629.01255324914
60845 13101.000288 44.83152683158401 96.97093432268976 13628.979376959114
60845 13521.000288 44.11258245573845 104.427628012986 13628.779511750407
60845 13941.000288 42.92262572583914 111.64837509337757 13628.421376148417
60845 14361.000288 41.29784987459723 118.54799152178997 13627.919150768956
60845 14781.000288 39.28235782116052 125.07450301496023 13627.292266395498
60845 15201.000288 36.92361441057682 131.20729043641742 13626.564702797166
60845 15621.000288 34.26880275855617 136.9510449673629 13625.764130328645
60845 16041.000288 31.362398341478585 142.3283487305158 13624.920921244833
60845 16461.000288 28.244875285050238 147.37284907449285 13624.067064740653
60845 16881.000288 24.952270587157354 152.12394130809233 13623.235023772953
60845 17301.000288 21.51630611121997 156.62310953101237 13622.456573920272
60845 17721.000288 17.96482367975957 160.9116861085306 13621.761665248518
60845 18141.000288 14.322364833924736 165.02967246706743 13621.177347414028
60845 18561.000288 10.610793712960614 169.01528707761344 13620.726796073886
60845 18981.000288 6.849910123027404 172.90498014849834 13620.428475153869
60845 19401.000288 3.0580314285953745 176.733731666825 13620.295464764691
60845 19821.000288 -0.7474592155744849 -179.46448832976293 13620.334978722012
60845 20241.000288 -4.549590269491959 -175.656174964189 13620.548088922029
60845 20661.000288 -8.33129153475208 -171.80771089094316 13620.929666497606
60845 21081.000288 -12.074880883117046 -167.88479647205602 13621.468542011442
60845 21501.000288 -15.761533138453379 -163.85193104595993 13622.147879300748
60845 21921.000288 -19.370719404524266 -159.6720052277503 13622.945750976
60845 22341.000288 -22.879612165761195 -155.30609669495283 13623.835909806352
60845 22761.000288 -26.262464813627897 -150.71361263474657 13624.789554232115
60845 23181.000288 -29.49001146266133 -145.852969689181 13625.567179498512
60845 23601.000288 -32.52898459936527 -140.68302621534366 13626.276451930908
60845 24021.000288 -35.34156032456018 -135.16618397899705 13627.162320500245
60845 24441.000288 -37.88555795863121 -129.27254385624292 13628.070376852636
60845 24861.000288 -40.115265009220636 -122.98566185302458 13628.883915302627
60845 25281.000288 -41.9830634602998 -116.30990257371322 13629.575199256007
60845 25701.000288 -43.442342910745566 -109.27759716536725 13630.120956682864
60845 26121.000288 -44.45155998410172 -101.95379783553167 13630.502868205434
60845 26541.000288 -44.97893461948265 -94.43572030100837 13630.708196157027
60845 26961.000288 -45.00675998326554 -86.84486927770438 13630.730223880206
60845 27381.000288 -44.534081271599426 -79.31245480138412 13630.568486354454
60845 27801.000288 -43.576845935493864 -71.96186749929277 13630.22878389237
60845 28221.000288 -42.16547241327143 -64.8935346908573 13629.72297832466
60845 28641.000288 -40.34066012035144 -58.17621427931813 13629.068578397411
60845 29061.000288 -38.14867766409148 -51.84569280839219 13628.288126926991
60845 29481.000288 -35.637197833509546 -45.90909430090688 13627.408396813158
60845 29901.000288 -32.85225334382215 -40.351914865881085 13626.460445370289
60845 30321.000288 -29.836402883568223 -35.14531643127073 13625.462332996001
60845 30741.000288 -26.627900462781014 -30.252250122176914 13624.470862666798
60845 31161.000288 -23.260580482240364 -25.631944482177015 13623.509413769627
60845 31581.000288 -19.764154421772165 -21.242803913122042 13622.610777340737
60845 32001.000288 -16.16473486351761 -17.04407756459568 13621.80498664294
60845 32421.000288 -12.485445796173735 -12.996639684484409 13621.11872857817
60845 32841.000288 -8.74704452945217 -9.0631821711309 13620.574413860859
60845 33261.000288 -4.968520209664873 -5.208040604100689 13620.189402338545
60845 33681.000288 -1.1676582686446773 -1.3968037518494225 13619.975407185311
60845 34101.000288 2.6384256378231012 2.404196286933502 13619.938098194927
60845 34521.000288 6.432771050257683 6.228450578498807 13620.076918003513
60845 34941.000288 10.198062839680913 10.109852051590781 13620.385117641943
60845 35361.000288 13.916110672470934 14.08324610882394 13620.850010056227
60845 35781.000288 17.567304133470934 18.184903379024508 13621.453432497665
60845 36201.000288 21.130034694392727 22.45284056537669 13622.172401273776
60845 36621.000288 24.58008551339871 26.92687397043523 13622.979935540112
60845 37041.000288 27.890007820711133 31.648230081092333 13623.846020852667
60845 37461.000288 31.02853258138396 36.658461596278585 13624.738678302603
60845 37881.000288 33.96011269957037 41.997341627552046 13625.625101390551
60845 38301.000288 36.644756065739074 47.699376527998176 13626.472820487394
60845 38721.000288 39.03838592158743 53.78867427003559 13627.25085383889
60845 39141.000288 41.094025156605994 60.27225790455293 13627.930804612952
60845 39561.000288 42.76408806553042 67.13263616124992 13628.4878654344
60845 39981.000288 44.00389599558371 74.32148016290591 13628.901695678669
60845 40401.000288 44.77615650197304 81.75716398750421 13629.157152031557
60845 40821.000288 45.05562407328675 89.32884994605969 13629.244786141257
60845 41241.000288 44.83274887849122 96.90800184681966 13629.161231331196
60845 41661.000288 44.11516326662492 104.36507659548806 13628.909354788584
60845 42081.000288 42.92648895246532 111.58653046998167 13628.497990772394
60845 42501.000288 41.30288194787144 118.48708994688685 13627.941764221303
60845 42921.000288 39.28842216728999 125.01468378231871 13627.260589379312
60845 43341.000288 36.93056461425889 131.14860625772704 13626.47893174577
60845 43761.000288 34.276492731245774 136.89348152516598 13625.624946260343
60845 44181.000288 31.370689001321193 142.2718459310409 13624.729486760401
60845 44601.000288 28.253638206870054 147.3173194705458 13623.825017484627
60845 45021.000288 24.961389445487498 152.06928397204695 13622.944465694678
60845 45441.000288 21.525676719985444 156.56921943206254 13622.120056011372
60845 45861.000288 17.974353250717662 160.85845983242785 13621.382167564205
60845 46281.000288 14.331970870735843 164.97701127879722 13620.758254286417
60845 46701.000288 10.620402789918343 168.96309819961797 13620.271866543664
60845 47121.000288 6.859456679406603 172.85317691474657 13619.94180878787
60845 47541.000288 3.067456634217512 176.68223301268787 13619.781463182766
60845 47961.000288 -0.738208512072299 -179.51575873770315 13619.798303311127
60845 48381.000288 -4.540562522444765 -175.70728976119892 13619.993615351419
60845 48801.000288 -8.322531437470962 -171.85874007816358 13620.362436746742
60845 49221.000288 -12.066430285938392 -167.93580841036606 13620.893714653283
60845 49641.000288 -15.753431974349791 -163.90299328049394 13621.570678636228
60845 50061.000288 -19.36300664064719 -159.7231850178812 13622.37141446553
60845 50481.000288 -22.87232678881233 -155.35746106580442 13623.269618714115
60845 50901.000288 -26.255646841971256 -150.76522766897813 13624.235507311365
60845 51321.000288 -29.483689011505184 -145.90491998265477 13625.236844180634
60845 51741.000288 -32.523105147473245 -140.7355516033435 13626.240350579035
60845 52161.000288 -35.336166694538115 -135.21941140383535 13626.919281564433
60845 52581.000288 -37.88080622466265 -129.32634351599728 13627.63979338919
60845 53001.000288 -40.111261420881895 -123.03991609456295 13628.397211582544
60845 53421.000288 -41.97986222055229 -116.36454970012663 13629.102692287475
60845 53841.000288 -43.439986695764254 -109.33252863853659 13629.667091643958
60845 54261.000288 -44.45007425510318 -102.00885752491908 13630.07170193782
60845 54681.000288 -44.978322098127016 -94.49071628901548 13630.30357564346
60845 55101.000288 -45.006997580016844 -86.89959650117862 13630.355758195803
60845 55521.000288 -44.53512092444065 -79.36672319048495 13630.227515716688
60845 55941.000288 -43.57861952408441 -72.01552708992645 13629.924350181642
60845 56361.000288 -42.16789944498672 -64.94649039675289 13629.4577980746
60845 56781.000288 -40.34365608339733 -58.2284279215651 13628.845020076047
60845 57201.000288 -38.15216115729751 -51.89717508934529 13628.108197653528
60845 57621.000288 -35.64109544389209 -45.95989179621173 13627.273751422137
60845 58041.000288 -32.856502222337944 -40.40209675695465 13626.371360385278
60845 58461.000288 -29.840951657147095 -35.194963982649526 13625.432952042434
60845 58881.000288 -26.632711785459097 -30.301453130956194 13624.491749046038
60845 59301.000288 -23.26562442604102 -25.680788017321962 13623.580769866758
60845 59721.000288 -19.769408160567302 -21.291368893854095 13622.731874921432
60845 60141.000288 -16.17018128151702 -17.09244066110653 13621.974668693107
60845 60561.000288 -12.491071786959111 -13.0448736202934 13621.335406457869
60845 60981.000288 -8.752839388018236 -9.111356611154848 13620.83607504611
60845 61401.000288 -4.974474133734804 -5.256223387908466 13620.493627967899
60845 61821.000288 -1.1737609468117318 -1.445062317183821 13620.319395531162
60845 62241.000288 2.632186387481818 2.3557933790413754 13620.318692481338
60845 62661.000288 6.42641063343084 6.179832070471296 13620.490637825464
60845 63081.000288 10.19160127534746 10.060942413933587 13620.828193419586
60845 63501.000288 13.909574061606508 14.033964027990239 13621.318419959296
60845 63921.000288 17.560726244178433 18.13516042467579 13621.94294125046
60845 64341.000288 21.123458685827398 22.402540243015665 13622.678600248237
60845 64761.000288 24.573565791456492 26.875911506882087 13623.49828358198
60845 65181.000288 27.883611961832514 31.596493489932833 13624.37188535644
60845 65601.000288 31.022343164354883 36.60583482058591 13625.267376108373
60845 66021.000288 33.95422873265386 41.94371079973261 13626.151939041674
60845 66441.000288 36.639293484267355 47.644640471732785 13626.993133303135
60845 66861.000288 39.03347638911164 53.73276000577211 13627.760043446731
60845 67281.000288 41.08981223162781 60.21514069960226 13628.424375180222
60845 67701.000288 42.76071989213726 67.0743612947919 13628.961459093203
60845 68121.000288 44.00151429161629 74.26218043418937 13629.351126663994
60845 68541.000288 44.77488286322474 81.69706473807172 13629.578427678862
60845 68961.000288 45.05554616224352 89.26825443337546 13629.634164204297
60845 69381.000288 44.83391012857386 96.84725652538881 13629.515220631292
60845 69801.000288 44.11755890026765 104.30452674807636 13629.224654413472
60845 70221.000288 42.93006843951663 111.52648030438321 13628.770625534256
60845 70641.000288 41.30756291391831 118.42775160836037 13628.17543118037
60845 71061.000288 39.294095005041484 124.95620409677463 13627.445935510714
60845 71481.000288 36.93710776736699 131.09105126107696 13626.613965403365
60845 71901.000288 34.28378132441985 136.83685545953716 13625.708264925679
60845 72321.000288 31.3786010987319 142.21610952094753 13624.760138952306
60845 72741.000288 28.262058505019063 147.26240611815612 13623.80250480956
60845 73161.000288 24.970211000334068 152.01511228320317 13622.86875022285
60845 73581.000288 21.534801379196832 156.51570192671016 13621.991565124647
60845 74001.000288 17.983691331708695 160.80550845319297 13621.20179503282
60845 74421.000288 14.341440458506904 164.92454051564687 13620.527357164035
60845 74841.000288 10.629928885287189 168.9110265768323 13619.992257667738
60845 75261.000288 6.868970324258517 172.8014274220917 13619.615744761022
60845 75681.000288 3.07689407275172 176.63073289690607 13619.411627772733
60845 76101.000288 -0.728906618011567 -179.56707853713456 13619.387786263109
60845 76521.000288 -4.531451828443042 -175.75849534037053 13619.545886667382
60845 76941.000288 -8.313664617169852 -171.9098953254141 13619.881316558529
60845 77361.000288 -12.05785771496207 -167.9869756810579 13620.38333890341
60845 77781.000288 -15.745202412004632 -163.95423387815515 13621.035460881347
60845 78201.000288 -19.355167914073558 -159.7745593443657 13621.816004228962
60845 78621.000288 -22.864926466845432 -155.40902825383947 13622.698856941824
60845 79041.000288 -26.248732857103562 -150.81704444186266 13623.65437974028
60845 79461.000288 -29.477310144012613 -145.9570384110187 13624.650435140327
60845 79881.000288 -32.51731118283647 -140.7880154584182 13625.653502225978
60845 80301.000288 -35.330981375225214 -135.27230560261253 13626.629844769872
60845 80721.000288 -37.87622044643832 -129.37984979485418 13627.546224466236
60845 81141.000288 -40.10731542941615 -123.09414634199729 13628.403837184856
60845 81561.000288 -41.976637106373516 -116.41949888537468 13629.10894140253
60845 81981.000288 -43.437568038125924 -109.38810842346138 13629.672923325545
60845 82401.000288 -44.4485341042451 -102.06491599662013 13630.076997912158
60845 82821.000288 -44.97771003933678 -94.54704516110753 13630.308208608461
60845 83241.000288 -45.00733364197738 -86.95595264979347 13630.359594596262
60845 83661.000288 -44.536392573459295 -79.4228603711407 13630.230418990193
60845 84081.000288 -43.580783781818184 -72.07122850600287 13629.926184980306
60845 84501.000288 -42.17088936366126 -65.00159235841396 13629.458435260156
60845 84921.000288 -40.347389465800326 -58.282829488968275 13628.844342148546
60845 85341.000288 -38.15654918774286 -51.95083476126818 13628.106104431648
60845 85761.000288 -35.646049618066556 -46.012816160628255 13627.270168027075
60845 86181.000288 -32.86193896753364 -40.45432647789703 13626.366247021637
60846 201.000288 -29.846794816383994 -35.246560905505106 13625.426284868136
60846 621.000288 -26.638893490671673 -30.352490242785795 13624.483554591043
60846 1041.000288 -23.272084875171174 -25.731342470680765 13623.571117155729
60846 1461.000288 -19.776094822044147 -21.341517749624597 13622.720865265142
60846 1881.000288 -16.177047823473504 -17.142258634163177 13621.962445021103
60846 2301.000288 -12.498076919667524 -13.094432196012342 13621.322151124821
60846 2721.000288 -8.759945722922838 -9.160724047548761 13620.82200616998
60846 3141.000288 -4.981647100618043 -5.305465258987124 13620.478995195086
60846 3561.000288 -1.1809677743439921 -1.4942423698742358 13620.304475022
60846 3981.000288 2.624977642788503 2.3066122001993095 13620.30378123279
60846 4401.000288 6.419232035246301 6.130586527044135 13620.47604756042
60846 4821.000288 10.184485962139124 10.011567880311363 13620.814244288546
60846 5241.000288 13.90255723732267 13.984393479793964 13621.305434281916
60846 5661.000288 17.553846229157397 18.08532361764145 13621.931237484578
60846 6081.000288 21.11675803999091 22.352363251561616 13622.66848732031
60846 6501.000288 24.567092497783545 26.82531688675392 13623.490055653632
60846 6921.000288 27.877420615750857 31.545401461116814 13624.365817050348
60846 7341.000288 31.016496044903047 36.55416602143336 13625.263718190834
60846 7761.000288 33.94879652603482 41.89139129263283 13626.150914570488
60846 8181.000288 36.63435529198116 47.59160966998397 13626.994934266153
60846 8601.000288 39.02911850751807 53.67898183468615 13627.76482787197
60846 9021.000288 41.08612511315418 60.16061734024114 13628.432264656714
60846 9441.000288 42.75779282770438 67.01914714792132 13628.972536761838
60846 9861.000288 43.999427843637406 74.2063918678936 13629.3654358496
60846 10281.000288 44.77369996418033 81.64088000409406 13629.595971215711
60846 10701.000288 45.05530379060082 89.21189964884242 13629.654904340081
60846 11121.000288 44.834613955544654 96.79097852645246 13629.539078677679
60846 11541.000288 44.119182702538076 104.24855973306359 13629.25150032601
60846 11961.000288 42.932557469959534 111.47102178746233 13628.789134967587
60846 12381.000288 41.31084133507524 118.37294072237934 13628.194329740798
60846 12801.000288 39.29807769257075 124.90210949806624 13627.46887796543
60846 13221.000288 36.941706783126506 131.03768811008115 13626.640902696168
60846 13641.000288 34.28891170727983 136.78419802345368 13625.739010422578
60846 14061.000288 31.384184335896048 142.16410474545714 13624.794457459995
60846 14481.000288 28.268024077492004 147.21098514024405 13623.840119121103
60846 14901.000288 24.976496597566612 151.96419885859933 13622.909343938592
60846 15321.000288 21.541352308240683 156.46521792146046 13622.034785416638
60846 15741.000288 17.990459510167582 160.75537699993976 13621.247255843984
60846 16161.000288 14.34838324157376 164.874687499499 13620.57464297339
60846 16581.000288 10.637007867929757 168.86138101080894 13620.040927855998
60846 17001.000288 6.876150185120891 172.7519211248528 13619.665338552304
60846 17421.000288 3.0841414797424727 176.58129975365 13619.461669679942
60846 17841.000288 -0.7216240473652117 -179.61650354833714 13619.437791926055
60846 18261.000288 -4.524166533371681 -175.80797723855326 13619.595368943857
60846 18681.000288 -8.306410094960938 -171.9595002485473 13619.92979171033
60846 19101.000288 -12.050669547075913 -168.03677196187505 13620.43033271017
60846 19521.000288 -15.738119341602204 -164.00429297659105 13621.080514515117
60846 19941.000288 -19.34823299235244 -159.82495649028766 13621.85867973042
60846 20361.000288 -22.858188266306357 -155.4598425709137 13622.73874215763
60846 20781.000288 -26.242246715028962 -150.8683582018432 13623.691092614452
60846 21201.000288 -29.47113933978627 -146.00893491314616 13624.68362730127
60846 21621.000288 -32.511527859693835 -140.8405748707405 13625.68286164468
60846 22041.000288 -35.32566688445363 -135.32559802809018 13626.65509385377
60846 22461.000288 -37.87146493474825 -129.43392418246768 13627.575242427893
60846 22881.000288 -40.10324330270535 -123.14893168761887 13628.127053586988
60846 23301.000288 -41.97338279888215 -116.47475650986178 13628.626298734678
60846 23721.000288 -43.43520718615075 -109.44359756881654 13629.010585377084
60846 24141.000288 -44.447096556399174 -102.12035466280692 13629.343625004514
60846 24561.000288 -44.97717633444895 -94.6021776378131 13629.553432201874
60846 24981.000288 -45.00764760018889 -87.01053395368636 13629.589964459874
60846 25401.000288 -44.537466540317425 -79.47667552865452 13629.452622778603
60846 25821.000288 -43.58250675421473 -72.12412112419095 13629.14697210516
60846 26241.000288 -42.17313815929665 -65.0534773719445 13628.684558848716
60846 26661.000288 -40.35003997647128 -58.33369040177345 13628.082499952552
60846 27081.000288 -38.15948547575941 -52.00070998283384 13627.362876107652
60846 27501.000288 -35.64916984569008 -46.06178109610187 13626.551950109659
60846 27921.000288 -32.86515825298989 -40.502476679716175 13625.679238327439
60846 28341.000288 -29.850045658210583 -35.29399892032094 13624.776467755059
60846 28761.000288 -26.64212480735168 -30.399317077807186 13623.876454504263
60846 29181.000288 -23.275260371445494 -25.77765290079866 13623.01194287976
60846 29601.000288 -19.779190906035875 -21.387398080922807 13622.214446031961
60846 30021.000288 -16.18005153389731 -17.187786289372593 13621.513129146791
60846 30441.000288 -12.500983998207529 -13.139676366786224 13620.933774589259
60846 30861.000288 -8.76275885828009 -9.205746896971714 13620.49786556382
60846 31281.000288 -4.984374337279966 -5.350323379096099 13620.22182074258
60846 31701.000288 -1.1836210564117344 -1.538988335761274 13620.116407034178
60846 32121.000288 2.6223838332576426 2.2619282528308062 13620.186351395734
60846 32541.000288 6.416681989902695 6.085915324398896 13620.43016554859
60846 32961.000288 10.181964053842286 9.966859432805975 13620.840189904418
60846 33381.000288 13.900049269542999 13.93959550012301 13621.402855208838
60846 33801.000288 17.551340873016546 18.040379946750182 13622.099152614854
60846 34221.000288 21.114248402117013 22.307212344773028 13622.9052951572
60846 34641.000288 24.564577852969826 26.779890484184214 13623.793544800761
60846 35061.000288 27.874908312940008 31.49962367612167 13624.733163469724
60846 35481.000288 31.014003538062997 36.50795322006984 13625.691457888284
60846 35901.000288 33.94635356667329 41.84465363309089 13626.635309559873
60846 36321.000288 36.632006101757526 47.54425546396432 13627.531641074565
60846 36741.000288 39.02692252142652 53.63092350240815 13628.348884923476
60846 37161.000288 41.08415726409397 60.11178249190059 13629.058507961998
60846 37581.000288 42.75614167569521 66.96949265938312 13629.63538885808
60846 38001.000288 43.99819102389973 74.15591847573195 13630.058985291478
60846 38421.000288 44.772976992469886 81.58964304912118 13630.314040867208
60846 38841.000288 45.05518711389645 89.16001065584506 13630.391109238994
60846 39261.000288 44.83518009242895 96.73859452357098 13630.28688625811
60846 39681.000288 44.120485596680105 104.19586229639398 13630.004330349024
60846 40101.000288 42.93462763946793 111.418180960379 13629.552564839143
60846 40521.000288 41.313682502870606 118.32012086321733 13628.946563248535
60846 40941.000288 39.30167473031153 124.84942938508604 13628.206583961031
60846 41361.000288 36.94602877386561 130.98522866947155 13627.347263933261
60846 41781.000288 34.29395043663713 136.73193548217543 13626.679864949361
60846 42201.000288 31.38994205275656 142.11198597678532 13625.723933009804
60846 42621.000288 28.27445559982078 147.15902319029504 13624.732780982313
60846 43041.000288 24.983552680625557 151.9123853160402 13623.757212186927
60846 43461.000288 21.548979216936914 156.4135315484893 13622.830411534735
60846 43881.000288 17.99859971490749 160.70378767698182 13621.98365996729
60846 44301.000288 14.356975855373824 164.8231588922509 13621.2453809405
60846 44721.000288 10.645988867001195 168.80987231087548 13620.640151219912
60846 45141.000288 6.88545249461588 172.70038809191618 13620.18784788827
60846 45561.000288 3.093694978392229 176.52969525786725 13619.902961114192
60846 45981.000288 -0.7118925735271417 -179.66822931713122 13619.794096532656
60846 46401.000288 -4.514333473754961 -175.8598767531596 13619.863684699074
60846 46821.000288 -8.296555128023744 -172.01162868675397 13620.107907808473
60846 47241.000288 -12.040875781047454 -168.08918716899547 13620.516846168075
60846 47661.000288 -15.728473473251022 -164.05705517750957 13621.074839105275
60846 48081.000288 -19.338825459564305 -159.87812752437557 13621.761047382413
60846 48501.000288 -22.849113342263955 -155.51348433998268 13622.550197058012
60846 48921.000288 -26.233602445318194 -150.92252991669946 13623.413478340482
60846 49341.000288 -29.463027154301955 -146.0636886201289 13624.319567551463
60846 49761.000288 -32.50405159631621 -140.89594869423314 13625.235736042574
60846 50181.000288 -35.318930851934375 -135.38160669436346 13626.129006934061
60846 50601.000288 -37.86557027390269 -129.490547654149 13626.9673189616
60846 51021.000288 -40.098253827994775 -123.2061905401586 13627.72065656993
60846 51441.000288 -41.96934546673519 -116.53270199153509 13628.362106665772
60846 51861.000288 -43.43218874150434 -109.50217749468091 13628.868805071404
60846 52281.000288 -44.44516125082811 -102.17943028094274 13629.222739493289
60846 52701.000288 -44.97637275438442 -94.66148658226498 13629.411565195036
60846 53121.000288 -45.00798701291071 -87.06979008921164 13629.440923827231
60846 53541.000288 -44.53891824561561 -79.53554672383584 13629.290254603387
60846 53961.000288 -43.585003492089335 -72.18235819232025 13628.953687153507
60846 54381.000288 -42.17657675229629 -65.11085847975325 13628.451504768353
60846 54801.000288 -40.35429774534252 -58.39008652879289 13627.811778995554
60846 55221.000288 -38.164431514578034 -52.05607007848899 13627.056918804785
60846 55641.000288 -35.65467469694274 -46.11611609645878 13626.213483148762
60846 56061.000288 -32.871100412642946 -40.55584049882321 13625.31126034258
60846 56481.000288 -29.85631516026203 -35.34647121953174 13624.382223270415
60846 56901.000288 -26.648624609803466 -30.450989973653495 13623.459405908508
60846 57321.000288 -23.28190631733049 -25.828621875386236 13622.575740885795
60846 57741.000288 -19.78591088389645 -21.437756424502297 13621.762898900412
60846 58161.000288 -16.186784265359908 -17.237622144933425 13621.050170814631
60846 58581.000288 -12.50767771092893 -13.189071527139559 13620.463431848906
60846 59001.000288 -8.769369980696874 -9.254776701047218 13620.024224492265
60846 59421.000288 -4.990866273650238 -5.399057252982348 13619.748992626006
60846 59841.000288 -1.1899630545686466 -1.5874906829795248 13619.648494057688
60846 60261.000288 2.6162177338489068 2.2135969945650973 13619.72741237162
60846 60681.000288 6.41071395459577 6.037697570599644 13619.984181945983
60846 61101.000288 10.176213423314985 9.918699354029327 13620.411032425103
60846 61521.000288 13.894533534358379 13.891437993438934 13620.99425114656
60846 61941.000288 17.54607667924461 17.99216973928837 13621.714654295767
60846 62361.000288 21.109252608155032 22.258893321107383 13622.548250186039
60846 62781.000288 24.559868645124048 26.73140538357689 13623.467071344672
60846 63201.000288 27.870506368949556 31.450914392615243 13624.440146524354
60846 63621.000288 31.00993320201188 36.45896206901213 13625.43458239393
60846 64041.000288 33.94264379054249 41.795325796609134 13626.416823491334
60846 64461.000288 36.62868364550221 47.49452589794175 13627.336276854465
60846 64881.000288 39.02404480243648 53.58080071964108 13628.174545344968
60846 65301.000288 41.081764268158544 60.061253898552266 13628.923514939801
60846 65721.000288 42.75427640461385 66.91857976647715 13629.540918259692
60846 66141.000288 43.99689380964761 74.10467830688704 13630.00584769908
60846 66561.000288 44.77228085638916 81.53816837648336 13630.302684286391
60846 66981.000288 45.05511327613877 89.10842247930076 13630.421606414091
60846 67401.000288 44.835734896938256 96.6870269916107 13630.358930585682
60846 67821.000288 44.121659865376685 104.14444388105912 13630.117236390974
60846 68241.000288 42.936398624000795 111.36701763586258 13629.70527302359
60846 68661.000288 41.31601767078409 118.26928588829804 13629.137651562307
60846 69081.000288 39.30453614533482 124.7989610111784 13628.434340693393
60846 69501.000288 36.949376325351956 130.93513548410868 13627.620043585526
60846 69921.000288 34.297711202713 136.68227086461803 13626.723230656196
60846 70341.000288 31.394028828480348 142.06278514682322 13625.774342823617
60846 70761.000288 28.27882744767213 147.11022315724932 13624.807506329564
60846 71181.000288 24.98817307521092 151.863923937569 13623.855302294322
60846 71601.000288 21.55381723409403 156.36534671916934 13622.950771561798
60846 72021.000288 18.003629040761503 160.65581898599257 13622.125044840208
60846 72441.000288 14.362173660267219 164.77534827136182 13621.406367933321
60846 72861.000288 10.651334706079407 168.76216394236025 13620.819149916302
60846 73281.000288 6.890927266999034 172.65272786286133 13620.38311651195
60846 73701.000288 3.0992799460651264 176.48202994819357 13620.112624708578
60846 74121.000288 -0.7062167224493145 -179.715952996684 13620.016166092022
60846 74541.000288 -4.508587541561591 -175.90771320007116 13620.096076832004
60846 74961.000288 -8.290762331741547 -172.05963446957747 13620.348464588165
60846 75381.000288 -12.035062713251587 -168.137422059007 13620.763354857978
60846 75801.000288 -15.722671125011434 -164.10558307032426 13621.325051495312
60846 76221.000288 -19.333070323293132 -159.92701712235151 13622.012698533728
60846 76641.000288 -22.84344859485752 -155.5628093836572 13622.801023326456
60846 77061.000288 -26.228079180084514 -150.9723686317402 13623.661234622634
60846 77481.000288 -29.45770557371016 -146.1141218881631 13624.56204376774
60846 77901.000288 -32.49900198753506 -140.9470562862732 13625.470772937257
60846 78321.000288 -35.314234036949095 -135.433460801685 13626.354511328336
60846 78741.000288 -37.86131706570904 -129.5432030758322 13627.181278617678
60846 79161.000288 -40.09454288315692 -123.25967149831655 13627.921154746607
60846 79581.000288 -41.9662789119213 -116.58698690797924 13628.547336244697
60846 80001.000288 -43.42986523624853 -109.55718514843065 13629.037082065835
60846 80421.000288 -44.443666868432 -102.23501277488452 13629.372516231735
60846 80841.000288 -44.9757711412402 -94.71743424317191 13629.541258357032
60846 81261.000288 -45.008310295400065 -87.12582629723262 13629.536819391149
60846 81681.000288 -44.540162996954194 -79.59143567494347 13629.363089519013
60846 82101.000288 -43.58713550083442 -72.23787957998309 13629.037273318741
60846 82521.000288 -42.179537617154494 -65.16584552483299 13628.533183375563
60846 82941.000288 -40.358012700156735 -58.44443236326877 13627.890195087784
60846 83361.000288 -38.168817597436124 -52.109725324844106 13627.131276090937
60846 83781.000288 -35.659647645360394 -46.16907909550946 13626.283038989663
60846 84201.000288 -32.87657935940078 -40.608144123094746 13625.375330553545
60846 84621.000288 -29.862225273753655 -35.39817040698277 13624.44019182199
60846 85041.000288 -26.65489814443743 -30.50215182303692 13623.510733584324
60846 85461.000288 -23.288482607246067 -25.87931869169601 13622.619972467788
60846 85881.000288 -19.792735725373213 -21.48806134716714 13621.799668719072
60846 86301.000288 -16.193809000950125 -17.28760674205262 13621.079206578604
60847 321.000288 -12.51485820826187 -13.238804759057896 13620.484556736497
60847 741.000288 -8.776665610047907 -9.304324778822604 13620.037357553456
60847 1161.000288 -4.998238929502404 -5.4484840521472675 13619.754147603535
60847 1581.000288 -1.1973762303966848 -1.6368584845355365 13619.645776786352
60847 2001.000288 2.608799828922778 2.1642265849028424 13619.717016951587
60847 2421.000288 6.403327259394683 5.988262625661837 13619.966385905434
60847 2841.000288 10.16889489511524 9.869136630693536 13620.386191088202
60847 3261.000288 13.887322052730392 13.841682024120235 13620.96279140437
60847 3681.000288 17.539014004294906 17.942152122922035 13621.677067943645
60847 4101.000288 21.102384401533232 22.208542385974823 13622.505086944297
60847 4521.000288 24.553245538011748 26.680646486786777 13623.418931613602
60847 4941.000288 27.864185018762488 31.39967124709547 13624.387673717845
60847 5361.000288 31.003977210621393 36.40715963344589 13625.378452599023
60847 5781.000288 33.937124243344236 41.74289535412656 13626.357648798332
60847 6201.000288 36.62368603920897 47.44142948160737 13627.28796347353
60847 6621.000288 39.01964536311691 53.52699335025367 13628.117853824298
60847 7041.000288 41.07804868719772 60.006740441905265 13628.87024857614
60847 7461.000288 42.75132893842549 66.86341764036139 13629.491853688616
60847 7881.000288 43.99478942806079 74.04898559819323 13629.961590951285
60847 8301.000288 44.77107660116659 81.48212281700609 13630.263792338439
60847 8721.000288 45.05484040364764 89.05224705708153 13630.388580513067
60847 9141.000288 44.83639402691103 96.63096296728125 13630.332212006286
60847 9561.000288 44.123220809091706 104.08871820326496 13630.09720306533
60847 9981.000288 42.93880498565458 111.31181475338703 13629.692236957675
60847 10401.000288 41.3191946724569 118.21473159166737 13629.131857600505
60847 10821.000288 39.30839935815369 124.74512009290287 13628.435967226013
60847 11241.000288 36.9538393310391 130.88201979417644 13627.629163883981
60847 11661.000288 34.30269127535214 136.62985209496625 13626.739697387742
60847 12081.000288 31.39944975515726 142.01100925251447 13625.798520657549
60847 12501.000288 28.284621310324553 147.05902076801812 13624.83889590774
60847 12921.000288 24.994280397278576 151.81321860736898 13623.893852762507
60847 13341.000288 21.560186173722848 156.31506047811703 13622.996216978501
60847 13761.000288 18.010214353423294 160.60587530377956 13622.177040086995
60847 14181.000288 14.36893548789777 164.72567342956657 13621.464501756456
60847 14601.000288 10.658237345269358 168.7126873319127 13620.8829476358
60847 15021.000288 6.89793798285388 172.60338160439161 13620.452044515003
60847 15441.000288 3.106367849598301 176.43274810777714 13620.186096281568
60847 15861.000288 -0.6990817420405299 -179.76523542044973 13620.093548178165
60847 16281.000288 -4.5014358527077265 -175.95706140431656 13620.17669747308
60847 16701.000288 -8.283625593874287 -172.10911501023693 13620.431620844989
60847 17121.000288 -12.027974938895374 -168.1871039740311 13620.848321004956
60847 17541.000288 -15.715669798894734 -164.15553886764894 13621.411087281973
60847 17961.000288 -19.32619759732849 -159.97732348746587 13622.099057310104
60847 18381.000288 -22.83675255947831 -155.61354737575732 13622.886959843489
60847 18801.000288 -26.221615176663548 -151.02362301261329 13623.746012346986
60847 19221.000288 -29.451537453078565 -146.165979065693 13624.644941598077
60847 19641.000288 -32.493203124158775 -140.99960018623108 13625.551091273746
60847 20061.000288 -35.30888777257534 -135.4867658901027 13626.431577493946
60847 20481.000288 -37.856516092917765 -129.59732391304024 13627.25445156548
60847 20901.000288 -40.09038693981318 -123.31462888549112 13627.989828795411
60847 21321.000288 -41.96287016079724 -116.64275214891636 13628.610943703476
60847 21741.000288 -43.4273010219729 -109.61366613446151 13629.095095441533
60847 22161.000288 -44.44203031181145 -102.292047641468 13629.424450979961
60847 22581.000288 -44.975121138633405 -94.77479844866812 13629.586676948316
60847 23001.000288 -45.00867342276825 -87.18325549022305 13629.575374655598
60847 23421.000288 -44.54152993694724 -79.64866095961757 13629.39011362464
60847 23841.000288 -43.5894599435929 -72.29464292357649 13629.03800608661
60847 24261.000288 -42.18274720427166 -65.2219674958293 13628.53340417814
60847 24681.000288 -40.362018372849334 -58.49980235816047 13627.886104829606
60847 25101.000288 -38.17352230715877 -52.16429583512834 13627.122845400165
60847 25521.000288 -35.66495420101054 -46.22285492992891 13626.270268807242
60847 25941.000288 -32.882395576213185 -40.66116731469417 13625.358247712828
60847 26361.000288 -29.86846679236181 -35.45050620955434 13624.41885051253
60847 26781.000288 -26.661489475671168 -30.553877739552746 13623.485216638497
60847 27201.000288 -23.295357014696997 -25.93051687334986 13622.590392550877
60847 27621.000288 -19.799834447441892 -21.538813890729823 13621.766169394194
60847 28041.000288 -16.201080159851255 -17.337993163236522 13621.041963167532
60847 28461.000288 -12.52225561729494 -13.288900961914461 13620.443776873099
60847 28881.000288 -8.784147590869713 -9.354202988397985 13619.993281311397
60847 29301.000288 -5.005767186483278 -5.4982133338336805 13619.707047075128
60847 29721.000288 -1.20491479018987 -1.686505600317957 13619.595954998636
60847 30141.000288 2.601285626058573 2.114596143895312 13619.66480603144
60847 30561.000288 6.395871741009622 5.938583536549331 13619.912144448585
60847 30981.000288 10.16153303942746 9.819342647764161 13620.330300743302
60847 31401.000288 13.880090501108308 13.791704983078699 13620.905652746409
60847 31821.000288 17.53195212581667 17.89192115323436 13621.619095770659
60847 32241.000288 21.095535419240186 22.157983503155318 13622.446705173836
60847 32661.000288 24.546657702127472 26.629682829810513 13623.360567954887
60847 33081.000288 27.85791276933265 31.34822435382623 13624.329754150798
60847 33501.000288 30.998082202332746 36.355152294346965 13625.321394578916
60847 33921.000288 33.9316759976351 41.6902566928424 13626.301836110193
60847 34341.000288 36.618762075388844 47.38810341485088 13627.238390366523
60847 34761.000288 39.01534125718233 53.47298025282162 13627.92436184303
60847 35181.000288 41.07448234435907 59.952175519896336 13628.58523482453
60847 35601.000288 42.748565730229416 66.80837761609703 13629.211020847479
60847 36021.000288 43.99288223759116 73.99360114222284 13629.687377440465
60847 36441.000288 44.77005859135945 81.42657618411255 13629.998489684229
60847 36861.000288 45.054718706252885 88.99675469627527 13630.13440482575
60847 37281.000288 44.83714690772478 96.57574828036402 13630.091284296288
60847 37701.000288 44.12479935936936 104.03398117474718 13629.871532694893
60847 38121.000288 42.94113901300699 111.25770776929994 13629.483706576595
60847 38541.000288 41.32220103329454 118.16134772676469 13628.94220876185
60847 38961.000288 39.31199047786141 124.69249437296865 13628.266777550729
60847 39381.000288 36.95793019139773 130.8301393441435 13627.481781482094
60847 39801.000288 34.30720410141065 136.57866984347376 13626.61535294572
60847 40221.000288 31.404316043008354 141.9604577742273 13625.69843720326
60847 40641.000288 28.28978274926826 147.00902201837403 13624.763685598275
60847 41061.000288 24.999688451040917 151.76369106111179 13623.844263631505
60847 41481.000288 21.565800799631123 156.26592373897364 13622.972729518246
60847 41901.000288 18.01600259559985 160.557052285934 13622.179891938096
60847 42321.000288 14.374870008424358 164.6770910813226 13621.493714412665
60847 42741.000288 10.664294996809856 168.66427643678597 13620.938329803026
60847 43161.000288 6.904098467570247 172.55507602502357 13620.533192720004
60847 43581.000288 3.1126124672163717 176.3844837103989 13620.29239671747
60847 44001.000288 -0.6927712774743399 -179.81352201573193 13620.224180268015
60847 44421.000288 -4.495078559056807 -176.00543416097534 13620.33063920539
60847 44841.000288 -8.277242367227402 -172.15763984297456 13620.607655911052
60847 45261.000288 -12.021589738495749 -168.23585009217183 13621.045047753978
60847 45681.000288 -15.709310906730419 -164.20458001726226 13621.626929471026
60847 46101.000288 -19.31989898108634 -160.0267389621239 13622.33227657381
60847 46521.000288 -22.83055535012665 -155.66342257591867 13623.135669769423
60847 46941.000288 -26.215569238986305 -151.0740491973606 13624.008194086038
60847 47361.000288 -29.44570296750934 -146.21705175814805 13624.918461173058
60847 47781.000288 -32.487651999832806 -141.0514154881362 13625.833719000184
60847 48201.000288 -35.30370456524074 -135.53941381006615 13626.721008865929
60847 48621.000288 -37.85179791141659 -129.65087789801967 13627.548326153204
60847 49041.000288 -40.08624164469752 -123.36913135436023 13628.285746531737
60847 49461.000288 -41.959412110033185 -116.69819726564795 13628.906485391328
60847 49881.000288 -43.42464388310648 -109.66998336481268 13629.387846527825
60847 50301.000288 -44.44027720315863 -102.34909204910365 13629.712021505888
60847 50721.000288 -44.974353540058814 -94.83235432233191 13629.866719082045
60847 51141.000288 -45.00894141046717 -87.24105676617134 13629.845603849857
60847 51561.000288 -44.5428465479319 -79.70642536312397 13629.648525481058
60847 51981.000288 -43.591799571367 -72.35209883785191 13629.281513113006
60847 52401.000288 -42.186055084617024 -65.27891350964909 13628.746230095376
60847 52821.000288 -40.36622905863548 -58.55613851023681 13628.268584176278
60847 53241.000288 -38.178599799434956 -52.22007459447726 13627.787508580188
60847 53661.000288 -35.670893723265046 -46.27819394185742 13627.141611954914
60847 54081.000288 -32.88921492863973 -40.71620787009172 13626.528078802834
60847 54501.000288 -29.876189950017636 -35.50537578500064 13625.76438342258
60847 54921.000288 -26.670136880101673 -30.608687154474605 13625.033929139765
60847 55341.000288 -23.30497188621446 -25.98540468424239 13624.462088610555
60847 55761.000288 -19.8104540517909 -21.59390542634316 13623.585304794327
60847 56181.000288 -16.212632601376853 -17.39329547639498 13622.783086025887
60847 56601.000288 -12.534666747981245 -13.344446754845684 13622.091442967167
60847 57021.000288 -8.797333161631034 -9.410037128972384 13621.532941353442
60847 57441.000288 -5.019632243957343 -5.554390375259156 13621.125093014965
60847 57861.000288 -1.2193538767289611 -1.7430890023418248 13620.87985467728
60847 58281.000288 2.586388373323727 2.0575343966959037 13620.803221984099
60847 58701.000288 6.380642594076733 5.880963116594141 13620.895040452484
60847 59121.000288 10.146108775543958 9.761075069482374 13621.14903517652
60847 59541.000288 13.864618574227713 13.73269404782095 13621.553057634346
60847 59961.000288 17.516590878037352 17.832064004577617 13622.089540603194
60847 60381.000288 21.080454257934896 22.097172783788704 13622.736144854369
60847 60801.000288 24.53203710034639 26.567810620707046 13623.466574523316
60847 61221.000288 27.843943838439472 31.28518879565009 13624.251532102679
60847 61641.000288 30.98496542732861 36.29086797343962 13625.059779105553
60847 62061.000288 33.919618518391324 41.624669860076686 13625.859264763516
60847 62481.000288 36.60797258586551 47.321212381053364 13626.618282785284
60847 62901.000288 39.00600042136959 53.40480231237973 13627.306615284822
60847 63321.000288 41.066748143593585 59.88276719458064 13627.896623520572
60847 63741.000288 42.742609434883335 66.73802528564498 13628.3642470615
60847 64161.000288 43.988824426467986 73.92272682078118 13628.689876382708
60847 64581.000288 44.767949806136315 81.35571615085645 13628.85906860361
60847 65001.000288 45.05452578892518 88.92650845237428 13628.86308086668
60847 65421.000288 44.83874977245704 96.5067036368428 13628.699194791674
60847 65841.000288 44.1280007885834 103.96663725083033 13628.370821602826
60847 66261.000288 42.94568547565302 111.19241971897344 13627.887459318556
60847 66681.000288 41.32780890730816 118.09830698037372 13627.264339930294
60847 67101.000288 39.31837132760448 124.63174222894278 13626.52187287355
60847 67521.000288 36.96481066476609 130.77160107631883 13625.685000184209
60847 67941.000288 34.314338816031096 136.5221947792174 13624.782320065091
60847 68361.000288 31.411494081625438 141.9058550293892 13623.845086897227
60847 68781.000288 28.296829465109496 146.9560872822896 13622.90611936559
60847 69201.000288 25.00646429919078 151.7122241737883 13621.998649855901
60847 69621.000288 21.572198588973666 156.21573872800099 13621.155155582275
60847 70041.000288 18.021944130071986 160.50798200507012 13620.406212549104
60847 70461.000288 14.380302661482098 164.6289883945907 13619.779412722964
60847 70881.000288 10.669188482984403 168.61701339153282 13619.298382695672
60847 71301.000288 6.908441908818229 172.50854196874445 13618.981938635918
60847 71721.000288 3.116411758233707 176.33858293041365 13618.84340757608
60847 72141.000288 -0.6894958474867879 -179.85887281209332 13618.890139235558
60847 72561.000288 -4.492294491276939 -176.05030837886085 13619.123225853322
60847 72981.000288 -8.274907015739455 -172.2021035056991 13619.537440136712
60847 73401.000288 -12.019652324449 -168.27996434665158 13620.121393697598
60847 73821.000288 -15.707714561670587 -164.24840370383038 13620.857910524202
60847 74241.000288 -19.31858290303227 -160.07033133027898 13621.724602396906
60847 74661.000288 -22.829457164920218 -155.70684622123514 13622.694625871965
60847 75081.000288 -26.214627668278688 -151.11737325515026 13623.737593150327
60847 75501.000288 -29.444860904459507 -146.2603553004278 13624.820600177345
60847 75921.000288 -32.48686007734492 -141.09479089832521 13625.909351740165
60847 76341.000288 -35.302925368481326 -135.5829693757736 13626.9695095896
60847 76761.000288 -37.851010736556695 -129.69473847841454 13627.967469962532
60847 77181.000288 -40.08544692677609 -123.41343700366754 13628.871631290956
60847 77601.000288 -41.95863579467338 -116.74309629956353 13629.653907454267
60847 78021.000288 -43.423940186495194 -109.71561964235111 13630.290179401689
60847 78441.000288 -44.43972848596305 -102.39558750345688 13630.761267419883
60847 78861.000288 -44.97406642252313 -94.87979013287196 13631.05359142644
60847 79281.000288 -45.0090390496101 -87.28945918645641 13631.159612335141
60847 79701.000288 -44.543458296410336 -79.75576198352839 13631.07806950976
60847 80121.000288 -43.59305024234737 -72.4022873413188 13630.814002747906
60847 80541.000288 -42.18805608968949 -65.3298398475252 13630.378556874894
60847 80961.000288 -40.36905946548845 -58.60763236410739 13629.788575602945
60847 81381.000288 -38.18227498733314 -52.271888356042 13629.06599880891
60847 81801.000288 -35.675371606472645 -46.330089853953574 13628.237084218537
60847 82221.000288 -32.89441201448837 -40.76799058694068 13627.331480555933
60847 82641.000288 -29.882003363017226 -35.556916458086995 13626.381184207017
60847 83061.000288 -26.676457780300577 -30.659912775589973 13625.419413655447
60847 83481.000288 -23.311661340566737 -26.036242394522535 13624.479365376636
60847 83901.000288 -19.81738583480416 -21.644331127537598 13623.769193680433
60847 84321.000288 -16.219849848118383 -17.443488070834885 13623.044697233889
60847 84741.000288 -12.54213280033061 -13.39447547251373 13622.362911631059
60847 85161.000288 -8.80501507704908 -9.459971964768968 13621.811931603088
60847 85581.000288 -5.027497498740695 -5.604300061675277 13621.409268560881
60847 86001.000288 -1.2273694387563068 -1.7930421738161229 13621.166854841715
60848 21.000288 2.578257094738183 2.007468045006568 13621.090679322535
60848 441.000288 6.372432800454464 5.830711593116312 13621.180599600642
60848 861.000288 10.137861362309318 9.710562846508777 13621.43037177127
60848 1281.000288 13.85637927698614 13.681840912028957 13621.827897060806
60848 1701.000288 17.50841150803197 17.780784139763206 13622.355676378256
60848 2121.000288 21.07239403661554 22.045374313064368 13622.991456441907
60848 2541.000288 24.524164070851384 26.515395966068464 13623.709044363313
60848 2961.000288 27.836336274653938 31.23205639213721 13624.479261641636
60848 3381.000288 30.977713066782737 36.236916085768726 13625.271003642043
60848 3801.000288 33.912823303280774 41.56980342680916 13626.052366968417
60848 4221.000288 36.6017484091024 47.26535380131644 13626.791804814004
60848 4641.000288 39.000471178495324 53.34790661540298 13627.459269457968
60848 5061.000288 41.06204328970129 59.82484073581935 13628.027301597238
60848 5481.000288 42.73885642328192 66.67914480393874 13628.472028147593
60848 5901.000288 43.98613807560163 73.86305287074669 13628.774033465555
60848 6321.000288 44.76641985212639 81.29549328965244 13628.919073498777
60848 6741.000288 45.054205249564696 88.86604654628003 13628.898607425206
60848 7161.000288 44.83964741973586 96.44634127345294 13628.71012434653
60848 7581.000288 44.13008020402124 103.90669667177823 13628.35725112138
60848 8001.000288 42.948870971382256 111.13316710102987 13627.849672699962
60848 8421.000288 41.33199627320701 118.03992887786183 13627.202827419365
60848 8841.000288 39.323440171194186 124.57434119454766 13626.437338834745
60848 9261.000288 36.97063550052757 130.71520601243176 13625.578338841058
60848 9681.000288 34.320797342342274 136.4667786064834 13624.654611106469
60848 10101.000288 31.418472351826598 141.85135327445713 13623.697587249098
60848 10521.000288 28.30422444070188 146.90241384509716 13622.740252197027
60848 10941.000288 25.01418454553534 151.65928296100756 13621.815992151407
60848 11361.000288 21.58016382557219 156.1634313247608 13620.957424393166
60848 11781.000288 18.030084171446006 160.4562121828605 13620.195250080984
60848 12201.000288 14.38855609848055 164.57766435306456 13619.557170450571
60848 12621.000288 10.677501306263345 168.56604849638887 13619.066904683234
60848 13041.000288 6.916766174212386 172.4578545509348 13618.74334422093
60848 13461.000288 3.124704330031641 176.28809553275968 13618.599873557558
60848 13881.000288 -0.6812744764312804 -179.90923449043999 13618.643881694396
60848 14301.000288 -4.484181323428489 -176.10061668078197 13618.876481723186
60848 14721.000288 -8.266937646978684 -172.25243005054662 13619.292448636488
60848 15141.000288 -12.011862049263788 -168.3303812144334 13619.880377731486
60848 15561.000288 -15.700139515826823 -164.29898447414124 13620.623058151627
60848 15981.000288 -19.311261265658516 -160.12115184282405 13621.498048471869
60848 16401.000288 -22.822430424820702 -155.7579848538416 13622.478433972574
60848 16821.000288 -26.20794192846387 -151.16891040820093 13623.533738272366
60848 17241.000288 -29.438568148660817 -146.31237163507285 13624.63095555474
60848 17661.000288 -32.48101924614417 -141.14736371866678 13625.735680312659
60848 18081.000288 -35.297602912940306 -135.63616658503986 13626.813356352792
60848 18501.000288 -37.846280228121316 -129.74860968311975 13627.830295376603
60848 18921.000288 -40.081387470551014 -123.46800118784402 13628.754774047386
60848 19341.000288 -41.95532820505202 -116.79832854707878 13629.55844414986
60848 19761.000288 -43.42146104962302 -109.77143944797398 13630.217017218127
60848 20181.000288 -44.438142424572305 -102.45185379939632 13630.711115429654
60848 20601.000288 -44.97341788696039 -94.93630812490923 13631.026948209854
60848 21021.000288 -45.00934577553224 -87.34600081133233 13631.15676035863
60848 21441.000288 -44.54470852720322 -79.81209608600028 13631.099071515528
60848 21861.000288 -43.59520469614011 -72.4582107234896 13630.858700133314
60848 22281.000288 -42.191053960824895 -65.3851998902674 13630.44657023734
60848 22701.000288 -40.3728264837307 -58.66233631979845 13629.879307512243
60848 23121.000288 -38.18673134897429 -52.32590028744214 13629.178638811154
60848 23541.000288 -35.68043827247228 -46.38341988979462 13628.370616051203
60848 23961.000288 -32.900014820864115 -40.82068162818251 13627.484691561065
60848 24381.000288 -29.888075106672197 -35.60903192473331 13626.552677080137
60848 24801.000288 -26.682938776573263 -30.711527061355334 13625.60762235163
60848 25221.000288 -23.318498925937238 -26.087434223635288 13624.682647928179
60848 25641.000288 -19.824520638610366 -21.695163792679168 13623.809171742723
60848 26061.000288 -16.227199131945312 -17.49399525860098 13623.16173942521
60848 26481.000288 -12.549720119783634 -13.444804761100487 13622.80983282203
60848 26901.000288 -8.81289978445833 -9.510292373511993 13622.303497056804
60848 27321.000288 -5.035651924655776 -5.654684017230484 13621.948083917458
60848 27741.000288 -1.2357699526065016 -1.8435696886851614 13621.750396313035
60848 28161.000288 2.5696314222373697 1.956708110196057 13621.713752916454
60848 28581.000288 6.36360799288735 5.779625899810641 13621.837638970846
60848 29001.000288 10.128870409141589 9.65905174311547 13622.115514799925
60848 29421.000288 13.847263992364478 13.62979656638356 13622.535039442597
60848 29841.000288 17.499224531097475 17.728088917203202 13623.07852580183
60848 30261.000288 21.063201006382283 21.99189969871874 13623.72358793793
60848 30681.000288 24.51504595997325 26.46100251437722 13624.443956442718
60848 31101.000288 27.82739178814007 31.176595454672967 13625.210432780366
60848 31521.000288 30.969060879341562 36.18023440009893 13625.991948662993
60848 31941.000288 33.90460370265579 41.51175196347243 13626.756692869923
60848 32361.000288 36.59412362881961 47.205802355963705 13627.473265596125
60848 32781.000288 38.993623384764945 53.286765103170886 13628.111819507298
60848 33201.000288 41.056168972491754 59.762086447530635 13628.6451472084
60848 33621.000288 42.734156098519364 66.6148516413479 13629.049676773386
60848 34041.000288 43.98280106956106 73.79741433751606 13629.306340266057
60848 34461.000288 44.76460564967256 81.2288280684662 13629.401284698952
60848 34881.000288 45.05402497940949 88.79877744818802 13629.32640042268
60848 35301.000288 44.84115031615578 96.37894716727797 13629.079647853523
60848 35721.000288 44.13324906910599 103.83964925970542 13628.665168196934
60848 36141.000288 42.95362772557788 111.06687193740375 13628.093172469858
60848 36561.000288 41.33821525467588 117.97468710004497 13627.379634203257
60848 36981.000288 39.330964823053435 124.510337970025 13626.545783827965
60848 37401.000288 36.979294248436396 130.65252094636045 13625.617364209378
60848 37821.000288 34.33041614502462 136.40540810988716 13624.623763901227
60848 38241.000288 31.42888317683502 141.7912357543503 13623.597033533017
60848 38661.000288 28.31527010034325 146.84345200794664 13622.5707831508
60848 39081.000288 25.02572082693765 151.60136089672667 13621.579021660813
60848 39501.000288 21.59205986535125 156.1064262549902 13620.654980557041
60848 39921.000288 18.042221826927108 160.40000178407635 13619.829960803187
60848 40341.000288 14.400828828783823 164.52213081707194 13619.132242969488
60848 40761.000288 10.689812875669231 168.51108037012543 13618.586099031767
60848 41181.000288 6.929029346474997 172.40334715793597 13618.210940760502
60848 41601.000288 3.13683962930644 176.2339505435347 13618.020634865608
60848 42021.000288 -0.6693399178610918 -179.96310995776207 13618.023009209655
60848 42441.000288 -4.472514841162504 -176.15431117734795 13618.219567660351
60848 42861.000288 -8.255602069395081 -172.30602895821812 13618.605423769815
60848 43281.000288 -12.000916700866446 -168.38396781616683 13619.169455713676
60848 43701.000288 -15.689641225216494 -164.3526407996817 13619.89467708421
60848 44121.000288 -19.301265393448766 -160.1749591252824 13620.758810492902
60848 44541.000288 -22.8129919063178 -155.81202337005618 13621.73504376062
60848 44961.000288 -26.199116292122355 -151.22325838327941 13622.792941972119
60848 45381.000288 -29.430412419407617 -146.36710277975604 13623.899483093404
60848 45801.000288 -32.473592560971504 -141.20254288319316 13625.020181676087
60848 46221.000288 -35.29096652234555 -135.6918431400153 13626.120269162422
60848 46641.000288 -37.84049653399878 -129.80480844615835 13627.165885829689
60848 47061.000288 -40.07651790909418 -123.52471082332715 13628.12517436727
60848 47481.000288 -41.95142917403618 -116.85549025158949 13628.969361643367
60848 47901.000288 -43.41857813565971 -109.82893925712608 13629.673796799658
60848 48321.000288 -44.43630373201146 -102.50952295002155 13630.21871607841
60848 48741.000288 -44.97262789344073 -94.99393570748079 13630.589880764312
60848 49161.000288 -45.00958175860527 -87.40335877638206 13630.779044391938
60848 49581.000288 -44.54592120261905 -79.8689709197807 13630.78420038037
60848 50001.000288 -43.59732333243696 -72.51443226144471 13630.609609938501
60848 50421.000288 -42.19399459907411 -65.44065884755346 13630.265612883166
60848 50841.000288 -40.376500961574706 -58.71698752193289 13629.768228352847
60848 51261.000288 -38.19105502549519 -52.379754375999156 13629.138559407244
60848 51681.000288 -35.68533529635754 -46.43652914018546 13628.402022396134
60848 52101.000288 -32.90542079256183 -40.8731250886922 13627.587428115177
60848 52521.000288 -29.89393761942363 -35.660903021527794 13626.725946947141
60848 52941.000288 -26.689216527163683 -30.76292476958574 13625.849994254919
60848 53361.000288 -23.3251600098726 -26.138457607592027 13624.992075097824
60848 53781.000288 -19.8315401214978 -21.745908765695155 13624.183628714683
60848 54201.000288 -16.23451908512362 -17.544510710096173 13623.453912754263
60848 54621.000288 -12.557258664725623 -13.495113847966735 13622.828974072974
60848 55041.000288 -8.820546553209335 -9.560391792049403 13622.33389139969
60848 55461.000288 -5.043397316890751 -5.704673939793105 13622.042554816848
60848 55881.000288 -1.2435930082320596 -1.8935338105779898 13621.856199543616
60848 56301.000288 2.561761690266787 1.9066968107905653 13621.830202793684
60848 56721.000288 6.355722946882931 5.729492648099342 13621.963766192988
60848 57141.000288 10.12100370040667 9.608719258697672 13622.250275113402
60848 57561.000288 13.839452882533987 13.57918378332742 13622.677326728244
60848 57981.000288 17.491511279821655 17.677109896310725 13623.227182932571
60848 58401.000288 21.05563435935935 21.94046295509394 13623.877417150285
60848 58821.000288 24.507682725724752 26.40901108931341 13624.601729134916
60848 59241.000288 27.82029843797872 31.123948230665977 13625.37089866643
60848 59661.000288 30.962315017052717 36.126829363754695 13626.15384427499
60848 60081.000288 33.8982951161517 41.45749230460388 13626.918749450364
60848 60501.000288 36.5883544550232 47.15060631123842 13627.634216456137
60848 60921.000288 38.98850672270859 53.230580049040455 13628.270406946887
60848 61341.000288 41.05182516115683 59.70490657399204 13628.800129106268
60848 61761.000288 42.73070600963275 66.5567363857477 13629.19983296055
60848 62181.000288 43.980356360000485 73.73850204787247 13629.450478802857
60848 62601.000288 44.763257041233125 81.16933765323009 13629.538248176505
60848 63021.000288 45.05383095272893 88.73899237987999 13629.455072425055
60848 63441.000288 44.84212932658767 96.31918224127938 13629.198959867548
60848 63861.000288 44.135377738170085 103.78020847821047 13628.774107683374
60848 64281.000288 42.9568454788564 111.00801043761399 13628.190791282545
60848 64701.000288 41.34243365865193 117.91658766302419 13627.465052590449
60848 65121.000288 39.336078692640825 124.45310534173116 13626.618201358628
60848 65541.000288 36.98519184448374 130.59619027956046 13625.67607560934
60848 65961.000288 34.33698692213426 136.34996074644954 13624.668162968766
60848 66381.000288 31.43602272730414 141.73661629953673 13623.62662177084
60848 66801.000288 28.32288268404406 146.78958306742314 13622.585180251337
60848 67221.000288 25.03372015930729 151.54815410742182 13621.57797417292
60848 67641.000288 21.60036881233924 156.05378966683634 13620.63836916506
60848 68061.000288 18.050771503740414 160.3478442779382 13619.797806234828
60848 68481.000288 14.409557431466034 164.47036436937262 13619.084710263147
60848 68901.000288 10.69866443818888 168.4596208677736 13618.523499903069
60848 69321.000288 6.937952520814634 172.35211429340768 13618.133733863724
60848 69741.000288 3.1457865255699424 176.1828671576106 13617.929423807507
60848 70161.000288 -0.6604148298559372 179.985881157419 13617.91853824206
60848 70581.000288 -4.46365578671918 -176.20531947302078 13618.102715056013
60848 71001.000288 -8.24685300730738 -172.35711066388046 13618.477192970138
60848 71421.000288 -11.99232237481982 -168.43519810906884 13619.030964421312
60848 71841.000288 -15.68124825434902 -164.40409695085822 13619.747144550092
60848 72261.000288 -19.29312341797606 -160.22672107995783 13620.603543310935
60848 72681.000288 -22.805154783592283 -155.86417375139402 13621.573420535009
60848 73101.000288 -26.19164330194913 -151.2758815593636 13622.626397280272
60848 73521.000288 -29.423369376587008 -146.42028248552722 13623.72949122345
60848 73941.000288 -32.467052639336245 -141.2563577462815 13624.848240092937
60848 74361.000288 -35.28501046344661 -135.74635941532736 13625.947878761443
60848 74781.000288 -37.83521176542017 -129.86006948943313 13626.994532163848
60848 75201.000288 -40.07199600712523 -123.58072352898415 13627.956332517031
60848 75621.000288 -41.947761118691645 -116.91221020629769 13628.804469981127
60848 76041.000288 -43.41584714545919 -109.88625857253683 13629.51423118286
60848 76461.000288 -44.4345763131258 -102.56726635864456 13630.065793230913
60848 76881.000288 -44.971944749547085 -95.05187030819684 13630.44484795181
60848 77301.000288 -45.00995101139679 -87.46121897630493 13630.643068893383
60848 77721.000288 -44.547316219931716 -79.92649351193641 13630.658362447562
60848 78141.000288 -43.59968607300987 -72.5713912556321 13630.494897457913
60848 78561.000288 -42.197243430014346 -65.49688967158994 13630.162917137008
60848 78981.000288 -40.380540535923515 -58.77239559419982 13629.678340694612
60848 79401.000288 -38.19578569010888 -52.434309768269316 13629.062168679036
60848 79821.000288 -35.6906603734822 -46.49025301595856 13628.339712899553
60848 80241.000288 -32.91125120127228 -40.926073837152245 13627.539677961598
60848 80661.000288 -29.90019411440094 -35.713154059514856 13626.693126651977
60848 81081.000288 -26.695830186035398 -30.8145657370292 13625.83236549768
60848 81501.000288 -23.332071619140237 -26.18957911880377 13624.989789649624
60848 81921.000288 -19.83869897260828 -21.79660012399447 13624.19672768746
60848 82341.000288 -16.24188151803582 -17.594857791593498 13623.48232685753
60848 82761.000288 -12.564786471344071 -13.545198353647619 13622.872517697637
60848 83181.000288 -8.828201626342887 -9.61028750774597 13622.389394974409
60848 83601.000288 -5.051166248281949 -5.754474216699987 13622.173453696385
60848 84021.000288 -1.2514499155738577 -1.9433154588761485 13622.167259413967
60848 84441.000288 2.5538232964760073 1.8568377164979766 13622.050127256816
60848 84861.000288 6.347715481954712 5.679462327037366 13622.27753971542
60848 85281.000288 10.112937895481926 9.558414194368005 13622.648551903634
60848 85701.000288 13.831332556058891 13.528479632321838 13623.163034914465
60848 86121.000288 17.483355874016414 17.625879182893584 13623.796243360439
60849 141.000288 21.047475293232683 21.888566193761406 13624.525021314574
60849 561.000288 24.499566525418196 26.356295284256095 13625.322389110475
60849 981.000288 27.812290135830875 31.0702468684992 13626.158496514698
60849 1401.000288 30.95450163670332 36.07196493454158 13627.00168614403
60849 1821.000288 33.890788883065014 41.40128282591994 13627.819624099267
60849 2241.000288 36.581295072365045 47.09287761070605 13628.580457646298
60849 2661.000288 38.98206167474686 53.171185325544634 13629.253959145484
60849 3081.000288 41.04618666516818 59.64375341357688 13629.81261598353
60849 3501.000288 42.7260831904131 66.49381839948025 13630.23262818737
60849 3921.000288 43.976961844611566 73.67392783732923 13630.494778648801
60849 4341.000288 44.76128872958128 81.10334585301452 13630.58514535007
60849 4761.000288 45.05345192850415 88.67194177145667 13630.49563051196
60849 5181.000288 44.843450631548265 96.25151321762293 13630.224288009364
60849 5601.000288 44.13844863763636 103.71238432384973 13629.775437366494
60849 6021.000288 42.96165345705827 110.94045636607925 13629.159558906154
60849 6441.000288 41.34891295458817 117.84964543981289 13628.392968613553
60849 6861.000288 39.34412376156847 124.38701226753476 13627.497288651159
60849 7281.000288 36.9946717060777 130.53108068280687 13626.498765557511
60849 7701.000288 34.34775744518842 136.2858819841023 13625.427396017016
60849 8121.000288 31.447935625853244 141.6735502870471 13624.31587493296
60849 8541.000288 28.33579127726471 146.72746704133937 13623.198517675075
60849 8961.000288 25.04748251068327 151.48689761543903 13622.110110711046
60849 9381.000288 21.61484903053643 155.99328700565135 13621.0847223465
60849 9801.000288 18.065839897353122 160.28798280727796 13620.15453976488
60849 10221.000288 14.425090023506995 164.41102958367784 13619.348771220853
60849 10641.000288 10.714542168833365 168.40069912958046 13618.692649379145
60849 11061.000288 6.954060330741943 172.29349398097222 13618.206570435073
60849 11481.000288 3.1620124185969556 176.12443879411396 13617.90539933926
60849 11901.000288 -0.6441807056382128 179.9275369305566 13617.797965631053
60849 12321.000288 -4.447522034906634 -176.26368650501018 13617.886767652646
60849 12741.000288 -8.230927869415542 -172.41560744859382 13618.167895543525
60849 13161.000288 -11.97671462454433 -168.49393234722228 13618.631175667395
60849 13581.000288 -15.666068110583497 -164.46317747880283 13619.260531280934
60849 14001.000288 -19.2784834670075 -160.28625758308468 13620.03454660341
60849 14421.000288 -22.791170862917614 -155.92427538995182 13620.927214268397
60849 14841.000288 -26.178435235026257 -151.33665393489014 13621.908839690086
60849 15261.000288 -29.411061351419853 -146.48182221038232 13622.947070372004
60849 15681.000288 -32.4557728879509 -141.3187437760959 13624.008013793376
60849 16101.000288 -35.27488973025378 -135.80964042825056 13625.05740459439
60849 16521.000288 -37.82637989349384 -129.9242472250484 13626.061781885965
60849 16941.000288 -40.064575965858914 -123.64573337867184 13626.989639228617
60849 17361.000288 -41.9418600742141 -116.97790264102333 13627.812490697968
60849 17781.000288 -43.41154480703567 -109.95238820824437 13628.505808667638
60849 18201.000288 -44.43191218806277 -102.63349702216945 13629.049872400743
60849 18621.000288 -44.97090742667778 -95.11780194090203 13629.430428387
60849 19041.000288 -45.01047314762568 -87.52643504658077 13629.639123201117
60849 19461.000288 -44.54927789368265 -79.99061762927937 13629.673752406803
60849 19881.000288 -43.60292648912313 -72.63413568464532 13629.538297159595
60849 20301.000288 -42.20157799190221 -65.55808166606927 13629.2427394166
60849 20721.000288 -40.38577882199929 -58.8319778004893 13628.80266584509
60849 21141.000288 -38.20174649563968 -52.49232105720429 13628.238675868422
60849 21561.000288 -35.697181870699296 -46.546800442213666 13627.575614876225
60849 21981.000288 -32.91819614353557 -40.98130493483814 13626.841659582706
60849 22401.000288 -29.90745111829559 -35.76723462098389 13626.067287740996
60849 22821.000288 -26.70331243355708 -30.86766452608763 13625.284168526798
60849 23241.000288 -23.339714145422047 -26.241858792616142 13624.524012738453
60849 23661.000288 -19.846455359291646 -21.848212831804528 13623.817423424443
60849 24081.000288 -16.2497204830084 -17.645943915780702 13623.192787589704
60849 24501.000288 -12.57268858563534 -13.595887164971824 13622.675248239315
60849 24921.000288 -8.836155789540062 -9.660698426447826 13622.285793232715
60849 25341.000288 -5.059134656638093 -5.80468658638942 13622.040493364071
60849 25761.000288 -1.2594194764215334 -1.993426727932043 13621.94991735404
60849 26181.000288 2.545879167435947 1.8067476836798935 13622.01876660931
60849 26601.000288 6.339818035943409 5.629308817525317 13622.298570441946
60849 27021.000288 10.10509963020173 9.50810010984834 13622.530240385497
60849 27441.000288 13.823662285717953 13.478005150076012 13622.92995618622
60849 27861.000288 17.47597020454028 17.57525847452242 13623.453753490607
60849 28281.000288 21.040474862652633 21.837806032919808 13623.986857359927
60849 28701.000288 24.493022045039595 26.305378728310053 13624.57691749376
60849 29121.000288 27.806300986821164 31.019215446601194 13625.477709121511
60849 29541.000288 30.949041103360745 36.020686828388335 13626.47498864948
60849 29961.000288 33.885850097091534 41.34963444432874 13627.460497066531
60849 30381.000288 36.57688601713127 47.04073621703871 13628.392089074032
60849 30801.000288 38.97820653056706 53.11843261819322 13629.237902082386
60849 31221.000288 41.04292793751351 59.59028576097399 13629.96889789259
60849 31641.000288 42.72348202640304 66.4395608085181 13630.55976317606
60849 32061.000288 43.97509567528649 73.6188492467347 13630.98978515574
60849 32481.000288 44.76024588676265 81.0474711750879 13631.243574940805
60849 32901.000288 45.053323806077266 88.61535508490807 13631.311608133266
60849 33321.000288 44.84432299792275 96.19434842612901 13631.190563287588
60849 33741.000288 44.140394220989556 103.6548044337434 13630.883446332351
60849 34161.000288 42.96472746495314 110.88262757062651 13630.399496543256
60849 34581.000288 41.35315197461272 117.79171396080343 13629.75387723597
60849 35001.000288 39.34954727308314 124.32908948985644 13628.967162483676
60849 35421.000288 37.0012848683131 130.47323773708905 13628.064649679343
60849 35841.000288 34.35555392698056 136.22815167263664 13627.075595002645
60849 36261.000288 31.45689991822871 141.6159327137163 13626.03136567419
60849 36681.000288 28.34590089542056 146.66993530653244 13624.966394196712
60849 37101.000288 25.05870711812145 151.429406664416 13623.914949047774
60849 37521.000288 21.627151245124168 155.93577705629005 13622.9104576999
60849 37941.000288 18.079174783488327 160.23038293359608 13621.9850161527
60849 38361.000288 14.439404329159709 164.35325987954562 13621.1678152616
60849 38781.000288 10.729773462119763 168.34267169110623 13620.484201597832
60849 39201.000288 6.9701360592652675 172.23511302976775 13619.954829408905
60849 39621.000288 3.1788489103147826 176.06560016906488 13619.594966055014
60849 40041.000288 -0.6266793030549184 179.86812713072192 13619.41398456949
60849 40461.000288 -4.429464896887351 -176.32379156325956 13619.415062576216
60849 40881.000288 -8.212438750038066 -172.47654378659306 13619.595098292531
60849 41301.000288 -11.957933256241894 -168.5558491674308 13619.944846442058
60849 41721.000288 -15.647151767564743 -164.52623797039385 13620.449269062394
60849 42141.000288 -19.259608680135297 -160.3506387921864 13621.08808857241
60849 42561.000288 -22.772535210030156 -155.99016639956562 13621.836523312035
60849 42981.000288 -26.160259017257246 -151.40425124829758 13622.666179337808
60849 43401.000288 -29.39358878040938 -146.55132081452183 13623.546066777782
60849 43821.000288 -32.43927213050228 -141.39032199079116 13624.443704715603
60849 44241.000288 -35.25965078654761 -135.88343660077442 13625.326275541414
60849 44661.000288 -37.81270888355047 -130.00032713221685 13626.161788094056
60849 45081.000288 -40.052784151144024 -123.72404959695842 13626.92020877169
60849 45501.000288 -41.9322462171416 -117.0582516970114 13627.574520723732
60849 45921.000288 -43.40437073628908 -110.03437743760541 13628.101671385575
60849 46341.000288 -44.427373885879156 -102.71653802433926 13628.483379280799
60849 46761.000288 -44.96910714347745 -95.20114585098919 13628.706809118541
60849 47181.000288 -45.01140026206361 -87.60925233494424 13628.764938832936
60849 47601.000288 -44.55280529022041 -80.0721052353022 13628.656835836586
60849 48021.000288 -43.60882454583452 -72.71361923619813 13628.38772484431
60849 48441.000288 -42.20954222144678 -65.63508267351119 13627.968733078658
60849 48861.000288 -40.395463260949825 -58.90623262711861 13627.416504373383
60849 49281.000288 -38.21279490164605 -52.563758710890454 13626.75260284186
60849 49701.000288 -35.709251742684266 -46.61549740416231 13626.00273678969
60849 50121.000288 -32.93097414049457 -41.047434998404235 13625.195836256833
60849 50541.000288 -29.920660927534104 -35.83102525930077 13624.363016057832
60849 50961.000288 -26.71671715922877 -30.929364373886116 13623.536460298754
60849 51381.000288 -23.353115282178365 -26.301716209076183 13622.74826749755
60849 51801.000288 -19.859689950624993 -21.90646340968226 13622.029297008008
60849 52221.000288 -16.26265752322154 -17.702804362723707 13621.40805751695
60849 52641.000288 -12.5852252810899 -13.651553330149403 13620.909676991223
60849 53061.000288 -8.848213987698612 -9.715345821367835 13620.5549906499
60849 53481.000288 -5.070657560395248 -5.858472288315196 13620.35977942151
60849 53901.000288 -1.270368649447157 -2.046491967651925 13620.334186059823
60849 54321.000288 2.535526606458562 1.7542747097670506 13620.482329819919
60849 54741.000288 6.330073639600107 5.577311662218678 13620.802133563713
60849 55161.000288 10.095979738731648 9.456485904041172 13621.285369616917
60849 55581.000288 13.815094170555085 13.426599288091321 13621.917922888459
60849 56001.000288 17.46786438977667 17.52386396317942 13622.68026191851
60849 56421.000288 21.032759353542552 21.786228485865674 13623.548102124803
60849 56841.000288 24.485660646114983 26.253440833961974 13624.493092158895
60849 57261.000288 27.79922648713842 30.966655566790703 13625.514331874498
60849 57681.000288 30.942345206586683 35.967434893846196 13626.514836663948
60849 58101.000288 33.879618826832385 41.29560602900793 13627.497251630903
60849 58521.000288 36.571214511848225 46.98586105480315 13628.425566199907
60849 58941.000288 38.97319854642073 53.06266925397465 13629.268010820268
60849 59361.000288 41.03869220916028 59.53363784965533 13629.995573042477
60849 59781.000288 42.72012588994103 66.38209367530476 13630.582958099068
60849 60201.000288 43.972716009608774 73.56070153852252 13631.009467433123
60849 60621.000288 44.758918449878514 80.98885496232454 13631.259722633948
60849 61041.000288 45.05309322977515 88.55653949315716 13631.32420661399
60849 61461.000288 44.845196293238445 96.13562763685236 13631.199602821225
60849 61881.000288 44.142339947122586 103.59645823001293 13630.888920600246
60849 62301.000288 42.96768082320057 110.82488652707195 13630.401402243877
60849 62721.000288 41.35702405197171 117.73473881877312 13629.75221486742
60849 63141.000288 39.35423564304018 124.27296728530204 13628.961938923281
60849 63561.000288 37.00668308215704 130.41799084716587 13628.055889102743
60849 63981.000288 34.36155852851014 136.17375331625703 13627.063327182095
60849 64401.000288 31.46341496431477 141.56232286539492 13626.015491269654
60849 64821.000288 28.352839557463806 146.61703532096186 13624.947223529909
60849 65241.000288 25.065992548913258 151.3771286318757 13623.89242390733
60849 65661.000288 21.634715884303183 155.8840307562187 13622.884724407351
60849 66081.000288 18.08695926655083 160.1790797375085 13621.956232642971
60849 66501.000288 14.44735621422296 164.3023146077182 13621.136169844627
60849 66921.000288 10.73784590092 168.29200315834666 13620.44991840687
60849 67341.000288 6.978286507007487 172.18464375831428 13619.918169133221
60849 67761.000288 3.187037904212727 176.01525560482006 13619.556224831684
60849 68181.000288 -0.6184893005528872 179.8178345825372 13619.373491438944
60849 68601.000288 -4.421310611875243 -176.3741041195658 13619.373175632829
60849 69021.000288 -8.20435719794385 -172.52694894074455 13619.552199680556
60849 69441.000288 -11.949962861887228 -168.60642125727986 13619.90133640035
60849 69861.000288 -15.639333533834064 -164.577054111238 13620.40555926553
60849 70281.000288 -19.25198742519402 -160.40177960137862 13621.04459504001
60849 70701.000288 -22.76516087360232 -156.04171618086397 13621.793659161442
60849 71121.000288 -26.153188000801197 -151.4562972762594 13622.624347640543
60849 71541.000288 -29.38688522530591 -146.60395120013496 13623.50565375376
60849 71961.000288 -32.43300894301139 -141.44362144646 13624.405073468137
60849 72381.000288 -35.25391008351347 -135.93747934123874 13625.289760505906
60849 72801.000288 -37.80758137162633 -130.055166322564 13626.127690345471
60849 73221.000288 -40.0483668184738 -123.77970345727061 13626.888792297477
60849 73641.000288 -41.928637726642094 -117.1146878523868 13627.546009660335
60849 74061.000288 -43.401664235857 -110.0914992886113 13628.07624823383
60849 74481.000288 -44.425647723153546 -102.7741789246089 13628.461186141805
60849 74901.000288 -44.96841507590182 -95.25907690259527 13628.687947169557
60849 75321.000288 -45.01176366239391 -87.66720599083715 13628.749466361638
60849 75741.000288 -44.554209819289184 -80.12981022691174 13628.644778293366
60849 76161.000288 -43.61122245824401 -72.77083660692297 13628.379073885944
60849 76581.000288 -42.2128594850653 -65.69163207838467 13627.963451328851
60849 77001.000288 -40.39960916935755 -58.96200315425831 13627.414529917267
60849 77421.000288 -38.21767159828833 -52.61870531711324 13626.753853520178
60849 77841.000288 -35.71476186546077 -46.669628379709394 13626.007114377051
60849 78261.000288 -32.93702591144473 -41.1007964392301 13625.203230259765
60849 78681.000288 -29.92717086235152 -35.8836867364897 13624.37330696288
60849 79101.000288 -26.723610973256886 -30.981407752739642 13623.549522181118
