CIC_OEM_VERS = 2.0
CREATION_DATE = 2025-05-14T14:35:32.175364
ORIGINATOR = ISAE-SUPAERO


META_START
OBJECT_NAME = RED1
OBJECT_ID = RED1
CENTER_NAME = Earth
REF_FRAME = EME2000
TIME_SYSTEM = UTC
START_TIME = 2025-05-13T22:00:00.000
USEABLE_START_TIME = 2025-05-13T22:00:00.000
USEABLE_STOP_TIME = 2025-05-14T21:55:00.000
STOP_TIME = 2025-05-14T21:55:00.000
INTERPOLATION = lagrange
INTERPOLATION_DEGREE = 5
META_STOP



60808 79200.0 -286.37884 4759.4435 -5091.090200000001 1.1755187 5.5104932 5.0253046999999995
60808 79620.0 219.59414999999998 6512.312900000001 -2534.6349 1.1923006 2.6945514 6.9363373
60808 80040.0 681.20057 6947.6507 536.40824 0.9681850500000001 -0.6552059299999999 7.4354315
60808 80460.0 1005.4744000000001 5981.8903 3499.2801 0.5496720900000001 -3.8636997 6.4314928
60808 80880.0 1127.4035000000001 3812.2027000000003 5756.169900000001 0.02098286 -6.2913724 4.1310215
60808 81300.0 1022.365 875.2220400000001 6851.0443 -0.5129400500000001 -7.455129299999999 0.9909512600000001
60808 81720.0 710.74986 -2238.0006000000003 6557.6178 -0.94590699 -7.1136467 -2.3683207000000004
60808 82140.0 254.52478 -4894.737400000001 4925.8828 -1.1891569 -5.3142441 -5.2708925
60808 82560.0 -253.85685 -6544.9343 2280.029 -1.1892128 -2.4017668 -7.1092474
60808 82980.0 -709.56667 -6839.085900000001 -838.74436 -0.9422809999999999 1.0283086000000001 -7.47905
60808 83400.0 -1017.6593 -5710.5526 -3782.3977999999997 -0.49891494999999997 4.2499373 -6.2896187
60808 83820.0 -1114.2758000000001 -3395.0096000000003 -5938.144200000001 0.046465104 6.5798117000000005 -3.7964873
60808 84240.0 -980.4778299999999 -376.81486 -6863.128900000001 0.5788636500000001 7.539194900000001 -0.53446744
60808 84660.0 -645.26788 2719.475 -6374.902599999999 0.98912206 6.948970500000001 2.8150373
60808 85080.0 -178.32008 5261.4823 -4582.2259 1.1957741000000002 4.9480841 5.5709015
60808 85500.0 324.91128000000003 6735.8513 -1856.5815 1.1592908 1.9537526 7.1829602999999995
60808 85920.0 762.5239300000001 6848.5555 1245.7568 0.8889485100000001 -1.4244811 7.3356878
60808 86340.0 1046.4989 5580.915 4096.6154 0.44028035 -4.5076228 6.0070854
60809 360.0 1119.9014 3190.2166 6120.996400000001 -0.09682576000000001 -6.6820929 3.46688
60809 780.0 967.7092700000001 157.15124 6908.9416 -0.61587883 -7.5137719 0.21803476000000002
60809 1200.0 619.70408 -2906.9924 6294.8464 -1.0132112 -6.8243377 -3.0962262000000003
60809 1620.0 145.36345000000003 -5377.1978 4393.4277999999995 -1.206431 -4.7298066 -5.8040393
60809 2040.0 -358.76271 -6739.4542 1585.6975 -1.1518745 -1.6390168 -7.3323125000000005
60809 2460.0 -788.38589 -6703.4451 -1551.3061 -0.85759127 1.8092631 -7.340730400000001
60809 2880.0 -1053.9641000000001 -5272.5842 -4364.602 -0.38484537999999996 4.8825866 -5.8186625
60809 3300.0 -1100.7069 -2746.6161 -6269.5048 0.16562045 6.9318757 -3.0948675
60809 3720.0 -920.1719300000001 347.16938 -6876.8653 0.67838442 7.5415112 0.24949327
60809 4140.0 -550.90736 3370.4487999999997 -6070.4036 1.0490561 6.605795100000001 3.5203766
60809 4560.0 -69.30371000000001 5707.5064 -4023.4213 1.2045228 4.3325405 6.0560485
60809 4980.0 426.44506 6887.5492 -1158.0493000000001 1.1155909 1.1919629999999999 7.3521585
60809 5400.0 836.11572 6676.3631 1942.2051000000001 0.80190479 -2.1787181 7.1571211
60809 5820.0 1077.3908999999999 5120.2581 4650.4219 0.32744586 -5.103827900000001 5.518067200000001
60809 6240.0 1101.8706000000002 2533.8772999999997 6420.3955000000005 -0.21304153 -7.001903 2.7647676999999997
60809 6660.0 904.2211 -562.9383100000001 6892.4641 -0.7124529000000001 -7.4918389 -0.55874117
60809 7080.0 523.3213900000001 -3544.8413 5963.6337 -1.0704818 -6.4603073 -3.7922844
60809 7500.0 35.537009 -5801.0927 3812.6719 -1.2118905 -4.0920958 -6.2746553
60809 7920.0 -459.43581 -6859.8148 873.7115 -1.1034640999999998 -0.85686363 -7.4745105
60809 8340.0 -858.9192400000001 -6493.6647 -2246.7434 -0.76503946 2.5706257 -7.1208334
60809 8760.0 -1079.6835 -4776.2977 -4898.5209 -0.26789625 5.461019500000001 -5.2836881
60809 9180.0 -1076.5078 -2067.8438 -6531.8723 0.28215204 7.2076281 -2.360189
60809 9600.0 -851.3873199999999 1067.6563999999998 -6815.4152 0.7705084000000001 7.4618495000000005 1.0295639
60809 10020.0 -451.90218 3985.2552 -5699.9177 1.0984486999999998 6.1916184 4.1866686
60809 10440.0 39.637125 6092.3513 -3421.0492000000004 1.2017098000000002 3.6708484 6.4753663
60809 10860.0 523.22906 6965.563 -446.94374 1.0615801 0.41774693 7.442143000000001
60809 11280.0 901.26785 6432.835900000001 2617.9222000000004 0.70789622 -2.9096063 6.901825
60809 11700.0 1097.8722 4604.8241 5154.465200000001 0.21233404 -5.6459022999999995 4.9697928000000005
60809 12120.0 1073.5342 1850.1898999999999 6650.8697 -0.32649686000000006 -7.247338399999999 2.0321574
60809 12540.0 832.57332 -1277.3073000000002 6801.4673 -0.80171271 -7.3893404 -1.3311131
60809 12960.0 422.59696 -4144.5667 5567.2253 -1.1171623 -6.0251318000000005 -4.4488415
60809 13380.0 -73.83886199999999 -6161.6608 3189.6818 -1.2055292 -3.4078369 -6.6772847
60809 13800.0 -554.86899 -6904.531900000001 151.72248000000002 -1.0444965 -0.0639212 -7.5339842
60809 14220.0 -920.48251 -6211.9455 -2917.5155 -0.66564298 3.3038485 -6.8217586
60809 14640.0 -1094.6252 -4227.0776 -5378.4163 -0.14932608 5.978906299999999 -4.6906755
60809 15060.0 -1042.0045 -1366.0209 -6722.515 0.39488419 7.4041798 -1.6005152
60809 15480.0 -774.88598 1776.9384 -6679.581 0.85436383 7.3011875 1.7973487000000001
60809 15900.0 -349.29432 4557.349700000001 -5267.5553 1.1368538000000001 5.7109057000000005 4.8068084
60809 16320.0 147.37385 6411.9415 -2781.7012000000004 1.1873885 2.9701274 6.824329800000001
60809 16740.0 614.27833 6969.1371 268.96924 0.99786734 -0.36051511 7.4519635
60809 17160.0 957.3270699999999 6120.6882000000005 3265.5364 0.6078503500000001 -3.6092885000000003 6.5725821
60809 17580.0 1107.6969 4040.2406 5603.209 0.095922067 -6.128023600000001 4.3680647
60809 18000.0 1035.0528000000002 1146.614 6809.782700000001 -0.43623677 -7.4156453 1.2768301
60809 18420.0 753.30753 -1978.0755000000001 6636.7486 -0.88282673 -7.2070603 -2.0907428
60809 18840.0 318.36940000000004 -4699.3777 5109.777700000001 -1.1526896 -5.5232406 -5.0584658000000005
60809 19260.0 -181.77575000000002 -6454.677 2531.2290000000003 -1.1872064 -2.6845562 -7.0070820000000005
60809 19680.0 -644.13848 -6872.9568 -572.24828 -0.97544701 0.73064638 -7.509839
60809 20100.0 -972.4707800000001 -5861.4278 -3556.1484 -0.56039604 4.0004383 -6.446934100000001
60809 20520.0 -1098.6602 -3631.1393 -5799.0123 -0.030357255 6.4303722 -4.0464491
60809 20940.0 -997.56882 -649.06037 -6839.4292000000005 0.50267585 7.5194468 -0.8244779200000001
60809 21360.0 -691.4583299999999 2467.1042 -6471.012900000001 0.92911438 7.0614854 2.5443447999999997
60809 21780.0 -244.13522 5080.4022 -4778.2333 1.1638974000000002 5.1691037 5.3739976
60809 22200.0 252.82312 6662.7843 -2112.5395 1.1617790000000001 2.2381978 7.0992388
60809 22620.0 698.70702 6898.2717999999995 981.7556400000001 0.92514669 -1.1343014 7.3816698
60809 23040.0 1003.7733000000001 5743.369 3877.9154 0.50279213 -4.2701111 6.1730966
60809 23460.0 1106.8317 3432.7461000000003 5991.7428 -0.020512149 -6.544797 3.7195877
60809 23880.0 986.94204 430.98661 6895.4340999999995 -0.5409863699999999 -7.5046906 0.50714605
60809 24300.0 667.42025 -2657.2774 6400.2605 -0.95481779 -6.946583899999999 -2.8288192
60809 24720.0 211.93712 -5202.793 4596.7812 -1.1766695 -4.9602002 -5.613449800000001
60809 25140.0 -286.98428 -6676.723900000001 1845.4255 -1.1573687 -1.9310687 -7.259506900000001
60809 25560.0 -726.2979200000001 -6765.6911 -1289.1279 -0.8974189300000001 1.5169365000000001 -7.4021614
60809 25980.0 -1014.4509 -5446.6954000000005 -4154.613 -0.45058440000000005 4.6517329 -6.0011684
60809 26400.0 -1091.8902 -2996.0531 -6155.1044 0.08778313 6.810159 -3.3593105999999997
60809 26820.0 -943.77509 74.150872 -6881.2306 0.60454079 7.5526457 -0.041663959
60809 27240.0 -602.0055500000001 3129.8518 -6192.2159 0.99420701 6.746173799999999 3.261868
60809 27660.0 -137.44273 5548.2833 -4237.6268 1.1795832000000002 4.5729159 5.8820693
60809 28080.0 355.07675 6841.9875 -1421.1066 1.1253826 1.4835062 7.2974646000000005
60809 28500.0 775.8986500000001 6753.7173 1683.5682 0.8442909 -1.8949837 7.232438600000001
60809 28920.0 1040.4289 5304.9861 4448.4585 0.39391575 -4.8849928 5.707991600000001
60809 29340.0 1095.617 2788.8755 6315.9375 -0.13576387 -6.8918614 3.0313064
60809 29760.0 929.99245 -288.98566 6906.916700000001 -0.6398341000000001 -7.5133432 -0.26866563000000004
60809 30180.0 575.99512 -3307.5036 6094.608700000001 -1.0172457000000001 -6.6104970000000005 -3.5371083
60809 30600.0 104.43096000000001 -5649.256200000001 4033.9795 -1.1893208 -4.3421285 -6.107488
60809 31020.0 -388.51875 -6825.3161 1139.9595 -1.1166178 -1.1556739 -7.4317778
60809 31440.0 -800.70783 -6583.9315 -1990.9385 -0.81132059 2.2860459 -7.212446
60809 31860.0 -1046.2646 -4972.3695 -4706.4415 -0.33754569 5.2507127 -5.489941
60809 32280.0 -1074.7372 -2328.6972 -6443.1008 0.20375951 7.1146612 -2.6370812999999997
60809 32700.0 -881.54066 795.99212 -6847.8162 0.69952143 7.503953800000001 0.73954099
60809 33120.0 -507.73661 3758.3782 -5846.4586 1.0492287 6.3589122 3.9424738
60809 33540.0 -30.482126 5956.339599999999 -3651.6902999999998 1.1840481999999999 3.9287475 6.3258738
60809 33960.0 453.04019 6947.9546 -714.86361 1.0788903 0.7139741900000001 7.4171127
60809 34380.0 845.1815 6537.2244 2366.9342 0.75657594 -2.6348647 7.006060000000001
60809 34800.0 1067.1845 4810.2068 4971.1056 0.28253809 -5.4479144999999995 5.1820863
60809 35220.0 1074.4482 2115.2909 6572.2411 -0.24877014 -7.1658687 2.3101512
60809 35640.0 864.97911 -1005.9088 6843.818 -0.7320545700000001 -7.4415369 -1.0428138
60809 36060.0 480.01015 -3922.0687000000003 5722.5662999999995 -1.0698665 -6.2021752 -4.2085198
60809 36480.0 -3.1316212 -6034.1137 3426.7457000000004 -1.1906931 -3.6751671999999997 -6.5355507
60809 36900.0 -485.48278999999997 -6898.8336 421.70549 -1.0655636 -0.36646433 -7.522025
60809 37320.0 -866.8631300000001 -6329.4897 -2670.8581 -0.71830433 3.0301262 -6.9427798
60809 37740.0 -1067.9015 -4443.189200000001 -5206.4042 -0.22243859000000002 5.7915282 -4.9185827
60809 38160.0 -1047.6415 -1635.6256 -6660.4706 0.31661119000000004 7.3411162999999995 -1.8869905000000002
60809 38580.0 -811.6486500000001 1509.4804 -6739.8415 0.78697717 7.3740207 1.5115629
60809 39000.0 -409.62105 4346.6562 -5437.410900000001 1.0939416000000002 5.903545 4.5796253
60809 39420.0 75.769875 6300.7127 -3026.3992000000003 1.1774976 3.2429263 6.701150800000001
60809 39840.0 545.90225 6979.8056 -0.91849929 1.0228419 -0.062835749 7.4571892
60809 40260.0 905.97793 6251.0313 3025.0341000000003 0.66255598 -3.346854 6.7048273
60809 40680.0 1083.7223000000001 4263.9394 5440.616400000001 0.16935581 -5.9534698 4.6004825
60809 41100.0 1043.3205 1418.6421 6757.9796 -0.35875253 -7.3640511 1.5630609
60809 41520.0 792.2169100000001 -1712.6241000000002 6706.562400000001 -0.81693072 -7.2896859 -1.8077018
60809 41940.0 380.06157 -4494.6764 5287.6208 -1.1120541000000002 -5.7252564 -4.8362139
60809 42360.0 -109.96902 -6353.278700000001 2781.0632 -1.1805942 -2.9659433 -6.8928463
60809 42780.0 -577.13023 -6896.3585 -302.05183 -1.0045193000000001 0.42842494 -7.5290431
60809 43200.0 -924.2165600000001 -6004.8715999999995 -3321.9183 -0.6190165500000001 3.7413183 -6.5958727
60809 43620.0 -1079.1471999999999 -3864.5532000000003 -5649.3997 -0.10615242000000001 6.2685347 -4.2930776999999996
60809 44040.0 -1010.7641 -923.8959000000001 -6805.036400000001 0.4254504 7.4873236 -1.1167873
60809 44460.0 -734.59425 2207.4216 -6558.4391 0.86621539 7.1642463 2.2666156
60809 44880.0 -308.38331 4888.7758 -4969.2330999999995 1.1279740999999999 5.384684 5.1669316
60809 45300.0 180.52289000000002 6577.945900000001 -2368.0761 1.1600028 2.5223177999999997 7.004162099999999
60809 45720.0 632.99999 6937.1946 713.5167700000001 0.95775518 -0.83921501 7.4172154
60809 46140.0 957.9211700000001 5898.005099999999 3651.1609 0.56309922 -4.0236095999999995 6.3316346
60809 46560.0 1090.0701000000001 3671.7861000000003 5852.1335 0.05534756800000001 -6.3961843 3.9689481
60809 46980.0 1002.6713000000001 706.25647 6871.1475 -0.4647742 -7.4837986 0.7976696200000001
60809 47400.0 712.49702 -2401.4402000000005 6496.5392 -0.89372501 -7.0587339 -2.5550625
60809 47820.0 277.18721999999997 -5018.7828 4794.5169000000005 -1.1434332 -5.184403100000001 -5.4127326
60809 48240.0 -214.9977 -6602.8625999999995 2104.2412000000004 -1.1591369999999999 -2.2222107 -7.1747917
60809 48660.0 -662.51035 -6817.6542 -1022.9085 -0.93403118 1.2196886999999998 -7.4523888
60809 49080.0 -972.14464 -5613.6338 -3936.4949 -0.5144180300000001 4.4112986 -6.1757607
60809 49500.0 -1079.8186 -3242.9538 -6030.2423 0.0102066 6.6763617 -3.6207425
60809 49920.0 -964.37278 -201.46436 -6874.9993 0.52926735 7.5518651000000006 -0.33514366
60809 50340.0 -651.01166 2882.1016 -6305.4096 0.93651784 6.8771111000000005 2.9964481999999997
60809 50760.0 -204.86937 5378.776400000001 -4446.8247 1.1510444 4.8080333 5.6981217
60809 51180.0 282.8965 6784.946 -1683.6403 1.1316628000000002 1.7746552 7.2317001
60809 51600.0 713.56134 6820.4465 1420.921 0.88405319 -1.6068924 7.2975560999999995
60809 52020.0 1000.4911 5481.7667 4238.6832 0.45896976 -4.6579568 5.890264
60809 52440.0 1086.0791000000002 3039.9275000000002 6201.2025 -0.058521814 -6.7712154 3.2938957
60809 52860.0 952.75606 -14.287079 6910.3558 -0.56589229 -7.5234244 0.021969064
60809 53280.0 626.4530100000001 -3064.8296 6215.793000000001 -0.9616151700000001 -6.7505926 -3.2767735
60809 53700.0 172.29208 -5488.4314 4248.5014 -1.1635786000000001 -4.5851924 -5.931342300000001
60809 54120.0 -317.23989 -6779.8647 1403.7582 -1.1264386 -1.4523196 -7.3777014
60809 54540.0 -740.83574 -6663.483700000001 -1732.7288 -0.85484686 1.9981721000000001 -7.292709
60809 54960.0 -1010.2418 -5160.1741 -4507.6163 -0.40553974 5.0322444 -5.6872533999999995
60809 55380.0 -1069.9696999999999 -2585.447 -6344.687400000001 0.12553935 7.0103998 -2.9093562000000004
60809 55800.0 -908.96046 523.44586 -6869.7037 0.62712566 7.5340249 0.44900733000000004
60809 56220.0 -561.71815 3525.8364 -5983.776900000001 0.99730439 6.5158693 3.6927642
60809 56640.0 -100.05323 5811.0545 -3876.2599 1.1629894 4.1800622 6.167192600000001
60809 57060.0 381.94906000000003 6919.2851 -980.99869 1.09281 1.0083376 7.3811932
60809 57480.0 786.8831 6630.7733 2113.1291 0.80250431 -2.3572241 7.0995647
60809 57900.0 1033.3577 5006.898 4780.7863 0.35113745 -5.2427685 5.3856713
60809 58320.0 1071.827 2375.389 6483.6687 -0.17130101 -7.0742095 2.5828479000000004
60809 58740.0 894.0435500000001 -734.8757800000001 6874.9228 -0.66121342 -7.4821930000000005 -0.7552998700000001
60809 59160.0 534.87484 -3695.1697999999997 5867.308400000001 -1.0200057 -6.368342 -3.9643481
60809 59580.0 66.324675 -5898.0841 3655.7719 -1.1723568 -3.9342861 -6.3856227
60809 60000.0 -415.79997 -6882.0917 687.78235 -1.0828756000000002 -0.6652758700000001 -7.498885400000001
60809 60420.0 -811.4441800000001 -6435.5733 -2423.1530000000002 -0.7676924199999999 2.7545693 -7.051816700000001
60809 60840.0 -1038.2291 -4649.773099999999 -5028.6041 -0.29345495 5.5969426 -5.1363389
60809 61260.0 -1049.7907 -1899.5822 -6589.1522 0.23874803 7.2670995000000005 -2.1672671
60809 61680.0 -845.1369300000001 1242.6508000000001 -6789.282 0.7181813 7.4343028 1.2267803
60809 62100.0 -467.59863 4131.46 -5597.1998 1.0481158000000002 6.0847622 4.3479339
60809 62520.0 5.0789203 6180.8591 -3263.9048 1.1638092 3.5078538 6.5690802
60809 62940.0 476.80078000000003 6979.541200000001 -267.9253 1.0439385 0.23186254 7.4511031999999995
60809 63360.0 852.3834200000001 6370.335099999999 2782.5188 0.7140146700000001 -3.0819186 6.8254795999999995
60809 63780.0 1056.3748 4478.7258 5271.5048 0.24074225999999999 -5.7714764 4.8233948
60809 64200.0 1047.6751 1685.6742 6696.4371 -0.28174155 -7.3015579 1.8437223
60809 64620.0 827.38917 -1447.2453 6765.3255 -0.74969766 -7.3601542 -1.5252717
60809 65040.0 438.96183 -4285.0593 5455.222 -1.0683086000000002 -5.9160623 -4.6095144
60809 65460.0 -39.368728000000004 -6242.8533 3023.4822999999997 -1.1696579 -3.2393071 -6.7697899
60809 65880.0 -509.40577 -6908.376200000001 -34.917305999999996 -1.0289443 0.12917225 -7.536705
60809 66300.0 -873.4188 -6136.8855 -3085.7472000000002 -0.67374678 3.4794318 -6.7329565
60809 66720.0 -1055.7731 -4088.8216 -5493.2565 -0.17968228 6.0988222 -4.530093300000001
60809 67140.0 -1019.5764 -1193.6725000000001 -6760.8572 0.34839657 7.4439148 -1.4034834
60809 67560.0 -773.72967 1947.6995 -6634.8024000000005 0.8013572400000001 7.2544313 1.9891931
60809 67980.0 -369.83204 4692.0373 -5150.2073 1.0883895000000001 5.5891309 4.9547121
60809 68400.0 109.24436 6484.0573 -2616.7122000000004 1.1535535000000001 2.7991479 6.8996622
60809 68820.0 566.29314 6965.0596 447.67376 0.9855809400000001 -0.5462494299999999 7.4410743
60809 69240.0 909.21937 6041.897 3421.8156000000004 0.61953941 -3.7734807999999997 6.4785544
60809 69660.0 1069.1707 3902.7068 5705.5363 0.12903859 -6.238946100000001 4.2093793999999995
60809 70080.0 1013.7888 977.7516800000001 6837.036400000001 -0.38859994000000003 -7.4512458 1.0838348000000002
60809 70500.0 753.42698 -2144.2685 6582.2542 -0.83038254 -7.158588 -2.2804146000000003
60809 70920.0 339.67369 -4828.5775 4983.197 -1.1059748 -5.3982277000000005 -5.2058296
60809 71340.0 -143.74795 -6519.286599999999 2357.5174 -1.1556653 -2.5073177 -7.079815
60809 71760.0 -597.24216 -6858.5516 -757.46968 -0.96549856 0.9227186900000001 -7.4906635
60809 72180.0 -926.40731 -5770.644200000001 -3714.2716 -0.5742981600000001 4.1653043 -6.3395261000000005
60809 72600.0 -1063.074 -3483.2225 -5897.3972 -0.06550568 6.532766400000001 -3.8747927
60809 73020.0 -980.0187900000001 -475.10564000000005 -6858.6345 0.45344042 7.539099500000001 -0.62595331
60809 73440.0 -695.7904000000001 2631.266 -6408.4676 0.8759986900000001 6.9963849 2.7283793999999997
60809 73860.0 -269.63759999999996 5201.786599999999 -4648.0142000000005 1.1179895 5.0342327 5.506878700000001
60809 74280.0 211.27348 6717.593 -1941.9496000000001 1.1326139000000002 2.0614925 7.1555441
60809 74700.0 649.54278 6876.1943 1157.8564 0.91866515 -1.3176090999999999 7.3513503
60809 75120.0 956.9473800000001 5649.2129 4023.9633 0.52018765 -4.424399500000001 6.0627015
60809 75540.0 1071.7572 3285.2931000000003 6078.1051 0.017056451 -6.6400402000000005 3.5503782000000004
60809 75960.0 970.57527 259.58139 6903.9146 -0.49103217000000005 -7.5213394 0.31159512
60809 76380.0 672.87237 -2817.9606000000003 6327.8093 -0.90266093 -6.8793543 -3.0120142000000003
60809 76800.0 237.89747 -5319.3284 4456.7644 -1.1328352 -4.820555000000001 -5.7460496
60809 77220.0 -245.94868 -6724.0153 1665.7779 -1.1306482000000002 -1.7468209 -7.3118525000000005
60809 77640.0 -678.67867 -6733.0737 -1471.306 -0.8933819 1.7061143 -7.361524500000001
60809 78060.0 -970.1784200000001 -5340.8935 -4301.375599999999 -0.47031189 4.804634500000001 -5.876379200000001
60809 78480.0 -1060.2879 -2839.5591 -6236.3892000000005 0.048219431 6.8944966999999995 -3.1781680999999997
60809 78900.0 -931.5876400000001 248.53857000000002 -6881.3355 0.55327319 7.552355400000001 0.15678508
