CIC_MEM_VERS = 1.0
CREATION_DATE = 2025-06-13T14:22:09.228896
ORIGINATOR = CS Group

META_START
OBJECT_NAME = RED2
OBJECT_ID = RED2
USER_DEFINED_PROTOCOL = NONE
USER_DEFINED_CONTENT = LLA
USER_DEFINED_SIZE = 3.0
USER_DEFINED_TYPE = REAL
USER_DEFINED_UNIT = [deg] [km]
TIME_SYSTEM = UTC
META_STOP

60838 70924.119264 0.12142696817856814 114.70921531686943 600.1990932851791
60838 71344.119264 26.1030547753825 110.88840989899649 586.132628476677
60838 71764.119264 51.94185760890915 104.67518517476229 576.8890895005646
60838 72184.119264 76.44511362426135 80.18038131501511 569.9110970460506
60838 72604.119264 73.02169308872985 -38.643393609251426 563.2274270584943
60838 73024.119264 47.92189235578372 -56.537614891295554 558.5315961995253
60838 73444.119264 21.855434987416327 -62.1005294156358 560.6670780104256
60838 73864.119264 -4.3390464456192515 -65.83459890203268 573.5536792406742
60838 74284.119264 -30.365886036222783 -69.83094337987069 595.8503247092731
60838 74704.119264 -55.928190393202875 -76.89641217140657 620.2813944625119
60838 75124.119264 -79.23029292122546 -111.1974468768362 637.3903726309736
60838 75544.119264 -70.20804368755834 137.11580075302615 640.9653794560111
60838 75964.119264 -45.41755558739111 122.76106816415121 631.139333090323
60838 76384.119264 -19.79732419516638 117.6110084722446 613.7163045480602
60838 76804.119264 6.111949311347233 113.95499843159075 596.2274384518256
60838 77224.119264 32.091167702312916 109.8794176287919 583.365365176877
60838 77644.119264 57.82943288796357 102.24721734599744 574.982558813424
60838 78064.119264 80.71665032125897 58.02602991496317 568.2370824420993
60838 78484.119264 67.46936220882868 -45.9398051164998 561.8194988261722
60838 78904.119264 41.936242516723986 -58.12522738464024 558.3574778211629
60838 79324.119264 15.808535400230888 -62.95840667338627 562.8581382256007
60838 79744.119264 -10.368926369255444 -66.60658701608868 578.32229465948
60838 80164.119264 -36.31764799686269 -70.93757759675583 601.8889907884962
60838 80584.119264 -61.688292854094186 -79.87064597181515 625.3380950024997
60838 81004.119264 -82.06383834288617 -144.0044949253355 639.5560393798805
60838 81424.119264 -64.66277432469668 131.63607417721934 639.660597251411
60838 81844.119264 -39.5481459762899 121.33608163141344 627.322356687059
60838 82264.119264 -13.837799461030782 116.78679707179143 609.1862061173225
60838 82684.119264 12.109150210378306 113.17950084544844 592.5121068505379
60838 83104.119264 38.07119814297221 108.71596310389543 580.8973691266164
60838 83524.119264 63.6490340724808 98.84234456247381 573.2404895240795
60838 83944.119264 82.14945325749922 17.592917099220994 566.6674191065557
60838 84364.119264 61.70399043878158 -50.40241874236803 560.6616473939421
60838 84784.119264 35.925935694705046 -59.427851618380885 558.6692695416596
60838 85204.119264 9.759485257129132 -63.762604617664756 565.6381296290234
60838 85624.119264 -16.38706892761485 -67.41128468316253 583.4396937501531
60838 86044.119264 -42.24320500400231 -72.23706314365047 607.7728912287281
60839 64.119264 -67.34138108507106 -84.22454632054178 629.725911288172
60839 484.119264 -81.05965285376246 175.31437138612156 640.8072615188908
60839 904.119264 -58.970649334383396 128.05717726514743 637.5895051810935
60839 1324.119264 -33.64701701778501 120.14174560165043 623.1774299364106
60839 1744.119264 -7.861198143773214 116.00484033835058 604.7949560049825
60839 2164.119264 18.111646897839393 112.36304213282249 589.1737998775549
60839 2584.119264 44.03865936096722 107.33097681920202 578.7442176679509
60839 3004.119264 69.34368506374861 93.66186751837508 571.6184525116352
60839 3424.119264 79.50234122944664 -17.47718008525251 565.1498111370304
60839 3844.119264 55.82868969323258 -53.428890215835956 559.7013347754688
60839 4264.119264 29.89583281575131 -60.53819115222027 559.405145421738
60839 4684.119264 3.7085050643835418 -64.53625187978656 568.9268041063443
60839 5104.119264 -22.393875974669193 -68.2709651978284 588.8317663818566
60839 5524.119264 -48.13969817051663 -73.81740942057131 613.45960509814
60839 5944.119264 -72.79480390114945 -91.24979458940412 633.4871159294788
60839 6364.119264 -77.08105767691129 151.5895028840583 641.2812744017057
60839 6784.119264 -53.19316104075705 125.51403597675852 634.9555075888861
60839 7204.119264 -27.719307189449104 119.10633713583567 618.908280053773
60839 7624.119264 -1.8709102932971 115.2448227502607 600.6666127827319
60839 8044.119264 24.115246534088282 111.48243366042077 586.2210989788005
60839 8464.119264 49.984504616118855 105.61989028489704 576.8595012581051
60839 8884.119264 74.7694190335889 84.83850282481002 570.1037875477963
60839 9304.119264 74.76648635795924 -34.8342459102422 563.730361514384
60839 9724.119264 49.88990071910078 -55.64065314980573 559.0410242497647
60839 10144.119264 23.853466025998323 -61.514574435913794 560.6796337746645
60839 10564.119264 -2.3383996588793328 -65.29805965842486 572.762147226336
60839 10984.119264 -28.383105900646033 -69.21256885362568 594.4265206573949
60839 11404.119264 -53.994373429808846 -75.82047124662589 618.8166926629534
60839 11824.119264 -77.78409419635538 -104.15821862186088 636.5010297100181
60839 12244.119264 -71.99927881006478 139.94233661745855 640.9257156358784
60839 12664.119264 -47.3606743694122 123.59013754024416 631.7697426961184
60839 13084.119264 -21.76996680113547 118.18228784813914 614.5373745735269
60839 13504.119264 4.129562467809798 114.48898784598164 596.8061753592331
60839 13924.119264 30.116016417881596 110.50800342203352 583.618905122308
60839 14344.119264 55.896037513398966 103.40794403952405 575.1560222253344
60839 14764.119264 79.49905278238671 67.49735938526726 568.5979489354552
60839 15184.119264 69.325506840515 -43.66828210771309 562.3504378807897
60839 15604.119264 43.90850403230744 -57.35316192246704 558.6637512638057
60839 16024.119264 17.801054244722895 -62.39830254285753 562.4694058931979
60839 16444.119264 -8.380486203884455 -66.06602644480134 577.0882229836212
60839 16864.119264 -34.35376431739343 -70.2721877475801 600.1757909829302
60839 17284.119264 -59.792329240300035 -78.49297437739777 623.8473776255307
60839 17704.119264 -81.46713443277929 -130.660463627489 638.8734520052785
60839 18124.119264 -66.51593542889547 133.46142974267855 639.9505573449167
60839 18544.119264 -41.48982856531404 122.06172056677342 628.2823909269173
60839 18964.119264 -15.804907261872385 117.33625784075468 610.2786687439745
60839 19384.119264 10.133839185468851 113.72068118751476 593.310655594539
60839 19804.119264 36.10607763235199 109.4003291964814 581.3355039807806
60839 20224.119264 61.747459753567256 100.38433606258425 573.5543517994905
60839 20644.119264 82.14789884196054 32.460766870883084 567.0782907831913
60839 21064.119264 63.61105049189811 -48.856856013099815 561.071215801704
60839 21484.119264 37.901292172357685 -58.741480719757035 558.6771823900817
60839 21904.119264 11.746950970302917 -63.219241199624854 564.8965915331024
60839 22324.119264 -14.409408110404954 -66.85805775081539 581.9895712413045
60839 22744.119264 -40.295876188736 -71.49954000397598 606.0888859554882
60839 23164.119264 -65.49507173219571 -82.2965277091099 628.5032166250883
60839 23584.119264 -81.83842778652958 -172.32819510837825 640.5335729130961
60839 24004.119264 -60.858061019709105 129.37523997761758 638.2834811255254
60839 24424.119264 -35.59422800666565 120.7972877654171 624.4154038082478
60839 24844.119264 -9.830468957454956 116.54162992490885 606.0189012616867
60839 25264.119264 16.1368327063858 112.92061604526309 590.0198042212713
60839 25684.119264 42.07917843150734 108.10027085051512 579.2407775816096
60839 26104.119264 67.49315172968517 95.9270369122916 572.0492336152817
60839 26524.119264 80.71895272583181 -7.992856021308458 565.6770822814678
60839 26944.119264 57.768412954077256 -52.266109310294006 560.1394190883012
60839 27364.119264 31.880760839968975 -59.90806158004327 559.3581583658897
60839 27784.119264 5.700475062091418 -64.00009472848102 568.1075556478017
60839 28204.119264 -20.415700397757256 -67.69488596205441 587.3590471676902
60839 28624.119264 -46.198184675646644 -72.97023833163503 611.8943123746199
60839 29044.119264 -71.02745821851049 -88.2057902866591 632.5099723681626
60839 29464.119264 -78.5830047911315 157.85616561428563 641.2911636467711
60839 29884.119264 -55.11041352364259 126.54911953611175 635.8461572297222
60839 30304.119264 -29.680486652781386 119.71490119220573 620.1779392948981
60839 30724.119264 -3.8499750786247855 115.77685143137688 601.7889078341525
60839 31144.119264 22.13479387144354 112.06588529774325 586.9682096603748
60839 31564.119264 48.02745625087653 106.51585110790474 577.356098700644
60839 31984.119264 73.02815768009836 88.64632283553865 570.6193465846163
60839 32404.119264 76.44623205405463 -30.17480254389575 564.3411312096367
60839 32824.119264 51.85598906617392 -54.6986925697118 559.4903059598872
60839 33244.119264 25.851547737881745 -60.92199975422344 560.5554745900324
60839 33664.119264 -0.33788440603514613 -64.76213089416734 571.8291723219127
60839 34084.119264 -26.400621116385427 -68.60327284358968 592.9187395129201
60839 34504.119264 -52.05794190843064 -74.8073095076662 617.3529354411803
60839 34924.119264 -76.21255430073117 -98.56618848945563 635.7300757412105
60839 35344.119264 -73.75261968642553 143.28572331904024 641.1443432371391
60839 35764.119264 -49.302976617938555 124.45539859438273 632.7509313448984
60839 36184.119264 -23.746342106946653 118.76036059808729 615.7353095408844
60839 36604.119264 2.1396818952848298 115.0234037408727 597.7427534722052
60839 37024.119264 28.129852076197384 111.12830825899395 584.1707815620416
60839 37444.119264 53.94582649892649 104.4983018349328 575.5344263149599
60839 37864.119264 78.06765736524773 75.00327066057456 569.0747812412424
60839 38284.119264 71.1686946628011 -41.02235972434933 562.9314965908177
60839 38704.119264 45.89273134226897 -56.54808373400884 559.03740427919
60839 39124.119264 19.808386122091033 -61.830681813906416 562.2281132130131
60839 39544.119264 -6.3748948340454135 -65.52491295854261 576.0809091870854
60839 39964.119264 -32.37010050594931 -69.61816964733636 598.7117135013184
60839 40384.119264 -57.868996547759274 -77.21801765176407 622.5606113579901
60839 40804.119264 -80.48966248062573 -119.36325305893892 638.3409786252911
60839 41224.119264 -68.37258380035605 135.54923168298717 640.3394818385543
60839 41644.119264 -43.45125982146281 122.81883995483685 629.2584760661675
60839 42064.119264 -17.793193440832965 117.89444208179036 611.2833097085629
60839 42484.119264 8.137041079540735 114.26277547203013 593.9585164551625
60839 42904.119264 34.11918952124095 110.07083643614284 581.6293685501223
60839 43324.119264 59.816816337950385 101.79156713857944 573.7756048210265
60839 43744.119264 81.6545354508527 46.58344871670548 567.4664897923996
60839 44164.119264 65.5227053441689 -47.1120907092528 561.5729967764089
60839 44584.119264 39.89488406943895 -58.02628433405463 558.9318197968624
60839 45004.119264 13.756764442629503 -62.668423818745524 564.4867376295031
60839 45424.119264 -12.405828586311566 -66.30702686439906 580.8201128140928
60839 45844.119264 -38.31925943085678 -70.78427970944277 604.5695623815444
60839 46264.119264 -63.605535339762575 -80.57389139955525 627.3051028942889
60839 46684.119264 -82.19639040292361 -157.98594823978408 640.1650571429606
60839 47104.119264 -62.76029125348749 130.84726950550476 638.7843196551864
60839 47524.119264 -37.56341332921214 121.48069259878615 625.3770638614986
60839 47944.119264 -11.821041172935828 117.08673564288847 606.8827308883966
60839 48364.119264 14.142253217065036 113.47547844239443 590.4688794484568
60839 48784.119264 40.100830372683966 108.8404255934601 579.3554108197056
60839 49204.119264 65.60734913095713 97.9018768695778 572.1270084908654
60839 49624.119264 81.63351120837484 3.93023959950246 565.9125542823831
60839 50044.119264 59.70802508972491 -50.986169944876465 560.426518627793
60839 50464.119264 33.87202806699664 -59.25600965467512 559.2995422257601
60839 50884.119264 7.700889981161967 -63.46016724400587 567.3561444850153
60839 51304.119264 -18.426787270744665 -67.12784587648122 585.9841738612542
60839 51724.119264 -44.24237124453734 -72.16752909498177 610.3814865846069
60839 51935.000256 16.699441366402645 -4.688775060139966 13623.62538345975
60839 52055.000256 15.897818994932141 -6.052996346835383 13623.503839174891
60839 52175.000256 15.087682309840515 -7.4063677513468456 13623.445458521352
60839 52295.000256 14.269549972297693 -8.74944246711874 13623.295007947683
60839 52415.000256 13.443923792250443 -10.08279324184104 13623.148764695214
60839 52535.000256 12.611303097234357 -11.40698894277822 13623.007271501932
60839 52655.000256 11.772178477555787 -12.722604364902843 13622.871022310645
60839 52775.000256 10.927032630056798 -14.030218599332233 13622.740380553689
60839 52895.000256 10.076340791840742 -15.330414248786116 13622.615687283558
60839 53015.000256 9.22057121244594 -16.62377673537942 13622.497262888743
60839 53135.000256 8.360185648862366 -17.91089371035237 13622.385406401007
60839 53255.000256 7.495639879124721 -19.192354557880726 13622.280394694426
60839 53375.000256 6.627384231487472 -20.468749983858796 13622.18248172772
60839 53495.000256 5.755864126713418 -21.740671680495705 13622.09189785048
60839 53615.000256 4.881520631259201 -23.008712057928218 13622.008849178132
60839 53735.000256 4.004791019496419 -24.273464034184826 13621.933517038522
60839 53855.000256 3.1261093432598708 -25.53552087522209 13621.866057491754
60839 53975.000256 2.245907007288024 -26.795476076894243 13621.80660092472
60839 54095.000256 1.3646133492641916 -28.053923280972395 13621.755251721554
60839 54215.000256 0.4826562232924301 -29.311456217540503 13621.712088010909
60839 54335.000256 -0.39953741422907874 -30.568668666202864 13621.677161490821
60839 54455.000256 -1.2815409172994012 -31.82615442865761 13621.650497331642
60839 54575.000256 -2.1629273625009664 -33.08450730527321 13621.632094157423
60839 54695.000256 -3.043268961585146 -34.34432106831938 13621.621924105542
60839 54815.000256 -3.9221364753698373 -35.6061894244695 13621.619932964803
60839 54935.000256 -4.799098629918416 -36.870705959151536 13621.626040391173
60839 55055.000256 -5.673721536035842 -38.138464055202476 13621.640140200921
60839 55175.000256 -6.545568113217111 -39.41005677813023 13621.662100739964
60839 55295.000256 -7.414197519342037 -40.68607672013022 13621.691765328576
60839 55415.000256 -8.279164587547589 -41.96711579475491 13621.72895278003
60839 55535.000256 -9.140019271929274 -43.253764973909774 13621.773457991521
60839 55655.000256 -9.996306103958911 -44.54661395859277 13621.82505260595
60839 55775.000256 -10.84756366175733 -45.846250774509976 13621.8834857421
60839 55895.000256 -11.693324054672814 -47.15326128342662 13621.948484791483
60839 56015.000256 -12.53311242595468 -48.46822860087051 13622.019756279098
60839 56135.000256 -13.366446476669125 -49.79173241054822 13622.096986785858
60839 56255.000256 -14.192836014410823 -51.124348165656436 13622.17984392948
60839 56375.000256 -15.011782530815019 -52.46664616716768 13622.267977401372
60839 56495.000256 -15.822778812306321 -53.819190509097034 13622.361020056063
60839 56615.000256 -16.625308589045854 -55.182537880876815 13622.458589050078
60839 56735.000256 -17.418846227534615 -56.557236217174605 13622.560287026734
60839 56855.000256 -18.20285647286265 -57.94382318590525 13622.665703343486
60839 56975.000256 -18.976794247143633 -59.34282450580963 13622.774415338019
60839 57095.000256 -19.740104511212266 -60.75475208584955 13622.885989629423
60839 57215.000256 -20.492222197182095 -62.180101979839336 13622.999983450527
60839 57335.000256 -21.2325722199921 -63.61935215127055 13623.115946007527
60839 57455.000256 -21.960569576504756 -65.07296004514785 13623.23341986285
60839 57575.000256 -22.675619541149164 -66.54135996600941 13623.35194233723
60839 57695.000256 -23.377117967403013 -68.02496026406854 13623.471046926888
60839 57815.000256 -24.06445170464786 -69.52414033471642 13623.590264731656
60839 57935.000256 -24.736999139975026 -71.03924744039564 13623.709125889915
60839 58055.000256 -25.39413087448345 -72.57059336824652 13623.827161016161
60839 58175.000256 -26.035210543276428 -74.11845094172577 13623.943902637033
60839 58295.000256 -26.659595787906767 -75.68305040982057 13624.058886621711
60839 58415.000256 -27.26663938921203 -77.26457574331094 13624.171653602503
60839 58535.000256 -27.85569056743527 -78.86316087370626 13624.281750381533
60839 58655.000256 -28.42609645513817 -80.47888591702461 13624.38873131953
60839 58775.000256 -28.97720374668322 -82.1117734311459 13624.492159702744
60839 58895.000256 -29.5083605259683 -83.76178476207359 13624.591609084
60839 59015.000256 -30.0189182716432 -85.4288165407079 13624.686664594234
60839 59135.000256 -30.508234036196658 -87.11269739749096 13624.776924220492
60839 59255.000256 -30.97567279214578 -88.81318496722488 13624.862000047016
60839 59375.000256 -31.420609935071365 -90.52996326017791 13624.941519455751
60839 59495.000256 -31.8424339294986 -92.26264047794503 13625.015126282793
60839 59615.000256 -32.24054907970466 -94.01074735308072 13625.082481927591
60839 59735.000256 -32.61437840351476 -95.77373609004304 13625.143266411691
60839 59855.000256 -32.96336658315507 -97.55097998109184 13625.197179383866
60839 59975.000256 -33.286982963389406 -99.34177376439 13625.243941069048
60839 60095.000256 -33.58472456360402 -101.14533478244907 13625.283293157909
60839 60215.000256 -33.85611906739485 -102.9608049872959 13625.31499963494
60839 60335.000256 -34.100727750704564 -104.78725382437871 13625.338847542236
60839 60455.000256 -34.31814830776041 -106.623682010543 13625.354647677173
60839 60575.000256 -34.50801753317731 -108.4690262027742 13625.362235221464
60839 60695.000256 -34.6700138186627 -110.32216453434144 13625.361470300124
60839 60815.000256 -34.80385942390186 -112.18192297413829 13625.352238468442
60839 60935.000256 -34.909322483454844 -114.04708244412575 13625.334451125558
60839 61055.000256 -34.98621871483709 -115.91638660966608 13625.308045853331
60839 61175.000256 -35.03441279735341 -117.7885502389926 13625.272986679476
60839 61295.000256 -35.0538193965994 -119.66226801191492 13625.22926426403
60839 61415.000256 -35.04440381569568 -121.53622364481143 13625.176896008614
60839 61535.000256 -35.00618226109149 -123.40909918962696 13625.115926087889
60839 61655.000256 -34.93922171794916 -125.27958435940225 13625.046425403089
60839 61775.000256 -34.843639437464354 -127.14638573207077 13624.968491457723
60839 61895.000256 -34.71960204574063 -129.0082356878938 13624.882248155425
60839 62015.000256 -34.56732429077844 -130.8639009438015 13624.787845520636
60839 62135.000256 -34.38706745053639 -132.71219055969212 13624.685459342722
60839 62255.000256 -34.17913743067511 -134.55196330685783 13624.575290744358
60839 62375.000256 -33.943882585343246 -136.38213430648256 13624.4575656754
60839 62495.000256 -33.68169129809718 -138.20168086580796 13624.332534333542
60839 62615.000256 -33.39298936269074 -140.00964746026756 13624.200470513337
60839 62735.000256 -33.078237205005344 -141.8051498308416 13624.061670885376
60839 62855.000256 -32.737926987848496 -143.5873781862997 13623.916454207543
60839 62975.000256 -32.37257963978564 -145.35559951921184 13623.765160470688
60839 63095.000256 -31.982741847693525 -147.10915906203934 13623.608149980919
60839 63215.000256 -31.56898305045485 -148.8474809248426 13623.445802381273
60839 63335.000256 -31.131892468298908 -150.57006796885472 13623.278515615433
60839 63455.000256 -30.672076198879115 -152.27650098022798 13623.106704836422
60839 63575.000256 -30.190154407422753 -153.96643721561932 13622.93080126344
60839 63695.000256 -29.686758634330662 -155.63960839603754 13622.75125099003
60839 63815.000256 -29.162529239583943 -157.29581822770166 13622.568513747083
60839 63935.000256 -28.618112999347176 -158.9349395287963 13622.38306162404
60839 64055.000256 -28.054160866342492 -160.55691103925622 13622.195377752116
60839 64175.000256 -27.47132590198679 -162.16173398739267 13622.005954953229
60839 64295.000256 -26.870261384997484 -163.74946848259287 13621.815294358468
60839 64415.000256 -26.251619098218374 -165.32022979783326 13621.62390400017
60839 64535.000256 -25.61604779282459 -166.87418459960935 13621.432297381494
60839 64655.000256 -24.964191826843454 -168.41154717639867 13621.240992027684
60839 64775.000256 -24.296689973066957 -169.93257571015093 13621.050508023118
60839 64895.000256 -23.614174389927197 -171.43756862874994 13620.861366538404
60839 65015.000256 -22.91726974773013 -172.9268610710666 13620.674088351645
60839 65135.000256 -22.20659250177216 -174.40082149023618 13620.489192368144
60839 65255.000256 -21.482750303259916 -175.85984841526619 13620.307194142848
60839 65375.000256 -20.746341538602863 -177.30436738600804 13620.128604409767
60839 65495.000256 -19.997954987489177 -178.7348280720182 13619.953927622499
60839 65615.000256 -19.238169590186953 179.8482984181761 13619.783660510087
60839 65735.000256 -18.467554314674942 178.4445220343394 13619.618290652512
60839 65855.000256 -17.686668114502694 177.0533360882327 13619.458295079734
60839 65975.000256 -16.89605996864674 175.67421936613613 13619.304138898346
60839 66095.000256 -16.09626899508428 174.30663805462783 13619.15627394992
60839 66215.000256 -15.287824630290851 172.95004748569139 13619.015137504817
60839 66335.000256 -14.47124686739883 171.60389370852516 13618.881150995263
60839 66455.000256 -13.647046546284406 170.26761489639466 13618.754718791304
60839 66575.000256 -12.815725689402438 168.9406425975952 13618.636227023333
60839 66695.000256 -11.977777877716951 167.62240284005784 13618.526042454405
60839 66815.000256 -11.133688661599125 166.31231709943123 13618.424511405723
60839 66935.000256 -10.283936002063726 165.00980314059515 13618.331958738472
60839 67055.000256 -9.428990738191933 163.71427574257686 13618.248686894789
60839 67175.000256 -8.569317077032906 162.42514731674197 13618.174975000826
60839 67295.000256 -7.705373102686167 161.141828427964 13618.111078034422
60839 67415.000256 -6.837611301658816 159.86372822826976 13618.057226059918
60839 67535.000256 -5.966479101925125 158.59025481218973 13618.013623532188
60839 67655.000256 -5.092419423440856 157.32081550278798 13617.980448672144
60839 67775.000256 -4.215871238136078 156.0548170770647 13617.957852915386
60839 67895.000256 -3.3372701376586704 154.79166593916042 13617.9459604357
60839 68015.000256 -2.457048907352942 153.53076824954522 13617.944867744858
60839 68135.000256 -1.5756381051344386 152.2715300181456 13617.95464336981
60839 68255.000256 -0.693466644068315 151.013357169168 13617.975327608376
60839 68375.000256 0.18903762241660008 149.75565558523041 13618.006932364102
60839 68495.000256 1.0714473136778562 148.49783113827155 13618.0494410608
60839 68615.000256 1.9533349343012736 147.23928971465236 13618.102808637153
60839 68735.000256 2.8342722867540004 145.97943724180942 13618.1669616214
60839 68855.000256 3.713829885160682 144.7176797238467 13618.241798285811
60839 68975.000256 4.591576371163096 143.45342329348756 13618.327188880821
60839 69095.000256 5.467077932882846 142.18607428791586 13618.422975947913
60839 69215.000256 6.339897728105806 140.9150393561663 13618.528974710589
60839 69335.000256 7.209595312938958 139.63972560589576 13618.644973542174
60839 69455.000256 8.075726077343822 138.35954079757968 13618.770734509324
60839 69575.000256 8.937840689151104 137.07389359440475 13618.905993989529
60839 69695.000256 9.795484548379083 135.78219387639314 13619.05046336093
60839 69815.000256 10.64819725394658 134.48385312755013 13619.203829762548
60839 69935.000256 11.495512085150313 133.17828490511823 13619.36575692265
60839 70055.000256 12.336955500617986 131.86490540026156 13619.535886052936
60839 70175.000256 13.172046657801358 130.5431340997546 13619.713836806015
60839 70295.000256 14.000296956467169 129.21239455844625 13619.899208293318
60839 70415.000256 14.821209610076869 127.87211529239882 13620.091580160757
60839 70535.000256 15.63427924939658 126.52173080266377 13620.29051371874
60839 70655.000256 16.438991563168354 125.16068273959162 13620.495553123581
60839 70775.000256 17.234822981179658 123.78842121738299 13620.706226606728
60839 70895.000256 18.021240405597634 122.40440628821545 13620.922047748434
60839 71015.000256 18.797700996970114 121.00810958471284 13621.142516792115
60839 71135.000256 19.563652021837555 119.59901613870294 13621.367121995665
60839 71255.000256 20.31853076943367 118.17662638309673 13621.595341015987
60839 71375.000256 21.06176454546114 116.74045834229808 13621.826642322534
60839 71495.000256 21.792770751404653 115.29005001473344 13622.060486636125
60839 71615.000256 22.510957058258537 113.8249619488786 13622.296328388775
60839 71735.000256 23.215721683889434 112.34478001147303 13622.53361720039
60839 71855.000256 23.906453783490942 110.84911834345304 13622.771799368247
60839 71975.000256 24.58253396269956 109.33762249545086 13623.010319364941
60839 72095.000256 25.243334922894142 107.80997273049465 13623.24862134066
60839 72215.000256 25.888222247965526 106.26588747680331 13623.486150625433
60839 72335.000256 26.51655534138705 104.7051269083184 13623.722355227275
60839 72455.000256 27.12768852170693 103.12749662488199 13623.956687321946
60839 72575.000256 27.720972283586825 101.53285139786136 13624.188604730065
60839 72695.000256 28.29575473020171 99.9210989405814 13624.417572377628
60839 72815.000256 28.851383181166693 98.29220365635305 13624.643063735746
60839 72935.000256 29.387205958147092 96.64619031030473 13624.864562235496
60839 73055.000256 29.902574347936593 94.98314756487665 13625.081562654203
60839 73175.000256 30.39684474004087 93.30323131295272 13625.293572469009
60839 73295.000256 30.86938093272374 91.60666773747194 13625.500113174205
60839 73415.000256 31.319556598050603 89.89375602230005 13625.70072155846
60839 73535.000256 31.746757892796722 88.1648706364431 13625.894950938628
60839 73655.000256 32.15038619819591 86.42046311269624 13626.082372346502
60839 73775.000256 32.529860967522275 84.66106324286517 13626.262575665289
60839 73895.000256 32.884622656490215 82.88727961500409 13626.435170712732
60839 74015.000256 33.21413570758449 81.09979942394364 13626.599788267571
60839 74135.000256 33.51789155581446 79.29938749487033 13626.756081036829
60839 74255.000256 33.79541162016546 77.48688447086897 13626.903724560956
60839 74375.000256 34.046250242374896 75.66320412910238 13627.042418054356
60839 74495.000256 34.26999753270695 73.829329806485 13627.171885179027
60839 74615.000256 34.466282081312656 71.986309933876 13627.291874749046
60839 74735.000256 34.63477349359787 70.13525269758163 13627.402161364
60839 74855.000256 34.77518470894295 68.27731986763443 13627.502545969526
60839 74975.000256 34.88727406410363 66.41371985319434 13627.592856343448
60839 75095.000256 34.970847065725984 64.54570006574755 13627.672947506113
60839 75215.000256 35.025757840565674 62.674538689671955 13627.742702053863
60839 75335.000256 35.05191023713521 60.80153597646041 13627.802030414605
60839 75455.000256 35.049258558473035 58.928005192642985 13627.850871024919
60839 75575.000256 35.01780791236277 57.05526336164196 13627.889190428163
60839 75695.000256 34.957614172417586 55.18462194591345 13627.916983293377
60839 75815.000256 34.86878355075217 53.317377617526226 13627.934272355107
60839 75935.000256 34.751471790247884 51.45480326267659 13627.941108274154
60839 76055.000256 34.605882991431564 49.598139358695676 13627.937569419973
60839 76175.000256 34.4322680955108 47.74858585118056 13627.923761575328
60839 76295.000256 34.230923050923444 45.907294644502 13627.899817564155
60839 76415.000256 34.00218669571341 44.075362801732034 13627.865896803734
60839 76535.000256 33.746438392000584 42.25382653080105 13627.822184782695
60839 76655.000256 33.46409545169334 40.44365601319362 13627.76889246629
60839 76775.000256 33.15561039438139 38.64575111058681 13627.706255630845
60839 76895.000256 32.821468079021294 36.86093796429396 13627.634534129287
60839 77015.000256 32.46218275071299 35.08996648286801 13627.554011090018
60839 77135.000256 32.07829504255742 33.333508695397356 13627.464992051386
60839 77255.000256 31.670368970518684 31.592157932301603 13627.367804034458
60839 77375.000256 31.23898895641658 29.866428782175483 13627.262794556575
60839 77495.000256 30.784756910883484 28.15675776256355 13627.150330588707
60839 77615.000256 30.30828940442128 26.46350463460437 13627.03079745956
60839 77735.000256 29.81021495080856 24.786954286175686 13626.904597709492
60839 77855.000256 29.29117142306403 23.127319105278133 13626.772149897693
60839 77975.000256 28.751803618222112 21.484741764804003 13626.633887365735
60839 78095.000256 28.19276098331315 19.859298341181503 13626.49025696132
60839 78215.000256 27.614695511317553 18.251001692353594 13626.341717725483
60839 78335.000256 27.018259812497003 16.659805024860407 13626.18873954727
60839 78455.000256 26.40410536351056 15.085605585109205 13626.031801789451
60839 78575.000256 25.77288093401097 13.52824841586238 13625.871391889219
60839 78695.000256 25.12523118815713 11.98753012546134 13625.708003937827
60839 78815.000256 24.46179545651108 10.46320262382036 13625.542137243165
60839 78935.000256 23.783206672216554 8.95497678583226 13625.37429487925
60839 79055.000256 23.09009046413 7.462526009225214 13625.204982226858
60839 79175.000256 22.383064398577584 5.985489639869908 13625.034705509373
60839 79295.000256 21.662737360837752 4.523476243291356 13624.86397032805
60839 79415.000256 20.929709066978667 3.076066706224101 13624.693280200956
60839 79535.000256 20.18456969648892 1.642817156683385 13624.52313510998
60839 79655.000256 19.427899636150862 0.22326169517951466 13624.35403006053
60839 79775.000256 18.660269325723803 -1.1830850667714992 13624.18645365823
60839 79895.000256 17.882239196245663 -2.576725661627999 13624.020886699544
60839 80015.000256 17.094359692019086 -3.958177612676954 13623.857800647454
60839 80135.000256 16.29717136716382 -5.327971469996228 13623.69765322738
60839 80255.000256 15.491205046344652 -6.6866490341079805 13623.540827302739
60839 80375.000256 14.67698181021231 -8.034762141002139 13623.386685830272
60839 80495.000256 13.855014246104464 -9.372869609117167 13623.238834429889
60839 80615.000256 13.025805384622712 -10.701538277706256 13623.09473240535
60839 80735.000256 12.18984990397994 -12.021340453768804 13622.955654468136
60839 80855.000256 11.347634371484418 -13.332853196779363 13622.821991158897
60839 80975.000256 10.499637671220622 -14.636657459825992 13622.694096097133
60839 81095.000256 9.646331461712824 -15.933337346206798 13622.572302023755
60839 81215.000256 8.788180660308287 -17.2234794692543 13622.45692070976
60839 81335.000256 7.925643947932583 -18.507672410580668 13622.348242170336
60839 81455.000256 7.059174290867411 -19.786506267787725 13622.246533869085
60839 81575.000256 6.1892194768152455 -21.060572282542875 13622.152039977716
60839 81695.000256 5.316222662931928 -22.330462539987284 13622.064980702557
60839 81815.000256 4.4406229337890695 -23.59676973077566 13621.985551681735
60839 81935.000256 3.5628558674786257 -24.860086967275592 13621.913923455504
60839 82055.000256 2.6833541083176717 -26.12100764568833 13621.850241011263
60839 82175.000256 1.8025479447574972 -27.380125346146787 13621.794623404885
60839 82295.000256 0.9208658913095107 -28.63803376295004 13621.747163459457
60839 82415.000256 0.0387352733662485 -29.89532665736551 13621.70792754238
60839 82535.000256 -0.8434171860702113 -31.1525978254839 13621.676955421583
60839 82655.000256 -1.7251647786971673 -32.41044107373222 13621.654260201098
60839 82775.000256 -2.606080223168606 -33.66945019469141 13621.63982833642
60839 82895.000256 -3.485735078202154 -34.93021893585315 13621.633619729451
60839 83015.000256 -4.363699157483585 -36.19334095393245 13621.635567902647
60839 83135.000256 -5.239539947365504 -37.45940974725381 13621.645580251941
60839 83255.000256 -6.11282202842819 -38.72901855857536 13621.66353837755
60839 83375.000256 -6.983106502136291 -40.002760240611984 13621.68929849152
60839 83495.000256 -7.849950423930541 -41.281227076255206 13621.722691900864
60839 83615.000256 -8.712906244305106 -42.56501054529334 13621.763525564564
60839 83735.000256 -9.571521259631822 -43.85470102917705 13621.811582722828
60839 83855.000256 -10.425337074741492 -45.150887445100246 13621.866623596581
60839 83975.000256 -11.273889079551445 -46.45415680038938 13621.92838615492
60839 84095.000256 -12.116705942359417 -47.76509365794293 13621.996586948313
60839 84215.000256 -12.953309122768284 -49.084279503199994 13622.070922004807
60839 84335.000256 -13.783212407586264 -50.412292002896315 13622.151067786677
60839 84455.000256 -14.605921473484608 -51.74970414574358 13622.236682204444
60839 84575.000256 -15.420933480622152 -53.09708325504049 13622.32740568542
60839 84695.000256 -16.227736701945563 -54.45498986328338 13622.422862293393
60839 84815.000256 -17.02581019336441 -55.823976438982434 13622.522660896098
60839 84935.000256 -17.81462351052636 -57.20458595619502 13622.626396377333
60839 85055.000256 -18.59363647846872 -58.59735029782349 13622.7336508897
60839 85175.000256 -19.36229902093878 -60.002788484443144 13622.843995144653
60839 85295.000256 -20.120051056742636 -61.42140472146956 13622.956989735836
60839 85415.000256 -20.866322470977288 -62.85368625880251 13623.072186492034
60839 85535.000256 -21.600533169511458 -64.30010105880194 13623.189129855538
60839 85655.000256 -22.322093225491397 -65.761095270524 13623.307358282229
60839 85775.000256 -23.03040312704095 -67.23709051074016 13623.426405658985
60839 85895.000256 -23.72485413557681 -68.72848095526018 13623.545802734496
60839 86015.000256 -24.404828764318115 -70.23563024763601 13623.665078559205
60839 86135.000256 -25.069701386572927 -71.7588682363929 13623.783761930243
60839 86255.000256 -25.718838983197585 -73.29848755654078 13623.901382837126
60839 86375.000256 -26.351602038246728 -74.85474007624065 13624.017473903976
