CIC_MEM_VERS = 1.0
CREATION_DATE = 2025-06-16T07:47:13.985995
ORIGINATOR = CS Group

META_START
OBJECT_NAME = Sat
OBJECT_ID = Sat
USER_DEFINED_PROTOCOL = NONE
USER_DEFINED_CONTENT = LLA
USER_DEFINED_SIZE = 3.0
USER_DEFINED_TYPE = REAL
USER_DEFINED_UNIT = [deg] [km]
TIME_SYSTEM = UTC
META_STOP

60841 60847.546464 0.12335161256617992 79.65296580123373 495.70110046364783
60841 61267.546464 26.659077653618464 75.85693549385425 498.0627912484502
60841 61687.546464 52.928950786808805 69.57003319076782 502.54868094482794
60841 62107.546464 77.63156774372086 42.47492620477709 503.5298994275087
60841 62527.546464 71.67232908809068 -76.71315169185465 497.3289398899284
60841 62947.546464 46.040840259117786 -92.4023243673059 486.050326517299
60841 63367.546464 19.52876769872835 -97.60549935300983 476.46556016362786
60841 63787.546464 -7.1989821123832 -101.25576462314177 473.8358220478782
60841 64207.546464 -33.85494719966765 -105.39406353797978 480.5889307212326
60841 64627.546464 -60.07192222693742 -113.60216540975925 492.16353608932087
60841 65047.546464 -82.0676652795506 -172.3832435755978 500.9039652643542
60841 65467.546464 -64.7786916587321 96.07418599611135 502.76144976904044
60841 65887.546464 -38.82122090330695 85.85366019019929 499.07455367829675
60841 66307.546464 -12.358279802952957 81.39893402865813 495.2477447647654
60841 66727.546464 14.213377262525134 77.81459231031322 495.74545728201986
60841 67147.546464 40.654337709781004 73.20619814995885 500.2757726666944
60841 67567.546464 66.52667900555019 61.97175738000981 504.12483445976375
60841 67987.546464 81.33321491825994 -39.80825674963272 501.8963044944042
60841 68407.546464 58.30282628235849 -87.84381819273099 492.53746643076653
60841 68827.546464 32.02500212032853 -95.47991562592844 479.5544639756474
60841 69247.546464 5.3538751355261045 -99.52014319756194 473.6402383343793
60841 69667.546464 -21.36810647698106 -103.20096596506335 477.2110437507874
60841 70087.546464 -47.85219722874464 -108.64665677833189 488.0224904590224
60841 70507.546464 -73.32010652566008 -126.48371242637177 498.3627738602446
60841 70927.546464 -76.14508670648917 112.31031933499757 503.90616175858986
60841 71347.546464 -51.140765589635286 89.26529268725047 502.30032113876536
60841 71767.546464 -24.838977950588617 83.31677457944174 497.5614419382091
60841 72187.546464 1.707176455918797 79.57626962887797 495.31210909142806
60841 72607.546464 28.238714911165225 75.72379442810337 497.9389846150248
60841 73027.546464 54.48161429392795 69.10611966451286 502.5098766382428
60841 73447.546464 78.84475413255201 37.56059801065857 503.28435736606843
60841 73867.546464 70.21403970104 -78.54826840350285 496.82512321122476
60841 74287.546464 44.46625149820495 -92.69463851583824 485.70159842296647
60841 74707.546464 17.935057023345596 -97.7087736818554 476.4968378338395
60841 75127.546464 -8.792732100670468 -101.33938302572113 474.39320868477546
60841 75547.546464 -35.4327689273924 -105.57376771424836 481.4475077198851
60841 75967.546464 -61.59639608312159 -114.35051901570915 493.71922377095194
60841 76387.546464 -82.39682197006913 176.3620173212364 501.8207346219305
60841 76807.546464 -63.281301005811734 95.13229721483069 502.7796208869848
60841 77227.546464 -37.26606502016771 85.65213494782503 498.41987725015736
60841 77647.546464 -10.785036533085488 81.31319538987253 494.3401504624982
60841 78067.546464 15.792672619009911 77.72067564742392 494.8030018181783
60841 78487.546464 42.2261841556399 72.96174372440251 499.3398199603501
60841 78907.546464 68.029693076046 60.686353450586566 503.08562373924894
60841 79327.546464 80.44300811144986 -48.13816264558598 500.75267348217034
60841 79747.546464 56.733551044419855 -88.44650912519565 491.54541804061233
60841 80167.546464 30.451275446584887 -95.6336207519458 482.2390970863224
60841 80587.546464 3.797468423450119 -99.5966376612997 477.43114409695886
60841 81007.546464 -22.889213919619273 -103.30647614230016 481.3110925466099
60841 81427.546464 -49.32402010919748 -108.96998525372294 489.0978225138689
60841 81847.546464 -74.64560682258683 -128.9718447146299 494.95881547893606
60841 82267.546464 -74.83080469667351 109.20960850069827 498.6594145377413
60841 82687.546464 -49.58341226388261 88.88452588369839 496.4434350019578
60841 83107.546464 -23.216599992260267 83.19001049159809 492.6209407502019
60841 83527.546464 3.3648292427900865 79.48624349600372 492.5831355082265
60841 83947.546464 29.898692877070136 75.5635737523216 497.9032156325542
60841 84367.546464 56.100985362209244 68.5570592654613 504.72977054973546
60841 84787.546464 79.98303849237831 31.2700349989034 507.0213213797239
60841 85207.546464 68.72358228335428 -80.13139889108004 501.21863869966387
60841 85627.546464 42.915366253747116 -92.95857165019133 489.5603262896426
60841 86047.546464 16.390959631016884 -97.80218710500685 478.83943522722114
60842 67.546464 -10.322769675497646 -101.41804610441194 475.9870124051453
60842 487.546464 -36.9441097008797 -105.75399115103899 481.8368547981094
60842 907.546464 -63.07578618468457 -115.16520076133075 488.8820335417105
60842 1327.546464 -82.40716733813957 164.3312492054248 490.4274654063008
60842 1747.546464 -61.6366912611441 94.20987837047981 489.1327817807171
60842 2167.546464 -35.4795187263025 85.41617917503476 491.9412158936289
60842 2587.546464 -8.925516640931217 81.1894407517696 487.71868060579754
60842 3007.546464 17.70058519306948 77.57404706426534 486.13419001731387
60842 3427.546464 44.190736681138546 72.59564448749487 487.7184564338639
60842 3847.546464 69.96868616224675 58.6720978213955 492.7859027679119
60842 4267.546464 79.00318156492263 -56.92910645222882 496.4638260094364
60842 4687.546464 54.638633672579964 -89.20538224461244 494.3177577573927
60842 5107.546464 28.336066702448445 -95.87268856453923 490.0505011556105
60842 5527.546464 1.7503193032198217 -99.7380116892933 489.36745951410694
60842 5947.546464 -24.828123130840883 -103.48427871780636 494.8505148883821
60842 6367.546464 -51.138012837280556 -109.43635177173276 503.10075314623936
60842 6787.546464 -76.12479105389967 -132.43846002484167 508.1902810359716
60842 7207.546464 -73.37750156408313 106.43072919039652 505.24463991848376
60842 7627.546464 -47.97585280199572 88.51853246953932 495.14480041550337
60842 8047.546464 -21.537442657861753 83.05954883997511 483.0502096334059
60842 8467.546464 5.143945171126591 79.37932104636832 477.8709789727004
60842 8887.546464 31.7932292449139 75.35199205448201 481.2687863631159
60842 9307.546464 58.07787127515621 67.7794874625762 488.92589309638845
60842 9727.546464 81.25757556310394 20.472219967575047 490.9434131994371
60842 10147.546464 66.5585731824157 -82.10415378349032 486.20222713326086
60842 10567.546464 40.538180466762384 -93.39857953311589 478.0280514138893
60842 10987.546464 13.917970887742907 -98.02341294668385 472.7093783995012
60842 11407.546464 -12.819368558376521 -101.63138476495307 476.53911696499114
60842 11827.546464 -39.391511900267105 -106.14972556349457 488.68974950488047
60842 12247.546464 -65.3666940233832 -116.70578302454875 502.74522495018937
60842 12667.546464 -81.87069842467717 148.32308851476546 511.2170931193152
60842 13087.546464 -59.621512094695724 93.19469092592813 510.6186162369522
60842 13507.546464 -33.54670669639335 85.16735712684726 503.6409893614562
60842 13927.546464 -7.069421606331418 81.06936337856102 496.4839946215166
60842 14347.546464 19.499771407561106 77.440015787189 493.7570003489409
60842 14767.546464 45.915056008924985 72.26690870445908 495.029564742143
60842 15187.546464 71.52960645379073 56.749910084066904 495.69216943772557
60842 15607.546464 77.71263489370654 -62.348750310568334 491.38502603512495
60842 16027.546464 52.90197392069431 -89.74996430925735 482.24972666968057
60842 16447.546464 26.460876765373722 -96.0593339266397 474.29109246470557
60842 16867.546464 -0.2589331332176752 -99.87292891800496 473.2835301563062
60842 17287.546464 -26.946779234992327 -103.69881358284661 481.94872320786294
60842 17707.546464 -53.29601140874868 -110.07446736553128 496.3795669218794
60842 18127.546464 -77.93083330186214 -138.15002171237575 508.1438327831853
60842 18547.546464 -71.39361309890425 103.37461986906828 511.78060941189096
60842 18967.546464 -45.8771488063119 88.04270339221324 507.13206039086583
60842 19387.546464 -19.5307952589821 82.88520580143442 499.2981741023275
60842 19807.546464 7.025618836813323 79.25789229544753 494.1629763471153
60842 20227.546464 33.54972900795048 75.15499573700845 494.03232680709164
60842 20647.546464 59.718092910315995 67.08024704314536 495.815362054629
60842 21067.546464 81.95330380485063 10.518067020252865 494.3117075506149
60842 21487.546464 65.03452662570079 -83.24071525437817 487.14696404635487
60842 21907.546464 38.94810695044869 -93.62906462850863 478.24142355842565
60842 22327.546464 12.316535833771272 -98.11717999055125 473.1194432310782
60842 22747.546464 -14.416785554765092 -101.7241507263915 477.18538050446074
60842 23167.546464 -40.970307411419995 -106.37717810051365 489.26219475515563
60842 23587.546464 -66.87591091181129 -117.84862433351118 502.7966643267707
60842 24007.546464 -81.16212901179959 138.74723900756084 510.64267326079454
60842 24427.546464 -58.070257475230285 92.53132814049145 509.58463281828915
60842 24847.546464 -31.948257053702694 84.99484035750687 502.6092167849569
60842 25267.546464 -5.455359904993044 80.98235839316447 495.9296921692033
60842 25687.546464 21.112244766156397 77.3270356187137 493.9068359892723
60842 26107.546464 47.50511921807073 71.94483508558503 495.684579775945
60842 26527.546464 72.98186211165418 54.59865785713535 496.40044813499134
60842 26947.546464 76.41488720854426 -66.44193816283726 491.82933925824386
60842 27367.546464 51.3331776194903 -90.1793695488807 482.54300164751083
60842 27787.546464 24.86899340238612 -96.18926909754768 474.5955269185721
60842 28207.546464 -1.8533092091738064 -99.95410018502017 473.74551553923123
60842 28627.546464 -28.530552029860306 -103.83735200664466 482.4741885253393
60842 29047.546464 -54.84807259397985 -110.55288250471749 496.7367165737535
60842 29467.546464 -79.12050539052443 -143.31878531375455 507.85359570035786
60842 29887.546464 -69.9303538991681 101.592725881171 510.8080411901874
60842 30307.546464 -44.29693232306008 87.74994316580664 505.8309404065482
60842 30727.546464 -17.923506515899504 82.77853043882577 498.21307220238185
60842 31147.546464 8.641310994176497 79.17033293016299 493.688350115714
60842 31567.546464 35.15649752574047 74.9708197890155 494.174018667727
60842 31987.546464 61.27873138978188 66.32905904106627 496.22920765286165
60842 32407.546464 82.35565101391767 -0.825648024779372 494.6272917200003
60842 32827.546464 63.49532452853402 -84.23142219999264 487.2035247376147
60842 33247.546464 37.362298074577 -93.83822493716255 479.24700246709943
60842 33667.546464 10.724096481038588 -98.20596317237268 473.46571431498046
60842 34087.546464 -16.007864169200804 -101.82114822514365 476.89226919154544
60842 34507.546464 -42.551596889225046 -106.62917365180195 488.22390568531097
60842 34927.546464 -68.38969511371533 -119.19313544983335 500.78518623805525
60842 35347.546464 -80.2154558652062 130.65210312415888 508.0130538371256
60842 35767.546464 -56.463952193374425 91.92355749866712 506.9168196812365
60842 36187.546464 -30.28883485579459 84.82752481193523 500.7249169565933
60842 36607.546464 -3.778343225436349 80.89080435842436 495.5028090690178
60842 37027.546464 22.782332549426492 77.20004555071982 495.06010495813797
60842 37447.546464 49.14008397986682 71.57742998250997 497.92537836392904
60842 37867.546464 74.43305865474784 51.96816618306957 498.9229154736059
60842 38287.546464 75.03858889298381 -69.82880010227805 493.948387864221
60842 38707.546464 49.75295773118492 -90.57042067557573 484.5469496450935
60842 39127.546464 23.282008688186142 -96.30952190117019 475.96040386695483
60842 39547.546464 -3.4391902660049505 -100.03367271045263 473.8133074147265
60842 39967.546464 -30.113640724101355 -103.98479157902001 481.16597088811244
60842 40387.546464 -56.411023309818866 -111.08989240104957 494.2458573427189
60842 40807.546464 -80.22075774650479 -149.89143362336054 504.2670930675299
60842 41227.546464 -68.38781415526317 100.00808420078043 506.7974351127629
60842 41647.546464 -42.6311821431564 87.46306254868557 502.41845195649836
60842 42067.546464 -16.220626270576805 82.66497237111292 496.4484097590329
60842 42487.546464 10.35148678837176 79.06943767400315 494.0771931846418
60842 42907.546464 36.844297378489735 74.75788029399826 496.4684694421764
60842 43327.546464 62.892646621732894 65.44695297965893 499.64107266215365
60842 43747.546464 82.42772748487832 -13.184687845602895 498.16378414131106
60842 44167.546464 61.93325558609418 -85.11588112937869 490.18961216612166
60842 44587.546464 35.79248520439713 -94.02892622384148 487.6733254184426
60842 45007.546464 9.229034997108009 -98.27789377131258 491.54973698588674
60842 45427.546464 -17.37133745711523 -101.88686461506154 491.1663236555349
60842 45847.546464 -43.81738902576459 -106.81716966078095 495.61051985643695
60842 46267.546464 -69.55714718257678 -120.34870198587055 499.6985850315585
60842 46687.546464 -79.34533558961046 125.35277967273025 498.2350365486552
60842 47107.546464 -55.09916057636058 91.47467823922025 490.564300846443
60842 47527.546464 -28.765202312153434 84.69334716808636 483.0013400397414
60842 47947.546464 -2.113647860400802 80.80227699139556 479.21334365195713
60842 48367.546464 24.551209329460228 77.05233292911466 483.7655887722421
60842 48787.546464 50.948428182378365 71.12029333402934 489.70561876157467
60842 49207.546464 76.04991227356786 48.258423011407906 496.4754923871534
60842 49627.546464 73.39583559711996 -73.04617191586085 499.3910683819075
60842 50047.546464 47.977659992548254 -90.989881732544 496.3689637010564
60842 50467.546464 21.586608004154684 -96.44176792782608 492.043178623281
60842 50887.546464 -5.004411848758271 -100.11111187805211 491.83223199534683
60842 51307.546464 -31.537118738113932 -104.11030073567309 497.05611167769416
60842 51727.546464 -57.71092927929973 -111.5539448239585 503.8546351839321
60842 52147.546464 -80.98399318342668 -156.15515622127003 506.0230684666545
60842 52567.546464 -67.15766046750997 98.93043699355621 500.24997316547166
60842 52987.546464 -41.25901166693504 87.2620206552298 488.934781812433
60842 53407.546464 -14.724718432557626 82.58208528828133 480.0910005728223
60842 53827.546464 11.977278134758068 78.97654250464265 477.90515283724466
60842 54247.546464 38.57026298854622 74.52188799845693 483.92445395770716
60842 54667.546464 64.63855922786388 64.34868899006584 486.46917169611453
60842 55087.546464 82.07391506993004 -27.0975917491447 487.91812224127966
60842 55507.546464 60.0344381285036 -86.09268618942446 488.0490200204552
60842 55927.546464 33.81404809557509 -94.29087578133213 486.27666416007435
60842 56347.546464 7.236375324995999 -98.41753544957528 487.98111398967194
60842 56767.546464 -19.358431821061295 -102.04818197510019 495.91533305443835
60842 57187.546464 -45.71897170570308 -107.18846609032238 507.4140472272873
60842 57607.546464 -71.23202191995108 -122.33970066139813 515.6788031024528
60842 58027.546464 -78.09854402951869 119.6323170662546 514.8512603982043
60842 58447.546464 -53.56561015884939 90.99218624820571 504.43341833380777
60842 58867.546464 -27.28163263987092 84.56926899238533 490.0149738833345
60842 59287.546464 -0.6524720577195826 80.73884062486944 479.2782623864769
60842 59707.546464 26.03496909800412 76.94275908091846 476.85156516155115
60842 60127.546464 52.479924993798456 70.71646100612809 481.22198677966355
60842 60547.546464 77.38541205906779 44.32363356306135 487.1240121996293
60842 60967.546464 71.86670385963292 -75.43905457970297 487.487165727807
60842 61387.546464 46.205781590596054 -91.3722093696717 483.829475542621
60842 61807.546464 19.70273167106016 -96.59595523322233 481.84297266215157
60842 62227.546464 -6.95358870673236 -100.23961875499793 486.4566717152682
60842 62647.546464 -33.49267561050732 -104.34175798917879 497.6866212336876
60842 63067.546464 -59.595244410057255 -112.36316650504799 509.91289326402176
60842 63487.546464 -81.8564372399699 -167.22151292948138 515.9465780062432
60842 63907.546464 -65.45953514952488 97.59103875332636 511.9267229085022
60842 64327.546464 -39.57072856056672 87.00365508388543 500.3303557744354
60842 64747.546464 -13.089542117436583 82.48408805597845 488.03672286020634
60842 65167.546464 13.566374987071093 78.88872375655892 481.7045642202456
60842 65587.546464 40.13684916318944 74.30813499101099 482.63231759157446
60842 66007.546464 66.16315547402132 63.26822445296425 486.6660940746795
60842 66427.546464 81.459241693253 -37.26836702759992 490.39028558552224
60842 66847.546464 58.50699166718351 -86.75874806242379 485.54286321204637
60842 67267.546464 32.21058852162828 -94.46179807703352 478.6947588843934
60842 67687.546464 5.54913521401824 -98.51049788221113 476.7566987286646
60842 68107.546464 -21.135518885507427 -102.18199789998711 483.6806045628997
60842 68527.546464 -47.56125289678466 -107.57731573660607 496.8029108816452
60842 68947.546464 -72.98766106531771 -124.91733041995684 508.1823342391653
60842 69367.546464 -76.51267388099626 114.33647438183698 511.88300844094596
60842 69787.546464 -51.622292040554555 90.41540883832965 506.75320232653826
60842 70207.546464 -25.345029069465717 84.38241882326795 497.44060418137377
60842 70627.546464 1.219319190175477 80.6245647268513 490.31275108262895
60842 71047.546464 27.806819907240236 76.781013548534 489.2570303863461
60842 71467.546464 54.131256893987185 70.22861451610181 492.1002961401512
60842 71887.546464 78.6387594024666 39.50568498915063 493.39733574656583
60842 72307.546464 70.40875431676368 -77.3199012473376 489.42264177407634
60842 72727.546464 44.63833622717326 -91.66568611500891 485.37279955083125
60842 73147.546464 18.115870018774988 -96.69856573775903 479.8708945871595
60842 73567.546464 -8.569956096559412 -100.32549510373106 481.5336872853592
60842 73987.546464 -35.14626058996314 -104.53287277052043 490.59008044258456
60842 74407.546464 -61.266130453210394 -113.16944439058521 501.4223077644684
60842 74827.546464 -82.34186153718082 -179.68338848139612 508.3066104555555
60842 75247.546464 -63.70154412997491 96.40616741610204 506.7000507072856
60842 75667.546464 -37.7183211853538 86.731516292876 498.8916146701572
60842 76087.546464 -11.229685803641042 82.35805152539879 491.25869357173696
60842 76507.546464 15.383376946974506 78.7628974963316 489.03024310338446
60842 76927.546464 41.87060765090044 74.03157181453345 492.2457435198916
60842 77347.546464 67.74406839705625 61.95281363338463 496.1739359234819
60842 77767.546464 80.59745044200848 -45.91029294574577 495.5133942105936
60842 78187.546464 56.952695394731805 -87.3633396957611 488.4393922980435
60842 78607.546464 30.685261191404088 -94.60776563049225 488.7038068957125
60842 79027.546464 4.104948088331158 -98.57192700716323 483.70205008965104
60842 79447.546464 -22.539132168126375 -102.2682122858705 486.05947204127443
60842 79867.546464 -48.95040771250913 -107.86943709734312 493.5467841550845
60842 80287.546464 -74.27587102048363 -127.21162971941229 500.0218320967906
60842 80707.546464 -75.21874587526018 111.08209507331463 500.3710441077211
60842 81127.546464 -50.02482199080419 90.01084649715385 494.390053005988
60842 81547.546464 -23.633598971481028 84.23964495784614 487.29015836222356
60842 81967.546464 2.997468007823208 80.5189027142826 485.03212031801377
60842 82387.546464 29.594449843295212 76.6010269302327 489.6008575136517
60842 82807.546464 55.89315511765395 69.6307349597643 492.75500748371536
60842 83227.546464 79.89511308317408 32.828966676988614 499.02955517456473
60842 83647.546464 68.81034984686806 -79.05395741637376 498.944760538863
60842 84067.546464 43.013109900734925 -91.95022480203382 493.5449643637086
60842 84487.546464 16.539729693058604 -96.7968616583735 488.3755339044807
60842 84907.546464 -10.086689398860516 -100.402005857311 488.6873555658312
60842 85327.546464 -36.6396641586452 -104.70717425939195 486.92043775208424
60842 85747.546464 -62.76065514151216 -113.9731734020397 490.54725099201835
60842 86167.546464 -82.43348646092413 168.02917427657167 496.4757580919069
