CIC_AEM_VERS = 1.0
CREATION_DATE = 2025-01-28T14:22:26.187Z
ORIGINATOR = CS Group

META_START
OBJECT_NAME = Sat
OBJECT_ID = Sat
CENTER_NAME = null
REF_FRAME_A = EME2000
REF_FRAME_B = SC_BODY_1
ATTITUDE_DIR = A2B
TIME_SYSTEM = UTC
START_TIME = 2025-01-27T16:39:52.118208
STOP_TIME = 2025-01-29T00:00:00.0
ATTITUDE_TYPE = QUATERNION
QUATERNION_TYPE = LAST
META_STOP

60702 59992.118208 -0.6481933260840548 0.3820547371147821 0.3332444866304639 -0.5681792868440767
60702 60412.118208 -0.542762108247509 0.5211045815142401 0.19338593117710443 -0.6296516422581239
60702 60832.118208 -0.4083068451057482 0.6320349010690631 0.04326251635079083 -0.6572258049935408
60702 61252.118208 -0.2521275562102384 0.7089740343116543 -0.10903102926260218 -0.649538104139586
60702 61672.118208 -0.08252137419279425 0.7479291664835312 -0.2554286243085594 -0.607081874715775
60702 62092.118208 0.09151339961059303 0.7468576775494848 -0.38815559924986964 -0.5321316922981343
60702 62512.118208 -0.2607381248942932 -0.7057951535038539 0.5001325129225446 0.42864472589180436
60702 62932.118208 -0.41606670661140105 -0.6269001774954515 0.5853213545714082 0.3021317179450141
60702 63352.118208 -0.5491745886935671 -0.5143425336271803 0.6391237034005224 0.1593107685840022
60702 63772.118208 -0.6528524059840245 -0.37412269179330476 0.6586003641416518 0.007842693331126995
60702 64192.118208 -0.7214728766084227 -0.21374084794681888 0.6426662006490134 -0.14412457382661895
60702 64612.118208 -0.7512969804628156 -0.04179930961780151 0.5921432506406055 -0.28839562337821284
60702 65032.118208 -0.7406764364517687 0.13248452016437087 0.5097044237393363 -0.4171902070069196
60702 65452.118208 -0.6901821114093989 0.29961334151440305 0.3998278019581978 -0.5234675037271308
60702 65872.118208 -0.6025901969880026 0.45055815191594406 0.268474297877701 -0.6015014194622691
60702 66292.118208 -0.48272228992698457 0.577172396027938 0.12279517013441932 -0.6471263881674709
60702 66712.118208 -0.3370262328546797 0.6727574643652967 -0.029424561161555757 -0.6579854920201582
60702 67132.118208 -0.17338454617786228 0.73221743926791 -0.17996513047628468 -0.6335676543126985
60702 67552.118208 -5.215164154157494E-4 0.7524514370615881 -0.3208085854147906 -0.5752377025271728
60702 67972.118208 0.17238642537776103 0.7324115226406352 -0.4444687216060209 -0.486110931128496
60702 68392.118208 -0.33614474460397364 -0.6731456038173872 0.5443457996942871 0.3709034336476835
60702 68812.118208 -0.4819647342948466 -0.5777879244775169 0.6150552479437964 0.2357501881247528
60702 69232.118208 -0.6019888182089435 -0.45141585055659567 0.6527711523115198 0.08788068802390625
60702 69652.118208 -0.6897392066915139 -0.30077156499627206 0.6554383703663622 -0.06478298460044808
60702 70072.118208 -0.740459109493828 -0.1339054614746771 0.6228771001149975 -0.2140414742688724
60702 70492.118208 -0.751372903296347 0.04024210805194391 0.5567953873556754 -0.35184972580776225
60702 70912.118208 -0.7218579188446681 0.2122742652196123 0.46073072582108854 -0.470731324229747
60702 71332.118208 -0.6535174246478587 0.3728724606196568 0.3398788754948027 -0.5642370546015756
60702 71752.118208 -0.5500699401593467 0.5133813988882157 0.20076677942107402 -0.627339860434168
60702 72172.118208 -0.41704684753254445 0.6262989145612705 0.05082418669695075 -0.6566875197756804
60702 72592.118208 -0.2613983416969766 0.70560716200372 -0.10206035282365791 -0.6506712874168008
60702 73012.118208 -0.09128158817165284 0.7469107212810421 -0.2497499495143962 -0.6094399140307851
60702 73432.118208 0.08364516396104511 0.7477823859136464 -0.3838033033247741 -0.5352756432159189
60702 73852.118208 -0.25388652148122676 -0.7082946601590678 0.4969765627854244 0.4322899543619978
60702 74272.118208 -0.41020409389232354 -0.6307648549490037 0.5831930272755401 0.30619306336416446
60702 74692.118208 -0.544234225810051 -0.519583531430522 0.6379472703991373 0.163906502352445
60702 75112.118208 -0.6489647831067922 -0.38084579786234707 0.658505882146535 0.01308402522773977
60702 75532.118208 -0.718988735354135 -0.22198709717184728 0.643939111640548 -0.13827272913579328
60702 75952.118208 -0.7507161067169622 -0.05134545224402397 0.5950873831110912 -0.2822409929680247
60702 76372.118208 -0.7424580758495378 0.12218066607767951 0.514475761349415 -0.41126947543740255
60702 76792.118208 -0.694508855807255 0.28947487947418166 0.40622518881662173 -0.5185005683021049
60702 77212.118208 -0.6092295004092735 0.44156110167855067 0.27596957435633485 -0.59808360899215
60702 77632.118208 -0.491017319672026 0.5701510280619884 0.13060586114233355 -0.6455787372716255
60702 78052.118208 -0.34615633415822766 0.668121826860769 -0.022014087460032965 -0.6582586093228617
60702 78472.118208 -0.18249980321765027 0.7300149556014908 -0.1735428514622852 -0.63533838631867
60702 78892.118208 -0.009101351129956678 0.7524134218205565 -0.3155767333960948 -0.578102528459218
60702 79312.118208 0.16468882221630615 0.7341983190933514 -0.44047720709421245 -0.48970424759030406
60702 79732.118208 -0.3294598249544258 -0.6764603466127376 0.5415089680892534 0.37500088090627987
60702 80152.118208 -0.47632581987855577 -0.5824643322890543 0.6132816399669342 0.24028034669434692
60702 80572.118208 -0.5974548578374691 -0.4574219982408001 0.652063992346891 0.09287280687282316
60702 80992.118208 -0.6865121997601231 -0.30809910010552544 0.6559380619777426 -0.059339724835605685
60702 81412.118208 -0.7388822052439911 -0.1424264771721569 0.6247999146526434 -0.2083095101625351
60702 81832.118208 -0.7518311821677017 0.030888850073721663 0.5603083534143585 -0.3461940229922082
60702 82252.118208 -0.7246126042833502 0.20273273548008183 0.465802552601067 -0.4656865830886629
60702 82672.118208 -0.6585418243424143 0.36396064109614695 0.3461993407640845 -0.560358219159102
60702 83092.118208 -0.5569994962602766 0.505877599831914 0.20779861397860022 -0.625027320349017
60702 83512.118208 -0.4253585046622019 0.6207019840597143 0.05803319833117647 -0.6560726616673827
60702 83932.118208 -0.27069475257546616 0.7021096426035025 -0.09497664106718431 -0.6517252782751981
60702 84352.118208 -0.10132483820408607 0.7456314097021971 -0.24294496545709582 -0.612164048101063
60702 84772.118208 0.07335143807167555 0.7488792174630383 -0.37765061370606307 -0.5396105059690725
60702 85192.118208 -0.24412512569049322 -0.7117338289625098 0.49199606746595687 0.4379243648336999
60702 85612.118208 -0.40184023523820894 -0.636139808328411 0.5798173649044764 0.31250982857955467
60702 86032.118208 -0.5378323108229321 -0.5262212374328893 0.6362794371923953 0.17022365439501108
60703 52.118208 -0.6446731408314335 -0.38808452009587957 0.6583534821334955 0.018911354134138497
60703 472.118208 -0.7167288159850026 -0.22921310845593462 0.6449768859392061 -0.13328905376237224
60703 892.118208 -0.7502231554096175 -0.058255815098036026 0.5970026672677693 -0.2781353849650734
60703 1312.118208 -0.7435170403062054 0.11563968556511334 0.5171175765254827 -0.4079206858509554
60703 1732.118208 -0.6970822996328996 0.2832505623095752 0.40963995959935445 -0.5157911301963783
60703 2152.118208 -0.6134433486981383 0.4357061843997708 0.28029536212998657 -0.5960552732609845
60703 2572.118208 -0.497033695079647 0.5649273778120492 0.13592966031672943 -0.6444669822419559
60703 2992.118208 -0.3539885972215045 0.6640174654314805 -0.015810907245980003 -0.6584245544108779
60703 3412.118208 -0.1918373185146944 0.7276289423716812 -0.16687027259791248 -0.6371097845515
60703 3832.118208 -0.019169141157850886 0.7522366634210516 -0.30916224262176994 -0.5815421343028481
60703 4252.118208 0.15484078298737985 0.736350109259598 -0.43502587509639074 -0.4945354754856854
60703 4672.118208 -0.3206298648676157 -0.680699652301651 0.537467019274418 0.380754089017647
60703 5092.118208 -0.4691375554934696 -0.5882755389764476 0.6108572941507026 0.2463639796124096
60703 5512.118208 -0.5922326868083413 -0.46416959692222914 0.6511973274365678 0.09873738252708517
60703 5932.118208 -0.6832791057369969 -0.3152145374172968 0.6563896063755404 -0.054056856236857485
60703 6352.118208 -0.7374711628765515 -0.14958727481096118 0.6263119716330051 -0.20369890851282102
60703 6772.118208 -0.7520938168169189 0.023852316135605726 0.5627217935526473 -0.34224280968578125
60703 7192.118208 -0.7264983014471014 0.19588627839551942 0.4690946331451371 -0.46236242179188725
60703 7612.118208 -0.6621167987653429 0.35741793914463954 0.3504303838007712 -0.5577206358738912
60703 8032.118208 -0.5623819692315014 0.4998862975367115 0.21302036500368504 -0.6232676265554257
60703 8452.118208 -0.43254316139394794 0.6157142336356859 0.06412701344678838 -0.6555075302207782
60703 8872.118208 -0.2794351668253315 0.6986743731045638 -0.08835236138636463 -0.6526591515835023
60703 9292.118208 -0.11114779438986717 0.7442291824507047 -0.23628339915750504 -0.6147676366511162
60703 9712.118208 0.06333865523499589 0.7497900936785581 -0.37168235009953965 -0.543741906421608
60703 10132.118208 -0.2345102241288385 -0.7149534369526359 0.4870991483590653 0.4433745114872173
60703 10552.118208 -0.39316895052421896 -0.6415251609600561 0.5762860074289109 0.3189954260495024
60703 10972.118208 -0.5306148604891233 -0.5334871490596922 0.6343316339831142 0.17737730899013635
60703 11392.118208 -0.6393441701421756 -0.3967894222219641 0.658107862326837 0.026291216433891068
60703 11812.118208 -0.7135946523526855 -0.2387727118263937 0.6464135520099908 -0.12617362639849414
60703 12232.118208 -0.7493894033811874 -0.06809689146152592 0.5999716096199204 -0.2716843814490391
60703 12652.118208 -0.7449428079121156 0.10604109203228194 0.5213964179388825 -0.40244412668234586
60703 13072.118208 -0.7006262730142726 0.27435023645171996 0.4149768091386023 -0.5115163938703816
60703 13492.118208 -0.6188999497740151 0.427898945161935 0.2864298434210454 -0.5931469376948856
60703 13912.118208 -0.5041532098971429 0.5585594908098911 0.14259741675150858 -0.6430449540369625
60703 14332.118208 -0.3624768007552017 0.6593998176348131 -0.008890602998635849 -0.6585768038701102
60703 14752.118208 -0.20133107128299674 0.7250402860530566 -0.16002002067018872 -0.6388865128650434
60703 15172.118208 -0.029210932419618113 0.7518954703519423 -0.3027514217753517 -0.5849286278721629
60703 15592.118208 0.1447351744966262 0.7383824532383908 -0.42940415968797335 -0.49945485246992305
60703 16012.118208 -0.3110666632836076 -0.6851012560730574 0.5330197646388783 0.3869931917037254
60703 16432.118208 -0.4607714752486275 -0.5948263168101262 0.607937724208525 0.2535409708734708
60703 16852.118208 -0.5856249321488288 -0.47244567693891726 0.650018971548877 0.10636661982947551
60703 17272.118208 -0.6788040113929638 -0.32469113979166486 0.6569952466675862 -0.04645453383479627
60703 17692.118208 -0.7354174744585705 -0.15928477381585954 0.628502424200341 -0.19691166005522076
60703 18112.118208 -0.7523136173699669 0.014522278449205697 0.5661539820460869 -0.33657539001198206
60703 18532.118208 -0.7287443924399102 0.18729338454164432 0.4734623261619457 -0.45791508415823284
60703 18952.118208 -0.6661700800773754 0.34976781070060714 0.3555375310659441 -0.5545024499593671
60703 19372.118208 -0.5681097904576521 0.49333314277691526 0.2187711084070149 -0.6212993468130967
60703 19792.118208 -0.43987141250385225 0.6104736798164765 0.07044206166599595 -0.6548839154090135
60703 20212.118208 -0.2882439279276021 0.6950652297415073 -0.08162293960931373 -0.6535575415728804
60703 20632.118208 -0.12115041031937869 0.7426478975716823 -0.22944576595895533 -0.6173745368860903
60703 21052.118208 0.05267101666893389 0.7505979288863089 -0.3652134307020898 -0.548131063879301
60703 21472.118208 -0.22403645824672253 -0.7182892362411796 0.4816377754156205 0.44932537405428136
60703 21892.118208 -0.3836506471716748 -0.6472441592490664 0.5722983165791984 0.3261315932002598
60703 22312.118208 -0.5227631974886325 -0.5411574015693906 0.6321326911222145 0.18513661683392865
60703 22732.118208 -0.633664159970634 -0.4057625986314344 0.6577748264306801 0.03404002988636786
60703 23152.118208 -0.7102410626487935 -0.24851492292363223 0.6478255139744103 -0.11882789847323301
60703 23572.118208 -0.748397626490582 -0.07808277135705663 0.6029417030687173 -0.2650761705266237
60703 23992.118208 -0.7462456554734948 0.09632562679541129 0.5256838492005438 -0.3968567575323685
60703 24412.118208 -0.7040782487082757 0.26533133346745047 0.42033525369880675 -0.5071403924696116
60703 24832.118208 -0.624318740697151 0.4199382652047561 0.2926274098509748 -0.5901247007498102
60703 25252.118208 -0.5113339602606859 0.5519867785364704 0.1494095762888547 -0.6415021090520573
60703 25672.118208 -0.37114755802756316 0.6545567962642149 -0.0017386879175033526 -0.6586363697814062
60703 26092.118208 -0.211124975935947 0.7222493528479946 -0.1528607784459964 -0.6406369480911812
60703 26512.118208 -0.03963730487076229 0.7514200888791334 -0.2959851826480276 -0.5883787094586881
60703 26932.118208 0.13427602647843512 0.740360913242023 -0.42347013312505416 -0.5044885659830649
60703 27352.118208 -0.30128112486403785 -0.68946375125933 0.5283735291306108 0.39330755550095453
60703 27772.118208 -0.4522902668665746 -0.6013025098192436 0.6048903155603657 0.26072305675586605
60703 28192.118208 -0.5789576867314229 -0.4805961892887927 0.648732363080704 0.1139369163503029
60703 28612.118208 -0.6743032980663336 -0.3339451692098794 0.6574759288318686 -0.039001143379675286
60703 29032.118208 -0.7331567736486887 -0.1694073687707171 0.6307099146886507 -0.18970316858888417
60703 29452.118208 -0.7524478656506792 0.00415138937868438 0.56996208797452 -0.3300730127042949
60703 29872.118208 -0.7312386369381881 0.1773264375562459 0.47860485484698956 -0.4525293176240446
60703 30292.118208 -0.6708095070074308 0.34079980634427687 0.3616497114106531 -0.5505266419899605
60703 30712.118208 -0.574543058162482 0.4858423815015761 0.225446937024881 -0.6188950906577617
60703 31132.118208 -0.4476699376943197 0.6047930589798023 0.07729447594029086 -0.6540967410740809
60703 31552.118208 -0.2969792185448639 0.6913924715970708 -0.07492260718649492 -0.6543442495382332
60703 31972.118208 -0.1304122671204108 0.7410924681645369 -0.22317251684211778 -0.6196520168131984
60703 32392.118208 0.043281326192536496 0.7512146522442926 -0.359612812323037 -0.551798784222671
60703 32812.118208 0.21491683177920298 0.7210882081492396 -0.47695443482864264 -0.4542653614170891
60703 33232.118208 -0.37523413117489945 -0.6521811542932875 0.5687825396887984 0.33218294858594694
60703 33652.118208 -0.5155376948858451 -0.5480708793137526 0.6300475251683956 0.19203987197772043
60703 34072.118208 -0.6281130045979704 -0.4143390848827464 0.6573286442996628 0.04142740127748587
60703 34492.118208 -0.7067941779600423 -0.25821590876680983 0.649107829723307 -0.1114699953055389
60703 34912.118208 -0.7473043345776954 -0.08812098303605619 0.6058158946409742 -0.2583757451281042
60703 35332.118208 -0.7474435260409013 0.08672424343055565 0.5298016092307316 -0.39130210303226
60703 35752.118208 -0.7072524100920864 0.2568065070376625 0.4252315928822677 -0.5030134578486539
60703 36172.118208 -0.6290238369547138 0.4128889294433933 0.2978561227040499 -0.5874806164066761
60703 36592.118208 -0.5171453482998689 0.5465679682779062 0.15465682874854453 -0.6402385571845953
60703 37012.118208 -0.3777451291008517 0.6507894134425466 0.0033565033139783896 -0.6586125497416446
60703 37432.118208 -0.21834669909188376 0.7201158520597319 -0.14795127338809813 -0.6417696621926007
60703 37852.118208 -0.047376826984122905 0.7509891247931147 -0.291290302686506 -0.5906951246355362
60703 38272.118208 0.12618631681281625 0.7418004908747142 -0.41912091198889817 -0.5080813973379097
60703 38692.118208 -0.29320102793308256 -0.6929580728703111 0.5246591789076475 0.3982147818085129
60703 39112.118208 -0.44472718364271335 -0.6069392446219539 0.6021866400716924 0.26685901893344044
60703 39532.118208 -0.5725740930980685 -0.4882124824369287 0.6474370552540432 0.12096586043040852
60703 39952.118208 -0.6697269940288656 -0.3430733846406145 0.6578497920859833 -0.031623682149956665
60703 40372.118208 -0.7308171388539514 -0.1793204330935779 0.6327673675647135 -0.1826361146588443
60703 40792.118208 -0.7524588913299703 -0.0057489115475073 0.5734679768809162 -0.3238935725922941
60703 41212.118208 -0.7335006400088225 0.16781665543437013 0.48336357658344914 -0.4474081292264655
60703 41632.118208 -0.6750638838158093 0.3323344066535743 0.3672401425753243 -0.5467881423394146
60703 42052.118208 -0.5803214787979074 0.47894958295499307 0.23135556921248376 -0.6166918832183668
60703 42472.118208 -0.45441816653101097 0.5997559427641848 0.08305701674624547 -0.6533746788901849
60703 42892.118208 -0.30402439889004323 0.688337851430374 -0.06978979379709618 -0.654896596303205
60703 43312.118208 -0.136889612759981 0.7399373102857122 -0.21920688126780075 -0.6210493973674015
60703 43732.118208 0.03763186952168375 0.7515322941861793 -0.3567562537998905 -0.5536316722932579
60703 44152.118208 0.2100461620200162 0.722535119837319 -0.4749488192825664 -0.4563411327991683
60703 44572.118208 -0.3709845087022671 -0.6546207823539382 0.5673912708229075 0.3345284313884567
60703 44992.118208 -0.5117512637778503 -0.5516221613487091 0.6291601688390929 0.1948874472025225
60703 45412.118208 -0.6248603858129799 -0.41924416083834887 0.6570827253400738 0.04501248609290211
60703 45832.118208 -0.7044137482223006 -0.26466794240890096 0.6498372386085125 -0.1070687391076927
60703 46252.118208 -0.7463318240404674 -0.0960921391528322 0.6079288673734912 -0.2533329852811233
60703 46672.118208 -0.7484535018562322 0.07763616657483098 0.5335928336905461 -0.3860941193968141
60703 47092.118208 -0.7106121514986822 0.2473877212195328 0.4306883107098228 -0.49833449062867397
60703 47512.118208 -0.6346945486618013 0.40412805234871035 0.304583794936435 -0.5840137490384538
60703 47932.118208 -0.5246022342598421 0.5394172760503362 0.1619171204361283 -0.6384389902079052
60703 48352.118208 -0.38614191794045993 0.6458416508389416 0.01033142173325108 -0.6585409956683511
60703 48772.118208 -0.22673051210099307 0.7175188795127942 -0.14196541767327922 -0.643121880058498
60703 49192.118208 -0.05499498729918033 0.750469037682227 -0.2866757897282701 -0.5929492106714942
60703 49612.118208 0.1195282304207885 0.7429018151072436 -0.4157513761899127 -0.5108431152898428
60703 50032.118208 -0.2875185250862345 -0.6953348049637363 0.5223283269528983 0.4012676483357028
60703 50452.118208 -0.43997832320435626 -0.6103886151158613 0.6007260045721632 0.2701353014287277
60703 50872.118208 -0.5686847027999081 -0.49272966748843977 0.6467585146512462 0.12457370229797815
60703 51292.118208 -0.666832736842209 -0.34865329546542345 0.6580344713230987 -0.02766975220632026
60703 51712.118208 -0.7291393248115183 -0.18600607920886722 0.6340024042797868 -0.17832143695640623
60703 52132.118208 -0.7523564037219796 -0.01347835265897862 0.5760210323380819 -0.31933985985513946
60703 52552.118208 -0.735294273653007 0.15975907193987357 0.48720595878374157 -0.44322649265541686
60703 52972.118208 -0.6788651754406608 0.32449204187153075 0.3722749264583374 -0.5433768190366652
60703 53392.118208 -0.586036805584597 0.47193206700748186 0.23731601049953355 -0.6144282690362091
60703 53812.118208 -0.46178373129982275 0.5940939501763058 0.08959192009679329 -0.6525193113802042
60703 54232.118208 -0.3127462576553769 0.6844089536120059 -0.06298458932638192 -0.655596754145155
60703 54652.118208 -0.14687982392575005 0.7380107411245352 -0.21224105698463508 -0.6234742954111258
60703 55072.118208 0.026954440930676865 0.7519833183834974 -0.3501612727580992 -0.5578365621286279
60703 55492.118208 0.1995311674469682 0.7254990237531852 -0.46936261744217805 -0.4621008689650486
60703 55912.118208 -0.36139126484602246 -0.6599486788625005 0.5632678571136961 0.3414577808502496
60703 56332.118208 -0.5037706682010161 -0.5588945407544172 0.6267946334205081 0.20243639418459702
60703 56752.118208 -0.6190308993751447 -0.42777162182690276 0.6565487959257966 0.052496321268900026
60703 57172.118208 -0.7010780864973308 -0.27333402356267833 0.6508950667908072 -0.10056659596341522
60703 57592.118208 -0.7452326144468707 -0.10415927018483552 0.6100718672829316 -0.24817637588852234
60703 58012.118208 -0.7491274224294161 0.0706722130128981 0.5362790380895314 -0.3823850632253901
60703 58432.118208 -0.7125869493295979 0.2415934901162541 0.43357772893042373 -0.4958455184370638
60703 58852.118208 -0.6377166689340914 0.3993153538249473 0.3076280574643644 -0.5824342680714841
60703 59272.118208 -0.5287366514621116 0.5353496026598198 0.16533997860559096 -0.6375743468861569
60703 59692.118208 -0.39163101182096094 0.6425173681972554 0.014398457629272042 -0.6584749551523286
60703 60112.118208 -0.23380006516084606 0.7152385363534252 -0.13713047103458298 -0.6441790120452758
60703 60532.118208 -0.06358643921151906 0.7497834026744763 -0.2812731848051322 -0.5955392592700015
60703 60952.118208 0.11008526001343731 0.744351919324299 -0.41045771938914344 -0.515117381108296
60703 61372.118208 -0.27808358467137956 -0.699148968757485 0.5178325485882647 0.4070745521943657
60703 61792.118208 -0.4314265139856628 -0.6164408537272307 0.5975853981393066 0.27706231937401415
60703 62212.118208 -0.5618272622720966 -0.5005079067038308 0.645315660129012 0.1319456762726526
60703 62632.118208 -0.6621207979653609 -0.35748671610505683 0.6583160042136919 -0.02047767824375032
60703 63052.118208 -0.7267535725798536 -0.19506205534674356 0.6357824865574864 -0.17193216421921426
60703 63472.118208 -0.7521386473977709 -0.022090524131275546 0.5789076744495217 -0.3141104396509351
60703 63892.118208 -0.7369346234039328 0.1519401892494183 0.49085056172008823 -0.43921209657570737
60703 64312.118208 -0.6820178721478363 0.3177719040211095 0.37633760549040574 -0.5405947149015465
60703 64732.118208 -0.5904250138483168 0.4663999975971524 0.24161593381521956 -0.6127732743765761
60703 65152.118208 -0.4672445775629679 0.5897866016335884 0.09406370705067289 -0.6519097240319336
60703 65572.118208 -0.31914308171367106 0.6814339100513095 -0.058412991231587275 -0.6560361591268148
60703 65992.118208 -0.1540968058249042 0.7365244629078478 -0.20763531709322003 -0.6250387708522296
60703 66412.118208 0.019127325706487702 0.7522116290791345 -0.3456926317829503 -0.5606321564273761
60703 66832.118208 0.19136835929008528 0.7276854798233697 -0.4652706060938561 -0.46623519453373424
60703 67252.118208 -0.3535028084447472 -0.6642002614649133 0.5600008520718543 0.3468037236974458
60703 67672.118208 -0.4968151709838069 -0.5650808892593668 0.6247491852145864 0.2086785327911903
60703 68092.118208 -0.6135707696295396 -0.43556054887785023 0.6559808393689162 0.05922041285142035
60703 68512.118208 -0.6974142748583495 -0.28254119065515393 0.6519458217538693 -0.09354384161794257
60703 68932.118208 -0.7437537846817335 -0.1142245376851333 0.6128000988763248 -0.24136922251890727
60703 69352.118208 -0.750023055194922 0.060403995699720235 0.5405703493527261 -0.37629838078346134
60703 69772.118208 -0.7158541351460521 0.23172321297527412 0.43921497659409514 -0.4908639466269262
60703 70192.118208 -0.6431562320254623 0.39048429959658937 0.3142426303800729 -0.5788986459020126
60703 70612.118208 -0.5359606144226355 0.5281068061078155 0.1724730050483686 -0.6356905565288025
60703 71032.118208 -0.40012761100319494 0.6372517986519818 0.021571195616386003 -0.6582877209453095
60703 71452.118208 -0.24303709026203832 0.7121466091531897 -0.1303275473547016 -0.6455965537617777
60703 71872.118208 -0.07305494006045794 0.748915762959107 -0.27515949491571057 -0.5983940241027418
60703 72292.118208 0.10083096634249504 0.7456606678974806 -0.4052668993312533 -0.5192128897509706
60703 72712.118208 -0.2694249342296844 -0.7025339714054025 0.5137428077701569 0.41221905742107423
60703 73132.118208 -0.4237251737329573 -0.6217699370625854 0.594756407658665 0.28306172128905654
60703 73552.118208 -0.5554495084119043 -0.5075886926438656 0.6439145121241089 0.13857728450592416
60703 73972.118208 -0.6574338577097256 -0.36604898576349154 0.6584882618873849 -0.013493395234647362
60703 74392.118208 -0.7241008291457056 -0.2047174497244353 0.6376188316057563 -0.16495751147048435
60703 74812.118208 -0.75177950674302 -0.03226864917712477 0.5823734506861711 -0.30761578544897056
60703 75232.118208 -0.7389518174431611 0.141856657453353 0.4957769636391589 -0.4336266857082799
60703 75652.118208 -0.686263938648247 0.30851943596942455 0.38234528758800507 -0.5363484363726151
60703 76072.118208 -0.5965567871605767 0.4585496608273623 0.24826220379381528 -0.6100967844655465
60703 76492.118208 -0.47476195670813176 0.5837689284676327 0.10085971068003846 -0.6508780541545065
60703 76912.118208 -0.32748260617423797 0.6774800549140644 -0.0519080726966177 -0.6565679476153918
60703 77332.118208 -0.16279196250486783 0.7346660555488184 -0.201707205800781 -0.6269599404237846
60703 77752.118208 0.010438681346555352 0.7523980144772964 -0.3405121558380383 -0.5637727675836237
60703 78172.118208 0.1829754383957567 0.7298580532761703 -0.4609627083220197 -0.4704684819923948
60703 78592.118208 -0.34567170626900906 -0.6683271013645101 0.5566971389294865 0.3520486508630702
60703 79012.118208 -0.48989600491130747 -0.5711093412340372 0.6226487807017242 0.21481275711144424
60703 79432.118208 -0.6079922790442772 -0.44333707773159514 0.6553159973409333 0.0660194498614867
60703 79852.118208 -0.6936265570196547 -0.29175136171623073 0.6529108138216837 -0.086433856378687
60703 80272.118208 -0.7421416670180566 -0.12435905872282668 0.6154727232377881 -0.23442247660899232
60703 80692.118208 -0.7508092960844204 0.04992661011612959 0.5448930106313397 -0.3699788392336024
60703 81112.118208 -0.7190286264732698 0.22173366829536525 0.44486161845287686 -0.4857264199976474
60703 81532.118208 -0.648427287887636 0.3817004458809027 0.32073955078329397 -0.5753024965184278
60703 81952.118208 -0.5428679529465446 0.5210264486416926 0.1793279028058767 -0.6337723004003095
60703 82372.118208 -0.40822342752092494 0.6321146797103313 0.028420329690528885 -0.6580098401833023
60703 82792.118208 -0.2517848478280831 0.7091180283266106 -0.1238792467805012 -0.6468461521285142
60703 83212.118208 -0.08203765174923022 0.7480023840723419 -0.26935242861949515 -0.6010087572692635
60703 83632.118208 0.0919550744433936 0.7468245349859923 -0.4002716368070801 -0.5230487501130723
60703 84052.118208 -0.26097105562568634 -0.705734269028278 0.5097178491606759 0.41715820007732274
60703 84472.118208 -0.41605749760699273 -0.6269416729316575 0.5918975511132378 0.28895948922437875
60703 84892.118208 -0.5489655558778792 -0.5146098716906204 0.6424318842015945 0.1452403958251401
60703 85312.118208 -0.6525738464825931 -0.3746659327770406 0.6585834899761973 -0.006371846984596292
60703 85732.118208 -0.7212753031516144 -0.21450165165279478 0.6394137498714549 -0.1578006177969352
60703 86152.118208 -0.7512767017360582 -0.04262928620252625 0.5858462535380592 -0.3009156503106361
