CIC_MEM_VERS = 1.0
CREATION_DATE = 2025-01-22T08:31:27.549869
ORIGINATOR = CS Group

META_START
OBJECT_NAME = BLUE1
OBJECT_ID = BLUE1
USER_DEFINED_PROTOCOL = NONE
USER_DEFINED_CONTENT = LLA
USER_DEFINED_SIZE = 3.0
USER_DEFINED_TYPE = REAL
USER_DEFINED_UNIT = [deg] [km]
TIME_SYSTEM = UTC
META_STOP

60696 72179.697024 0.12116954069998755 -26.123613279010794 626.04203756002
60696 72629.697024 27.66049816975902 -30.203679562144767 636.8987105967831
60696 73079.697024 54.84892036253963 -37.271975011052284 642.7928425686931
60696 73529.697024 79.68285022601114 -74.65352367615645 637.1720654777203
60696 73979.697024 67.80640070545867 173.45637105556088 617.8038235958888
60696 74429.697024 40.773116796440746 160.67706222220843 590.3822705141856
60696 74879.697024 12.889315915715262 155.71347003496388 566.3221973616818
60696 75329.697024 -15.253952057486375 151.7966541852135 555.9172711097921
60696 75779.697024 -43.27566179348158 146.55255261333733 561.4656771127123
60696 76229.697024 -70.4178384447635 131.3819936424214 576.76470828503
60696 76679.697024 -77.3797356754022 11.500292017113532 593.1826875472196
60696 77129.697024 -51.43714831363383 -16.192308364041537 606.1148208939177
60696 77579.697024 -23.9567554709862 -22.56707965771151 616.5870336762379
60696 78029.697024 3.672971939734113 -26.54021585395441 627.3992197124653
60696 78479.697024 31.18567133683576 -30.77133344861057 637.9075524829912
60696 78929.697024 58.29249559931696 -38.789884312325775 642.6291356476179
60696 79379.697024 81.5789984431626 -93.21887807790084 635.2240945936561
60696 79829.697024 64.43430201389282 170.55718823009718 614.3784505837928
60696 80279.697024 37.2083667098418 159.93459200982403 586.7632358799497
60696 80729.697024 9.269604788697752 155.26845536327747 564.0926414117495
60696 81179.697024 -18.87981303042156 151.32222878439663 555.880720775447
60696 81629.697024 -46.85181214638329 145.63060695843686 563.1829786492771
60696 82079.697024 -73.66290075741506 126.25784535536845 579.0845191403645
60696 82529.697024 -74.39713929464726 3.2713203287868473 595.1517839766655
60696 82979.697024 -47.92368032554895 -17.28593456502589 607.5741068962723
60696 83429.697024 -20.401571645414382 -23.066096705023025 617.9145842994357
60696 83879.697024 7.225918110219992 -26.96229470926695 628.7859324637564
60696 84329.697024 34.707558171125896 -31.390430419230192 638.889777758232
60696 84779.697024 61.712644643372 -40.65334659449737 642.326642429187
60696 85229.697024 82.22135816315198 -118.19373943747148 633.0950723073292
60696 85679.697024 61.009366053646076 168.310979997114 610.8578345087868
60696 86129.697024 33.63193596830854 159.26419850109198 583.1999313274921
60697 179.697024 5.64446728173261 154.83268469878445 562.0256954064175
60697 629.697024 -22.50572234063312 150.82263815266043 555.9936734099379
60697 1079.697024 -50.41833528368121 144.5661161935152 564.9371982849318
60697 1529.697024 -76.72221523466914 118.73155870944213 581.3419139762136
60697 1979.697024 -71.1993096127136 -2.2791545998244294 597.0590327110433
60697 2429.697024 -44.395446981046895 -18.23240686326901 609.058828532623
60697 2879.697024 -16.841207083170993 -23.540189691353408 619.3540654034327
60697 3329.697024 10.779365776879585 -27.392796992144635 630.270731495039
60697 3779.697024 38.22487948284561 -32.071137516260606 639.8442142735382
60697 4229.697024 65.0995428602281 -42.997168813540604 641.8482169917675
60697 4679.697024 81.32422341326836 -142.41769476629128 630.7393160266413
60697 5129.697024 57.546250068664385 166.51332045871538 607.2025614649901
60697 5579.697024 30.044441368035336 158.65063575219565 579.6864994402872
60697 6029.697024 2.014125235761363 154.4020217681801 560.1718580400694
60697 6479.697024 -26.13076972835664 150.2920588381078 556.3481955579603
60697 6929.697024 -53.97133234387983 143.31819102660862 566.8370680941009
60697 7379.697024 -79.43151101092468 107.10969659618053 583.6330999729813
60697 7829.697024 -67.88035988991412 -6.224795866522381 598.9697673841786
60697 8279.697024000001 -40.85762666747747 -19.06483638937191 610.5942463381544
60697 8729.697024000001 -13.278969754527425 -23.99502336742643 620.871178043741
60697 9179.697024000001 14.330673171817175 -27.83536261867107 631.7604335265974
60697 9629.697024000001 41.73520113525896 -32.82755927374752 640.6629695651635
60697 10079.697024000001 68.43659494848862 -46.03937686218116 641.1182137023244
60697 10529.697024000001 79.26316628283399 -159.7585222044963 628.127640035798
60697 10979.697024 54.05406083914088 165.03794102106832 603.4325550331055
60697 11429.697024000001 26.447190821281836 158.0835414930817 576.2779702991448
60697 11879.697024000001 -1.6199964869097996 153.97306400000548 558.5643556693352
60697 12329.697024000001 -29.75317674178631 149.72329010489776 556.9383676122031
60697 12779.697024000001 -57.50563417180295 141.8266290614853 568.8526370064209
60697 13229.697024000001 -81.45109551766829 88.94144594947242 585.9133340143103
60697 13679.697024000001 -64.48715478779184 -9.160743069166655 600.8427730717171
60697 14129.697024000001 -37.31189218539531 -19.806670750605704 612.1361776473076
60697 14579.697024 -9.715184820639488 -24.43489983257283 622.4322077810485
60697 15029.697024000001 17.8797307133287 -28.293808916822073 633.2498676976561
60697 15479.697024000001 45.23775584888814 -33.67782179520928 641.3338094979626
60697 15929.697024000001 71.69755761489655 -50.140685656432034 640.0993175834739
60697 16379.697024000001 76.56030756493911 -170.90673870247443 625.2199335943146
60697 16829.697024 50.53756604106311 163.7983092984178 599.5140351104967
60697 17279.697024 22.83930836829711 157.55320690183112 572.9469832180396
60697 17729.697024 -5.259241529676549 153.54198727293172 557.1989101840511
60697 18179.697024 -33.374068523503425 149.10758638491615 557.8005446652254
60697 18629.697024 -61.01660706293641 140.00381897530835 571.0594337515323
60697 19079.697024 -82.22529918306243 63.90823035309058 588.2947442413517
60697 19529.697024 -61.045740559645864 -11.430352341035606 602.8065261217465
60697 19979.697024 -33.760903099403535 -20.475459569896884 613.801276818052
60697 20429.697024 -6.152507200220126 -24.863280846397927 624.1076447100585
60697 20879.697024 21.423458097816745 -28.772042766678336 634.7453734447262
60697 21329.697024 48.728169567763494 -34.645047644950736 641.852005688174
60697 21779.697024 74.83038503048182 -55.92358235876471 638.8455899195277
60697 22229.697024 73.52880519329447 -178.18973854402444 622.1320237605048
60697 22679.697024 47.00559028700797 162.7380424492289 595.611743768135
60697 23129.697024 19.22779144596875 157.0533768650304 569.901557878428
60697 23579.697024 -8.895201308882989 153.10589885567728 556.2716809269355
60697 24029.697024 -36.983670984192706 148.43509614285244 559.0166721639724
60697 24479.697024 -64.48624316345305 137.72228895589882 573.3959074761153
60697 24929.697024 -81.41455165624008 39.04705935404841 590.6046176888734
60697 25379.697024 -57.57756591845437 -13.239831198622234 604.6186829295458
60697 25829.697024 -30.21013193089978 -21.085993111027708 615.3251716808023
60697 26279.697024 -2.593744135186532 -25.285033004435885 625.6517647507129
60697 26729.697024 24.96057367141892 -29.27670027017412 636.0877641796773
60697 27179.697024 52.204054564925485 -35.76482089523711 642.1963811230266
60697 27629.697024 77.73687016018202 -64.51978480901718 637.4440576360777
60697 28079.697024 70.31923193635454 176.8127689723947 619.0250234445581
60697 28529.697024 43.463261938350186 161.81855072741658 591.919874736285
60697 28979.697024 15.616929116649732 156.5783601353041 567.2546024862302
60697 29429.697024 -12.523266216061877 152.66038461144478 555.7183241789501
60697 29879.697024 -40.57740318858426 147.6909855638708 560.4294336423177
60697 30329.697024 -67.8969407259728 134.7727634982993 575.7196697879781
60697 30698.000352 0.2630248786952586 7.993182738228099 321.86319873005766
60697 30878.000352 0.8759637712979734 19.85180303681801 321.9244547171256
60697 31058.000352 1.4513812633527114 31.71429330927441 321.71102525972304
60697 31238.000352 1.964572384180135 43.58200626719519 321.38017821319215
60697 31418.000352 2.39358377973026 55.45860164708026 320.6656335570077
60697 31598.000352 2.719910348684327 67.34484622271515 319.57543454698146
60697 31778.000352 2.9293997925616213 79.2407508154981 318.1564027009297
60697 31958.000352 3.0128674005165794 91.14525465296573 316.46870131722676
60697 32138.000352 2.966522134963773 103.05653403588266 314.58287463520657
60697 32318.000352 2.7921616041393684 114.9724072514404 312.5778997263894
60697 32498.000352 2.4971285404956935 126.89078316925338 310.54071581061
60697 32678.000352 2.094020298370186 138.81007321110073 308.56190618073754
60697 32858.000352 1.6001601406885497 150.72945323953843 306.72851147927025
60697 33038.000352 1.036857335374856 162.64894522053692 305.1201421374052
60697 33218.000352 0.42847876284124586 174.5693391058245 303.80610436118656
60697 33398.000352 -0.19862818870439 -173.50806155262583 302.8412871664166
60697 33578.000352 -0.8172833904679498 -161.5818260501123 302.2662119497123
60697 33758.000352 -1.4006287906729995 -149.65079140016243 302.10864734946637
60697 33938.000352 -1.9232808409787656 -137.71441767365351 302.37868787163853
60697 34118.000352 -2.3624656224405656 -125.7730957010109 303.0632579176357
60697 34298.000352 -2.6990609014757223 -113.82830410222627 304.12901494887905
60697 34478.000352 -2.918460771310271 -101.88252756269429 305.5278086420497
60697 34658.000352 -3.0112281295597936 -89.93897830850447 307.19834082895784
60697 34838.000352 -2.9735114800353375 -78.0011882355641 309.0681333122182
60697 35018.000352 -2.8071859936875687 -66.07251096777387 311.05779054446674
60697 35198.000352 -2.5197162730212557 -54.15561296194355 313.08406161562834
60697 35378.000352 -2.123783050366915 -42.252059258255485 315.0616227070608
60697 35558.000352 -1.6366946293524511 -30.3620621947901 316.90676082218425
60697 35738.000352 -1.079587724792858 -18.484413556833264 318.5432368898461
60697 35918.000352 -0.4764709093221992 -6.616597590651492 319.9057181128502
60697 36098.000352 0.14680603862438826 5.2449071404428755 320.9376023030368
60697 36278.000352 0.7636135002451915 17.104150712468275 321.5897065456071
60697 36458.000352 1.347624208485788 28.96515650022248 321.82659782560097
60697 36638.000352 1.8738978729975908 40.83171114957031 323.40884800268105
60697 36818.000352 2.319626803568683 52.698609243898524 323.27421484515577
60697 36998.000352 2.6659762849379516 64.57361885364196 322.69013940910344
60697 37178.000352 2.8979980757332573 76.45699577220051 321.63611232460397
60697 37358.000352 3.005593586267728 88.34835714496197 320.162770464659
60697 37538.000352 2.983961702734332 100.2465016430416 318.33412014499305
60697 37718.000352 2.8338421957756563 112.14981132133396 316.22895617289873
60697 37898.000352 2.56151151935364 124.05667653848742 313.93711053009633
60697 38078.000352 2.1785302729529654 135.96586969498992 311.55572810331415
60697 38258.000352 1.7012634949874834 147.8768161770615 309.1877061566382
60697 38438.000352 1.1501946630115538 159.78972997021808 306.93793245358955
60697 38618.000352 0.5490598192731382 171.7055525201323 304.9055210328723
60697 38798.000352 -0.07615905875104521 -176.37429890426324 303.1784927132315
60697 38978.000352 -0.698350962059138 -164.4482853496289 301.8310972893171
60697 39158.000352 -1.2904702998605613 -152.51515765107024 300.91935093897956
60697 39338.000352 -1.8267381434545844 -140.5743773415205 300.47951563866604
60697 39518.000352 -2.2837701702869877 -128.62641605767809 300.5311521011547
60697 39698.000352 -2.6416008276077783 -116.6728645872183 301.0753135802997
60697 39878.000352 -2.8845958332404296 -104.71639323447548 302.0885159523279
60697 40058.000352 -3.0021951002552334 -92.76054994752536 303.52373880999687
60697 40238.000352 -2.989401346965581 -80.80935205993771 305.3170028568294
60697 40418.000352 -2.846983583818764 -68.86675057557775 307.39079025864476
60697 40598.000352 -2.581406630290083 -56.936098207636796 309.65611649201674
60697 40627.44432 -0.261796825766403 -172.0067979754359 18621.8684935144
60697 40807.44432 -0.3477060711541661 -170.3617811810759 18621.86278479816
60697 40987.44432 -0.4333285882538231 -168.7167354887925 18621.870718608447
60697 41167.44432 -0.5185939940999265 -167.0716493528032 18621.85743557568
60697 41347.44432 -0.603431756228885 -165.42652021611707 18621.85391308079
60697 41527.44432 -0.6877720457969613 -163.78133831717236 18621.85132504539
60697 41707.44432 -0.7715452357159549 -162.13609807042667 18621.846674783097
60697 41887.44432 -0.8546822308189054 -160.49079264108923 18621.83995997146
60697 42067.44432 -0.9371144505339485 -158.84541538581237 18621.831184029426
60697 42247.44432 -1.0187738835007105 -157.19995989287727 18621.820351965962
60697 42427.44432 -1.0995931427362005 -155.5544200037245 18621.807470313848
60697 42607.44432 -1.1795055204377163 -153.90878983272506 18621.79254712763
60697 42787.44432 -1.258445042342087 -152.2630637859436 18621.775591985093
60697 42967.44432 -1.3363465215944306 -150.61723657893685 18621.756615988448
60697 43147.44432 -1.4131456120876362 -148.97130325356872 18621.735631764972
60697 43327.44432 -1.4887788612305817 -147.32525919375945 18621.712653466806
60697 43507.44432 -1.563183762105362 -145.67910014013543 18621.68769677
60697 43687.44432 -1.6362988049709153 -144.0328222035414 18621.66077887274
60697 43867.44432 -1.7080635280742735 -142.38642187732717 18621.631918492647
60697 44047.44432 -1.7784185677236797 -140.73989604843482 18621.601135863184
60697 44227.44432 -1.8473057075848105 -139.09324200718348 18621.568452729196
60697 44407.44432 -1.9146679271555114 -137.44645745575798 18621.533892341322
60697 44587.44432 -1.9804494493773905 -135.7995405153585 18621.49747944953
60697 44767.44432 -2.0445957873404437 -134.15248973198246 18621.459240295448
60697 44947.44432 -2.1070537900385005 -132.50530408082963 18621.419202603774
60697 45127.44432 -2.167771687131862 -130.8579829692983 18621.377395572414
60697 45307.44432 -2.2266991326740246 -129.21052623857256 18621.333849861545
60697 45487.44432 -2.283787247759593 -127.56293416379044 18621.28859758138
60697 45667.44432 -2.338988662050809 -125.9152074527815 18621.241672278822
60697 45847.44432 -2.3922575541396482 -124.26734724339303 18621.19310892277
60697 46027.44432 -2.4435496907034358 -122.61935509939276 18621.14294388813
60697 46207.44432 -2.4928224644126153 -120.97123300497252 18621.091214938555
60697 46387.44432 -2.540034930549307 -119.32298335786041 18621.037961207752
60697 46567.44432 -2.5851478422958065 -117.67460896107096 18620.983223179486
60697 46747.44432 -2.628123684653657 -116.02611301331231 18620.927042666113
60697 46927.44432 -2.6689267069550007 -114.37749909807829 18620.869462785686
60697 47107.44432 -2.7075229539273202 -112.72877117147192 18620.810527937727
60697 47287.44432 -2.7438802952759196 -111.07993354878433 18620.750283777325
60697 47467.44432 -2.7779684537481537 -109.43099088988491 18620.688777187963
60697 47647.44432 -2.8097590316454104 -107.78194818346137 18620.62605625271
60697 47827.44432 -2.839225535750234 -106.13281073017222 18620.56217022395
60697 48007.44432 -2.866343400637879 -104.48358412475025 18620.49716949168
60697 48187.44432 -2.8910900103419452 -102.83427423714178 18620.4311055501
60697 48367.44432 -2.9134447183477943 -101.18488719271197 18620.364030962934
60697 48547.44432 -2.9333888658863474 -99.5354293516195 18620.295999327027
60697 48727.44432 -2.9509057985059237 -97.88590728739665 18620.22706523457
60697 48907.44432 -2.965980880899562 -96.23632776482654 18620.157284233803
60697 49087.44432 -2.978601509967885 -94.58669771718995 18620.086712788165
60697 49267.44432 -2.9887571261006003 -92.93702422295445 18620.01540823406
60697 49447.44432 -2.9964392226612153 -91.28731448198297 18619.94342873713
60697 49627.44432 -3.0016413536617823 -89.63757579135371 18619.870833247183
60697 49807.44432 -3.0043591396171885 -87.98781552086227 18619.797681451575
60697 49987.44432 -3.004590271570732 -86.33804108829588 18619.724033727376
60697 50167.44432 -3.0023345132855406 -84.68825993456336 18619.649951092113
60697 50347.44432 -2.997593701597915 -83.03847949876216 18619.575495153305
60697 50527.44432 -2.9903717449320686 -81.38870719327633 18619.500728056628
60697 50707.44432 -2.9806746199781413 -79.73895037897707 18619.425712433014
60697 50887.44432 -2.9685103665365427 -78.08921634062749 18619.350511344473
60697 51067.44432 -2.9538890805363374 -76.4395122625575 18619.27518822888
60697 51247.44432 -2.936822905235604 -74.78984520470924 18619.199806843695
60697 51427.44432 -2.917326020615461 -73.14022207911725 18619.1244312087
60697 51607.44432 -2.8954146309814477 -71.49064962691934 18619.049125547812
60697 51787.44432 -2.8711069507877656 -69.84113439596806 18618.97395422995
60697 51967.44432 -2.8444231887030567 -68.19168271911408 18618.898981709284
60697 52147.44432 -2.8153855299374966 -66.54230069324544 18618.824272464608
60697 52327.44432 -2.78401811685406 -64.89299415914883 18618.749890938096
60697 52507.44432 -2.7503470278879423 -63.24376868225142 18618.675901473514
60697 52687.44432 -2.7144002548007635 -61.59462953432562 18618.602368253974
60697 52867.44432 -2.6762076782976405 -59.945581676199794 18618.52935523912
60697 53047.44432 -2.6358010420370044 -58.29662974154161 18618.456926102226
60697 53227.44432 -2.5932139250647754 -56.647778021766946 18618.385144166787
60697 53407.44432 -2.548481712705823 -54.9990304521209 18618.314072343186
60697 53587.44432 -2.5016415659473714 -53.350390598975096 18618.2437730651
60697 53767.44432 -2.4527323893502158 -51.70186164838482 18618.17430822609
60697 53947.44432 -2.401794797524525 -50.05344639594037 18618.10573911617
60697 54127.44432 -2.348871080208804 -48.40514723794802 18618.03812635868
60697 54307.44432 -2.2940051659906207 -46.75696616396029 18617.9715298474
60697 54487.44432 -2.237242584709526 -45.10890475068531 18617.90600868408
60697 54667.44432 -2.1786304285826334 -43.46096415728783 18617.841621116462
60697 54847.44432 -2.1182173120945897 -41.813145122099506 18617.778424476866
60697 55027.44432 -2.056053330693698 -40.16544796074198 18617.71647512142
60697 55207.44432 -1.9921900183366694 -38.51787256566681 18617.655828370178
60697 55387.44432 -1.926680303925008 -36.870418407117256 18617.59653844793
60697 55567.44432 -1.8595784666758162 -35.223084535495644 18617.538658426143
60697 55747.44432 -1.7909400904706387 -33.57586958513358 18617.48224016579
60697 55927.44432 -1.720822017225297 -31.928771779443434 18617.427334261432
60697 56107.44432 -1.649282299324603 -30.281788937440623 18617.37398998648
60697 56287.44432 -1.5763801511649047 -28.634918481602195 18617.322255239775
60697 56467.44432 -1.5021758998478403 -26.98815744703886 18617.272176493556
60697 56647.44432 -1.4267309350684796 -25.34150249194732 18617.223798742954
60697 56827.44432 -1.350107658240446 -23.694949909304043 18617.177165457022
60697 57007.44432 -1.2723694309009843 -22.048495639763733 18617.132318531396
60697 57187.44432 -1.193580522437922 -20.40213528571457 18617.08929824271
60697 57367.44432 -1.1138060571807233 -18.755864126444752 18617.048143204833
60697 57547.44432 -1.0331119608971198 -17.1096771343672 18617.008890326848
60697 57727.44432 -0.9515649067366282 -15.463568992249069 18616.971574773153
60697 57907.44432 -0.8692322606619154 -13.817534111390918 18616.93622992539
60697 58087.44432 -0.7861820264081089 -12.17156665068643 18616.902887346518
60697 58267.44432 -0.7024827900107613 -10.525660536512385 18616.871576747053
60697 58447.44432 -0.618203663941852 -8.879809483376256 18616.84232595333
60697 58627.44432 -0.5334142308929903 -7.234007015248652 18616.815160878126
60697 58807.44432 -0.44818448724545285 -5.588246487523792 18616.79010549349
60697 58987.44432 -0.3625847862651766 -3.942521109523364 18616.76718180588
60697 59167.44432 -0.27668578106170666 -2.296823967481759 18616.74640983367
60697 59347.44432 -0.1905583673487603 -0.6511480479278401 18616.727807586998
60697 59527.44432 -0.10427362604482819 0.994513738604251 18616.71139105005
60697 59707.44432 -0.01790276575131334 2.640168533617508 18616.697174165743
60697 59887.44432 0.06848293485388778 4.285823506520679 18616.685168822965
60697 60067.44432 0.1548121846699724 5.931485830404579 18616.675384846116
60697 60247.44432 0.24101373783631833 7.577162657801481 18616.667829987222
60697 60427.44432 0.32701645136777613 9.222861096510242 18616.662509920545
60697 60607.44432 0.4127493427243462 10.868588185560261 18616.659428239644
60697 60787.44432 0.4981416472775918 12.514350871392162 18616.658586456906
60697 60967.44432 0.5831228756363154 14.160155984337766 18616.659984005593
60697 61147.44432 0.6676228707931823 15.806010215468968 18616.66361824431
60697 61327.44432 0.75157186505435 17.451920093894525 18616.669484463913
60697 61507.44432 0.8349005367136493 19.09789196457807 18616.677575896905
60697 61687.44432 0.9175400664325085 20.743931966747276 18616.687883729137
60697 61867.44432 0.9994221932867844 22.390046012967748 18616.70039711396
60697 62047.44432 1.080479270441145 24.036239768950924 18616.715103188668
60697 62227.44432 1.160644320410988 25.682518634155585 18616.731987093193
60697 62407.44432 1.2398510898724133 27.328887723258404 18616.751031991178
60697 62587.44432 1.3180341039791088 28.975351848543756 18616.772219093153
60697 62767.44432 1.3951287201458216 30.621915503278956 18616.795527681865
60697 62947.44432 1.4710711812568606 32.2685828461275 18616.820935139793
60697 63127.44432 1.545798668258145 33.915357686654495 18616.84841697866
60697 63307.44432 1.6192493520908875 35.56224347197473 18616.877946870918
60697 63487.44432 1.6913624449241786 37.20924327458184 18616.909496683205
60697 63667.44432 1.762078250644286 38.85635978141169 18616.943036511588
60697 63847.44432 1.8313382145575001 40.50359528417227 18616.978534718724
60697 64027.44432 1.8990849722633152 42.15095167097169 18617.015957972588
60697 64207.44432 1.965262397654613 43.79843041928199 18617.05527128694
60697 64387.44432 2.029815650001407 45.446032590259414 18617.096438063378
60697 64567.44432 2.0926912200742374 47.09375882444093 18617.139420134805
60697 64747.44432 2.1538369752642836 48.74160933884448 18617.184177810366
60697 64927.44432 2.2132022036556553 50.38958392547053 18617.2306699217
60697 65107.44432 2.2707376570075644 52.037681951226695 18617.278853870444
60697 65287.44432 2.3263955926022866 53.685902359267956 18617.32868567692
60697 65467.44432 2.3801298139167284 55.33424367176301 18617.38012002983
60697 65647.44432 2.431895710074968 56.982703994066604 18617.43311033707
60697 65827.44432 2.4816502940395027 58.631281020297415 18617.48760877737
60697 66007.44432 2.529352239500695 60.27997204030141 18617.54356635272
60697 66187.44432 2.5749619164232183 61.928773947982535 18617.600932941667
60697 66367.44432 2.6184414252099666 63.57768325097083 18617.659657353113
60697 66547.44432 2.6597546294449153 65.22669608160614 18617.719687380853
60697 66727.44432 2.698867187176863 66.87580820919172 18617.780969858355
60697 66907.44432 2.735746580707685 68.5250150534929 18617.843450714223
60697 67087.44432 2.770362144850051 70.17431169942397 18617.907075027757
60697 67267.44432 2.8026850936201537 71.82369291288191 18617.97178708484
60697 67447.44432 2.832688545333828 73.47315315767932 18618.03753043394
60697 67627.44432 2.8603475460747534 75.12268661351526 18618.104247942232
60697 67807.44432 2.885639091505834 76.77228719492219 18618.171881851675
60697 67987.44432 2.908542146996582 78.42194857113168 18618.240373835062
60697 68167.44432 2.929037666041176 80.07166418679458 18618.309665051795
60697 68347.44432 2.9471086069436465 81.72142728347744 18618.37969620363
60697 68527.44432 2.962739947749022 83.37123092187143 18618.450407589935
60697 68707.44432 2.975918699401356 85.02106800463251 18618.52173916272
60697 68887.44432 2.9866339171117087 86.67093129978176 18618.593630581196
60697 69067.44432 2.9948767099211473 88.3208134645798 18618.666021265846
60697 69247.44432 3.0006402484468624 89.97070706979936 18618.738850451962
60697 69427.44432 3.0039197708012555 91.62060462431491 18618.812057242594
60697 69607.44432 3.0047125866765287 93.27049859991433 18618.88558066082
60697 69787.44432 3.0030180795895727 94.92038145626486 18618.95935970138
60697 69967.44432 2.998837707284876 96.57024566593496 18619.033333381467
60697 70147.44432 2.992175000294883 98.22008373939099 18619.107440790813
60697 70327.44432 2.983035558660606 99.86988824988576 18619.181621140913
60697 70507.44432 2.9714270468168267 101.51965185814898 18619.25581381336
60697 70687.44432 2.9573591866496045 103.16936733680159 18619.32995840739
60697 70867.44432 2.9408437487354653 104.81902759440486 18619.403994786295
60697 71047.44432 2.921894541774213 106.468625699068 18619.477863123095
60697 71227.44432 2.9005274002303665 108.11815490152658 18619.551503945084
60697 71407.44432 2.876760170199135 109.76760865762508 18619.624858177463
60697 71587.44432 2.850612693516443 111.41698065011309 18619.6978671859
60697 71767.44432 2.8221067901336667 113.06626480969504 18619.77047281808
60697 71947.44432 2.79126623878041 114.71545533525507 18619.84261744421
60697 72127.44432 2.758116755940536 116.36454671319058 18619.914243996467
60697 72307.44432 2.722685973168182 118.01353373579157 18619.98529600742
60697 72487.44432 2.6850034127733715 119.66241151860102 18620.055717647338
60697 72667.44432 2.645100461906408 121.31117551670734 18620.125453760505
60697 72847.44432 2.603010345074847 122.95982153990396 18620.194449900373
60697 73027.44432 2.558768095125302 124.60834576667469 18620.26265236387
60697 73207.44432 2.512410522726673 126.25674475695611 18620.33000822438
60697 73387.44432 2.4639761843896393 127.90501546363626 18620.396465363945
60697 73567.44432 2.4135053490606944 129.55315524275733 18620.46197250432
60697 73747.44432 2.3610399633296986 131.20116186238144 18620.52647923703
60697 73927.44432 2.306623615289551 132.84903351010223 18620.589936052475
60697 74107.44432 2.2503014970895063 134.49676879917098 18620.65229436805
60697 74287.44432 2.1921203662218383 136.14436677322084 18620.71350655528
60697 74467.44432 2.132128505585057 137.79182690958643 18620.77352596609
60697 74647.44432 2.07037568236484 139.43914912118925 18620.832306958077
60697 74827.44432 2.0069131057755967 141.08633375700873 18620.889804918985
60697 75007.44432 1.9417933837058692 142.73338160112218 18620.945976290284
60697 75187.44432 1.8750704783105372 144.38029387032546 18621.000778589856
60697 75367.44432 1.8067996605930088 146.02707221034805 18621.054170433974
60697 75547.44432 1.73703746402108 147.67371869067267 18621.106111558398
60697 75727.44432 1.665841637219323 149.32023579798016 18621.156562838747
60697 75907.44432 1.5932710957814546 150.96662642824148 18621.205486310188
60697 76087.44432 1.5193858732459409 152.6128938774887 18621.25284518634
60697 76267.44432 1.444247071277045 154.25904183129862 18621.29860387747
60697 76447.44432 1.3679168090947298 155.90507435301114 18621.342728008163
60697 76627.44432 1.2904581721944355 157.5509958707456 18621.38518443426
60697 76807.44432 1.2119351604001136 159.19681116323528 18621.425941259145
60697 76987.44432 1.1324126352904655 160.8425253445467 18621.464967849584
60697 77167.44432 1.0519562670405105 162.4881438477223 18621.50223485087
60697 77347.44432 0.9706324807188462 164.13367240740027 18621.53771420147
60697 77527.44432 0.8885084020803932 165.77911704148056 18621.57137914722
60697 77707.44432 0.805651802895061 167.42448403188533 18621.603204254854
60697 77887.44432 0.7221310458512757 169.06977990447695 18621.633165425195
60697 78067.44432 0.6380150290732045 170.71501140820686 18621.66123990578
60697 78247.44432 0.5533731302908558 172.3601854935503 18621.68740630312
60697 78427.44432 0.4682751506998528 174.00530929031146 18621.711644594354
60697 78607.44432 0.382791258550306 175.6503900848543 18621.733936138648
60697 78787.44432 0.2969919325009936 177.29543529684472 18621.754263688035
60697 78967.44432 0.21094790477660852 178.94045245556612 18621.772611397835
60697 79147.44432 0.12473010416434746 -179.41455082409914 18621.788964836785
60697 79327.44432 0.038409598887471585 -177.7695668659675 18621.80331099659
60697 79507.44432 -0.047942460607913476 -176.1245879570458 18621.815638301305
60697 79687.44432 -0.13425489891668196 -174.47960637214152 18621.825936616595
60697 79867.44432 -0.22045657295022228 -172.8346143985562 18621.83419726156
60697 80047.44432 -0.3064764291765723 -171.18960436100136 18621.840413051716
60697 80227.44432 -0.3922435606844976 -169.54456864864497 18621.8445791707
60697 80407.44432 -0.47768726156666397 -167.89949979206898 18621.84694837053
60697 80587.44432 -0.562737071214101 -166.25439075005812 18621.843398729678
60697 80767.44432 -0.6473228657385044 -164.60923419380524 18621.860384222688
60697 80947.44432 -0.7313748590691055 -162.9640237069133 18621.866175587016
60697 81127.44432 -0.8148236603985772 -161.31875381892965 18621.8555883943
60697 81307.44432 -0.8976006267696071 -159.6734139713701 18621.91151790021
60697 81487.44432 -0.9796369714624384 -158.02800780321073 18621.90656036364
60697 81667.44432 -1.0608654405158182 -156.38252028491542 18621.904675583235
60697 81847.44432 -1.1412189375215225 -154.73694661536672 18621.900588013108
60697 82027.44432 -1.2206311375408037 -153.09128099447048 18621.894380649366
60697 82207.44432 -1.299036475083271 -151.4455179713289 18621.886057332285
60697 82387.44432 -1.3763701999359583 -149.7996524164164 18621.875622079937
60697 82567.44432 -1.4525684303604984 -148.15367953445275 18621.863080432322
60697 82747.44432 -1.5275682055535942 -146.5075948791156 18621.84843952992
60697 82927.44432 -1.6013075374551178 -144.86139436699924 18621.83170812579
60697 83107.44432 -1.6737254618770256 -143.2150742904802 18621.812896590665
60697 83287.44432 -1.7447620889151256 -141.56863132937974 18621.792016916173
60697 83467.44432 -1.8143586526009725 -139.92206256138562 18621.76908271705
60697 83647.44432 -1.8824575597534603 -138.2753654711761 18621.744109232164
60697 83827.44432 -1.9490024379860604 -136.62853795822826 18621.717113324547
60697 84007.44432 -2.013938182828233 -134.98157834327023 18621.688113480188
60697 84187.44432 -2.0772110039169767 -133.33448537336258 18621.65712980575
60697 84367.44432 -2.138768470216592 -131.68725822558838 18621.624184024986
60697 84547.44432 -2.1985595542223635 -130.0398965093297 18621.589299473955
60697 84727.44432 -2.2565346751066206 -128.3924002671382 18621.552501094928
60697 84907.44432 -2.312645740762647 -126.74476997417919 18621.513815428927
60697 85087.44432 -2.36684618870577 -125.09700653624698 18621.473270606937
60697 85267.44432 -2.419091025787535 -123.44911128637136 18621.430896339643
60697 85447.44432 -2.4693368666823257 -121.80108598001331 18621.38672390579
60697 85627.44432 -2.5175419711044955 -120.15293278886233 18621.34078613906
60697 85807.44432 -2.563666279715365 -118.50465429326412 18621.29311741334
60697 85987.44432 -2.6076714486801365 -116.85625347328671 18621.243753626593
60697 86167.44432 -2.649520882835644 -115.20773369846714 18621.192732183063
60697 86347.44432 -2.689179767430644 -113.55909871626609 18621.140091973914
