CIC_OEM_VERS = 2.0
CREATION_DATE = 2025-01-22T08:31:27.224486
ORIGINATOR = ISAE-SUPAERO


META_START
OBJECT_NAME = BLUE2
OBJECT_ID = BLUE2
CENTER_NAME = Earth
REF_FRAME = EME2000
TIME_SYSTEM = UTC
START_TIME = 2025-01-22T00:00:00.000
USEABLE_START_TIME = 2025-01-22T00:00:00.000
USEABLE_STOP_TIME = 2025-01-23T00:00:00.000
STOP_TIME = 2025-01-23T00:00:00.000
INTERPOLATION = lagrange
INTERPOLATION_DEGREE = 5
META_STOP



60697 0.0 -6095.3416 2659.373 2003.0687 -1.5270423000000002 1.8416488 -7.203649500000001
60697 450.0 -6033.3461 3140.1957 -1346.919 1.7999716000000001 0.25068591 -7.3832835999999995
60697 900.0 -4538.903 2875.4362 -4375.9371 4.7069887 -1.4033661 -5.8053982
60697 1350.0 -1967.1076 1928.2489 -6364.019700000001 6.4907025 -2.7201417 -2.8541088
60697 1800.0 1070.0328000000002 525.36667 -6845.5441 6.7359211 -3.3887145999999997 0.75306521
60697 2250.0 3856.8767000000003 -1001.1206999999999 -5716.6762 5.4043931 -3.2604689 4.160070800000001
60697 2700.0 5745.1988 -2294.5726 -3251.1199 2.8241246 -2.3750241 6.5776877
60697 3150.0 6301.8816 -3056.3097000000002 -29.230054 -0.39607838 -0.94486758 7.4577027
60697 3600.0 5404.774200000001 -3113.0785 3199.9914 -3.5106595000000005 0.69640079 6.6123893
60697 4050.0 3265.4714 -2454.4393999999998 5692.2780999999995 -5.810552700000001 2.1731949 4.247422899999999
60697 4500.0 376.76685 -1232.5027 6874.6001 -6.776969 3.1516900000000003 0.90231417
60697 4950.0 -2598.007 272.87531 6469.9678 -6.1829485 3.4073924000000004 -2.669883
60697 5400.0 -4969.0927 1714.4268000000002 4560.820900000001 -4.1416873 2.8709502000000002 -5.6511598
60697 5850.0 -6174.805 2753.6324 1581.0562 -1.1046198 1.6530470000000002 -7.3280905
60697 6300.0 -5920.2738 3141.5163 -1772.6532 2.2155052 0.034730437 -7.2746119
60697 6750.0 -4259.7285 2783.2865 -4704.0142000000005 5.0143899 -1.5941994 -5.489159399999999
60697 7200.0 -1588.4575 1764.7558000000001 -6516.8938 6.616737199999999 -2.8400385000000004 -2.4079005
60697 7650.0 1458.4764 329.45617 -6788.235000000001 6.653042900000001 -3.4102257000000002 1.2220125000000002
60697 8100.0 4164.2791 -1183.426 -5464.057900000001 5.1346692 -3.1799219 4.5420472
60697 8550.0 5900.6488 -2420.9927000000002 -2863.2307 2.4320673000000004 -2.2122515 6.7853309
60697 9000.0 6270.2627 -3097.9159 403.30039000000005 -0.8190077800000001 -0.7382014 7.4449452
60697 9450.0 5194.2417000000005 -3060.7038 3577.1556 -3.867503 0.8992998400000001 6.3841567999999995
60697 9900.0 2924.844 -2320.3761 5927.415400000001 -6.020833400000001 2.3263904 3.8566649
60697 10350.0 -15.80181 -1047.4768000000001 6913.372200000001 -6.792894 3.2205700999999998 0.43703028
60697 10800.0 -2952.0619 466.41625 6302.2121 -5.9986093 3.3753452000000004 -3.1045928
60697 11250.0 -5201.6035999999995 1871.4261000000001 4223.7203 -3.7959744 2.7434529000000003 -5.953546500000001
60697 11700.0 -6229.6814 2836.7136 1152.5067 -0.67668396 1.4584929 -7.4231863
60697 12150.0 -5783.2177 3130.4264 -2191.38 2.6228535 -0.18059023 -7.1364115
60697 12600.0 -3963.0107000000003 2680.5115 -5013.201599999999 5.3020047 -1.7779299000000002 -5.1507646000000005
60697 13050.0 -1202.858 1594.9553 -6643.6303 6.7164679 -2.9482675 -1.9522005999999998
60697 13500.0 1841.7528 132.99091 -6703.8066 6.5437577000000005 -3.4183925 1.6858474
60697 13950.0 4455.7748 -1360.4935 -5189.668900000001 4.8445359 -3.0874675000000003 4.9058725
60697 14400.0 6033.2645999999995 -2537.6528 -2463.9047 2.0302276 -2.0416759 6.9661203
60697 14850.0 6214.247 -3127.5288 834.4003100000001 -1.2390275 -0.52958349 7.4029976
60697 15300.0 4963.343900000001 -2996.8593 3940.4815 -4.2097228 1.0979860000000001 6.1309983
60697 15750.0 2572.4734 -2177.9474 6139.495400000001 -6.2081317 2.4702687 3.450612
60697 16200.0 -408.81165000000004 -859.0658000000001 6925.040599999999 -6.7824896 3.2770249 -0.030606784
60697 16650.0 -3295.0133 657.53138 6109.3998 -5.790243800000001 3.3303628 -3.5279411
60697 17100.0 -5413.7775 2020.6052 3869.4532000000004 -3.4341862 2.6054405000000003 -6.2328387
60697 17550.0 -6259.6319 2908.3123 718.91813 -0.24496375 1.2585671 -7.4885256
60697 18000.0 -5622.6239000000005 3106.9275000000002 -2601.6277999999998 3.0203524 -0.39453931000000003 -6.9692107
60697 18450.0 -3649.8552000000004 2567.4425 -5302.4407 5.5686114 -1.9538467000000002 -4.7914887
60697 18900.0 -811.81123 1419.4593 -6743.8737 6.7893661000000005 -3.044316 -1.4888101999999999
60697 19350.0 2218.3225 -63.266034 -6592.7658 6.4084098 -3.4130561 2.1426228000000003
60697 19800.0 4730.173400000001 -1531.5776 -4894.849 4.535188600000001 -2.9833591000000004 5.249863599999999
60697 20250.0 6142.5466 -2644.0333 -2055.0843999999997 1.6204076 -1.8640319 7.1191494
60697 20700.0 6134.1953 -3145.0198 1261.9504 -1.6541818000000001 -0.31997064000000003 7.3319976
60697 21150.0 4713.282 -2921.8424 4288.1563 -4.535604500000001 1.2915648000000002 5.8541282
60697 21600.0 2210.1879 -2027.8153 6327.4709 -6.3714756 2.6041281 3.0313728
60697 22050.0 -800.21538 -668.17482 6909.5914 -6.7457503 3.3206976 -0.49818309
60697 22500.0 -3625.0396 845.25558 5892.6044 -5.5588695 3.2725512 -3.9375679
60697 22950.0 -5604.494 2161.1794 3500.0615000000003 -3.0583687 2.4576154000000003 -6.4872269
60697 23400.0 -6264.6158 2968.0964 282.891 0.18791966 1.0545404 -7.523560300000001
60697 23850.0 -5439.6094 3071.292 -3000.8777000000005 3.4055699 -0.6057997500000001 -6.7739079
60697 24300.0 -3322.3233 2444.8645 -5569.9220000000005 5.8125571 -2.1210378999999997 -4.4135228
60697 24750.0 -417.83188 1239.3346000000001 -6816.9686 6.835109 -3.1278501000000003 -1.0205435999999999
60697 25200.0 2585.839 -258.24068 -6455.6828 6.2479906000000005 -3.3944933 2.5898242000000002
60697 25650.0 4985.795099999999 -1695.8516000000002 -4581.1139 4.2085076 -2.8683916 5.5724299
60697 26100.0 6227.7393 -2739.7251 -1638.73 1.2047379 -1.6803269 7.2440218000000005
60697 26550.0 6030.2824 -3150.4331 1684.0518000000002 -2.062527 -0.11034483 7.2325808
60697 27000.0 4444.9855 -2836.1268999999998 4618.7597000000005 -4.843815800000001 1.4791176000000001 5.5549781000000005
60697 27450.0 1839.3406000000002 -1870.8164 6490.656 -6.5102815000000005 2.7273166 2.6007249000000003
60697 27900.0 -1188.5389 -475.83789 6867.196400000001 -6.682742 3.3513849000000002 -0.96368032
60697 28350.0 -3940.8720000000003 1028.5954000000002 5652.916 -5.305353 3.2023354 -4.3314918
60697 28800.0 -5773.0374 2292.5042000000003 3117.3830000000003 -2.6700197 2.3010341 -6.7154802
60697 29250.0 -6244.6533 3015.9241 -153.42166 0.62021874 0.8475 -7.5281295
60697 29700.0 -5235.0061 3023.8585000000003 -3387.1798 3.7767784000000004 -0.81331167 -6.5515993
60697 30150.0 -2981.8599 2313.5492000000004 -5814.4197 6.0329259 -2.2787032 -4.018876000000001
60697 30600.0 -22.55347 1055.5932 -6862.6485999999995 6.8537609 -3.198616 -0.5496049500000001
60697 31050.0 2942.886 -450.93452 -6293.2268 6.0633503 -3.3629995 3.0255348
60697 31500.0 5221.7446 -1852.5548999999999 -4249.8591 3.8659092 -2.7432918 5.8723173
60697 31950.0 6288.644700000001 -2824.3549 -1216.6085 0.78484337 -1.4915404 7.3403501
60697 32400.0 5903.0217 -3143.8918 2098.978 -2.4626254 0.09811541 7.1053062
60697 32850.0 4159.4979 -2740.3075 4930.973400000001 -5.1334379 1.6598097 5.2347432
60697 33300.0 1461.2706 -1707.8025 6628.3595000000005 -6.6241663 2.8395198 2.1602169
60697 33750.0 -1572.4156 -282.93889 6797.8874000000005 -6.593736600000001 3.3692624 -1.425501
60697 34200.0 -4241.4094000000005 1206.8595 5390.996099999999 -5.0305447 3.1203376 -4.7086120000000005
60697 34650.0 -5918.7592 2414.1732 2722.4281 -2.270276 2.1362993 -6.9171247000000005
60697 35100.0 -6199.6728 3051.7018 -588.92936 1.0506035999999999 0.63827954 -7.5024181
60697 35550.0 -5009.2272 2964.8996 -3759.6776 4.1331915 -1.0163781 -6.3030352
60697 36000.0 -2629.1252000000004 2174.0096000000003 -6035.468900000001 6.2293951 -2.4264745 -3.6085099
60697 36450.0 373.30281 868.8390400000001 -6880.8868 6.8454069 -3.2565866999999997 -0.076990584
60697 36900.0 3288.8563 -640.8017 -6105.7862000000005 5.8548986 -3.3188428 3.4489137999999997
60697 37350.0 5437.6591 -2001.3071000000002 -3901.7941 3.5080630999999998 -2.6085109 6.148951200000001
60697 37800.0 6325.253 -2897.7679 -789.59583 0.36157333 -1.2981902 7.4080345
60697 38250.0 5752.7207 -3125.4146 2505.9185 -2.8539097000000004 0.30517689000000003 6.9504731
60697 38700.0 3857.3525 -2634.4818 5224.177900000001 -5.4040489 1.8334924000000001 4.8939772
60697 39150.0 1076.6442 -1538.9202 6740.2536 -6.7129716 2.9406715 1.7105651000000002
60697 39600.0 -1951.1731000000002 -89.635374 6701.6653 -6.4788714 3.3743486 -1.8829283
60697 40050.0 -4526.1 1379.8906000000002 5107.1295 -4.7348304 3.0265144 -5.0683293
60697 40500.0 -6041.372200000001 2526.0571 2315.7382000000002 -1.8598757000000001 1.9636220000000002 -7.0916474
60697 40950.0 -6129.7271 3075.435 -1022.9544000000001 1.4783281 0.42719337 -7.4463334
60697 41400.0 -4762.6927000000005 2894.5699 -4117.746700000001 4.4739586000000005 -1.2146384000000001 -6.0285961
60697 41850.0 -2264.886 2026.5509 -6232.727900000001 6.4013181999999995 -2.5640648 -3.1832814
60697 42300.0 768.76344 679.48137 -6871.7955 6.8098528 -3.3016218 0.39616872000000003
60697 42750.0 3622.8114 -827.41298 -5894.0007000000005 5.6230085 -3.2620892 3.8587902
60697 43200.0 5632.8935 -2141.771 -3538.032 3.1358727 -2.4644000999999998 6.4014571
60697 43650.0 6337.4061 -2959.8450000000003 -359.08178000000004 -0.063837029 -1.1008657000000002 7.4467433000000005
60697 44100.0 5579.8505000000005 -3095.1701000000003 2903.4804 -3.2348662 0.51017261 6.76846
60697 44550.0 3539.6612000000005 -2519.0964 5497.3275 -5.6543869 1.9996204 4.5338156
60697 45000.0 687.02162 -1364.8263000000002 6825.9396 -6.7760164000000005 3.0304025 1.2534727
60697 45450.0 -2323.1261 103.31768 6578.9751 -6.3383087 3.3665805 -2.3339933999999998
60697 45900.0 -4793.5288 1546.976 4802.6426 -4.4193128 2.9211849 -5.408770400000001
60697 46350.0 -6140.1308 2627.6778 1899.2948000000001 -1.4406306 1.7836538000000002 -7.2380706
60697 46800.0 -6034.9835 3086.9587 -1453.3242 1.9012424 0.21497928 -7.3600525
60697 47250.0 -4496.4425 2813.0219 -4459.5646 4.7974613 -1.4074680000000002 -5.7295668
60697 47700.0 -1890.7141000000001 1871.556 -6405.117 6.5480086 -2.6911014 -2.7450889000000003
60697 48150.0 1162.1506000000002 488.00684 -6835.1798 6.7473302 -3.3336566 0.86796079
60697 48600.0 3943.3532999999998 -1010.316 -5658.4681 5.3686588 -3.1929556 4.2536111000000005
60697 49050.0 5806.608700000001 -2273.6389 -3159.7337 2.7507939 -2.3113542000000002 6.6289188
60697 49500.0 6324.964599999999 -3010.4619 73.52658100000001 -0.4897911 -0.8999824599999999 7.456285299999999
60697 49950.0 5384.9647 -3053.2495 3290.3288 -3.6040597 0.71255536 6.5597778
60697 50400.0 3207.5426 -2394.4986000000004 5749.4658 -5.8834188 2.1576348 4.155404900000001
60697 50850.0 293.86124 -1186.0814 6885.0815999999995 -6.8128512 3.1083478 0.79052287
60697 51300.0 -2686.7879 295.25132 6430.2333 -6.1723665 3.3458469 -2.7769958999999997
60697 51750.0 -5042.5317000000005 1707.4822 4478.6895 -4.0851275000000005 2.8046345 -5.7284692999999995
60697 52200.0 -6214.5343 2718.6016 1474.7817 -1.0143311 1.5970226 -7.3555463
60697 52650.0 -5915.800200000001 3086.2088 -1878.2068000000002 2.3174419 0.0025860622 -7.243796000000001
60697 53100.0 -4211.642 2720.6107 -4783.6281 5.1020851 -1.5939976 -5.40719
60697 53550.0 -1508.3276 1709.7051000000001 -6551.8815 6.6686499999999995 -2.8070301 -2.295881
60697 54000.0 1551.5914 295.25948 -6771.251200000001 6.6579719 -3.3525335000000003 1.3361774
60697 54450.0 4248.8899 -1188.7039 -5400.3481 5.0929424 -3.1117639 4.6314812000000005
60697 54900.0 5957.8649000000005 -2396.3359 -2768.7481000000002 2.3545757 -2.1500646000000003 6.8302116
60697 55350.0 6287.8599 -3049.4207 506.094 -0.91424139 -0.69648551 7.4365593
60697 55800.0 5168.8869 -2999.8702000000003 3664.5355 -3.9596605 0.91147461 6.3254218
60697 56250.0 2862.5081 -2261.2279 5979.299400000001 -6.0899548999999995 2.3069767000000003 3.7605094
60697 56700.0 -100.97813000000001 -1003.4014000000001 6917.299400000001 -6.8231721 3.1742803 0.32393238
60697 57150.0 -3040.3728 485.42409000000004 6256.0656 -5.9816598 3.312277 -3.2097325999999997
60697 57600.0 -5271.8069000000005 1860.8245 4136.7986 -3.7337777 2.6774329 -6.0257231
60697 58050.0 -6264.0951 2798.5902 1044.2837 -0.5830288100000001 1.4046559 -7.443380400000001
60697 58500.0 -5772.642 3073.3647 -2295.4687000000004 2.7248024 -0.20908749000000001 -7.0980342
60697 58950.0 -3909.6211000000003 2617.9028 -5088.2915 5.3862438 -1.773449 -5.0631131
60697 59400.0 -1119.5541 1541.8308000000002 -6672.2765 6.762605 -2.9114611 -1.8378983000000002
60697 59850.0 1935.2102 102.13469 -6680.3111 6.5421619 -3.3583567 1.7985267
60697 60300.0 4537.9267 -1361.8256999999999 -5120.8765 4.7971292000000005 -3.019022 4.9906098000000005
60697 60750.0 6085.8933 -2509.4105 -2366.9407 1.9491098 -1.9813418999999999 7.0043938
60697 61200.0 6226.2211 -3076.6718 936.56449 -1.3351649 -0.49132308999999996 7.3876610000000005
60697 61650.0 4932.608 -2935.4126 4024.3194 -4.2999274 1.1060077000000001 6.0664998
60697 62100.0 2506.2117000000003 -2120.0378 6185.745400000001 -6.2728546 2.4469259 3.351091
60697 62550.0 -495.54145 -817.79285 6922.5065 -6.8067971 3.2278301000000003 -0.14392222000000002
60697 63000.0 -3382.0695 672.78228 6057.476000000001 -5.7670351 3.2660506999999996 -3.6298229
60697 63450.0 -5480.1539 2006.1412 3778.9242999999997 -3.3670986 2.5402249 -6.2988157000000005
60697 63900.0 -6288.5967 2867.1407999999997 610.2763199999999 -0.14917982000000002 1.2074922 -7.5010454
60697 64350.0 -5606.417 3048.4011 -2702.7217 3.1209359 -0.41889485000000004 -6.9237155
60697 64800.0 -3592.1608 2505.3576000000003 -5371.8731 5.6485297 -1.9448718 -4.699383
60697 65250.0 -726.54423 1368.7323000000001 -6765.649200000001 6.8296259 -3.0038494 -1.3736011000000001
60697 65700.0 2311.0129 -90.442719 -6562.7914 6.400780200000001 -3.3510913 2.2527437
60697 66150.0 4809.059 -1528.8419 -4821.371700000001 4.4828952 -2.915147 5.3293828
60697 66600.0 6190.1292 -2612.2995 -1956.1332 1.5363577000000002 -1.805948 7.1508652
60697 67050.0 6140.3398 -3092.0296000000003 1363.0810000000001 -1.7508101 -0.28538044 7.310006400000001
60697 67500.0 4677.0828 -2860.0897999999997 4368.1852 -4.6237014 1.2952834 5.784152
60697 67950.0 2139.9532000000004 -1971.5022 6367.923900000001 -6.4317596 2.5767934 2.9286616
60697 68400.0 -888.5207800000001 -630.05601 6900.5072 -6.764013200000001 3.2687025 -0.61154265
60697 68850.0 -3710.8296 856.49394 5834.8949 -5.529327500000001 3.207306 -4.0360246
60697 69300.0 -5666.9989000000005 2142.7587000000003 3405.9912000000004 -2.9863295 2.3935949 -6.5468444
60697 69750.0 -6288.086700000001 2923.9512999999997 173.96647000000002 0.28573665 1.0065652 -7.5282671
60697 70200.0 -5417.822099999999 3011.5295 -3098.8334 3.5045318 -0.6256449199999999 -6.7214446
60697 70650.0 -3260.4544 2383.6909 -5633.656 5.8880376 -2.1072629000000003 -4.3172247
60697 71100.0 -330.77772999999996 1191.4854 -6831.9565999999995 6.8694099 -3.0836287000000002 -0.90475861
60697 71550.0 2677.5714 -281.27072 -6419.477900000001 6.2343539 -3.3307493 2.6969888
60697 72000.0 5061.2689 -1688.6936 -4503.3597 4.1514995 -2.800734 5.6464491
60697 72450.0 6270.2379 -2704.2927999999997 -1538.289 1.1180702000000002 -1.6248207000000001 7.2690772
60697 72900.0 6030.706099999999 -3095.2405 1783.6761999999999 -2.1593642 -0.07967046000000001 7.2041312
60697 73350.0 4403.5178 -2774.0460000000003 4694.6184 -4.9296957 1.4785837 5.4797834000000005
60697 73800.0 1765.3493 -1816.0058000000001 6525.050700000001 -6.5661327 2.6962169 2.4949911000000005
60697 74250.0 -1278.2269 -440.67482 6851.345200000001 -6.6950512 3.2968092 -1.0770631000000002
60697 74700.0 -4025.2451 1036.0927 5589.1642 -5.2695384 3.1362298 -4.4267069
60697 75150.0 -5831.5216 2270.3831 3019.4228 -2.5929722 2.2380763000000004 -6.7689163
60697 75600.0 -6262.4671 2969.0132000000003 -263.01271 0.72006597 0.8026134100000001 -7.525036
60697 76050.0 -5207.4327 2963.0735 -3482.3791 3.8743066 -0.8286998999999999 -6.4920786
60697 76500.0 -2915.5666 2253.4346 -5872.746400000001 6.10394 -2.2603407000000004 -3.9181348
60697 76950.0 66.473322 1010.6627 -6871.0374 6.8818903 -3.1508939000000002 -0.43307615
60697 77400.0 3033.7397 -469.88934000000006 -6250.929099999999 6.0434723 -3.2977163999999997 3.1298005
60697 77850.0 5293.790599999999 -1841.1453000000001 -4167.9625 3.8040086000000004 -2.6763931 5.9407898
60697 78300.0 6325.9894 -2785.4845 -1114.8385 0.69547716 -1.438784 7.3587127
60697 78750.0 5897.6231 -3086.7846 2196.916 -2.5596783000000003 0.12492104000000001 7.0703296
60697 79200.0 4112.7119 -2678.1444 5002.4738 -5.2168891 1.6551494 5.1543931
60697 79650.0 1383.5856 -1654.661 6656.568 -6.6753117 2.8048848 2.0516545
60697 80100.0 -1663.303 -250.77959 6775.2524 -6.5998542 3.3123876 -1.5386158
60697 80550.0 -4324.1002 1210.6808 5321.3342999999995 -4.988359000000001 3.0535912 -4.8001939
60697 81000.0 -5972.9813 2388.5263 2620.8929 -2.1884088999999998 2.0746827 -6.9640117
60697 81450.0 -6211.6807 3002.3056 -698.78784 1.1523178 0.59658347 -7.4915169
60697 81900.0 -4975.816 2903.3416 -3851.7476 4.2289921999999995 -1.0275043000000001 -6.236603000000001
60697 82350.0 -2558.4846000000002 2115.0762999999997 -6088.1268 6.2957064 -2.4038921 -3.5036446999999997
60697 82800.0 464.14722 826.7641600000001 -6882.5523 6.867267 -3.2058041 0.040011219
60697 83250.0 3378.6503 -655.93445 -6057.3668 5.8287542000000006 -3.252413 3.5501299
60697 83700.0 5506.0842999999995 -1986.0487 -3815.7672000000002 3.4412314000000004 -2.5426249 6.2118255
60697 84150.0 6357.246099999999 -2855.9312999999997 -686.54506 0.2695736 -1.248243 7.4195709
60697 84600.0 5741.4098 -3066.8732999999997 2602.0535 -2.9507725999999996 0.32811629 6.9088544
60697 85050.0 3805.3839 -2572.7028999999998 5291.1893 -5.4844883 1.8247674 4.8085466
60697 85500.0 995.68349 -1487.8728999999998 6762.2576 -6.7587861 2.9026341 1.5996239
60697 85950.0 -2042.6154 -60.815929 6672.5082 -6.4784577 3.315435 -1.9950198000000001
60698 0.0 -4606.4151 1379.8487 5032.1942 -4.686442 2.9595520000000004 -5.1554399
