CIC_MEM_VERS = 1.0
CREATION_DATE = 2025-01-22T08:31:27.409258
ORIGINATOR = CS Group

META_START
OBJECT_NAME = PLEIADES1A
OBJECT_ID = PLEIADES1A
USER_DEFINED_PROTOCOL = NONE
USER_DEFINED_CONTENT = LLA
USER_DEFINED_SIZE = 3.0
USER_DEFINED_TYPE = REAL
USER_DEFINED_UNIT = [deg] [km]
TIME_SYSTEM = UTC
META_STOP

60697 21840.791616 75.05153711114187 67.31820677079662 717.1625284080561
60697 22290.791616 73.31385041003657 -51.82739814270705 717.0257929310958
60697 22740.791616 47.46893519099156 -71.33828439696015 717.8137394327196
60697 23190.791616 20.51413158260417 -77.23199463219761 705.2796968273939
60697 23640.791616 -6.702798022158206 -81.25550006012988 700.9959761387265
60697 24090.791616 -33.85655191844202 -85.79108536428974 706.6166017749877
60697 24540.791616 -60.52579879430358 -94.9339938892107 716.696292718819
60697 24990.791616 -81.77101940134122 -161.57607350336139 724.3745679183776
60697 25440.791616 -62.93402091644259 115.97379069257467 726.3249460496718
60697 25890.791616 -36.44899706225689 105.79344969877052 723.6878804903347
60697 26340.791616 -9.463047984220301 101.10308548454995 722.0479435477905
60697 26790.791616 17.597638094793936 97.14399649539803 725.3755608918265
60697 27240.791616 44.459522024607146 91.68335930860103 732.1552914355582
60697 27690.791616 70.44012604521728 76.02626261930891 736.5456540846366
60697 28140.791616 77.73101362791138 -39.14105746685347 733.0336662998395
60697 28590.791616 52.8612241715925 -69.35679624150488 721.5985093256168
60697 29040.791616 26.01630454539448 -76.23143721627784 707.772490932687
60697 29490.791616 -1.1740723719806139 -80.39572209484031 700.9885799155372
60697 29940.791616 -28.3685113167722 -84.65069169461525 704.2516303199225
60697 30390.791616 -55.2044103180358 -92.09115315791863 714.4428456266202
60697 30840.791616 -79.45582543348264 -130.39886296404936 722.1912467758323
60697 31290.791616 -68.08328590634517 120.60836688426787 725.6037536744403
60697 31740.791616 -41.85506711680439 107.15641369569148 723.791247434874
60697 32190.791616 -14.918498534100607 101.9856502436275 721.9042259544178
60697 32640.791616 12.148362611848269 98.0437988907516 724.5687146359769
60697 33090.791616 39.07228997732226 93.14644256200414 731.4487089201143
60697 33540.791616 65.3787979079896 81.6379379496075 737.1112071309813
60697 33990.791616 81.05044228926856 -14.956447496473153 735.4452184983095
60697 34440.791616 58.195867655213355 -66.84212413052104 725.1029407668948
60697 34890.791616 31.499821904332382 -75.14129431255037 711.2146118870949
60697 35340.791616 4.354346322036748 -79.53924663045073 701.9995822950883
60697 35790.791616 -22.863971697724836 -83.61478855511938 702.4671293836939
60697 36240.791616 -49.82200753652327 -89.9022913539744 710.916176803217
60697 36690.791616 -75.34423054005714 -113.29338722097246 722.4429261344944
60697 37140.791616 -73.05565632518343 127.8478948620823 726.0337035870234
60697 37590.791616 -47.269445482113866 108.76681325341379 723.7010464930419
60697 38040.791616 -20.392077574362595 102.91413039696755 720.2420611602104
60697 38490.791616 6.6883172059672 98.91125575321644 721.0980407202632
60697 38940.791616 33.68369469267324 94.40795976468802 727.2731326357158
60697 39390.791616 60.2201859163779 85.41066144667143 734.1075169042181
60697 39840.791616 81.69362808395165 21.515090153017205 735.1049021771594
60697 40290.791616 63.38410851588617 -63.527194042395244 727.4689737422568
60697 40740.791616 36.88776792306064 -73.94237061488374 715.1270772997898
60697 41190.791616 9.81190428940717 -78.68114047313937 705.7092831798435
60697 41640.791616 -17.394642958228374 -82.66087673725002 704.518505696278
60697 42090.791616 -44.41781006319143 -88.14311317915917 711.5390677530097
60697 42540.791616 -70.52090365041708 -103.92927720355448 716.6250308231242
60697 42990.791616 -77.57114117090696 140.37490626627948 720.5184752958905
60697 43440.791616 -52.595584483408004 110.70446624587251 718.694603611062
60697 43890.791616 -25.768496094538083 103.88995154195426 715.8094703008989
60697 44340.791616 1.327372393702286 99.74691931684332 717.5075168568761
60697 44790.791616 28.37281958824866 95.51234536086405 725.4883831578715
60697 45240.791616 55.04871642193086 88.1408738708235 735.2792216499707
60697 45690.791616 79.25166331011475 51.0719054171528 739.9595566781837
60697 46140.791616 68.47278595626727 -58.78804216458038 735.1167240503049
60697 46590.791616 42.30377676285224 -72.56083817740199 722.8903933924504
60697 47040.791616 15.321850295399713 -77.78789310680574 710.1579078233477
60697 47490.791616 -11.866845005663672 -81.74985038234011 705.059244762449
60697 47940.791616 -38.956583124287775 -86.66188734930367 708.6576635101222
60697 48390.791616 -65.42921469750925 -98.24232220096933 716.0160741395717
60697 48840.791616 -80.96881241578139 164.09651829796465 718.801632298206
60697 49290.791616 -57.91749539995754 113.17701352603063 720.6389699440841
60697 49740.791616 -31.207705689833592 104.96618915963047 713.3071374812247
60697 50190.791616 -4.100330670932024 100.5893155277593 710.2926886373571
60697 50640.791616 23.0359955749892 96.52154598927598 715.3733691395358
60697 51090.791616 49.891472973237974 90.23960236975765 725.2491598382677
60697 51540.791616 75.3137625365556 66.95815485964364 732.6471792561081
60697 51990.791616 73.14524424612299 -51.82084644500575 732.4485340090134
60697 52440.791616 47.39847658714463 -71.02942658255604 724.9100662510289
60697 52890.791616 20.510966771888736 -76.90206794002576 714.4927079173049
60697 53340.791616 -6.61416397628213 -80.91248580583685 718.3453989291494
60697 53790.791616 -33.643581401755554 -85.41693260709604 722.5247076867718
60697 54240.791616 -60.21719380009872 -94.41794078312464 729.336445271781
60697 54690.791616 -81.7019051616216 -158.5157261985495 731.3473428393944
60697 55140.791616 -63.33602222863585 116.59664389014678 725.5748113766916
60697 55590.791616 -36.833268135014535 106.2083249080979 716.1065818847756
60697 56040.791616 -9.797511284460123 101.48124005322727 716.3449772873978
60697 56490.791616 17.325420792066616 97.51601473643632 715.4843478180726
60697 56940.791616 44.29251350027444 92.06069327153044 718.3061075165846
60697 57390.791616 70.37251112516319 76.45338311665431 726.319298172668
60697 57840.791616 77.74774146626997 -38.75079091049293 729.4027484533497
60697 58290.791616 52.88201569422164 -69.02111618910929 725.376881517432
60697 58740.791616 26.097688359689844 -75.88794231419651 718.7747941401458
60697 59190.791616 -0.9912568668834489 -80.03943701525775 716.08243897465
60697 59640.791616 -28.079868002266593 -84.26590570251571 715.6253189459426
60697 60090.791616 -54.861260766251995 -91.60445738873594 720.4215916520577
60697 60540.791616 -79.19762879795958 -128.39327321077937 727.712903057123
60697 60990.791616 -68.48638470782933 121.38079406186729 728.1604288174995
60697 61440.791616 -42.290039372692576 107.59650672365724 722.8032152713027
60697 61890.791616 -15.337108200894782 102.3778258734802 717.5033839094682
60697 62340.791616 11.774230281739792 98.428890899487 717.7513819135041
60697 62790.791616 38.76705439366446 93.54988107823576 722.7855393803173
60697 63240.791616 65.14518584640652 82.17332831436266 730.1650714661542
60697 63690.791616 81.13675436291115 -13.408915295534829 731.7666253676412
60697 64140.791616 58.38388440560799 -66.41670538271902 725.5057562543195
60697 64590.791616 31.714933161159863 -74.77051427657622 715.8944503488084
60697 65040.791616 4.655963738575836 -79.16609310878478 715.4558323809971
60697 65490.791616 -22.463852171618313 -83.21619034991096 716.4305423220452
60697 65940.791616 -49.37002518805382 -89.4124757778103 717.2470881915079
60697 66390.791616 -74.93223290021551 -111.88585457590355 722.6488216682226
60697 66840.791616 -73.48204481448452 129.00147935914245 723.56422671222
60697 67290.791616 -47.72120695985611 109.23587554549954 719.0626858136603
60697 67740.791616 -20.80900652530666 103.31032270786177 714.3370781796953
60697 68190.791616 6.316501664620898 99.29469348195707 715.24313911467
60697 68640.791616 33.35053520174335 94.80797166071358 723.0823861894899
60697 69090.791616 59.92216180297887 85.92152461090552 731.761303756117
60697 69540.791616 81.63046125907508 23.88270014741851 735.2251779091144
60697 69990.791616 63.681452889947174 -62.97868727336532 730.0378698823793
60697 70440.791616 37.22473851523468 -73.53794629098326 719.2499075019216
60697 70890.791616 10.191375296068545 -78.29547149181415 709.0353911844215
60697 71340.791616 -16.98395105786292 -82.26575929157364 709.2318880542193
60697 71790.791616 -43.975167589377506 -87.68689003085203 717.3633984522174
60697 72240.791616 -70.1262650960452 -103.05094548562306 717.6828523181119
60697 72690.791616 -77.88795153450917 142.0267732513141 717.0919818372231
60697 73140.791616 -53.00922664293004 111.19748028751103 716.9804583027027
60697 73590.791616 -26.17418601918682 104.29147907366949 719.6823193219565
60697 74040.791616 0.91062308060477 100.1367295575844 715.0054928268394
60697 74490.791616 27.99760920896983 95.91246018483116 718.1336154687934
60697 74940.791616 54.74785796016308 88.60584848213409 724.9788000719421
60697 75390.791616 79.10327466967917 52.318171723744484 728.949475815113
60697 75840.791616 68.60985555940763 -58.30302662718151 725.7850154729982
60697 76290.791616 42.392721370738435 -72.20769719618464 716.9562387622343
60697 76740.791616 15.418004960250563 -77.44296700311739 715.5726866203478
60697 77190.791616 -11.70427568111269 -81.39539001935516 715.6829977671428
60697 77640.791616 -38.72436737163819 -86.27668961469033 716.5072725218049
60697 78090.791616 -65.16509038732379 -97.68511931125636 722.2124826234468
60697 78540.791616 -81.10870049040066 166.39107201310452 729.0159900518286
60697 78990.791616 -58.32345262205493 113.722417583926 728.5142684146886
60697 79440.791616 -31.695985929074315 105.3937218351914 723.7051433122139
60697 79890.791616 -4.672439983759842 101.00247896894116 720.7207687787919
60697 80340.791616 22.391907883071898 96.96032213716846 723.0575249497776
60697 80790.791616 49.2105013936104 90.80351803391481 728.705691352082
60697 81240.791616 74.7226781566667 68.77875083235254 731.7300746434889
60697 81690.791616 73.73670346642169 -50.2947958509005 727.3850836232332
60697 82140.791616 48.018043113608684 -70.49832621647379 716.5333679446798
60697 82590.791616 21.077836881852384 -76.47783066469847 706.7897926720525
60697 83040.791616 -6.121544747371545 -80.51097447132688 703.5837259628222
60697 83490.791616 -33.256887368248194 -85.00827932373046 709.6687243853285
60697 83940.791616 -59.91387493924922 -93.91211527746805 720.0633723486105
60697 84390.791616 -81.64332744737052 -156.40125708551327 727.384237241144
60697 84840.791616 -63.58006666544812 117.11634666891285 727.7337920367588
60697 85290.791616 -37.12484604027075 106.60789155229294 723.064366099225
60697 85740.791616 -10.131865686517722 101.86285336469254 719.3816867476962
60697 86190.791616 16.955986378786957 97.90474425441273 721.1876608788868
