CIC_MEM_VERS = 1.0
CREATION_DATE = 2025-01-22T08:31:27.401188
ORIGINATOR = CS Group

META_START
OBJECT_NAME = PLEIADES-NEO4
OBJECT_ID = PLEIADES-NEO4
USER_DEFINED_PROTOCOL = NONE
USER_DEFINED_CONTENT = LLA
USER_DEFINED_SIZE = 3.0
USER_DEFINED_TYPE = REAL
USER_DEFINED_UNIT = [deg] [km]
TIME_SYSTEM = UTC
META_STOP

60697 11547.612288 0.12089330973596603 99.21094061324229 624.0904804658247
60697 11997.612288 27.766967000073976 95.06640324352877 626.5491349739093
60697 12447.612288 55.076665789496275 87.83911881740518 633.921668149538
60697 12897.612288 79.83838538019924 48.89940360835745 638.3083486752232
60697 13347.612288 67.47047189526937 -61.322369954010576 635.1642052015143
60697 13797.612288 40.5929563098013 -73.9564574766579 626.3857520903847
60697 14247.612288 13.040801492042684 -78.91022695100739 624.7708346094139
60697 14697.612288 -14.638516704477786 -82.80165670887396 621.8640095266998
60697 15147.612288 -42.19458149967172 -87.91641102272227 624.6377469691184
60697 15597.612288 -69.00989404142301 -101.80165606680804 621.1777483165552
60697 16047.612288 -78.64198593529544 142.66006736729167 626.9815464528712
60697 16497.612288 -53.28643725733812 109.94622302949273 627.2142073992345
60697 16947.612288 -25.91276875699985 103.13343516024001 626.2499611150539
60697 17397.612288 1.7168559721072294 99.05823085835641 629.6518020277385
60697 17847.612288 29.280311524073316 94.86355004481848 638.7895290791834
60697 18297.612288 56.452469753200624 87.29661474701906 648.6702083913123
60697 18747.612288 80.60874348157255 42.78373129840849 651.9174293401827
60697 19197.612288 66.33671960819632 -62.33420517450906 644.5200998888463
60697 19647.612288 39.44811015388663 -74.16177332010773 629.7296250814873
60697 20097.612288 11.861339046157843 -79.01434421687897 615.7937499480225
60697 20547.612288 -15.90896079301178 -82.92325682518013 610.5647268839386
60697 20997.612288 -43.53815979071726 -88.1975399146118 614.72459507383
60697 21447.612288 -70.32402038165824 -103.3549200627188 622.7262577133257
60697 21897.612288 -77.58127469211936 138.14107807103625 625.6033898305594
60697 22347.612288 -51.885565687031594 109.48034605833878 624.9689741205959
60697 22797.612288 -24.468179572393755 102.95610370744294 623.9228490681451
60697 23247.612288 3.1824949012769164 98.92217468536914 628.0091285409627
60697 23697.612288 30.747270199209833 94.65907197344873 638.1977274059933
60697 24147.612288 57.885857772373626 86.67346264818038 649.0248109742747
60697 24597.612288 81.32577414910395 34.64111129173016 652.865936810161
60697 25047.612288 64.95370169755044 -63.44563336032048 645.7989965945891
60697 25497.612288 38.01112894033656 -74.42285610636121 631.2463881497382
60697 25947.612288 10.424674773112036 -79.15411294818966 617.4625366963367
60697 26397.612288 -17.331540681067906 -83.07158117638394 612.0812119872212
60697 26847.612288 -44.93510722739764 -88.51167445850405 615.5682236139738
60697 27297.612288 -71.60952198086149 -105.1144022095033 622.3145937065476
60697 27747.612288 -76.45188679499407 134.34535720081584 625.7300455174649
60697 28197.612288 -50.492160164411615 109.0502658481198 624.7780334814635
60697 28647.612288 -23.050189574740045 102.78810641247543 623.7459044212135
60697 29097.612288 4.605067397818878 98.79039051077297 628.098689414388
60697 29547.612288 32.16025948306682 94.45482866066426 638.4854713280226
60697 29997.612288 59.260525496765126 86.0198923301333 649.1500463163584
60697 30447.612288 81.8243148804801 25.597604731336926 652.5422878346843
60697 30897.612288 63.59713844935764 -64.41452908929352 645.0616357067635
60697 31347.612288 36.59231653880423 -74.66736311951928 630.4714845949529
60697 31797.612288 8.990419059286587 -79.29208500568942 617.1130855845004
60697 32247.612288 -18.764535396800877 -83.22539158557134 612.297309961462
60697 32697.612288 -46.34742397496622 -88.85024178649867 616.1134054169271
60697 33147.612288 -72.88838086519759 -107.1607594621161 622.8612761304647
60697 33597.612288 -75.26656733404016 131.1319157091321 623.3131049874524
60697 34047.612288 -49.06733464076374 108.63910582134334 621.2200296701599
60697 34497.612288 -21.574353943572827 102.61568312055665 620.0753281232902
60697 34947.612288 6.110471524051771 98.64602711531242 625.3765628152951
60697 35397.612288 33.67192989576005 94.22211297693462 637.2775696445834
60697 35847.612288 60.73233650858797 85.24614868112094 649.4817612059409
60697 36297.612288 82.10674090150523 14.959305683789506 654.0858553273395
60697 36747.612288 62.1596112368398 -65.3391520472682 647.4500455875361
60697 37197.612288 35.12305435980459 -74.91165445985943 633.3793864687005
60697 37647.612288 7.533916236140948 -79.43194286597532 620.1422076913367
60697 38097.612288 -20.196101089018487 -83.38292619908162 614.8065851448283
60697 38547.612288 -47.74522967540732 -89.20586236430259 617.3383726086789
60697 38997.612288 -74.13267297053724 -109.51186248162243 622.0028637932397
60697 39447.612288 -74.07308412588227 128.4663201942907 624.61625661825
60697 39897.612288 -47.733898042813514 108.28219566381327 629.3880178474222
60697 40347.612288 -20.262173658120663 102.47311207887213 623.44314752254
60697 40797.612288 7.40773417617295 98.52944840302303 623.0419927595798
60697 41247.612288 35.025908250427854 94.01138799498544 624.682710799055
60697 41697.612288 62.172982821594786 84.40934760441128 623.0906356840309
60697 42147.612288 82.08234401000806 2.5342415669831375 626.6341440844972
60697 42597.612288 60.306821804582995 -66.41418097675265 626.6257959937477
60697 43047.612288 33.08876932355962 -75.25689748804078 623.2721300005703
60697 43497.612288 5.436203480961844 -79.65940355569991 617.5679387301524
60697 43947.612288 -22.27802098422954 -83.64851414510419 620.0272264653008
60697 44397.612288 -49.7359462121781 -89.78047970112415 625.2920990728819
60697 44847.612288 -75.8228833363699 -113.51504101395592 625.2738201475014
60697 45297.612288 -72.31140883570956 125.25147565867267 627.5296667062806
60697 45747.612288 -45.763025046384726 107.76187015989008 626.8115696347836
60697 46197.612288 -18.26621159663106 102.22918624963955 622.9406005818
60697 46647.612288 9.43015253307209 98.30984066927442 620.709156704801
60697 47097.612288 37.0335681047645 93.65142249609998 625.8229190578401
60697 47547.612288 64.08465733008693 83.13213891856581 633.070758587271
60697 47997.612288 81.62894207897496 -10.659650293925727 635.9179138255158
60697 48447.612288 58.52216119915519 -67.32957919892235 631.613869954443
60697 48897.612288 31.274006133067687 -75.54287363113355 624.2096308995035
60697 49347.612288 3.625703151741069 -79.84499850531095 620.7191777005708
60697 49797.612288 -24.05133267758558 -83.87200310953585 624.5760005070848
60697 50247.612288 -51.43863902554422 -90.30461348699069 622.0121885265396
60697 50697.612288 -77.2092549952123 -117.76721477659471 634.1164964848504
60697 51147.612288 -70.85204085148519 123.09330045719344 639.9847767246717
60697 51597.612288 -44.27424392421794 107.41167265697503 638.8183913255239
60697 52047.612288 -16.852200504743884 102.07992331678497 635.652766020413
60697 52497.612288 10.734972036344072 98.1901841754297 635.8209398924547
60697 52947.612288 38.21215056180752 93.4578092986158 639.8423254593972
60697 53397.612288 65.12478941387069 82.38623961427841 642.8628208155277
60697 53847.612288 81.21768441342067 -17.03104889476665 639.0258808347411
60697 54297.612288 57.50854212347632 -67.77858637770687 627.343647831652
60697 54747.612288 30.172530881906432 -75.68457254676923 613.1554410233036
60697 55197.612288 2.415178814720875 -79.94667440432067 606.3426587314422
60697 55647.612288 -25.373524399464834 -84.02672675413477 610.7173877900648
60697 56097.612288 -52.834019452945604 -90.75546689635969 622.9582403480844
60697 56547.612288 -78.29534996430131 -122.01878053527453 634.8439986832697
60697 56997.612288 -69.5572257389412 121.46303090458395 640.3814445344849
60697 57447.612288 -42.88128804611022 107.10535388918709 638.9700911633599
60697 57897.612288 -15.444908561936531 101.93379296014524 635.8113030101302
60697 58347.612288 12.141278692517881 98.05357279358714 636.119571486364
60697 58797.612288 39.604080767648476 93.20530639206015 640.1289822344094
60697 59247.612288 66.4527760809132 81.30985423507444 642.8033403763542
60697 59697.612288 80.50733956126876 -24.640725771482696 638.4329947537651
60697 60147.612288 56.13548641946677 -68.36248857336612 626.4129000600326
60697 60597.612288 28.76105109101527 -75.87756303311987 612.4279349277504
60697 61047.612288 0.9929055592616763 -80.07775526719145 606.1818515124316
60697 61497.612288 -26.789263813600606 -84.20338653119647 611.1895900184014
60697 61947.612288 -54.21786762347622 -91.23845793407595 623.6748519942705
60697 62397.612288 -79.29821996075184 -127.07947422586395 635.4216523564993
60697 62847.612288 -68.25311980903705 120.03656703460024 640.6331460868635
60697 63297.612288 -41.4919196064063 106.81789195559317 639.012311512661
60697 63747.612288 -14.04160608761146 101.79174462960238 635.8948601354324
60697 64197.612288 13.54353014837168 97.91514650572343 636.3617398524908
60697 64647.612288 40.991455705752806 92.93872870507951 640.3564820072116
60697 65097.612288 67.76805609671428 80.10290058965654 642.6708198294983
60697 65547.612288 79.65356964545128 -31.077367149357304 637.7615268359024
60697 65997.612288 54.760116306002224 -68.89773473657078 625.4261829784082
60697 66447.612288 27.35038830012102 -76.06217486120327 611.7340699672119
60697 66897.612288 -0.42745940146354133 -80.20830452393547 606.0093634925398
60697 67347.612288 -28.202541750625215 -84.38704841977264 611.5894276265723
60697 67797.612288 -55.597497667357594 -91.76231803926548 624.2694594072485
60697 68247.612288 -80.1990880452891 -133.13656897340977 635.8639723060273
60697 68697.612288 -66.93493279369858 118.77598722412996 640.7329446186689
60697 69147.612288 -40.09863948821662 106.54691196664574 638.9252790634155
60697 69597.612288 -12.634767807487698 101.65283111256826 635.9082074481643
60697 70047.612288 14.949248028281582 97.7743184440459 636.5750116055077
60697 70497.612288 42.38167212015145 92.6572206316244 640.5530084854328
60697 70947.612288 69.07615738305547 78.7407253706621 642.5103112407664
60697 71397.612288 78.6864325773456 -36.49201954646526 637.084449331488
60697 71847.612288 53.37727908468213 -69.39501538452745 624.4788501696123
60697 72297.612288 25.934743857827094 -76.2409830127237 611.1104546156485
60697 72747.612288 -1.8517194159047516 -80.33938132818496 605.8843721759512
60697 73197.612288 -29.618933593202378 -84.5782651764643 611.9652361793313
60697 73647.612288 -56.977924500245685 -92.3318544097862 624.7881498893
60697 74097.612288 -80.9711573012017 -140.35001420042357 636.2015680424654
60697 74547.612288 -65.60077554730766 117.64875645322911 640.7122837389728
60697 74997.612288 -38.69739001456692 106.28879756922649 638.7464061270449
60697 75447.612288 -11.220424634371907 101.51556566942573 635.8858601179145
60697 75897.612288 16.361774348457107 97.62971487988023 636.8138986030515
60697 76347.612288 43.77692920145684 92.35788487660079 640.8421658215717
60697 76797.612288 70.37561353551706 77.19031171908259 642.4926483896961
60697 77247.612288 77.63085783523398 -41.03173435114822 636.5801988177082
60697 77697.612288 51.98873182870968 -69.85738935673697 623.7120025402288
60697 78147.612288 24.51638188744172 -76.41399198417223 610.5884750117726
60697 78597.612288 -3.2775474464681755 -80.47053518835679 605.790418026538
60697 79047.612288 -31.036346052724003 -84.7763630700352 612.2909121899818
60697 79497.612288 -58.35723744243659 -92.95009132080173 625.1887285378104
60697 79947.612288 -81.5771584520379 -148.77200945082046 636.3692801870759
60697 80397.612288 -64.25323816900149 116.63369000491547 640.5193257820765
60697 80847.612288 -37.28883091871898 106.04154238062898 638.4508687225104
60697 81297.612288 -9.798989673400442 101.37944658206965 635.8351776185544
60697 81747.612288 17.78073355523731 97.48162592948292 637.1106972021374
60697 82197.612288 45.17682212507788 92.04069128146892 641.243480070516
60697 82647.612288 71.66350425594428 75.41779087103616 642.6085366510549
60697 83097.612288 76.50728904033862 -44.851213116553915 636.2137154629141
60697 83547.612288 50.594967263264394 -70.29004397004074 623.0759943716224
60697 83997.612288 23.095244252458958 -76.5822835450256 610.1553589675426
60697 84447.612288 -4.704899468919865 -80.6022823195471 605.7728982134071
60697 84897.612288 -32.45418475623462 -84.98201210508714 612.6459042602656
60697 85347.612288 -59.73362736104396 -93.62254773382337 625.6087350229839
60697 85797.612288 -81.97743197717737 -158.26371490811474 636.5279060005539
60697 86247.612288 -62.897470927611444 115.71587762885164 640.308935718624
