CIC_MEM_VERS = 1.0
CREATION_DATE = 2025-01-22T08:31:27.780992
ORIGINATOR = CS Group

META_START
OBJECT_NAME = RED2
OBJECT_ID = RED2
USER_DEFINED_PROTOCOL = NONE
USER_DEFINED_CONTENT = LLA
USER_DEFINED_SIZE = 3.0
USER_DEFINED_TYPE = REAL
USER_DEFINED_UNIT = [deg] [km]
TIME_SYSTEM = UTC
META_STOP

60696 72179.697024 0.12116954069998755 -26.123613279010794 626.04203756002
60696 72629.697024 27.66049816975902 -30.203679562144767 636.8987105967831
60696 73079.697024 54.84892036253963 -37.271975011052284 642.7928425686931
60696 73529.697024 79.68285022601114 -74.65352367615645 637.1720654777203
60696 73979.697024 67.80640070545867 173.45637105556088 617.8038235958888
60696 74429.697024 40.773116796440746 160.67706222220843 590.3822705141856
60696 74879.697024 12.889315915715262 155.71347003496388 566.3221973616818
60696 75329.697024 -15.253952057486375 151.7966541852135 555.9172711097921
60696 75779.697024 -43.27566179348158 146.55255261333733 561.4656771127123
60696 76229.697024 -70.4178384447635 131.3819936424214 576.76470828503
60696 76679.697024 -77.3797356754022 11.500292017113532 593.1826875472196
60696 77129.697024 -51.43714831363383 -16.192308364041537 606.1148208939177
60696 77579.697024 -23.9567554709862 -22.56707965771151 616.5870336762379
60696 78029.697024 3.672971939734113 -26.54021585395441 627.3992197124653
60696 78479.697024 31.18567133683576 -30.77133344861057 637.9075524829912
60696 78929.697024 58.29249559931696 -38.789884312325775 642.6291356476179
60696 79379.697024 81.5789984431626 -93.21887807790084 635.2240945936561
60696 79829.697024 64.43430201389282 170.55718823009718 614.3784505837928
60696 80279.697024 37.2083667098418 159.93459200982403 586.7632358799497
60696 80729.697024 9.269604788697752 155.26845536327747 564.0926414117495
60696 81179.697024 -18.87981303042156 151.32222878439663 555.880720775447
60696 81629.697024 -46.85181214638329 145.63060695843686 563.1829786492771
60696 82079.697024 -73.66290075741506 126.25784535536845 579.0845191403645
60696 82529.697024 -74.39713929464726 3.2713203287868473 595.1517839766655
60696 82979.697024 -47.92368032554895 -17.28593456502589 607.5741068962723
60696 83429.697024 -20.401571645414382 -23.066096705023025 617.9145842994357
60696 83879.697024 7.225918110219992 -26.96229470926695 628.7859324637564
60696 84329.697024 34.707558171125896 -31.390430419230192 638.889777758232
60696 84779.697024 61.712644643372 -40.65334659449737 642.326642429187
60696 85229.697024 82.22135816315198 -118.19373943747148 633.0950723073292
60696 85679.697024 61.009366053646076 168.310979997114 610.8578345087868
60696 86129.697024 33.63193596830854 159.26419850109198 583.1999313274921
60697 179.697024 5.64446728173261 154.83268469878445 562.0256954064175
60697 629.697024 -22.50572234063312 150.82263815266043 555.9936734099379
60697 1079.697024 -50.41833528368121 144.5661161935152 564.9371982849318
60697 1529.697024 -76.72221523466914 118.73155870944213 581.3419139762136
60697 1979.697024 -71.1993096127136 -2.2791545998244294 597.0590327110433
60697 2429.697024 -44.395446981046895 -18.23240686326901 609.058828532623
60697 2879.697024 -16.841207083170993 -23.540189691353408 619.3540654034327
60697 3329.697024 10.779365776879585 -27.392796992144635 630.270731495039
60697 3779.697024 38.22487948284561 -32.071137516260606 639.8442142735382
60697 4229.697024 65.0995428602281 -42.997168813540604 641.8482169917675
60697 4679.697024 81.32422341326836 -142.41769476629128 630.7393160266413
60697 5129.697024 57.546250068664385 166.51332045871538 607.2025614649901
60697 5579.697024 30.044441368035336 158.65063575219565 579.6864994402872
60697 6029.697024 2.014125235761363 154.4020217681801 560.1718580400694
60697 6479.697024 -26.13076972835664 150.2920588381078 556.3481955579603
60697 6929.697024 -53.97133234387983 143.31819102660862 566.8370680941009
60697 7379.697024 -79.43151101092468 107.10969659618053 583.6330999729813
60697 7829.697024 -67.88035988991412 -6.224795866522381 598.9697673841786
60697 8279.697024000001 -40.85762666747747 -19.06483638937191 610.5942463381544
60697 8729.697024000001 -13.278969754527425 -23.99502336742643 620.871178043741
60697 9179.697024000001 14.330673171817175 -27.83536261867107 631.7604335265974
60697 9629.697024000001 41.73520113525896 -32.82755927374752 640.6629695651635
60697 10079.697024000001 68.43659494848862 -46.03937686218116 641.1182137023244
60697 10529.697024000001 79.26316628283399 -159.7585222044963 628.127640035798
60697 10979.697024 54.05406083914088 165.03794102106832 603.4325550331055
60697 11429.697024000001 26.447190821281836 158.0835414930817 576.2779702991448
60697 11879.697024000001 -1.6199964869097996 153.97306400000548 558.5643556693352
60697 12329.697024000001 -29.75317674178631 149.72329010489776 556.9383676122031
60697 12779.697024000001 -57.50563417180295 141.8266290614853 568.8526370064209
60697 13229.697024000001 -81.45109551766829 88.94144594947242 585.9133340143103
60697 13679.697024000001 -64.48715478779184 -9.160743069166655 600.8427730717171
60697 14129.697024000001 -37.31189218539531 -19.806670750605704 612.1361776473076
60697 14579.697024 -9.715184820639488 -24.43489983257283 622.4322077810485
60697 15029.697024000001 17.8797307133287 -28.293808916822073 633.2498676976561
60697 15479.697024000001 45.23775584888814 -33.67782179520928 641.3338094979626
60697 15929.697024000001 71.69755761489655 -50.140685656432034 640.0993175834739
60697 16379.697024000001 76.56030756493911 -170.90673870247443 625.2199335943146
60697 16829.697024 50.53756604106311 163.7983092984178 599.5140351104967
60697 17279.697024 22.83930836829711 157.55320690183112 572.9469832180396
60697 17729.697024 -5.259241529676549 153.54198727293172 557.1989101840511
60697 18179.697024 -33.374068523503425 149.10758638491615 557.8005446652254
60697 18629.697024 -61.01660706293641 140.00381897530835 571.0594337515323
60697 19079.697024 -82.22529918306243 63.90823035309058 588.2947442413517
60697 19529.697024 -61.045740559645864 -11.430352341035606 602.8065261217465
60697 19979.697024 -33.760903099403535 -20.475459569896884 613.801276818052
60697 20429.697024 -6.152507200220126 -24.863280846397927 624.1076447100585
60697 20879.697024 21.423458097816745 -28.772042766678336 634.7453734447262
60697 21329.697024 48.728169567763494 -34.645047644950736 641.852005688174
60697 21779.697024 74.83038503048182 -55.92358235876471 638.8455899195277
60697 22229.697024 73.52880519329447 -178.18973854402444 622.1320237605048
60697 22679.697024 47.00559028700797 162.7380424492289 595.611743768135
60697 23129.697024 19.22779144596875 157.0533768650304 569.901557878428
60697 23579.697024 -8.895201308882989 153.10589885567728 556.2716809269355
60697 24029.697024 -36.983670984192706 148.43509614285244 559.0166721639724
60697 24479.697024 -64.48624316345305 137.72228895589882 573.3959074761153
60697 24929.697024 -81.41455165624008 39.04705935404841 590.6046176888734
60697 25379.697024 -57.57756591845437 -13.239831198622234 604.6186829295458
60697 25829.697024 -30.21013193089978 -21.085993111027708 615.3251716808023
60697 26279.697024 -2.593744135186532 -25.285033004435885 625.6517647507129
60697 26729.697024 24.96057367141892 -29.27670027017412 636.0877641796773
60697 27179.697024 52.204054564925485 -35.76482089523711 642.1963811230266
60697 27629.697024 77.73687016018202 -64.51978480901718 637.4440576360777
60697 28079.697024 70.31923193635454 176.8127689723947 619.0250234445581
60697 28529.697024 43.463261938350186 161.81855072741658 591.919874736285
60697 28979.697024 15.616929116649732 156.5783601353041 567.2546024862302
60697 29429.697024 -12.523266216061877 152.66038461144478 555.7183241789501
60697 29879.697024 -40.57740318858426 147.6909855638708 560.4294336423177
60697 30329.697024 -67.8969407259728 134.7727634982993 575.7196697879781
60697 30779.697024 -79.38320264594549 21.134779717405923 592.7615164300117
60697 31229.697024 -54.092637984889656 -14.718337086949147 606.2612871991229
60697 31679.697024 -26.661317812257955 -21.648120049028044 616.7323430194526
60697 32129.697024 0.9594443049976623 -25.703353808301717 627.0944315193884
60697 32579.697024 28.48908442567408 -29.81511655701218 637.2894331662985
60697 33029.697024 55.66082001710179 -37.086656432694994 642.3134513008862
60697 33479.697024 80.21346773938812 -77.86346693128056 635.7736395249551
60697 33929.697024 67.00450083703613 173.20939616497753 615.7457664673167
60697 34379.697024 39.910410788365915 161.00927827634004 588.2424318294363
60697 34829.697024 12.003423541887283 156.12219981150642 564.7752359494245
60697 35279.697024 -16.1481140102344 152.19992450440049 555.3893510351819
60697 35729.697024 -44.15998975714538 146.85389868835964 561.9667887879494
60697 36179.697024 -71.22852367578776 130.79937490038742 578.0097870778671
60697 36629.697024 -76.6791523167928 9.679229741820729 594.7932782191815
60697 37079.697024 -50.59072003156403 -15.95348886833087 607.7832789272534
60697 37529.697024 -23.10939793736759 -22.170826772226945 618.0769927717866
60697 37979.697024 4.5121805994105175 -26.121945429548568 628.4803853795588
60697 38429.697024 32.01414599549003 -30.395347928681545 638.3013505610735
60697 38879.697024 59.10016371982509 -38.67900104849719 642.0783469800745
60697 39329.697024 81.86365177138488 -98.20425620847303 633.6952818861394
60697 39779.697024 63.61576401413118 170.48981408619727 612.1836814773121
60697 40229.697024 36.339697915801345 160.28507244723582 584.5199497099036
60697 40679.697024 8.37863268349065 155.6788602118932 562.506570368266
60697 41129.697024 -19.777934526542232 151.7183770444793 555.3823754920895
60697 41579.697024 -47.737338189590595 145.89735266407692 563.7700007965581
60697 42029.697024 -74.43906288301804 125.18578256629453 580.4580915985151
60697 42479.697024 -73.62983367703713 2.242285652476698 596.9154179431674
60697 42929.697024 -47.07299173899668 -17.006603706873733 609.3802626852349
60697 43379.697024 -19.5533448338783 -22.662390564442244 619.4918313987058
60697 43829.697024 8.064703225630089 -26.545130831416053 629.8679132798891
60697 44279.697024 35.53500066071003 -31.027632570329377 639.1766267880262
60697 44729.697024 62.514484464149334 -40.641768121064075 641.5772759393805
60697 45179.697024 82.14084444540656 -123.86072221645742 631.327068842712
60697 45629.697024 60.17697523304744 168.36383561715672 608.457704666223
60697 46079.697024 32.75560840848812 159.62881807082533 580.8553438065799
60697 46529.697024 4.746736013421502 155.2440926042255 560.4689799178417
60697 46979.697024 -23.40886491594825 151.21097079100954 555.6251035724048
60697 47429.697024 -51.30501921128679 144.79014250803746 565.7006353252101
60697 47879.697024 -77.43404812692708 116.83261396802042 582.8953665554528
60697 48329.697024 -70.3944432326403 -2.8413687105576835 598.9712536645798
60697 48779.697024 -43.54118246315383 -17.922129177401427 610.9595672560309
60697 49229.697024 -15.991809189276383 -23.13042559127743 620.9587708841358
60697 49679.697024 11.618640438445256 -26.977061381228197 631.2852844233817
60697 50129.697024 39.05256727351396 -31.72391382872192 639.9617032585828
60697 50579.697024 65.89425038296211 -43.128220058764384 640.8619044724911
60697 51029.697024 80.91315352145082 -146.72205172462975 628.7222271310183
60697 51479.697024 56.700554201172174 166.6513776192036 604.6228665782988
60697 51929.697024 29.1589812913088 159.02720386643355 577.2969587161892
60697 52379.697024 1.1085501670024636 154.81424667893364 558.7147268516468
60697 52829.697024 -27.039442458678206 150.67150723254807 556.1794952966145
60697 53279.697024 -54.85844139226048 143.4867938225664 567.8255792580948
60697 53729.697024 -80.01517227922803 103.81095948541086 585.3826010476985
60697 54179.697024 -67.05232195929965 -6.498415452343566 601.0150804190033
60697 54629.697024 -40.000175780614676 -18.729979200153064 612.5470607445707
60697 55079.697024 -12.428144888010205 -23.580281589641924 622.4459871513704
60697 55529.697024 15.171017375198609 -27.421909247510435 632.6701035241284
60697 55979.697024 42.56377128085122 -32.499516502503226 640.597137138224
60697 56429.697024 69.22009714124769 -46.38223252926644 639.8981395809059
60697 56879.697024 78.65554577327616 -162.39131437313793 625.9005463700636
60697 57329.697024 53.19669041365678 165.23605323372914 600.7539900884511
60697 57779.697024 25.55334776695987 158.46846067912605 573.952414362738
60697 58229.697024 -2.532029221224055 154.38425443039768 557.3104130507887
60697 58679.697024 -30.665346650134055 150.09125511292493 557.0311531746214
60697 59129.697024 -58.389725773915046 141.92136597173257 570.0910105351716
60697 59579.697024 -81.78222627604187 83.7361097082922 587.8477563808294
60697 60029.697024 -63.645765740068036 -9.247229829917043 602.9871148769791
60697 60479.697024 -36.453482182362244 -19.45305635851734 614.1007610236696
60697 60929.697024 -8.864551950543163 -24.01719007398051 623.9343518069571
60697 61379.697024 18.719715992551667 -27.884740195236247 634.0251797648917
60697 61829.697024 46.06531069901826 -33.37522522063316 641.1242795323463
60697 62279.697024 72.4583073910133 -50.81497838984319 638.7996879629402
60697 62729.697024 75.85191584726019 -172.4218488733078 623.0369317143911
60697 63179.697024 49.675517471743305 164.0435308713494 597.0323151638054
60697 63629.697024 21.945525239699986 157.94571431386248 570.9372114760816
60697 64079.697024 -6.16778534151678 153.9522428999921 556.2615272640182
60697 64529.697024 -34.279458753989694 149.46343968568408 558.1031860645511
60697 64979.697024 -61.8870921474373 140.00253068155908 572.3597878010959
60697 65429.697024 -82.16911599664104 57.87377171799507 590.129422996419
60697 65879.697024 -60.20023091345515 -11.389090115038664 604.7389650721645
60697 66329.697024 -32.904287811835125 -20.107396994614277 615.51536187613
60697 66779.697024 -5.302589806931541 -24.44425861782476 625.3530211609228
60697 67229.697024 22.26392313602305 -28.369591667345905 635.2777024665241
60697 67679.697024 49.55573635370441 -34.377659270560926 641.4552604934614
60697 68129.697024 75.55136918314437 -57.15497106684787 637.4578996507116
60697 68579.697024 72.76311676737151 -179.04140253054223 619.9989124055671
60697 69029.697024 46.13719207969018 163.02248159214525 593.3249795243507
60697 69479.697024 18.332061853581468 157.45355691821115 568.1845336247749
60697 69929.697024 -9.801929088354967 153.5149778381039 555.632450318844
60697 70379.697024 -37.88342471774967 148.77528448769786 559.5644400569238
60697 70829.697024 -65.34060163877857 137.579119268624 574.8331121998406
60697 71279.697024 -81.00242949859059 34.439613918502964 592.4274642576905
60697 71729.697024 -56.730395073256354 -13.102990138905739 606.4106596201528
60697 72179.697024 -29.356107304603604 -20.702665980125186 616.8127657992245
60697 72629.697024 -1.7454102493165633 -24.862694126394075 626.6218586577451
60697 73079.697024 25.801047404851317 -28.87974631415339 636.3253168692503
60697 73529.697024 53.03156805400492 -35.539632691603096 641.4963248803108
60697 73979.697024 78.38371036349064 -66.69514985832252 635.7905898083023
60697 74429.697024 69.51672078139903 176.35326191143955 616.744073255394
60697 74879.697024 42.58457401100394 162.1316359515492 589.6470437391692
60697 75329.697024 14.713463410886513 156.9841603693669 565.7055564830928
60697 75779.697024 -13.434490395141346 153.06680770050653 555.3871159375341
60697 76229.697024 -41.47732597658593 148.00985874878234 561.3300288336352
60697 76679.697024 -68.73481396622961 134.4129003085806 577.422659661383
60697 77129.697024 -78.76149522719375 18.344649201044337 594.7020128721242
60697 77579.697024 -53.24254288094334 -14.51231654165971 608.0188146405574
60697 78029.697024 -25.807845912373875 -21.25241410690787 618.0692305439353
60697 78479.697024 1.8077942813589774 -25.279196423667532 627.8228350363248
60697 78929.697024 29.330920315883017 -29.42628113768845 637.2041456938455
60697 79379.697024 56.48875700561639 -36.919299260060704 641.283938761758
60697 79829.697024 80.7103646843935 -81.58760097140238 633.868381422705
60697 80279.697024 66.17530618317939 172.995941781188 613.3666508811131
60697 80729.697024 39.02103907137551 161.34445907372458 586.0546641454096
60697 81179.697024 11.092026009131011 156.53167849414592 563.4824085715975
60697 81629.697024 -17.063950036262487 152.60163995986207 555.3766823498501
60697 82079.697024 -45.06034470080376 147.14533915025368 563.1272189788557
60697 82529.697024 -72.0422455899539 130.10135015468555 579.8563756682574
60697 82979.697024 -75.95071639491232 8.083453095613145 596.7527502713381
60697 83429.697024 -49.73625400404 -15.699028421334752 609.4669879994534
60697 83879.697024 -22.253762745024446 -21.767459899130028 619.284976288011
60697 84329.697024 5.362766844655328 -25.6991905349288 629.0555732562457
60697 84779.697024 32.85824298932894 -30.019068370607577 638.070321081835
60697 85229.697024 59.92639931309661 -38.59289553898595 640.945582352764
60697 85679.697024 82.07443300499315 -103.69665884797932 631.7682708114014
60697 86129.697024 62.769729710329024 170.44224712942773 609.8874445508959
