CIC_MEM_VERS = 1.0
CREATION_DATE = 2025-01-22T08:34:02.630831
ORIGINATOR = CS Group

META_START
OBJECT_NAME = Sat
OBJECT_ID = Sat
USER_DEFINED_PROTOCOL = NONE
USER_DEFINED_CONTENT = LLA
USER_DEFINED_SIZE = 3.0
USER_DEFINED_TYPE = REAL
USER_DEFINED_UNIT = [deg] [km]
TIME_SYSTEM = UTC
META_STOP

60696 60634.07712 0.12315476217288256 -66.95412687512493 498.81891773694946
60696 61054.07712 26.66377086806919 -70.75533338164615 504.18887474520733
60696 61474.07712 52.91049207955199 -77.04203728978511 510.42380942556434
60696 61894.07712 77.58105366183409 -104.00094389670058 517.054825795171
60696 62314.07712 71.80599726148756 136.90790541910113 518.589516656069
60696 62734.07712 46.34070404124053 121.08480970141007 514.6263984312565
60696 63154.07712 20.030921665172507 115.86685345333956 510.1045173439419
60696 63574.07712 -6.460348362930548 112.2362707158289 510.3760330085218
60696 63994.07712 -32.87701765112945 108.18023632814777 516.3596736011694
60696 64414.07712 -58.91053897897482 100.38910156487266 523.6838311980398
60696 64834.07712 -81.53751849459788 49.94906912959599 526.2705442615297
60696 65254.07712 -66.20688363748673 -49.358060330151815 520.9329210000988
60696 65674.07712 -40.38519444009077 -60.392581128724295 510.1069643976278
60696 66094.07712 -13.964025484174078 -64.97968243263368 499.8821516898668
60696 66514.07712 12.618127031290625 -68.56928133143732 498.9245813861565
60696 66934.07712 39.078604930305126 -73.04985887348029 505.84199674270855
60696 67354.07712 65.00719039652843 -83.40169552147444 511.776125706101
60696 67774.07712 81.99953799834616 -176.02801506568176 515.1676491040096
60696 68194.07712 59.97921413390109 126.43519418811981 512.9926659100269
60696 68614.07712 33.9001140655184 118.27629511008806 508.1372775258481
60696 69034.07712 7.440887301205837 114.1566772808885 506.3622838959695
60696 69454.07712 -19.06331999364598 110.53861791231003 511.1947890919566
60696 69874.07712 -45.35980217458399 105.44670117957303 520.4270637682612
60696 70294.07712 -70.84313882397103 90.70921451635962 528.3069958092027
60696 70714.07712 -78.46134681982645 -26.250147167917568 528.7696354943877
60696 71134.07712 -54.11170028173836 -56.238381009909716 520.9977228196444
60696 71554.07712 -27.940462011443437 -62.76848142251169 509.91302962360044
60696 71974.07712 -1.446783255811357 -66.60916350957254 502.820673127
60696 72394.07712 25.088346585075968 -70.36002027058468 502.99656113921856
60696 72814.07712 51.38069650045045 -76.3582764842337 508.7945085267624
60696 73234.07712 76.32331073414873 -99.85281369347584 514.5784813742589
60696 73654.07712 73.17807997500954 139.26881429452268 514.7608003365904
60696 74074.07712 47.81065266857683 121.6466976341542 510.0890354040092
60696 74494.07712 21.48317713205514 116.22367444749477 505.48839786179417
60696 74914.07712 -5.038262251558806 112.56223762641102 506.4244452997459
60696 75334.07712 -31.48544601540727 108.57308628859053 514.0491135471142
60696 75754.07712 -57.56144938050685 101.18289790507013 523.5875494320757
60696 76174.07712 -80.8241207572491 57.95421768660171 528.9021182473821
60696 76594.07712 -67.55426653777722 -47.99626812036638 525.790346839283
60696 77014.07712 -41.83959361655431 -59.91350843610383 516.198944826822
60696 77434.07712 -15.466887136554455 -64.63107344634918 506.38077611015154
60696 77854.07712 11.074663998830562 -68.22120160864117 502.5894651004864
60696 78274.07712 37.531884244579516 -72.58199504020924 506.1048112866022
60696 78694.07712 63.51129450802846 -82.17680076561707 512.4056497227522
60696 79114.07712 82.36314241290658 -164.6549519095605 515.6028287889415
60696 79534.07712 61.49376308917358 127.44152955068793 512.9603388884162
60696 79954.07712 35.45529810819648 118.71923423736823 507.38523063224824
60696 80374.07712 8.996829938174104 114.50235600138527 504.7178987604887
60696 80794.07712 -17.52512281095612 110.8988884912087 509.0164176848803
60696 81214.07712 -43.85180575078227 105.97704352250607 518.6237233699751
60696 81634.07712 -69.44446554907857 92.56972330401943 526.7690649415882
60696 82054.07712 -79.54767938109428 -20.634176083634838 527.9914298094882
60696 82474.07712 -55.57878308718007 -55.50226103323088 521.0681598487774
60696 82894.07712 -29.438939531152805 -62.37392670801986 510.404386638102
60696 83314.07712 -2.9573128686656474 -66.27443494239098 503.24505727162256
60696 83734.07712 23.57877185451968 -69.98570082831 503.47884923974595
60696 84154.07712 49.88871340196059 -75.72881354447787 509.4206531960682
60696 84574.07712 75.03000076738569 -96.43624097534995 515.3377281442761
60696 84994.07712 74.52722142772392 142.02565168815164 515.8106053133969
60696 85414.07712 49.32492781734917 122.24793949777776 511.07464544039664
60696 85834.07712 23.023459634824682 116.5975855237775 505.9245780325015
60696 86254.07712 -3.4939326504521557 112.90218546895457 505.9879362434128
60697 274.07712 -29.956371126026905 108.98149397321646 512.5978142575639
60697 694.07712 -56.07799787248533 101.9861348906418 521.7821397830852
60697 1114.07712 -79.89217989366946 65.21649838084035 527.6552337046298
60697 1534.07712 -68.96315801207595 -46.41031878623946 525.4164096699005
60697 1954.07712 -43.32800666606334 -59.411112441805216 516.6075997267667
60697 2374.07712 -16.97874786416654 -64.27922065126266 508.0654490013148
60697 2794.07712 9.547352707089212 -67.8784503409871 504.51133417516576
60697 3214.07712 36.0006620318545 -72.13135426940616 507.93958504345136
60697 3634.07712 62.01630877074523 -81.06511773698521 514.0398942467862
60697 4054.07712 82.41609718889568 -152.66440982158323 516.8511181334032
60697 4474.07712 63.00662543447926 128.53739421584103 513.6579437339402
60697 4894.07712 37.018596004685946 119.175094550971 507.15763524516456
60697 5314.07712 10.565091634976813 114.85120908001853 503.3433995732715
60697 5734.07712 -15.972534341427048 111.25782477195828 506.6395194072921
60697 6154.07712 -42.356589071735065 106.4860009786265 513.2552332857879
60697 6574.07712 -68.07052922130106 94.18276227799029 521.7113859924834
60697 6994.07712 -80.48096968690888 -14.166385726386151 524.4440524449059
60697 7414.07712 -56.96199116000522 -54.75929775976931 519.6981495275352
60697 7834.07712 -30.849063449568103 -61.98866333069357 511.3689655162
60697 8254.07712 -4.385523310126264 -65.95001833283298 507.7989147950584
60697 8674.07712 22.12068905955318 -69.62327757702877 508.5401018113681
60697 9094.07712 48.40873184974997 -75.12943892254658 515.2995076164368
60697 9514.07712 73.67731037852158 -93.48730405918954 521.0924451843996
60697 9934.07712 75.89039930469602 145.37970566066255 520.6543025792685
60697 10354.07712 50.91585742584418 122.90158923031255 513.8046172064807
60697 10774.07712 24.63670665221253 116.9880351800551 504.84784566816074
60697 11194.07712 -1.8942399833651913 113.24996542262767 502.27729989738936
60697 11614.07712 -28.401218288660015 109.38893788223014 507.46427872166845
60697 12034.07712 -54.62906855628809 102.73017596409069 507.9188824764566
60697 12454.07712 -78.95218476883856 70.6613909897867 509.0274641841388
60697 12874.07712 -70.08799302891246 -44.972231719490786 509.5884915012998
60697 13294.07712 -44.43757499436046 -58.991819518847876 508.24169363488915
60697 13714.07712 -18.082930688478495 -63.983639827592654 504.5912458144727
60697 14134.07712 8.464612596033565 -67.5959523557113 502.1001879999317
60697 14554.07712 34.938308609820325 -71.78107086353603 507.18697549771457
60697 14974.07712 60.98263896243681 -80.30249872007728 515.1447953415819
60697 15394.07712 82.2691351824767 -144.41534824742791 519.8846643402409
60697 15814.07712 64.078191513536 129.40877081816944 517.9737495943378
60697 16234.07712 38.16241236810503 119.55044487758441 511.69517709519215
60697 16654.07712 11.749348762625834 115.14899210434444 506.9989145361101
60697 17074.07712 -14.767798358531845 111.56599414115333 507.8255169577642
60697 17494.07712 -41.163960310174794 106.91090778021201 507.8554679958644
60697 17914.07712 -67.00147873791815 95.35455033464518 511.34936577648597
60697 18334.07712 -81.08492303836098 -8.601374937046842 515.6071156758804
60697 18754.07712 -57.936580164008085 -54.17356016509521 514.2422704747014
60697 19174.07712 -31.81952940330344 -61.6793454597928 510.27880430980827
60697 19594.07712 -5.36812085069145 -65.68487321058761 509.3119210452933
60697 20014.07712 21.1069356217548 -69.33198636452151 514.3699023820358
60697 20434.07712 47.35627572908152 -74.67748543226651 523.0305991642099
60697 20854.07712 72.66950507047183 -91.56217174092619 529.3629893387288
60697 21274.07712 76.88078946973323 148.34377105122473 527.8519233015717
60697 21694.07712 52.13088935463643 123.4554010505528 518.4023731023616
60697 22114.07712 25.89928992697551 117.32661566612367 506.7829469223257
60697 22534.07712 -0.6292141817619687 113.55236497931786 499.66233218544284
60697 22954.07712 -27.178501990559493 109.7326098753873 500.6589054873392
60697 23374.07712 -53.451369908755744 103.32973244764267 507.48363711809145
60697 23794.07712 -78.03991171986941 74.84593408885301 508.75579895393275
60697 24214.07712 -71.21313289990786 -43.37553099824153 507.9884039728995
60697 24634.07712 -45.6133545558523 -58.545307195849205 502.88855675426174
60697 25054.07712 -19.20752242294839 -63.68427520240465 499.61457741646205
60697 25474.07712 7.353219170539065 -67.311854990458 503.4455634122962
60697 25894.07712 33.79834970909813 -71.4240314058631 514.4541005480869
60697 26314.07712 59.803436125965476 -79.50881108637287 527.1508177631999
60697 26734.07712 81.89141421657996 -135.055992510871 534.333155533945
60697 27154.07712 65.4445886679992 130.5851723980413 531.8917741611264
60697 27574.07712 39.67690164896029 120.01909488869249 521.9831657612758
60697 27994.07712 13.331790653085493 115.50351841006342 511.18004529954635
60697 28414.07712 -13.179397663794097 111.9236362797454 505.5511156969357
60697 28834.07712 -39.60748277989942 107.40238906433297 506.33837120043074
60697 29254.07712 -65.51949060819122 96.7604299705449 509.55305638057786
60697 29674.07712 -81.79405621574311 0.7553991531095836 509.9350810715042
60697 30094.07712 -59.39482472480443 -53.30304638938301 512.1622982323217
60697 30514.07712 -33.29493099009422 -61.26720470107521 509.1059855367111
60697 30934.07712 -6.851567314315247 -65.35087501324459 506.23370638938337
60697 31354.07712 19.660093923758698 -68.9792163830009 507.322859492523
60697 31774.07712 46.00639500087545 -74.16050649249927 506.7119624833648
60697 32194.07712 71.55418591151133 -89.71146655990641 511.82076770009525
60697 32614.07712 77.75998190526782 151.500301297964 511.21589804439355
60697 33034.07712 53.09086339289282 123.94466946270657 513.9421257832531
60697 33454.07712 26.863690759051874 117.62238672237032 507.97173888660944
60697 33874.07712 0.384775867444744 113.8212781531164 508.4712766155808
60697 34294.07712 -26.101224483593207 110.04452690868678 508.6511543530758
60697 34714.07712 -52.36649101576097 103.8614730731408 508.9856046132928
60697 35134.07712 -77.18034791994879 78.07719998462011 509.644265604662
60697 35554.07712 -72.20895443156022 -41.76005878418215 509.26852910956177
60697 35974.07712 -46.729643440635925 -58.093808944585625 507.92324443369597
60697 36394.07712 -20.378999595738083 -63.37142976235958 501.8968230204232
60697 36814.07712 6.1819616416356435 -67.0187475607911 500.4064820636483
60697 37234.07712 32.67668508651178 -71.07656156718281 506.894861494719
60697 37654.07712 58.80259080414158 -78.85463274179205 510.23417700392883
60697 38074.07712 81.5251178782076 -129.23372408429597 517.0243752973215
60697 38494.07712 66.17885743596374 131.33506149444082 517.765259674927
60697 38914.07712 40.35788224725388 120.31191111544906 513.8572300345446
60697 39334.07712 13.986241496253129 115.73156780573255 510.6303666701578
60697 39754.07712 -12.499815038707082 112.15316259416593 512.5869651290222
60697 40174.07712 -38.85674950928271 107.70213208840305 519.355425933822
60697 40594.07712 -64.68681098610215 97.53943162850045 526.1974300058183
60697 41014.07712 -82.12521233304156 7.685581609743597 526.8657312562535
60697 41434.07712 -60.4653336607419 -52.57886475687189 519.4340040122631
60697 41854.07712 -34.424577953932925 -60.91028484099825 508.0001179028244
60697 42274.07712 -7.949650004917421 -65.06575677367803 500.2961584914701
60697 42694.07712 18.6239452007013 -68.68936109764289 499.6104403208291
60697 43114.07712 45.02380944756635 -73.75843718665736 506.0973827577838
60697 43534.07712 70.63721107598859 -88.32272795476369 508.1529820781172
60697 43954.07712 78.51322382740003 154.7103046960971 512.6835276181984
60697 44374.07712 54.07624007622144 124.46060367234375 508.82951290013443
60697 44794.07712 27.83417611882971 117.92286113324506 503.9031211582285
60697 45214.07712 1.317591193003264 114.08100510978855 503.91839935096317
60697 45634.07712 -25.18058682601533 110.33019279290671 511.15608201953603
60697 46054.07712 -51.39048507116974 104.34017640308053 521.9851333477118
60697 46474.07712 -76.23744103754065 81.07587718724717 530.0002634383383
60697 46894.07712 -73.37018582964794 -39.665120193289944 529.6812270518228
60697 47314.07712 -48.12500267183645 -57.54683403484797 521.3553523953598
60697 47734.07712 -21.865852199009126 -63.00767102234431 510.7589792302163
60697 48154.07712 4.638837180073641 -66.67600464371769 504.55612851380727
60697 48574.07712 31.13168389235425 -70.6551522986826 505.3409060254661
60697 48994.07712 57.29805545794854 -77.98815766215505 510.2396247337808
60697 49414.07712 80.73278580649038 -120.53153098702502 513.4109337236077
60697 49834.07712 67.59300544949105 132.75177216090793 511.4429844747516
60697 50254.07712 41.787086954790475 120.78220824058478 506.1832669329097
60697 50674.07712 15.36747050301504 116.06209160555125 502.8187183743488
60697 51094.07712 -11.174049838157583 112.47170433642904 506.24893585207025
60697 51514.07712 -37.57353786936032 108.1150004767137 516.2670485003514
60697 51934.07712 -63.46110879910646 98.56228666861735 526.4647868118471
60697 52354.07712 -82.38279058799858 17.285210348030397 530.7096607109619
60697 52774.07712 -61.7575700055035 -51.68864328229231 526.0483598315789
60697 53194.07712 -35.81037172480681 -60.50044140709241 515.6520993090161
60697 53614.07712 -9.388565225345973 -64.73609092640808 505.7038724757961
60697 54034.07712 17.152730809333278 -68.33895798669984 502.8936332099952
60697 54454.07712 43.55239849124603 -73.23866713761024 506.7683558388799
60697 54874.07712 69.25881526476387 -86.51083118172077 512.1923672817222
60697 55294.07712 79.60898940602432 160.43147353557515 514.1243437916885
60697 55714.07712 55.57384832850716 125.20243186460321 510.50368191482426
60697 56134.07712 29.372517579644814 118.32147362750464 505.37136621322054
60697 56554.07712 2.8710060144189593 114.42162723754042 504.59890997092157
60697 56974.07712 -23.63083292300152 110.71439459600728 510.8703388897166
60697 57394.07712 -49.869744992986725 104.98709779680107 520.9091995251771
60697 57814.07712 -74.9309632158731 84.50428725669903 528.8444876778524
60697 58234.07712 -74.7178938529424 -36.86162965927676 528.8042378434612
60697 58654.07712 -49.62730294655015 -56.94911324945533 520.8151215031979
60697 59074.07712 -23.38490835395598 -62.637380312906714 510.3684056582651
60697 59494.07712 3.117759500451205 -66.33853368478012 504.34931609433585
60697 59914.07712 29.61926373642812 -70.24866609428636 505.29940642313204
60697 60334.07712 55.815867893254634 -77.18873048347734 510.63546058936055
60697 60754.07712 79.77700311877928 -113.32894157966247 514.4868344094446
60697 61174.07712 69.03360567949196 134.3718261886537 513.0425361923485
60697 61594.07712 43.32037441616252 121.29474006337868 507.5371073381387
60697 62014.07712 16.92350408488772 116.42180705799628 503.4022239876955
60697 62434.07712 -9.616064145790853 112.82242640826854 505.79656510781194
60697 62854.07712 -36.03343222986723 108.5740482675529 514.9664338434661
60697 63274.07712 -61.98218708860009 99.67218230904835 524.9080696121944
60697 63694.07712 -82.40943518520807 29.012655802644638 529.4957558754033
60697 64114.07712 -63.221414224847926 -50.61398895053735 525.4303404313141
60697 64534.07712 -37.318794720801485 -60.05350210635968 515.5501437564695
60697 64954.07712 -10.905459822688899 -64.39171715974146 505.83856995201137
60697 65374.07712 15.636037961445782 -67.98207746787631 503.1213793570903
60697 65794.07712 42.048381290383276 -72.72494187794112 507.1989870914191
60697 66214.07712 67.83286408581363 -84.86059230382305 513.0040611538758
60697 66634.07712 80.5940838308707 167.43271752856745 515.0187797966271
60697 67054.07712 57.07546252328631 125.99887924294089 511.3979771213036
60697 67474.07712 30.911117152334135 118.73181693139439 505.8935300010344
60697 67894.07712 4.418638166415743 114.76502813272103 504.4014179153922
60697 68314.07712 -22.09155450050468 111.09287854218093 510.09214822134334
60697 68734.07712 -48.358740090101115 105.59870267924106 519.8326790876558
60697 69154.07712 -73.59353549213616 87.3865359410279 527.9264114566637
60697 69574.07712 -76.01904713694425 -33.5726852006766 528.3650754759315
60697 69994.07712 -51.12200175595988 -56.31826658142458 520.8354848087653
60697 70414.07712 -24.90281312422356 -62.25814289564178 510.4873416755695
60697 70834.07712 1.5935312211461703 -65.99880004067788 504.4063519145968
60697 71254.07712 28.10147042762401 -69.8479223261156 505.3374273868291
60697 71674.07712 54.32586601366046 -76.43589967824407 510.89372863071156
60697 72094.07712 78.6937043050993 -107.38774369032646 515.1553823911787
60697 72514.07712 70.4567830021517 136.19974920294555 513.9684938464545
60697 72934.07712 44.844318635748174 121.82649014489802 508.37469387082297
60697 73354.07712 18.468199673033954 116.78407953283096 503.7295774912192
60697 73774.07712 -8.069853560048692 113.16822649954537 505.3332806642675
60697 74194.07712 -34.50411524892916 109.01447015806801 513.677204677314
60697 74614.07712 -60.50741467791342 100.677181135132 523.4937253570489
60697 75034.07712 -82.1328594088534 40.2921655843346 528.6317558986593
60697 75454.07712 -64.67098906502034 -49.43791737742085 525.3118243773675
60697 75874.07712 -38.82356017443727 -59.59298699944991 515.9999109132939
60697 76294.07712 -12.42737712118285 -64.04566004244785 507.1678489398009
60697 76714.07712 14.104841505618472 -67.62998949671794 504.3163702905172
60697 77134.07712 40.522359377998804 -72.23082625155975 508.16877019973487
60697 77554.07712 66.37201807609182 -83.38082121625851 513.819270328517
60697 77974.07712 81.42265899656958 176.00409581494586 515.6097527800821
60697 78394.07712 58.58732287275344 126.86280855946931 511.7223351300305
60697 78814.07712 32.45887391623727 119.15286738505436 505.6414977679513
60697 79234.07712 5.969500455020616 115.10745846285674 503.28415989246855
60697 79654.07712 -20.555674163063205 111.4617070391849 508.3662263579241
60697 80074.07712 -46.85154209282268 106.17542586206841 518.6037440539428
60697 80494.07712 -72.2318887652546 89.83899433526028 526.6397508635365
60697 80914.07712 -77.2604622339563 -29.688298964664167 527.4349761771714
60697 81334.07712 -52.59870280120051 -55.6591078203779 520.3531165829231
60697 81754.07712 -26.400944863101333 -61.877568342553516 510.17279733332373
60697 82174.07712 0.08958241625122688 -65.66522483273165 504.38517691262035
60697 82594.07712 26.60303272353993 -69.4627470888053 505.44267398652886
60697 83014.07712 52.85110643854586 -75.74077717263977 511.2997393993261
60697 83434.07712 77.52954889122002 -102.55347459678426 516.0083591654744
60697 83854.07712 71.84549754121778 138.26351001646205 515.1362529659738
60697 84274.07712 46.35146545695952 122.3757516530306 509.48518390961215
60697 84694.07712 19.99944064160226 117.14716763891505 504.3053098887986
60697 85114.07712 -6.534854906070097 113.50909644097158 505.0288880120592
60697 85534.07712 -32.98537344669805 109.43991568438122 512.1957936886929
60697 85954.07712 -59.04189983970065 101.59695133368913 521.5551438176965
60697 86374.07712 -81.59555881618009 50.35665063632427 527.2407841213387
