CIC_MEM_VERS = 1.0
CREATION_DATE = 2025-01-11T09:56:36.948613
ORIGINATOR = CS Group

META_START
OBJECT_NAME = PLEIADES-NEO3
OBJECT_ID = PLEIADES-NEO3
USER_DEFINED_PROTOCOL = NONE
USER_DEFINED_CONTENT = LLA
USER_DEFINED_SIZE = 3.0
USER_DEFINED_TYPE = REAL
USER_DEFINED_UNIT = [deg] [km]
TIME_SYSTEM = UTC
META_STOP

60685 47679.91344 0.1208377807776402 87.79984570155361 624.089196514832
60685 48129.91344 27.76632256418627 83.65486767183876 626.6186004311154
60685 48579.91344 55.07570840184706 76.42722391981367 633.8908750373973
60685 49029.91344 79.83781898994555 37.48687443423699 638.1337031900114
60685 49479.91344 67.46873790705547 -72.7339773822125 634.851185521142
60685 49929.91344 40.588328941616616 -85.36836971450253 625.8527119177828
60685 50379.91344 13.015181590874297 -90.32507634899497 619.1457443720286
60685 50829.91344 -14.705105987723304 -94.22308911756369 619.5374332368744
60685 51279.91344 -42.26390090165157 -99.34667542079771 623.7420922690778
60685 51729.91344 -69.08296160434553 -113.30175099537239 624.4697401762056
60685 52179.91344 -78.59876030996993 131.0465174875689 626.6803349805477
60685 52629.91344 -53.196996471473504 98.50039889064016 619.5305906925807
60685 53079.91344 -25.738457252935007 91.69160651080287 612.9950112793937
60685 53529.91344 2.0091108855883744 87.60515965510174 613.8131714271625
60685 53979.91344 29.694939890321415 83.3746772058813 624.0579222985118
60685 54429.91344 56.95459444765038 75.64783103803833 638.6261590800858
60685 54879.91344 80.90803956547428 28.340610157254353 648.4556641111799
60685 55329.91344 65.79965099749121 -74.21998835059564 648.3636758934173
60685 55779.91344 38.940899838460965 -85.69121044496103 640.0539057163835
60685 56229.91344 11.44915165887028 -90.48583341014326 630.5537662257125
60685 56679.91344 -16.19764261748809 -94.37860413094543 626.1132269528433
60685 57129.91344 -43.711006843845446 -99.65535485064083 627.3247896631162
60685 57579.91344 -70.4137383014955 -114.88412737090727 629.2636332817547
60685 58029.91344 -77.53040120210994 126.5287102885391 626.622511158368
60685 58479.91344 -51.83042697741784 98.04513535407546 625.8737282432813
60685 58929.91344 -24.438838328420697 91.53665997910618 623.7974345890542
60685 59379.91344 3.243180564912659 87.49950372531681 619.6233295502356
60685 59829.91344 30.90129431014611 83.21655629304739 623.4891246066531
60685 60279.91344 58.1601428573996 75.12288887458632 631.3505367427489
60685 60729.91344 81.49645915287766 20.648250735058784 636.0244502597631
60685 61179.91344 64.44387226730885 -75.26466940023091 633.562747195117
60685 61629.91344 37.41116257927267 -85.97014940614609 626.5049553587332
60685 62079.91344 9.816557696495735 -90.65392992383566 621.6330685844565
60685 62529.91344 -17.87375278141266 -94.56612033320269 624.2667647422862
60685 62979.91344 -45.38462329246927 -100.0480761954274 624.7524271462443
60685 63429.91344 -71.98013950067441 -117.09614545619293 623.7840203823937
60685 63879.91344 -76.12121273222058 121.93509366894567 629.3469877578942
60685 64329.91344 -50.11773927917094 97.50500374564673 627.108564211773
60685 64779.91344 -22.68147941848224 91.31292800364804 624.3355087553272
60685 65229.91344 4.977370657858267 87.32444062062312 626.8503061835532
60685 65679.91344 32.545998557688996 82.96671368862656 635.7244154409839
60685 66129.91344 59.66139772444714 74.38811274486916 645.3069314170411
60685 66579.91344 81.93749431775122 11.122826333892755 648.4312778836893
60685 67029.91344 63.1425175408507 -76.15582175690703 641.5818507761923
60685 67479.91344 36.098562801421025 -86.18729293429999 628.4716157406498
60685 67929.91344 8.485456955786953 -90.77671529901787 617.0418991719953
60685 68379.91344 -19.26060282488927 -94.7143443323417 614.3482024637307
60685 68829.91344 -46.81449751961185 -100.3989363165189 619.7424340352578
60685 69279.91344 -73.28048023201957 -119.28355882134522 626.9165985113325
60685 69729.91344 -74.92688921241778 118.88097110476032 629.6830851253161
60685 70179.91344 -48.72124284896469 97.11142382071581 627.2400651678747
60685 70629.91344 -21.265262632060924 91.15201251102728 624.5041652792133
60685 71079.91344 6.3949589210079125 87.19286181663296 627.2124301857058
60685 71529.91344 33.95169501983368 82.75352535088851 636.1298263456341
60685 71979.91344 61.024101811074544 73.66013524868592 645.3336564101692
60685 72429.91344 82.13312647156185 1.038821716042624 647.8102556745531
60685 72879.91344 61.77883461484787 -77.00103688554915 640.4352991354277
60685 73329.91344 34.67708714159572 -86.41727635055538 627.3064071259437
60685 73779.91344 7.047854457347935 -90.9130220900093 616.5443116609031
60685 74229.91344 -20.696770992368457 -94.87399752961402 614.5247724005967
60685 74679.91344 -48.22803478606679 -100.76797083951116 620.346058880923
60685 75129.91344 -74.52751086394447 -121.77943713167264 627.5174272476625
60685 75579.91344 -73.690743329853 116.27167656377823 630.0440032692408
60685 76029.91344 -47.31744210256515 96.741472423023 627.4664500469357
60685 76479.91344 -19.844237117879647 90.99504956064195 624.827760080679
60685 76929.91344 7.815425777821187 87.05991839535827 627.733589487271
60685 77379.91344 35.35850075725312 82.53047650331669 636.6396215839566
60685 77829.91344 62.38258552368158 72.85981223093259 645.4511245166182
60685 78279.91344 82.07695075299495 -9.228753992186899 647.2542645361045
60685 78729.91344 60.40919385419615 -77.76820691516653 639.3240533944744
60685 79179.91344 33.254516036306384 -86.63687942533538 626.1698862734189
60685 79629.91344 5.609735200435062 -91.04759371754243 616.055430951988
60685 80079.91344 -22.132968264182445 -95.03726074263204 614.6655449539493
60685 80529.91344 -49.640669202244254 -101.16077614055833 620.8666489146374
60685 80979.91344 -75.74202986479973 -124.70758049852125 628.0064257225846
60685 81429.91344 -72.4242038686554 114.02952819001933 630.2739204668864
60685 81879.91344 -45.90902102131964 96.39284148997233 627.5235329821807
60685 82329.91344 -18.418585716197317 90.84136245096141 624.9931507273544
60685 82779.91344 9.24099977634969 86.9252438333146 628.1429792888196
60685 83229.91344 36.77039120193234 82.2968892127468 637.0865331927973
60685 83679.91344 63.741162613497934 71.9754788899102 645.5871959005166
60685 84129.91344 81.77381047505835 -19.08426535716354 646.8084067963406
60685 84579.91344 59.03052327997318 -78.47233984479811 638.4150927757022
60685 85029.91344 31.82851712941696 -86.84868759017803 625.3110960774187
60685 85479.91344 4.170380282359956 -91.18164870959744 615.7592212070858
60685 85929.91344 -23.5684526507171 -95.20509813154659 614.9540647214936
60685 86379.91344 -51.050135178777545 -101.57958744874806 621.4550144501895
60686 429.91344 -76.91752416849556 -128.18073315343543 627.171137951139
60686 879.91344 -71.11970880825133 112.06543865087929 628.8629923118879
60686 1329.91344 -44.469624834347314 96.0547958345196 625.9416155370161
60686 1779.91344 -16.951054744852378 90.68394641476397 623.8980953138613
60686 2229.91344 10.715292353670472 86.78143188229389 627.9676052831633
60686 2679.91344 38.23088061803829 82.04109758809739 637.7925916209126
60686 3129.91344 65.13558061858832 70.9626175046304 646.7403845838797
60686 3579.91344 81.23398808861675 -28.206837768061195 647.941535624728
60686 4029.91344 57.62731679465094 -79.1301422960168 639.3166597443169
60686 4479.91344 30.394829379732837 -87.05510269526332 626.0116649283907
60686 4929.91344 2.73314120515823 -91.3156264057183 616.285897986648
60686 5379.91344 -24.997835922519528 -95.37714509162247 615.2773251013327
60686 5829.91344 -52.4547776387357 -102.02624229306028 621.2904215144105
60686 6279.91344 -78.02937251340151 -132.28439697772106 627.5877351778738
60686 6729.91344 -69.81314884324746 110.3724596767796 628.8738567800472
60686 7179.91344 -43.05811806072067 95.74157203420941 625.7971358796432
60686 7629.91344 -15.523134467283883 90.53463116513572 623.9294625613664
60686 8079.91344 12.142711534837774 86.6414293684313 628.3206436611997
60686 8529.91344 39.64293392373265 81.7823987845084 638.2818257877449
60686 8979.91344 66.47996069866706 69.86680961357673 647.0692048420701
60686 9429.91344 80.51938596659079 -35.91756012940802 647.8498620140134
60686 9879.91344 56.24434839071722 -79.72162823303223 638.8745389561365
60686 10329.91344 28.975250504049885 -87.25006685635933 625.6033589708298
60686 10779.91344 1.3044534179624647 -91.4469663798748 616.254437966845
60686 11229.91344 -26.419949386966255 -95.55248996790391 615.6553060519641
60686 11679.91344 -53.84754665693209 -102.50174850724179 621.7739261692122
60686 12129.91344 -79.06288337669606 -137.17128903598388 627.7878980508916
60686 12579.91344 -68.49648246139498 108.89354810880712 628.710866386509
60686 13029.91344 -41.64967627014766 95.44785477617407 625.4960826899123
60686 13479.91344 -14.09824802415638 90.39021908174915 623.8403465398084
60686 13929.91344 13.567557725308149 86.50155633334693 628.5841270577242
60686 14379.91344 41.05249877346745 81.51347422178917 638.6750732035742
60686 14829.91344 67.81466011516235 68.64413980414582 647.2585267858967
60686 15279.91344 79.65852533519276 -42.45383155593246 647.6009123822233
60686 15729.91344 54.85605241175874 -80.26750933139544 638.3095454003927
60686 16179.91344 27.552417202196075 -87.43718961341746 625.1579880631995
60686 16629.91344 -0.1265486590019058 -91.57723677755106 616.2889122819653
60686 17079.91344 -27.842620068350083 -95.73327924018997 616.2094267792568
60686 17529.91344 -55.23705625883341 -103.01433579356359 622.4914663294712
60686 17979.91344 -79.99877944197259 -143.01625447145608 626.4893030234387
60686 18429.91344 -67.14208541822678 107.56412993616826 625.8455592793184
60686 18879.91344 -40.189877015053696 95.15911113341804 618.9541814780763
60686 19329.91344 -12.55222806451035 90.23197014408336 612.4183254112022
60686 19779.91344 15.213776585622714 86.3268799792836 615.0586226714845
60686 20229.91344 42.78650491104764 81.14620485769818 625.8197276252752
60686 20679.91344 69.53356554482833 66.79426697074372 637.073643111563
60686 21129.91344 78.32919160799716 -49.605392071417874 643.0231369616288
60686 21579.91344 52.98201857012135 -80.96127434596198 640.4655991944188
60686 22029.91344 25.68627826610588 -87.69359098879107 633.776592718023
60686 22479.91344 -1.913634446165681 -91.7573069215073 629.7232421169052
60686 22929.91344 -29.506796525151742 -95.96628010547472 631.3263900470033
60686 23379.91344 -56.75376298970772 -103.63265929747584 635.5396638675232
60686 23829.91344 -80.83473526789979 -150.2513139475955 635.9693219154085
60686 24279.91344 -65.81682550547362 106.4199190424083 629.281837721059
60686 24729.91344 -38.819669882025366 94.90593653179755 621.4866480652457
60686 25179.91344 -11.191229382034248 90.1019526198547 614.3585535036818
60686 25629.91344 16.563753708394742 86.19119129193558 615.5796774108799
60686 26079.91344 44.125099469584406 80.85775226965389 626.538736790004
60686 26529.91344 70.80014823272182 65.21219598529039 631.6630002222978
60686 26979.91344 77.22864667222129 -53.946476016711486 633.8520795378438
60686 27429.91344 51.494383656715286 -81.45015520263354 629.7126544449609
60686 27879.91344 24.090918800467318 -87.89517486518382 624.181618169649
60686 28329.91344 -3.5767509300137394 -91.92153168125753 623.741959833992
60686 28779.91344 -31.185206076925564 -96.21325859302173 630.3866929156518
60686 29229.91344 -58.38279454519016 -104.37019128963341 638.709674099947
60686 29679.91344 -81.55980286986542 -159.84100120681794 642.3020724640741
60686 30129.91344 -64.3145501423631 105.26610477033485 637.3277532861049
60686 30579.91344 -37.294010325854146 94.63098357581276 626.7137423965115
60686 31029.91344 -9.694518453597814 89.95408608650204 624.8818349137581
60686 31479.91344 17.96600077395679 86.04374024917757 628.085646341822
60686 31929.91344 45.421112422942166 80.56332060663757 635.8201569355423
60686 32379.91344 71.90562241422947 63.63583986487912 642.8495392876902
60686 32829.91344 76.30942271388533 -56.870460384383826 642.057894757454
60686 33279.91344 50.41869730680637 -81.76290067730413 633.1566705006388
60686 33729.91344 22.99880904459371 -88.00898301291029 623.083594358273
60686 34179.91344 -4.698886303349927 -92.0119160815583 617.8951614916695
60686 34629.91344 -32.36516900193398 -96.37462577907891 621.1085718179189
60686 35079.91344 -59.60598620476609 -104.9601564981253 628.5897548589305
60686 35529.91344 -81.95095689850497 -168.74444946015396 633.0105298105159
60686 35979.91344 -62.975730781703945 104.356540856664 631.0186037172667
60686 36429.91344 -35.87063730154858 94.39070342435095 625.2253423518242
60686 36879.91344 -8.261925548241798 89.81676848223813 622.1838393941138
60686 37329.91344 19.415463462788857 85.88535529003568 626.4561897292012
60686 37779.91344 46.86931090438634 80.20651040009251 634.1202598971947
60686 38229.91344 73.22308701386339 61.438407001902014 642.4241798853695
60686 38679.91344 75.07700587167955 -60.121920207965005 642.8543762188541
60686 39129.91344 48.9790893736405 -82.17781787783042 635.1086749636441
60686 39579.91344 21.561995303788702 -88.17524932459226 624.9355469706683
60686 40029.91344 -6.115032068092706 -92.14388661286117 621.6460565816162
60686 40479.91344 -33.74036182187488 -96.58104506189409 625.254368179579
60686 40929.91344 -60.91237905475043 -105.65133404940995 631.9080119588801
60686 41379.91344 -82.13110213633439 -178.26360016957898 634.8441963352611
60686 41829.91344 -61.70151197548107 103.57640706057815 630.8594011085054
60686 42279.91344 -34.54102707508486 94.17987625057421 623.3401243827453
60686 42729.91344 -6.904403622853632 89.69123178827516 619.449740293105
60686 43179.91344 20.79245597183369 85.73463182325555 623.6026739082457
60686 43629.91344 48.2746386977965 79.84017402942442 621.6490466201766
60686 44079.91344 74.5519374384054 58.78510319486367 623.8820863857028
60686 44529.91344 73.64979242835939 -63.18098477305544 626.8192482652117
60686 44979.91344 47.255739333797855 -82.6521352485433 625.3900285256259
60686 45429.91344 19.77378673594959 -88.39172321309003 624.3079621027364
60686 45879.91344 -7.904703730447979 -92.32879857592988 621.8197598464687
60686 46329.91344 -35.51837524782691 -96.87922231412054 626.1176401430669
60686 46779.91344 -62.63072633184768 -106.68323962676756 633.6146041335297
60686 47229.91344 -82.02589248743897 168.9343243792184 637.96498893274
60686 47679.91344 -60.02414616823048 102.63327978435544 634.6913614163203
60686 48129.91344 -32.84445827211687 93.90578587484701 627.2640825233626
60686 48579.91344 -5.223994505283088 89.52244306840211 622.680305130495
60686 49029.91344 22.44866849241261 85.53585709994123 625.7522915578508
60686 49479.91344 49.89224648932377 79.37992442071075 625.505028693782
60686 49929.91344 75.95022822768587 55.34900076658719 632.2087100307347
60686 50379.91344 72.22872136899787 -65.67842969830744 633.5449819780684
60686 50829.91344 45.71247089662202 -83.04253893047728 629.1111348020066
60686 51279.91344 18.224273732415163 -88.56594108139608 624.567916957961
60686 51729.91344 -9.44683982771198 -92.48034568292184 625.9000222686881
60686 52179.91344 -36.99787919975008 -97.12768280374308 633.4169057218817
60686 52629.91344 -63.99114498982763 -107.58248299653238 641.0939758566727
60686 53079.91344 -81.68310244768254 159.57114963790244 642.4843143525319
60686 53529.91344 -58.7148024177444 101.98025418226996 635.2715829542004
60686 53979.91344 -31.48819702786577 93.70830391595268 623.7293521362926
60686 54429.91344 -3.8384486672693665 89.39556839909542 618.6722265600779
60686 54879.91344 23.86553784242362 85.37066775510763 620.3895743880643
60686 55329.91344 51.29366088633117 78.9612244981532 627.9264170523089
60686 55779.91344 77.07194249068276 51.93701770472409 634.0267873272231
60686 56229.91344 70.99005125657825 -67.50885687613827 633.9336615731916
60686 56679.91344 44.356856324792794 -83.35669874884123 628.1701485678748
60686 57129.91344 16.841418274033536 -88.7106869824084 622.8348146059503
60686 57579.91344 -10.846151484567924 -92.6136123520915 623.9364984982774
60686 58029.91344 -38.41231048313146 -97.37402384766365 621.6731812611422
60686 58479.91344 -65.42330562178368 -108.64490140546398 635.5220867120772
60686 58929.91344 -81.06494485887865 150.24806305887566 641.4444323188424
60686 59379.91344 -57.23901554605409 101.29939950560248 639.0288866225898
60686 59829.91344 -30.02039845301642 93.49717194595164 631.9796626531387
60686 60279.91344 -2.4224223385941817 89.26447404381435 627.2894802044226
60686 60729.91344 25.209715524197417 85.21161022674491 628.8634403529521
60686 61179.91344 52.55660760725266 78.5619308016597 634.5539302761392
60686 61629.91344 78.03918272563263 48.3135285777151 637.521258789031
60686 62079.91344 69.8572968938612 -68.95688358932706 633.2468490731212
60686 62529.91344 43.11444228315377 -83.62315229235993 623.9667305807934
60686 62979.91344 15.543880351137425 -88.83989314557245 616.519519762387
60686 63429.91344 -12.198542284013117 -92.7426478798367 616.6825489154239
60686 63879.91344 -39.79890348456013 -97.62813413524752 625.1961279531546
60686 64329.91344 -66.76315135876762 -109.76392253430494 625.8115200009544
60686 64779.91344 -80.24937548075414 142.37316801536653 626.4534006808805
60686 65229.91344 -55.64145502036832 100.62682236369656 625.0805337530805
60686 65679.91344 -28.280516945379023 93.24699804846612 619.6155820379513
60686 66129.91344 -0.5935925872037539 89.07759813888727 619.5683238152425
60686 66579.91344 27.066257803714524 84.95830301957118 627.5481773049145
60686 67029.91344 54.367980008990735 77.90811808015916 639.1179248611513
60686 67479.91344 79.32673592261206 41.95027512414767 646.8883884105686
60686 67929.91344 68.27117192146474 -70.72768538287966 645.192512442625
60686 68379.91344 41.51651466791718 -83.96266545590049 635.628759403306
60686 68829.91344 14.008518521275551 -89.0006512110787 625.4593166287437
60686 69279.91344 -13.679485318127394 -92.89277687859503 621.2116887630845
60686 69729.91344 -41.25124277071817 -97.91350435205187 624.061310090633
60686 70179.91344 -68.12612251003074 -111.05971039542004 628.8544011644996
60686 70629.91344 -79.340228753817 136.18983410867583 629.5434525672839
60686 71079.91344 -54.26909427170859 100.10966554526826 624.6725429370432
60686 71529.91344 -26.874992898305912 93.06655595680466 618.8211646304104
60686 71979.91344 0.8242290086881101 88.9481335334786 618.782423438954
60686 72429.91344 28.483713722816983 84.77319008392956 626.955871292648
60686 72879.91344 55.76171203445655 77.37388022825067 638.4584413924665
60686 73329.91344 80.23880116761696 35.741635602019244 646.1666066163918
60686 73779.91344 66.92239007990545 -72.01978967619704 644.4981329181569
60686 74229.91344 40.086776869098316 -84.24262313751386 635.3067455270071
60686 74679.91344 12.565736174961565 -89.14497654167342 625.904046873102
60686 75129.91344 -15.115487338619127 -93.0388794454462 622.4069885012949
60686 75579.91344 -42.6617002796495 -98.20404118797138 625.5864018324703
60686 76029.91344 -69.43948482379479 -112.48079419941892 630.0634168950966
60686 76479.91344 -78.34170502976127 131.09335379763553 629.9164428076326
60686 76929.91344 -52.88788499658871 99.62773178435899 625.8698748319091
60686 77379.91344 -25.475994357343126 92.89348627168631 619.3928873451197
60686 77829.91344 2.226877975873673 88.82082740149689 618.5789889058851
60686 78279.91344 29.88493452886511 84.58431999331908 626.1962396583891
60686 78729.91344 57.15295797470091 76.79491155548337 635.0450386147718
60686 79179.91344 81.02506085367004 28.229501219439275 642.5502320004679
60686 79629.91344 65.52080495600354 -73.2045332445705 641.4282975331699
60686 80079.91344 38.59701046683204 -84.5213521404145 633.684781650976
60686 80529.91344 11.06015983903797 -89.29535011992888 626.1954635304791
60686 80979.91344 -16.608659085083254 -93.19570332281005 625.2022017297039
60686 81429.91344 -44.10921230412567 -98.52028080852837 630.1125021977922
60686 81879.91344 -70.74945938293808 -114.10674700032467 634.9707098896879
60686 82329.91344 -77.27992018281685 126.87598932130814 633.9414048468423
60686 82779.91344 -51.547840638423054 99.19470607181088 625.9807635355885
60686 83229.91344 -24.13399348496378 92.73524249504868 624.601867537819
60686 83679.91344 3.527902506387409 88.70734954652576 625.4015853009507
60686 84129.91344 31.15830297014498 84.4129529379761 625.9823597478193
60686 84579.91344 58.39495572621782 76.24290413156146 633.8156694527777
60686 85029.91344 81.57588847180378 20.46872255535346 638.3248941392059
60686 85479.91344 64.2444722096422 -74.16245202537257 635.123447317237
60686 85929.91344 37.21276245271872 -84.76416252032303 626.8843080178597
60686 86379.91344 9.6249989083604 -89.43423443880127 620.4982223363584
