CIC_MEM_VERS = 1.0
CREATION_DATE = 2025-01-11T10:20:50.023521
ORIGINATOR = CS Group

META_START
OBJECT_NAME = Sat
OBJECT_ID = Sat
USER_DEFINED_PROTOCOL = NONE
USER_DEFINED_CONTENT = LLA
USER_DEFINED_SIZE = 3.0
USER_DEFINED_TYPE = REAL
USER_DEFINED_UNIT = [deg] [km]
TIME_SYSTEM = UTC
META_STOP

60685 20762.266464 0.12319840254669272 -78.48263506508899 499.63168305728294
60685 21182.266464 26.67152965669746 -82.28557313610382 502.2115492007991
60685 21602.266464 52.93741822931917 -88.58158282680343 510.6852860586171
60685 22022.266464 77.6173711289027 -115.66494366741745 511.0261376444519
60685 22442.266464 71.70605439110149 125.23470387333094 511.6453116881365
60685 22862.266464 46.17539281312196 109.51145143415378 511.2546119040629
60685 23282.266464 19.857955016301663 104.31317212155258 507.0688927176724
60685 23702.266464 -6.672998813399452 100.67944381445581 503.9967883196415
60685 24122.266464 -33.14835148803543 96.59985439452383 508.53435465893614
60685 24542.266464 -59.23184862660713 88.69324935411176 516.6202917492923
60685 24962.266464 -81.70035110459543 36.05342883933124 521.4882247363807
60685 25382.266464 -65.82020334902292 -61.210338574608954 519.787592703146
60685 25802.266464 -39.985250365536515 -72.01281495232494 513.4428618430275
60685 26222.266464 -13.59550698842041 -76.56126731890791 508.29603469217955
60685 26642.266464 12.916182591649747 -80.14161711581755 509.3781263281325
60685 27062.266464 39.30940432625858 -84.63351497601693 509.1688626357574
60685 27482.266464 65.22492015619632 -95.10885585264184 512.0923641931226
60685 27902.266464 81.91679182090856 170.8646750851214 515.6925048316022
60685 28322.266464 59.751343358096875 114.78828650101921 513.4515256633515
60685 28742.266464 33.66754442300831 106.70437211639262 508.7735090949788
60685 29162.266464 7.210338677668826 102.59691216573927 507.4157789418473
60685 29582.266464 -19.286357551659464 98.97545071808302 512.7973578913538
60685 30002.266464 -45.56784301176101 93.85828500946907 522.6672924864141
60685 30422.266464 -71.02159913144487 78.93137395832679 530.8348087210901
60685 30842.266464 -78.32425394465506 -38.352331811958436 531.4096817366423
60685 31262.266464 -53.95270532290736 -67.82659244024657 523.5508464571731
60685 31682.266464 -27.794135272250053 -74.32180946575544 512.2095338517514
60685 32102.266464 -1.3115193167381356 -78.15705995987052 504.482620877152
60685 32522.266464 25.215095427989638 -81.91204530474558 504.20410832219613
60685 32942.266464 51.50084611816121 -87.93382776917989 509.60090386256996
60685 33362.266464 76.4234233260141 -111.68466213060015 514.8903582855952
60685 33782.266464 73.06780882055261 127.5578293893211 515.0193684860765
60685 34202.266464 47.68973935337006 110.0849498083647 510.54764391235693
60685 34622.266464 21.36293769565751 104.67721275675036 506.3771167211473
60685 35042.266464 -5.1526162520995475 101.01756183726887 507.92386455955204
60685 35462.266464 -31.588693054602842 97.02333881960614 516.123384188067
60685 35882.266464 -57.64721818913973 89.608595271352 526.2234280840419
60685 36302.266464 -80.86115598733127 46.049322294374704 531.8617262597364
60685 36722.266464 -67.50590102733592 -59.563800079542524 528.8083429360579
60685 37142.266464 -41.80829040397347 -71.4472473496895 518.9719117779533
60685 37562.266464 -15.454460871502704 -76.16093589146199 508.74055792005834
60685 37982.266464 11.073934373945553 -79.75061817281313 504.34267779183307
60685 38402.266464 37.52328683896829 -84.11143867671301 507.18100340281825
60685 38822.266464 63.50027513148601 -93.70445841307185 512.9482922537338
60685 39242.266464 82.36147857419463 -176.1029687553622 516.1893880572032
60685 39662.266464 61.50475059613637 115.92562147313463 513.4995955693422
60685 40082.266464 35.46870617948485 107.19582955708417 508.06367356844333
60685 40502.266464 9.013852372769568 102.97698686655461 505.72038534701466
60685 40922.266464 -17.501567429102547 99.37335269596994 510.4480790779883
60685 41342.266464 -43.81723407199016 94.45507175266799 520.6906400687142
60685 41762.266464 -69.39811832554017 81.08636830006752 529.1586400204905
60685 42182.266464 -79.58993666601165 -31.889844633603367 530.570546439407
60685 42602.266464 -55.65745231169379 -66.99176821967787 523.6242525293927
60685 43022.266464 -29.53502342082495 -73.8828201394602 512.7750444180092
60685 43442.266464 -3.0646976661523126 -77.78735708225877 504.7842160432289
60685 43862.266464 23.464630943454488 -81.49605678236492 504.5666375043163
60685 44282.266464 49.77234206588693 -87.22133782003503 510.1828360082365
60685 44702.266464 74.92587409582757 -107.73605542799959 515.9769853238286
60685 45122.266464 74.63212767091638 130.73152460519685 516.433337422084
60685 45542.266464 49.4468217579672 110.76153256523521 511.86741203812846
60685 45962.266464 23.151453366363043 105.09114517804117 507.02842450844605
60685 46382.266464 -3.358509604550208 101.39266189376278 507.5139047257109
60685 46802.266464 -29.811344926255636 97.47843562849802 514.5965213312713
60685 47222.266464 -55.92183860821718 90.52285092492622 524.2207992831338
60685 47642.266464 -79.77282273079997 54.42654210966818 530.3473763873573
60685 48062.266464 -69.14299209677647 -57.73096928828613 528.1504525659147
60685 48482.266464 -43.53616623034388 -70.88263498160569 519.1052099398996
60685 48902.266464 -17.204134773688484 -75.77233266225308 509.7845758804389
60685 49322.266464 9.313080620856397 -79.37334289077589 505.66287274649665
60685 49742.266464 35.76432962494214 -83.61090416978485 508.5616178871471
60685 50162.266464 61.78689064281537 -92.45149234235899 514.3994655820497
60685 50582.266464 82.39607680076216 -162.39504025367503 517.2940272052582
60685 51002.266464 63.23643703649146 117.16451856365346 514.4299286953727
60685 51422.266464 37.2615319222766 107.69834745669085 508.41160521965503
60685 51842.266464 10.818006636586075 103.35807595201906 505.0552382677853
60685 52262.266464 -15.708336767989763 99.76760747407633 508.77640660609643
60685 52682.266464 -42.057585546227855 95.03049373113811 518.6085691146127
60685 53102.266464 -67.75130549202729 82.97103469531274 526.907345946958
60685 53522.266464 -80.70220368570679 -23.84783091759938 528.8230137404927
60685 53942.266464 -57.34997438860241 -66.10654017458111 522.6734716332439
60685 54362.266464 -31.258612617963955 -73.44106117277545 512.4789356049894
60685 54782.266464 -4.800680688576464 -77.42177803013993 503.79929139063125
60685 55202.266464 21.732531316678322 -81.09122171903135 505.6797168050623
60685 55622.266464 48.045192274398886 -86.5484689778504 512.8928621705394
60685 56042.266464 73.3668228076599 -104.44661585009007 519.4645562472037
60685 56462.266464 76.17516254358969 134.62696099995063 520.7926224615524
60685 56882.266464 51.255495385710965 111.49159564566116 516.0490193441086
60685 57302.266464 25.013768954717875 105.52184586163968 509.8786496578528
60685 57722.266464 -1.4767381931697872 101.77770877505289 508.16179846119854
60685 58142.266464 -27.947679430537494 97.93859763885624 508.4695628507977
60685 58562.266464 -54.16408628654345 91.38729153984613 510.6725421961112
60685 58982.266464 -78.59578192269977 60.81158982708812 511.43094496568415
60685 59402.266464 -70.54148178470773 -55.92532014452708 513.0962796116307
60685 59822.266464 -44.937991319286496 -70.3849121052011 515.4334564399749
60685 60242.266464 -18.601529506240542 -75.43319569944447 508.75990616751363
60685 60662.266464 7.911619575645991 -79.04742127821524 507.4548276090178
60685 61082.266464 34.3491882014437 -83.19219254488392 512.5753756689979
60685 61502.266464 60.37614845884244 -91.48618447467531 520.0364980079642
60685 61922.266464 82.10488384676901 -151.24619660490262 523.7133237744431
60685 62342.266464 64.7257523076241 118.36658917630426 520.3049139826696
60685 62762.266464 38.84349908477366 108.17427718830713 512.2488997947029
60685 63182.266464 12.447157707800244 103.7200287546245 505.8689866184655
60685 63602.266464 -14.083784689618735 100.13624972937546 506.6974240362658
60685 64022.266464 -40.48983493959829 95.54066600345598 508.7499689747192
60685 64442.266464 -66.34799198179294 84.40564463939897 512.872617730116
60685 64862.266464 -81.43473969309633 -16.09283810154959 517.753785031732
60685 65282.266464 -58.63508381429937 -65.35079161912206 516.8351775463561
60685 65702.266464 -32.552251809734756 -73.06580992541167 513.000114284577
60685 66122.266464 -6.1220007342647245 -77.1073823474259 511.803532614269
60685 66542.266464 20.340263170880352 -80.74008412590915 516.4140793363906
60685 66962.266464 46.588038924504914 -85.98224419602803 524.61312964304
60685 67382.266464 71.95855108893014 -101.96758801792116 530.6099339580459
60685 67802.266464 77.51772487317439 138.95569655038923 528.9305736921112
60685 68222.266464 52.9118173504242 112.21796871462058 519.3874165063786
60685 68642.266464 26.696621697862117 105.9349494701043 507.6193225542999
60685 69062.266464 0.17411132829728707 102.13407138331853 500.4102776334435
60685 69482.266464 -26.374889450076225 98.34029666277063 501.54418404953407
60685 69902.266464 -52.655896588870675 92.09762113068683 508.7613807178674
60685 70322.266464 -77.39140308354588 65.70531236302719 512.5702500601564
60685 70742.266464 -71.97274499448223 -53.785219858699904 510.8660991764883
60685 71162.266464 -46.472118441895944 -69.82665263350039 511.4576598782993
60685 71582.266464 -20.14573544147723 -75.06585893820669 506.210194105864
60685 72002.266464 6.390127823611522 -78.70548520613804 503.4086839837473
60685 72422.266464 32.86997123416039 -82.77124272376538 508.4072734194187
60685 72842.266464 58.9830587173209 -90.60395915648948 515.0658388248197
60685 73262.266464 81.59514675744533 -141.8462354767106 520.1430226855044
60685 73682.266464 66.04378297922354 119.5588717577908 518.9679659555155
60685 74102.266464 40.215532637550176 108.61907856479252 513.2833953168198
60685 74522.266464 13.829698008123636 104.04973481984202 508.78490864508103
60685 74942.266464 -12.676749211384442 100.4688787346142 510.4923050369382
60685 75362.266464 -39.083431355076314 95.99268047975228 513.1909432608094
60685 75782.266464 -64.94617693605215 85.68251420566914 522.1614476854016
60685 76202.266464 -82.0396905707047 -6.016217597381411 526.2572697626133
60685 76622.266464 -60.18842005141876 -64.39440131951959 522.7369930233326
60685 77042.266464 -34.17626195597938 -72.61927353511344 514.7957680423576
60685 77462.266464 -7.7509922810640575 -76.75285224030002 508.9865057385746
60685 77882.266464 18.751020093314136 -80.36828466376144 509.9976405289262
60685 78302.266464 45.073595068335166 -85.43189624414687 515.9882697348344
60685 78722.266464 70.6182960504 -99.95832761132824 521.6846016144935
60685 79142.266464 78.59889075599277 143.4339321555392 521.6957099061601
60685 79562.266464 54.241316911767015 112.86562243077839 515.2035235082138
60685 79982.266464 28.031291355494158 106.29619424932683 506.3525322458997
60685 80402.266464 1.5183472115459369 102.44723704021818 502.9215474891781
60685 80822.266464 -25.002417908576525 98.69851967583654 507.3307720233583
60685 81242.266464 -51.26457136892801 92.72288081161521 509.57320191624785
60685 81662.266464 -76.24433948966336 69.39539966490334 511.09306406209305
60685 82082.266464 -73.24538057899657 -51.5495618040354 513.9994130010969
60685 82502.266464 -47.88532126816605 -69.27927572005328 511.478903981101
60685 82922.266464 -21.575292365842056 -74.71312679833197 509.08562467302886
60685 83342.266464 4.91390078062568 -78.37385401328415 511.8057401640531
60685 83762.266464 31.320062597840582 -82.35129874773963 520.4346132076167
60685 84182.266464 57.35258312597202 -89.677303253074 530.0697022206332
60685 84602.266464 80.67369016082858 -131.70079657969913 534.2777046578057
60685 85022.266464 67.82379448920717 121.32291333523717 529.2794527862434
60685 85442.266464 42.13883741832337 109.2091611819865 517.328965188739
60685 85862.266464 15.76976201991005 104.46005852250369 504.8628870394901
60685 86282.266464 -10.792913662455986 100.86355885762444 499.44752849783714
60686 302.266464 -37.28237516603011 96.51469614507815 502.30843917335716
60686 722.266464 -63.29973543196255 87.00817691514666 509.1800414562461
60686 1142.266464 -82.38368694873347 5.821598217136814 514.274880983641
60686 1562.266464 -61.66795807494404 -63.40005952815669 511.6025836467008
60686 1982.266464 -35.622774566993506 -72.19768234621345 506.3297020447997
60686 2402.266464 -9.157109106523846 -76.4280512497478 504.46698100410464
60686 2822.266464 17.36530479593964 -80.03133376749143 509.89644290560165
60686 3242.266464 43.68261786412665 -84.93508852490072 521.0031031068347
60686 3662.266464 69.26593135588395 -98.1881752158479 530.3860420086122
60686 4082.266464 79.6949518911335 149.31510333232245 532.4548146479276
60686 4502.266464 55.82315241928798 113.65410415538061 525.7467149453429
60686 4922.266464 29.719485839034142 106.72445296512343 514.669984649068
60686 5342.266464 3.2598948710279423 102.81327011723549 505.83959618492923
60686 5762.266464 -23.265585418206996 99.1099627817566 504.60284185484284
60686 6182.266464 -49.57928399137164 93.41525740350654 509.24374853735543
60686 6602.266464 -74.76624645507512 73.19456222790275 514.0912140521431
60686 7022.266464 -74.78169513491827 -48.36654560389919 514.4334201501847
60686 7442.266464 -49.60302580949572 -68.61375999502187 510.2607881138824
60686 7862.266464 -23.299725148785814 -74.31056445654592 506.057495723768
60686 8282.266464 3.214336618329998 -78.01290338286975 507.3553905762746
60686 8702.266464 29.665938400851864 -81.92020453719509 515.3660507666139
60686 9122.266464 55.7697286628287 -88.83518076727933 525.816219490277
60686 9542.266464 79.65899833005683 -124.29194968152463 532.2382095796581
60686 9962.266464 69.31466185272521 123.033187791563 529.9391597926162
60686 10382.266464 43.72997982744766 109.73995961771952 520.3689081142536
60686 10802.266464 17.406796482648705 104.83133642149004 509.9480814569779
60686 11222.266464 -9.112669287072343 101.22889557491138 504.83501401192876
60686 11642.266464 -35.57505714166338 97.00286699125121 506.91038179802337
60686 12062.266464 -61.61761674413333 88.22776070731922 512.3331697246155
60686 12482.266464 -82.37870505684248 19.384363324456302 515.4855332648638
60686 12902.266464 -63.38012864505894 -62.16191911889995 512.9803193616544
60686 13322.266464 -37.401445124176604 -71.69656813435964 507.56413086740935
60686 13742.266464 -10.955462056106532 -76.04726676459393 504.9804005733444
60686 14162.266464 15.568339177132543 -79.63623400765118 509.48263653588936
60686 14582.266464 41.908394181945795 -84.35663190822616 520.0275622168936
60686 15002.266464 67.59625912177228 -96.29926434969711 529.207357236462
60686 15422.266464 80.80949367927556 157.6673438495377 531.5608895233617
60686 15842.266464 57.55042967750048 114.56024071192905 525.2622398695954
60686 16262.266464 31.480756210642276 107.17399739912064 514.4169007826854
60686 16682.266464 5.026021303059309 103.18384783645095 505.11929142392813
60686 17102.266464 -21.50933396330607 99.51969470901058 504.0414913290282
60686 17522.266464 -47.84929139720304 94.0885462575814 509.1925337682804
60686 17942.266464 -73.21783004868863 76.40482986878057 514.9731006209854
60686 18362.266464 -76.2885211113386 -44.4920316349124 515.9662712160015
60686 18782.266464 -51.353929881464815 -67.90181404219405 511.88040429236764
60686 19202.266464 -25.086963655420405 -73.89226970115904 507.15127540968916
60686 19622.266464 1.4167610616365014 -77.63975813609824 507.46094815941956
60686 20042.266464 27.879514460280102 -81.47470433737956 514.51657339739
60686 20462.266464 54.026075476842436 -87.98262023155458 524.4653044103122
60686 20882.266464 78.38007233009877 -117.65861160931736 531.1168259164821
60686 21302.266464 70.94953224224915 125.18422064500065 529.3756883977728
60686 21722.266464 45.47536171850697 110.33304038438985 520.3249385645122
60686 22142.266464 19.172215397193145 105.22513566862852 510.3032077499945
60686 22562.266464 -7.341395247504711 101.60374250791529 505.3021103386629
60686 22982.266464 -33.81155877298365 97.48701047889244 507.4174468838294
60686 23402.266464 -59.89866542222565 89.35290500211876 513.0906650786409
60686 23822.266464 -81.96972108544607 32.348702990120444 516.5015045912813
60686 24242.266464 -65.09611398178632 -60.77784347328245 514.262581241129
60686 24662.266464 -39.19107906014941 -71.17680134619843 508.61134491601035
60686 25082.266464 -12.764072593572804 -75.66331883875242 505.21877985993143
60686 25502.266464 13.762162571021367 -79.24604853766209 508.73294352673804
60686 25922.266464 40.12557572435667 -83.80380888956464 518.7269126781758
60686 26342.266464 65.90516940501917 -94.64764327038208 527.7749260439148
60686 26762.266464 81.68860195123588 168.01887270697304 530.5241627618839
60686 27182.266464 59.273258417445135 115.54993994431483 524.792469701608
60686 27602.266464 33.24309526456415 107.63753233738912 514.3255019157411
60686 28022.266464 6.796105310949841 103.55537467123955 504.24333936085725
60686 28442.266464 -19.748348227361287 99.9206070106747 503.46965626195134
60686 28862.266464 -46.11156333344995 94.722442426865 509.28301289386496
60686 29282.266464 -71.62136724684562 79.10106992797903 516.5774296034808
60686 29702.266464 -77.73479210202603 -39.67588038815498 518.4342511690661
60686 30122.266464 -53.12314674472094 -67.12946287219489 514.5941980976771
60686 30542.266464 -26.903936463257917 -73.45771662973242 509.24588433506426
60686 30962.266464 -0.4180503474658883 -77.26145725327045 508.2056502281102
60686 31382.266464 26.05260000815605 -81.03495454749256 513.583124601024
60686 31802.266464 52.24369013579688 -87.18245808047432 522.1819189724145
60686 32222.266464 76.961024352024 -112.30156686317657 528.6482668418332
60686 32642.266464 72.56906320511467 127.73201955761436 527.3317758321194
60686 33062.266464 47.22099039983543 110.96181676026224 518.9358403498959
60686 33482.266464 20.93193403888888 105.62563755468608 509.6591638580073
60686 33902.266464 -5.578219284382496 101.97474949669089 505.7788271427617
60686 34322.266464 -32.050823723572236 97.95216471807966 508.83019302146386
60686 34742.266464 -58.16589521281664 90.37286612864105 515.3760007258298
60686 35162.266464 -81.19548642035295 43.67427766657046 519.2924039011693
60686 35582.266464 -66.82817769429842 -59.179570792240156 517.1037471153147
60686 36002.266464 -41.018964602809355 -70.62064515901922 510.72275371415606
60686 36422.266464 -14.619204993092037 -75.26572204496196 505.9153077074506
60686 36842.266464 11.908057279442522 -78.85192738499316 507.6137823289005
60686 37262.266464 38.322287986245456 -83.26901760619994 512.2897589858243
60686 37682.266464 64.23153998583808 -93.21126827801685 519.6662494915809
60686 38102.266464 82.23370510600299 179.71609022551095 524.244444562942
60686 38522.266464 60.882369904593 116.57345167939191 521.5842211909543
60686 38942.266464 34.88486898085921 108.09363092417888 514.6134430132969
60686 39362.266464 8.466950996502167 103.91677223152598 509.52182298803694
60686 39782.266464 -18.031816609284423 100.30960448493158 509.25069257061364
60686 40202.266464 -44.373223747230846 95.32442603430839 515.502088824625
60686 40622.266464 -69.96190631364216 81.43375053491002 522.6508625284591
60686 41042.266464 -79.12735271953126 -33.42512837674356 524.000198740489
60686 41462.266464 -54.969028457779615 -66.26478070664788 518.3556420377098
60686 41882.266464 -28.80220548579537 -72.99642289595464 510.057534269464
60686 42302.266464 -2.3274403237984354 -76.87128678155042 505.1995378705698
60686 42722.266464 24.18436222058615 -80.5965268597457 508.099660988026
60686 43142.266464 50.445069892232496 -86.42790930747137 515.6770158580259
60686 43562.266464 75.47516897845823 -108.01921813265513 522.0027220980464
60686 43982.266464 74.1108562279668 130.6637533711507 522.0577971213775
60686 44402.266464 48.89721791694831 111.60374290419462 515.9367921529137
60686 44822.266464 22.616090758551803 106.021842551263 508.94001279474475
60686 45242.266464 -3.890233420163147 102.33609256758427 506.9116740072826
60686 45662.266464 -30.353982224604273 98.3959539167921 511.43705825355636
60686 46082.266464 -56.50718538944209 91.27985704262338 515.7564441190556
60686 46502.266464 -80.20547462715935 52.542199513817955 522.7286315647438
60686 46922.266464 -68.47732470834985 -57.435805742128494 522.9035104916089
60686 47342.266464 -42.80430327017018 -70.05188298178 517.3848903072452
60686 47762.266464 -16.47035161935515 -74.8642013571789 511.6925320979172
60686 48182.266464 10.021130109019989 -78.45583286773487 511.1028208135476
60686 48602.266464 36.43388661939938 -82.73387153189894 513.9297033693388
60686 49022.266464 62.38848843946341 -91.81535466732232 521.5791968709271
60686 49442.266464 82.4303561101334 -165.68755431070778 524.6775498615549
60686 49862.266464 62.740626058784116 117.84998556653649 520.4479259309799
60686 50282.266464 36.78558168128566 108.61377476663692 511.74938156908837
60686 50702.266464 10.366324824431224 104.31054017054579 510.14254121819636
60686 51122.266464 -16.138479538966802 100.71986273587832 508.1084991498167
60686 51542.266464 -42.50812258720413 95.93379478134416 512.176513742642
60686 51962.266464 -68.23131747480004 83.50194627927172 519.3364744745353
60686 52382.266464 -80.36090777557365 -25.59839387794217 521.9956428488754
60686 52802.266464 -56.75348966239711 -65.36419303268858 517.9947558369157
60686 53222.266464 -30.625217779333408 -72.54073369973888 511.16708742618016
60686 53642.266464 -4.1613003243981845 -76.49266980414856 507.63165144587776
60686 54062.266464 22.3340609929086 -80.17019831526703 510.70709263452744
60686 54482.266464 48.60154668491518 -85.70385779203878 518.5125258577639
60686 54902.266464 73.8285593587323 -104.29660393692716 524.85063391781
60686 55322.266464 75.76633861033251 134.5521844242111 524.4879485752483
60686 55742.266464 50.79740985209159 112.35046704158185 517.305430674631
60686 56162.266464 24.549311140017924 106.46122704418887 508.75744362408756
60686 56582.266464 -1.9507705721947661 102.72875077295384 505.3698994198312
60686 57002.266464 -28.44391129503075 98.86722398113847 508.61775159664074
60686 57422.266464 -54.63198631851887 92.21369680819572 515.9278637825823
60686 57842.266464 -78.89441609999436 60.421879043439134 521.0895613970315
60686 58262.266464 -70.24245901786448 -55.28922335409126 519.9167505299478
60686 58682.266464 -44.653965923558715 -69.44585738433881 513.4800912574003
60686 59102.266464 -18.30545053952996 -74.46279997632323 507.3189629595845
60686 59522.266464 8.214983217240595 -78.07480542529154 507.059734711693
60686 59942.266464 34.65766487707818 -82.23961110230609 510.6477630926539
60686 60362.266464 60.735518378179144 -90.67735777400584 512.6445523524458
60686 60782.266464 82.2175086925115 -153.33121396370262 517.1494177440567
60686 61202.266464 64.27161453064102 119.04378858248236 516.9223484970415
60686 61622.266464 38.360940033163175 109.08345745750907 512.8637918550487
60686 62042.266464 11.964645466223908 104.66712272431248 510.43330826078505
60686 62462.266464 -14.520799571187883 101.08824368216716 513.772022298918
60686 62882.266464 -40.849005504232636 96.4706160400799 521.904611003319
60686 63302.266464 -66.57926633553984 85.21571676618046 529.4149281767444
60686 63722.266464 -81.37287463643916 -15.839560026363351 530.1448510767389
60686 64142.266464 -58.57799254202012 -64.3644549492426 522.4849647417537
60686 64562.266464 -32.50713892856447 -72.05999021124265 510.7852459415131
60686 64982.266464 -6.035271425485728 -76.10503101990948 502.46681048924114
60686 65402.266464 20.521935365781545 -79.75375597874194 501.6508584290051
60686 65822.266464 46.88916762988813 -85.0546409441535 507.70310365181734
60686 66242.266464 72.36010942067453 -101.57866830798719 514.2168657730807
60686 66662.266464 77.07034208692153 138.45178541991595 516.4292330136498
60686 67082.266464 52.29511559178588 113.00728842425448 513.5163099991034
60686 67502.266464 26.05882128558387 106.84365722312342 509.48927652467415
60686 67922.266464 -0.4227303405920842 103.0690730459446 509.8829522376339
60686 68342.266464 -26.87166215553137 99.27159976605087 516.6365583776076
60686 68762.266464 -53.02085325325708 92.97632250560805 525.9426480774135
60686 69182.266464 -77.57730226778962 66.06060995091111 531.5561807867847
60686 69602.266464 -71.89179424034324 -52.89174045063257 528.7409509066309
60686 70022.266464 -46.48608378517915 -68.8080763545802 518.6219746070941
60686 70442.266464 -20.174243845975838 -74.04723481337207 507.25363545762286
60686 70862.266464 6.364599264474748 -77.68789350566406 501.5939941806562
60686 71282.266464 32.868272598803244 -81.75687047658118 504.0006470330384
60686 71702.266464 59.00092337445342 -89.59922580555886 510.9277869374458
60686 72122.266464 81.62694424484101 -141.29053070634282 512.2172498486134
60686 72542.266464 65.90467515420032 120.45655762128246 506.196237871524
60686 72962.266464 39.96981451051364 109.5772860180065 498.5338769334625
60686 73382.266464 13.46695225461228 105.01299877179629 494.2829849874889
60686 73802.266464 -13.139524668638646 101.41842759247878 499.1785699265029
60686 74222.266464 -39.57223682227751 96.89767991718774 512.1043234090156
60686 74642.266464 -65.40456109845606 86.33568670814581 526.5303248405684
60686 75062.266464 -81.89561936900218 -7.909645669828225 534.9851509105846
60686 75482.266464 -59.84705342912954 -63.56622527092539 534.0193164707661
60686 75902.266464 -33.91398174093847 -71.65577536684495 526.3369497520447
60686 76322.266464 -7.569065569640623 -75.76317391397394 518.1933954492297
60686 76742.266464 18.878545163236208 -79.37305870458466 514.4343284547241
60686 77162.266464 45.18660590227075 -84.4483578460609 514.9444361414247
60686 77582.266464 70.75003495255015 -99.11772671240607 515.3454112346776
60686 78002.266464 78.44260982703662 143.75688528511083 511.311542428838
60686 78422.266464 53.94578862918077 113.76420843165135 502.5708990173533
60686 78842.266464 27.642487072440268 107.24447936800432 495.70500007006723
60686 79262.266464 1.0573795235734496 103.40034169066357 495.78516428198753
60686 79682.266464 -25.498236917251482 99.63204465027243 505.2879764955618
60686 80102.266464 -51.73231869040839 93.57402344005268 520.290225384104
60686 80522.266464 -76.52663316288086 69.59743587930286 532.5526522485718
60686 80942.266464 -73.0877419974781 -50.81125030254856 536.2859712985643
60686 81362.266464 -47.87220571441839 -68.26835603090271 531.0415416046591
60686 81782.266464 -21.688018093986944 -73.68135879199728 521.7998564341564
60686 82202.266464 4.738423465097313 -77.33618910815358 514.7946778757583
60686 82622.266464 31.16385055853271 -81.30877049534334 513.0624270149322
60686 83042.266464 57.28784627434189 -88.6332526784169 514.1815631159624
60686 83462.266464 80.71868786068758 -131.07924472723806 513.1277358674871
60686 83882.266464 67.59408072714699 122.11340649203707 507.30113538564524
60686 84302.266464 41.75199248484368 110.13009735136569 499.8292350680857
60686 84722.266464 15.272223856864143 105.40323180409575 494.7265717444636
60686 85142.266464 -11.33463199379735 101.80308140715078 498.4836169859128
60686 85562.266464 -37.79065391913079 97.42071877292344 510.56357952969216
60686 85982.266464 -63.70181152544247 87.74297904614986 524.8189064351452
